0.02417731285095215
0.0271303653717041
0.02662181854248047
0.02139568328857422
0.03013300895690918
0.030086040496826172
0.024368762969970703
0.028560638427734375
0.03071427345275879
0.03435778617858887
0.026619672775268555
0.029740571975708008
0.03641796112060547
0.03235149383544922
0.03400993347167969
0.02900552749633789
0.02318739891052246
0.03116464614868164
0.022539854049682617
0.03241872787475586
0.024486541748046875
0.026724815368652344
0.0372312068939209
0.023967504501342773
0.02872753143310547
0.04016995429992676
0.01930975914001465
0.03346514701843262
0.03061819076538086
0.03395843505859375
0.026348114013671875
0.02386474609375
0.03045344352722168
0.02631521224975586
0.031245946884155273
0.020291566848754883
0.026915311813354492
0.028198719024658203
0.018956422805786133
0.026615142822265625
0.027754783630371094
0.03711676597595215
0.027640104293823242
0.021093368530273438
0.029433488845825195
0.03538107872009277
0.022181987762451172
0.03332662582397461
0.028475284576416016
0.04244351387023926
0.028984785079956055
0.03100299835205078
0.027822017669677734
0.027532339096069336
0.030411958694458008
0.0178680419921875
0.019091129302978516
0.028313636779785156
0.03206968307495117
0.02594161033630371
0.026393651962280273
0.029499292373657227
0.02416229248046875
0.024301528930664062
0.024233579635620117
0.03270435333251953
0.03450727462768555
0.019623279571533203
0.03410983085632324
0.02159905433654785
0.024580717086791992
0.04082965850830078
0.03098773956298828
0.041147470474243164
0.027121543884277344
0.02808666229248047
0.031865835189819336
0.019019126892089844
0.02931046485900879
0.025087356567382812
0.02998208999633789
0.02765035629272461
0.027239084243774414
0.04116106033325195
0.01988959312438965
0.028457164764404297
0.02470111846923828
0.02046942710876465
0.023737430572509766
0.03239774703979492
0.03037285804748535
0.03725790977478027
0.029424667358398438
0.02303767204284668
0.02960348129272461
0.026100873947143555
0.030335187911987305
0.031412363052368164
0.02737593650817871
0.033124446868896484