0.0008821487426757812
0.0005259513854980469
0.002516508102416992
0.003584623336791992
0.0029053688049316406
0.001833200454711914
0.001094818115234375
0.0008869171142578125
0.0015561580657958984
0.0008041858673095703
0.0011572837829589844
0.0010747909545898438
0.00016951560974121094
0.0007164478302001953
0.0007839202880859375
0.0018744468688964844
0.0011208057403564453
0.0009553432464599609
0.0025238990783691406
0.0008881092071533203
0.0009024143218994141
0.0007908344268798828
0.0004372596740722656
0.0005221366882324219
0.0010640621185302734
0.007426261901855469
0.0033223628997802734
0.0028362274169921875
0.0010044574737548828
0.0016794204711914062
0.0018298625946044922
0.0006945133209228516
0.0009713172912597656
0.0008549690246582031
0.0002675056457519531
0.0018727779388427734
0.001428365707397461
0.002318859100341797
0.0003612041473388672
0.00037360191345214844
0.0007576942443847656
0.0042705535888671875
0.0017669200897216797
0.005402803421020508
0.002389669418334961
0.00029206275939941406
0.001961231231689453
0.0013842582702636719
0.0009593963623046875
0.005665779113769531
0.0021495819091796875
0.00139617919921875
0.0029375553131103516
0.0003371238708496094
0.003268718719482422
0.0013318061828613281
0.0006978511810302734
0.0016400814056396484
0.0016660690307617188
0.002775907516479492
0.0015559196472167969
0.003267526626586914
0.002382040023803711
0.0014662742614746094
0.0006437301635742188
0.0005686283111572266
0.0001583099365234375
0.0032989978790283203
0.0012235641479492188
0.0005946159362792969
0.0017573833465576172
0.0001628398895263672
0.0006678104400634766
0.0006597042083740234
0.0022046566009521484
0.0002486705780029297
0.0013287067413330078
0.0014107227325439453
0.0004837512969970703
0.0018224716186523438
0.0012922286987304688
0.004724979400634766
0.0012898445129394531
0.003320455551147461
0.0009737014770507812
0.0006768703460693359
0.0013077259063720703
0.001003265380859375
0.0007936954498291016
0.0022466182708740234
0.0007822513580322266
0.0011525154113769531
0.0006287097930908203
0.0015587806701660156
0.0006043910980224609
0.00035452842712402344
0.0003771781921386719
0.0003695487976074219
0.004306793212890625
0.0022885799407958984