0.002462625503540039
0.0044786930084228516
0.0032205581665039062
0.0025625228881835938
0.01728677749633789
0.0053713321685791016
0.00736546516418457
0.001138925552368164
0.006738424301147461
0.0021736621856689453
0.0013353824615478516
0.0017631053924560547
0.0045163631439208984
0.007555484771728516
0.005568265914916992
0.004529237747192383
0.004074811935424805
0.008800745010375977
0.0045621395111083984
0.002650022506713867
0.0017757415771484375
0.00868082046508789
0.005938291549682617
0.007017612457275391
0.006359577178955078
0.012618064880371094
0.00662541389465332
0.005610942840576172
0.015124797821044922
0.0064504146575927734
0.0262298583984375
0.011616945266723633
0.004545688629150391
0.011059761047363281
0.005156517028808594
0.0004754066467285156
0.021403074264526367
0.01196599006652832
0.02198505401611328
0.0024492740631103516
0.024807214736938477
0.003003835678100586
0.013223409652709961
0.0042781829833984375
0.002607583999633789
0.0038177967071533203
0.003660440444946289
0.003881692886352539
0.018004894256591797
0.0013952255249023438
0.0030379295349121094
0.0034689903259277344
0.009952306747436523
0.007620573043823242
0.00890493392944336
0.01106572151184082
0.007843255996704102
0.005724906921386719
0.011616706848144531
0.003480672836303711
0.0029878616333007812
0.0031168460845947266
0.007767677307128906
0.006415843963623047
0.0030450820922851562
0.011799812316894531
0.003070831298828125
0.0009019374847412109
0.005693674087524414
0.018166542053222656
0.005689859390258789
0.0012671947479248047
0.0029227733612060547
0.005940914154052734
0.0027167797088623047
0.003268003463745117
0.007387638092041016
0.014737606048583984
0.010851621627807617
0.001188039779663086
0.0021255016326904297
0.0003590583801269531
0.021688461303710938
0.007442474365234375
0.004871368408203125
0.02808356285095215
0.009357690811157227
0.004949331283569336
0.006832599639892578
0.0008246898651123047
0.009976625442504883
0.007666587829589844
0.006306886672973633
0.0009090900421142578
0.0049114227294921875
0.016977310180664062
0.005400896072387695
0.00676417350769043
0.002948284149169922
0.0013539791107177734