1 37 3090
2 37 3735
3 37 3802
4 37 3573
5 37 3577
6 37 3195
7 37 3673
8 37 3449
9 37 3621
10 37 3469
11 37 3273
12 37 3128
13 37 4003
14 37 4082
15 37 3783
16 37 3617
17 37 3662
18 37 3334
19 37 3469
20 37 3043
21 37 4243
22 37 3137
23 37 3592
24 37 3509
25 37 3697
26 37 4159
27 37 3713
28 37 3918
29 37 3902
30 37 3658
31 37 3565
32 37 3814
33 37 3595
34 37 3856
35 37 3322
36 37 2792
37 37 3628
38 37 3468
39 37 3689
40 37 3804
41 37 3879
42 37 4401
43 37 3029
44 37 3490
45 37 3410
46 37 3293
47 37 3915
48 37 4037
49 37 3206
50 37 3537
51 37 3942
52 37 3972
53 37 3788
54 37 3998
55 37 3568
56 37 3314
57 37 3628
58 37 3377
59 37 3125
60 37 3270
61 37 3667
62 37 3053
63 37 3975
64 37 3736
65 37 3611
66 37 3536
67 37 3888
68 37 3787
69 37 3252
70 37 3625
71 37 3157
72 37 3547
73 37 3474
74 37 3773
75 37 4147
76 37 3366
77 37 3236
78 37 3732
79 37 3707
80 37 3482
81 37 3306
82 37 3463
83 37 3873
84 37 3314
85 37 3328
86 37 3545
87 37 3568
88 37 3725
89 37 4056
90 37 3190
91 37 3309
92 37 3953
93 37 3780
94 37 3125
95 37 3788
96 37 3293
97 37 3400
98 37 2888
99 37 3295
100 37 3185