1.33514404296875e-05
8.58306884765625e-06
7.3909759521484375e-06
6.4373016357421875e-06
6.9141387939453125e-06
6.9141387939453125e-06
6.198883056640625e-06
6.4373016357421875e-06
6.198883056640625e-06
6.198883056640625e-06
6.67572021484375e-06
6.198883056640625e-06
5.4836273193359375e-06
6.198883056640625e-06
6.4373016357421875e-06
6.198883056640625e-06
5.9604644775390625e-06
6.198883056640625e-06
5.9604644775390625e-06
5.9604644775390625e-06
6.198883056640625e-06
6.198883056640625e-06
5.9604644775390625e-06
5.9604644775390625e-06
6.4373016357421875e-06
5.7220458984375e-06
6.198883056640625e-06
5.9604644775390625e-06
5.9604644775390625e-06
5.9604644775390625e-06
6.198883056640625e-06
5.9604644775390625e-06
6.198883056640625e-06
6.198883056640625e-06
5.9604644775390625e-06
5.7220458984375e-06
6.198883056640625e-06
6.198883056640625e-06
6.198883056640625e-06
5.9604644775390625e-06
5.7220458984375e-06
5.9604644775390625e-06
6.198883056640625e-06
5.9604644775390625e-06
6.198883056640625e-06
5.9604644775390625e-06
6.198883056640625e-06
5.9604644775390625e-06
5.7220458984375e-06
5.9604644775390625e-06
6.198883056640625e-06
6.198883056640625e-06
5.9604644775390625e-06
5.9604644775390625e-06
5.9604644775390625e-06
5.9604644775390625e-06
5.7220458984375e-06
5.9604644775390625e-06
5.9604644775390625e-06
6.198883056640625e-06
5.9604644775390625e-06
5.9604644775390625e-06
5.9604644775390625e-06
6.4373016357421875e-06
5.9604644775390625e-06
5.7220458984375e-06
6.198883056640625e-06
6.198883056640625e-06
5.9604644775390625e-06
6.198883056640625e-06
5.7220458984375e-06
6.198883056640625e-06
5.9604644775390625e-06
5.9604644775390625e-06
6.198883056640625e-06
6.198883056640625e-06
5.7220458984375e-06
6.198883056640625e-06
5.7220458984375e-06
6.198883056640625e-06
5.9604644775390625e-06
5.9604644775390625e-06
5.9604644775390625e-06
5.9604644775390625e-06
5.9604644775390625e-06
2.9325485229492188e-05
6.4373016357421875e-06
6.198883056640625e-06
5.9604644775390625e-06
6.4373016357421875e-06
6.198883056640625e-06
6.4373016357421875e-06
5.9604644775390625e-06
5.9604644775390625e-06
5.9604644775390625e-06
5.9604644775390625e-06
5.7220458984375e-06
5.9604644775390625e-06
6.198883056640625e-06
5.9604644775390625e-06