0.10057353973388672
0.12255644798278809
0.10076427459716797
0.0761260986328125
0.11330938339233398
0.1013953685760498
0.08196854591369629
0.11156725883483887
0.09364509582519531
0.09228348731994629
0.08827614784240723
0.06895065307617188
0.08247566223144531
0.09479570388793945
0.07532382011413574
0.09763789176940918
0.09430098533630371
0.11866331100463867
0.11531233787536621
0.0860435962677002
0.1013643741607666
0.14348697662353516
0.11887001991271973
0.08194255828857422
0.09003853797912598
0.1261599063873291
0.0944526195526123
0.12143898010253906
0.1222844123840332
0.09904050827026367
0.1131432056427002
0.13970637321472168
0.09692692756652832
0.09311580657958984
0.14100956916809082
0.11799812316894531
0.11896705627441406
0.07738304138183594
0.12399148941040039
0.08308625221252441
0.11022734642028809
0.11179971694946289
0.09428977966308594
0.08081793785095215
0.11419010162353516
0.15662741661071777
0.08570575714111328
0.09537196159362793
0.10578346252441406
0.09104752540588379
0.11938953399658203
0.09845566749572754
0.056342363357543945
0.11840677261352539
0.11070442199707031
0.08700418472290039
0.10008478164672852
0.08628630638122559
0.0905153751373291
0.1394946575164795
0.10475349426269531
0.08938336372375488
0.13058757781982422
0.13471722602844238
0.10364675521850586
0.12935590744018555
0.08625102043151855
0.08878564834594727
0.10386204719543457
0.1243753433227539
0.11731433868408203
0.11755037307739258
0.10225152969360352
0.1781003475189209
0.11505985260009766
0.11163926124572754
0.09780573844909668
0.10806560516357422
0.11791419982910156
0.08616065979003906
0.10805916786193848
0.09600067138671875
0.10021567344665527
0.09537935256958008
0.07809090614318848
0.10030579566955566
0.11411142349243164
0.11096668243408203
0.08565020561218262
0.08407306671142578
0.09539103507995605
0.0790243148803711
0.11599111557006836
0.12310910224914551
0.10652041435241699
0.09228348731994629
0.10009384155273438
0.1202249526977539
0.0846245288848877
0.07664108276367188