0.2220609188079834
0.27602148056030273
0.1847667694091797
0.3049187660217285
0.20026540756225586
0.26862621307373047
0.2759206295013428
0.17258191108703613
0.13677763938903809
0.1645512580871582
0.1332993507385254
0.16012787818908691
0.21192717552185059
0.24012136459350586
0.23866939544677734
0.2512667179107666
0.18540382385253906
0.15727949142456055
0.23502182960510254
0.2324976921081543
0.21783733367919922
0.24147272109985352
0.29740142822265625
0.19144225120544434
0.2278282642364502
0.2411806583404541
0.2710709571838379
0.2619929313659668
0.19658851623535156
0.2000734806060791
0.19166922569274902
0.16340327262878418
0.2560708522796631
0.17517352104187012
0.21332144737243652
0.18469500541687012
0.25109386444091797
0.1688854694366455
0.20488572120666504
0.20519208908081055
0.1806178092956543
0.17513513565063477
0.22698545455932617
0.23031234741210938
0.19443440437316895
0.2410597801208496
0.21565032005310059
0.15948271751403809
0.1682131290435791
0.21695899963378906
0.23188209533691406
0.2709691524505615
0.24620532989501953
0.22300004959106445
0.2450273036956787
0.20985937118530273
0.30081701278686523
0.21903228759765625
0.24498558044433594
0.21444416046142578
0.19066548347473145
0.23379015922546387
0.26019835472106934
0.23842954635620117
0.18750286102294922
0.24400901794433594
0.25453662872314453
0.23801064491271973
0.1848316192626953
0.22496366500854492
0.1888725757598877
0.19077634811401367
0.22341132164001465
0.22929716110229492
0.17385625839233398
0.16847610473632812
0.22238636016845703
0.19924426078796387
0.27577638626098633
0.20859599113464355
0.24800968170166016
0.1980733871459961
0.20273923873901367
0.19308733940124512
0.22081851959228516
0.23427772521972656
0.31575727462768555
0.32671427726745605
0.24869871139526367
0.5308239459991455
0.2488090991973877
0.21799993515014648
0.22035932540893555
0.21593379974365234
0.19478487968444824
0.18840765953063965
0.2179248332977295
0.1689450740814209
0.1775836944580078
0.20782876014709473