0.3182687759399414
0.36204051971435547
0.302905797958374
0.2974059581756592
0.2928428649902344
0.33205103874206543
0.2533864974975586
0.20257234573364258
0.21947860717773438
0.2208871841430664
0.23107337951660156
0.293621301651001
0.278001070022583
0.29329419136047363
0.2110302448272705
0.20756149291992188
0.2289595603942871
0.2636733055114746
0.21468305587768555
0.286452054977417
0.21328306198120117
0.32357144355773926
0.30930566787719727
0.28966808319091797
0.31993746757507324
0.2887887954711914
0.26315879821777344
0.2161722183227539
0.35207486152648926
0.2265164852142334
0.2635154724121094
0.2833700180053711
0.28745388984680176
0.30283379554748535
0.25081706047058105
0.2584879398345947
0.21434259414672852
0.2956857681274414
0.24297475814819336
0.33188581466674805
0.29923295974731445
0.23656177520751953
0.2825155258178711
0.2890782356262207
0.31262636184692383
0.2411050796508789
0.285449743270874
0.26073765754699707
0.2398679256439209
0.3239560127258301
0.3259150981903076
0.23935174942016602
0.29417991638183594
0.2950892448425293
0.3403146266937256
0.34120941162109375
0.2643001079559326
0.27816057205200195
0.3332798480987549
0.339709997177124
0.3467726707458496
0.33226442337036133
0.2669203281402588
0.3112168312072754
0.3068809509277344
0.24650835990905762
0.26224541664123535
0.3058333396911621
0.3577134609222412
0.27599644660949707
0.3063931465148926
0.2755718231201172
0.23671960830688477
0.2834792137145996
0.3120994567871094
0.47435736656188965
0.4227745532989502
0.25071001052856445
0.4741065502166748
0.25873422622680664
0.2560007572174072
0.3906238079071045
0.24444365501403809
0.3052358627319336
0.25933337211608887
0.32177734375
0.2357778549194336
0.3494603633880615
0.25133681297302246
0.2538454532623291
0.375286340713501
0.26598119735717773
0.2940552234649658
0.34873485565185547
0.41234254837036133
0.29405689239501953
0.2925455570220947
0.2633490562438965
0.31414365768432617
0.25080156326293945