0.0
0.09461966604823747
0.12939297124600638
0.01415929203539823
0.03247863247863248
0.033112582781456956
0.0
0.0
0.033277870216306155
0.02286902286902287
0.017421602787456445
0.030664395229982964
0.09895833333333333
0.0457516339869281
0.06575342465753424
0.01468189233278956
0.07197549770290965
0.05128205128205128
0.0
0.06283662477558348
0.0
0.0
0.24070450097847357
0.05357142857142857
0.04804270462633452
0.0
0.10327022375215146
0.1216
0.0
0.05008347245409015
0.0
0.02040816326530612
0.05338078291814947
0.08835341365461848
0.05991735537190083
0.07326732673267326
0.04173106646058733
0.0322061191626409
0.0
0.009124087591240875
0.06088560885608856
0.0
0.0898876404494382
0.077834179357022
0.1719077568134172
0.1111111111111111
0.13957055214723926
0.029616724738675958
0.06476190476190476
0.0
0.05177993527508091
0.10554561717352415
0.018867924528301886
0.15917602996254682
0.018404907975460124
0.0
0.11884550084889643
0.0273224043715847
0.0
0.03345070422535211
0.04983388704318937
0.04690431519699812
0.0056179775280898875
0.05970149253731343
0.014084507042253521
0.05132192846034215
0.011608623548922056
0.08596491228070176
0.03986710963455149
0.09073724007561437
0.0
0.10333863275039745
0.0
0.13829787234042554
0.0
0.0550098231827112
0.047619047619047616
0.0
0.0
0.06739526411657559
0.0
0.0020491803278688526
0.026748971193415638
0.09327217125382263
0.0
0.0015313935681470138
0.061371841155234655
0.04684317718940937
0.053703703703703705
0.16329704510108864
0.004629629629629629
0.0
0.0
0.0940032414910859
0.06259780907668232
0.041237113402061855
0.0499219968798752
0.028901734104046242
0.13368983957219252
0.0