1.8358230590820312e-05
1.5020370483398438e-05
1.430511474609375e-05
1.3828277587890625e-05
1.3589859008789062e-05
1.3828277587890625e-05
1.3589859008789062e-05
1.3589859008789062e-05
1.33514404296875e-05
1.33514404296875e-05
1.3589859008789062e-05
1.33514404296875e-05
1.33514404296875e-05
1.2874603271484375e-05
1.3113021850585938e-05
1.3828277587890625e-05
1.3589859008789062e-05
1.3828277587890625e-05
1.3113021850585938e-05
1.3589859008789062e-05
1.3113021850585938e-05
1.3589859008789062e-05
1.4066696166992188e-05
1.3589859008789062e-05
1.3113021850585938e-05
1.3589859008789062e-05
1.33514404296875e-05
1.2874603271484375e-05
1.3113021850585938e-05
1.3113021850585938e-05
1.3589859008789062e-05
1.3589859008789062e-05
1.2874603271484375e-05
1.3589859008789062e-05
1.33514404296875e-05
1.33514404296875e-05
1.3589859008789062e-05
1.3113021850585938e-05
1.2874603271484375e-05
1.3589859008789062e-05
1.3589859008789062e-05
1.3589859008789062e-05
1.2874603271484375e-05
1.33514404296875e-05
1.3113021850585938e-05
1.3589859008789062e-05
1.33514404296875e-05
1.33514404296875e-05
1.33514404296875e-05
1.3113021850585938e-05
1.33514404296875e-05
1.3589859008789062e-05
1.3113021850585938e-05
1.3828277587890625e-05
1.33514404296875e-05
1.3113021850585938e-05
1.3589859008789062e-05
1.3589859008789062e-05
1.33514404296875e-05
1.33514404296875e-05
1.3113021850585938e-05
1.33514404296875e-05
1.33514404296875e-05
1.33514404296875e-05
1.33514404296875e-05
1.3589859008789062e-05
1.33514404296875e-05
1.33514404296875e-05
1.3589859008789062e-05
1.33514404296875e-05
1.3113021850585938e-05
1.3589859008789062e-05
1.3113021850585938e-05
1.3113021850585938e-05
1.33514404296875e-05
1.33514404296875e-05
1.2874603271484375e-05
1.3113021850585938e-05
1.33514404296875e-05
1.3113021850585938e-05
1.3589859008789062e-05
1.2874603271484375e-05
1.33514404296875e-05
1.3589859008789062e-05
1.3589859008789062e-05
1.3589859008789062e-05
1.33514404296875e-05
1.33514404296875e-05
1.3113021850585938e-05
1.33514404296875e-05
1.3113021850585938e-05
1.2874603271484375e-05
1.3113021850585938e-05
1.3589859008789062e-05
1.33514404296875e-05
1.3589859008789062e-05
1.33514404296875e-05
1.3589859008789062e-05
1.2874603271484375e-05
1.3589859008789062e-05