2.7894973754882812e-05
2.288818359375e-05
2.1219253540039062e-05
3.3855438232421875e-05
2.002716064453125e-05
5.245208740234375e-05
2.09808349609375e-05
2.0742416381835938e-05
2.09808349609375e-05
2.0503997802734375e-05
1.9788742065429688e-05
2.002716064453125e-05
2.0265579223632812e-05
2.002716064453125e-05
2.0265579223632812e-05
1.9788742065429688e-05
2.002716064453125e-05
1.9788742065429688e-05
2.0265579223632812e-05
2.002716064453125e-05
2.002716064453125e-05
1.9550323486328125e-05
2.0265579223632812e-05
1.9788742065429688e-05
1.9788742065429688e-05
2.002716064453125e-05
2.0265579223632812e-05
2.0265579223632812e-05
2.002716064453125e-05
1.9788742065429688e-05
1.9788742065429688e-05
2.002716064453125e-05
3.814697265625e-05
1.9788742065429688e-05
1.9788742065429688e-05
2.0265579223632812e-05
1.9788742065429688e-05
2.002716064453125e-05
2.002716064453125e-05
2.002716064453125e-05
2.002716064453125e-05
1.9788742065429688e-05
2.0265579223632812e-05
2.002716064453125e-05
3.4809112548828125e-05
2.0742416381835938e-05
3.2901763916015625e-05
2.0265579223632812e-05
1.9788742065429688e-05
2.002716064453125e-05
2.002716064453125e-05
2.002716064453125e-05
2.002716064453125e-05
2.0503997802734375e-05
2.002716064453125e-05
2.002716064453125e-05
1.9550323486328125e-05
2.002716064453125e-05
1.9311904907226562e-05
1.9788742065429688e-05
1.9073486328125e-05
2.0265579223632812e-05
2.002716064453125e-05
2.002716064453125e-05
2.002716064453125e-05
2.0265579223632812e-05
2.002716064453125e-05
2.002716064453125e-05
1.9788742065429688e-05
1.9788742065429688e-05
2.0265579223632812e-05
2.002716064453125e-05
1.9788742065429688e-05
2.0265579223632812e-05
2.002716064453125e-05
1.9788742065429688e-05
2.002716064453125e-05
2.002716064453125e-05
1.9550323486328125e-05
1.9550323486328125e-05
1.9788742065429688e-05
1.9788742065429688e-05
2.002716064453125e-05
1.9550323486328125e-05
1.9550323486328125e-05
2.0265579223632812e-05
1.9788742065429688e-05
1.9550323486328125e-05
2.0265579223632812e-05
1.9788742065429688e-05
1.9788742065429688e-05
2.0503997802734375e-05
3.3855438232421875e-05
2.0742416381835938e-05
2.0265579223632812e-05
1.9550323486328125e-05
1.9788742065429688e-05
1.9788742065429688e-05
1.9788742065429688e-05
2.0503997802734375e-05