4.1961669921875e-05
4.9114227294921875e-05
3.4809112548828125e-05
3.4332275390625e-05
4.8160552978515625e-05
4.792213439941406e-05
3.409385681152344e-05
3.3855438232421875e-05
3.314018249511719e-05
3.3855438232421875e-05
3.2901763916015625e-05
3.361701965332031e-05
3.409385681152344e-05
3.361701965332031e-05
3.337860107421875e-05
3.4332275390625e-05
3.361701965332031e-05
3.361701965332031e-05
0.00013780593872070312
3.409385681152344e-05
3.361701965332031e-05
3.170967102050781e-05
3.218650817871094e-05
3.3855438232421875e-05
7.176399230957031e-05
5.507469177246094e-05
3.4809112548828125e-05
3.4809112548828125e-05
7.081031799316406e-05
5.507469177246094e-05
6.151199340820312e-05
3.647804260253906e-05
4.00543212890625e-05
3.7670135498046875e-05
3.695487976074219e-05
5.412101745605469e-05
5.412101745605469e-05
3.8623809814453125e-05
4.1961669921875e-05
4.076957702636719e-05
4.100799560546875e-05
3.933906555175781e-05
3.981590270996094e-05
3.981590270996094e-05
7.581710815429688e-05
3.3855438232421875e-05
3.4332275390625e-05
3.457069396972656e-05
3.409385681152344e-05
3.337860107421875e-05
3.4332275390625e-05
3.409385681152344e-05
3.409385681152344e-05
3.361701965332031e-05
3.457069396972656e-05
3.4332275390625e-05
3.3855438232421875e-05
3.3855438232421875e-05
3.314018249511719e-05
3.3855438232421875e-05
3.4332275390625e-05
3.361701965332031e-05
3.314018249511719e-05
3.361701965332031e-05
3.4332275390625e-05
3.361701965332031e-05
3.337860107421875e-05
4.291534423828125e-05
3.314018249511719e-05
3.2901763916015625e-05
3.361701965332031e-05
3.314018249511719e-05
3.337860107421875e-05
3.2901763916015625e-05
3.361701965332031e-05
3.314018249511719e-05
3.2901763916015625e-05
3.337860107421875e-05
3.337860107421875e-05
3.266334533691406e-05
3.3855438232421875e-05
3.337860107421875e-05
3.314018249511719e-05
3.314018249511719e-05
3.361701965332031e-05
3.337860107421875e-05
3.24249267578125e-05
3.361701965332031e-05
3.314018249511719e-05
3.3855438232421875e-05
3.3855438232421875e-05
3.337860107421875e-05
3.314018249511719e-05
3.337860107421875e-05
3.314018249511719e-05
3.361701965332031e-05
3.314018249511719e-05
3.2901763916015625e-05
3.337860107421875e-05
3.266334533691406e-05