0.004206180572509766
0.0006482601165771484
0.008842945098876953
0.0032210350036621094
0.0014698505401611328
0.001970052719116211
0.002056598663330078
0.005563020706176758
0.0029082298278808594
0.0010581016540527344
0.004386425018310547
0.0011241436004638672
0.0032317638397216797
0.003814697265625
0.002823352813720703
0.0015463829040527344
0.00032639503479003906
0.0019178390502929688
0.0018439292907714844
0.010090112686157227
0.004320383071899414
0.010885477066040039
0.001766204833984375
0.0010175704956054688
0.011735200881958008
0.0020279884338378906
0.0024466514587402344
0.005073070526123047
0.008540868759155273
0.0072667598724365234
0.0016968250274658203
0.0034759044647216797
0.003535032272338867
0.017366886138916016
0.0030133724212646484
0.0013124942779541016
0.007371187210083008
0.010299205780029297
0.001829385757446289
0.001964092254638672
0.003520965576171875
0.0016338825225830078
0.014908552169799805
0.0028612613677978516
0.0008153915405273438
0.004389762878417969
0.0013134479522705078
0.0044138431549072266
0.003397226333618164
0.0012178421020507812
0.0012362003326416016
0.0024013519287109375
0.0014004707336425781
0.0026721954345703125
0.00899362564086914
0.006766319274902344
0.0031037330627441406
0.003003358840942383
0.004065752029418945
0.009144067764282227
0.006694316864013672
0.0028069019317626953
0.002839326858520508
0.0023832321166992188
0.0010700225830078125
0.003795146942138672
0.003507852554321289
0.00591278076171875
0.005274057388305664
0.0027654170989990234
0.0014545917510986328
0.008062362670898438
0.0005970001220703125
0.0016062259674072266
0.0030105113983154297
0.005893230438232422
0.0024700164794921875
0.010116100311279297
0.0015714168548583984
0.00409245491027832
0.0007798671722412109
0.0029540061950683594
0.007899999618530273
0.00626683235168457
0.0027446746826171875
0.0030443668365478516
0.0022127628326416016
0.0012812614440917969
0.014999866485595703
0.0019099712371826172
0.008774518966674805
0.008123636245727539
0.0074024200439453125
0.012412786483764648
0.006180763244628906
0.0020694732666015625
0.00504302978515625
0.0029659271240234375
0.002840280532836914
0.0025115013122558594