1.239776611328125e-05
9.059906005859375e-06
7.867813110351562e-06
7.867813110351562e-06
7.3909759521484375e-06
7.62939453125e-06
7.867813110351562e-06
7.3909759521484375e-06
7.3909759521484375e-06
7.62939453125e-06
7.3909759521484375e-06
7.3909759521484375e-06
7.3909759521484375e-06
7.3909759521484375e-06
7.62939453125e-06
7.62939453125e-06
7.62939453125e-06
7.3909759521484375e-06
7.62939453125e-06
7.62939453125e-06
7.62939453125e-06
7.3909759521484375e-06
7.3909759521484375e-06
7.3909759521484375e-06
7.62939453125e-06
7.3909759521484375e-06
7.3909759521484375e-06
7.152557373046875e-06
7.152557373046875e-06
7.152557373046875e-06
7.3909759521484375e-06
7.3909759521484375e-06
7.62939453125e-06
7.3909759521484375e-06
7.3909759521484375e-06
7.3909759521484375e-06
7.3909759521484375e-06
7.3909759521484375e-06
7.152557373046875e-06
7.3909759521484375e-06
7.152557373046875e-06
7.152557373046875e-06
7.152557373046875e-06
7.152557373046875e-06
7.3909759521484375e-06
7.3909759521484375e-06
7.152557373046875e-06
7.3909759521484375e-06
7.3909759521484375e-06
7.62939453125e-06
7.3909759521484375e-06
7.62939453125e-06
7.3909759521484375e-06
7.62939453125e-06
7.3909759521484375e-06
7.62939453125e-06
7.3909759521484375e-06
7.867813110351562e-06
7.3909759521484375e-06
7.152557373046875e-06
7.152557373046875e-06
7.62939453125e-06
7.3909759521484375e-06
7.3909759521484375e-06
7.152557373046875e-06
7.3909759521484375e-06
7.3909759521484375e-06
7.3909759521484375e-06
7.3909759521484375e-06
7.62939453125e-06
7.3909759521484375e-06
7.3909759521484375e-06
7.3909759521484375e-06
7.152557373046875e-06
7.3909759521484375e-06
7.3909759521484375e-06
7.3909759521484375e-06
7.3909759521484375e-06
7.3909759521484375e-06
7.3909759521484375e-06
7.152557373046875e-06
7.3909759521484375e-06
7.62939453125e-06
7.867813110351562e-06
2.86102294921875e-05
2.4080276489257812e-05
7.3909759521484375e-06
7.3909759521484375e-06
7.152557373046875e-06
7.3909759521484375e-06
7.867813110351562e-06
7.3909759521484375e-06
7.152557373046875e-06
7.152557373046875e-06
7.3909759521484375e-06
7.152557373046875e-06
7.152557373046875e-06
7.152557373046875e-06
7.152557373046875e-06
7.3909759521484375e-06