1.2636184692382812e-05
6.198883056640625e-06
4.76837158203125e-06
5.0067901611328125e-06
4.5299530029296875e-06
4.0531158447265625e-06
4.0531158447265625e-06
4.0531158447265625e-06
4.0531158447265625e-06
4.0531158447265625e-06
3.814697265625e-06
4.0531158447265625e-06
3.5762786865234375e-06
3.5762786865234375e-06
3.5762786865234375e-06
3.5762786865234375e-06
3.814697265625e-06
3.5762786865234375e-06
3.5762786865234375e-06
3.5762786865234375e-06
3.5762786865234375e-06
3.814697265625e-06
4.0531158447265625e-06
3.5762786865234375e-06
3.337860107421875e-06
4.0531158447265625e-06
3.5762786865234375e-06
3.5762786865234375e-06
3.5762786865234375e-06
3.5762786865234375e-06
3.814697265625e-06
3.5762786865234375e-06
3.5762786865234375e-06
3.5762786865234375e-06
3.5762786865234375e-06
3.5762786865234375e-06
3.814697265625e-06
3.5762786865234375e-06
3.5762786865234375e-06
3.5762786865234375e-06
3.5762786865234375e-06
3.5762786865234375e-06
3.337860107421875e-06
3.5762786865234375e-06
3.5762786865234375e-06
3.5762786865234375e-06
3.5762786865234375e-06
3.814697265625e-06
3.5762786865234375e-06
3.5762786865234375e-06
3.0994415283203125e-06
3.5762786865234375e-06
3.814697265625e-06
3.337860107421875e-06
3.5762786865234375e-06
3.814697265625e-06
3.5762786865234375e-06
3.5762786865234375e-06
3.5762786865234375e-06
3.814697265625e-06
3.5762786865234375e-06
3.5762786865234375e-06
3.814697265625e-06
4.0531158447265625e-06
3.5762786865234375e-06
3.337860107421875e-06
3.5762786865234375e-06
3.5762786865234375e-06
3.5762786865234375e-06
3.5762786865234375e-06
3.5762786865234375e-06
3.337860107421875e-06
3.5762786865234375e-06
3.5762786865234375e-06
3.814697265625e-06
3.814697265625e-06
3.814697265625e-06
3.814697265625e-06
3.814697265625e-06
3.5762786865234375e-06
3.814697265625e-06
3.5762786865234375e-06
3.5762786865234375e-06
3.5762786865234375e-06
3.5762786865234375e-06
3.5762786865234375e-06
3.5762786865234375e-06
3.5762786865234375e-06
3.5762786865234375e-06
3.337860107421875e-06
2.7418136596679688e-05
4.291534423828125e-06
4.0531158447265625e-06
3.814697265625e-06
3.5762786865234375e-06
3.814697265625e-06
4.0531158447265625e-06
3.5762786865234375e-06
3.5762786865234375e-06
3.5762786865234375e-06