1 25 5891
2 25 6655
3 25 6599
4 25 6637
5 25 5538
6 25 6363
7 25 6059
8 25 5909
9 25 5247
10 25 6436
11 25 6884
12 25 6927
13 25 5813
14 25 5559
15 25 5930
16 25 5537
17 25 4558
18 25 6007
19 25 5094
20 25 5208
21 25 6036
22 25 6006
23 25 6904
24 25 5504
25 25 6194
26 25 6345
27 25 6336
28 25 5519
29 25 6296
30 25 5744
31 25 6775
32 25 5930
33 25 5614
34 25 6155
35 25 7095
36 25 6005
37 25 6241
38 25 5564
39 25 5887
40 25 5340
41 25 5810
42 25 5564
43 25 5411
44 25 5546
45 25 6381
46 25 5884
47 25 6692
48 25 6747
49 25 5303
50 25 7178
51 25 5591
52 25 6523
53 25 6269
54 25 6387
55 25 6353
56 25 5211
57 25 4984
58 25 6567
59 25 6406
60 25 6776
61 25 5060
62 25 6641
63 25 6709
64 25 6337
65 25 5574
66 25 5718
67 25 5859
68 25 5163
69 25 6522
70 25 6030
71 25 5935
72 25 4915
73 25 5091
74 25 5741
75 25 6571
76 25 6291
77 25 6148
78 25 5252
79 25 6500
80 25 5083
81 25 6702
82 25 5184
83 25 6361
84 25 6259
85 25 5190
86 25 4689
87 25 5607
88 25 4151
89 25 6377
90 25 5901
91 25 5687
92 25 5959
93 25 5984
94 25 6120
95 25 6380
96 25 6315
97 25 5720
98 25 6415
99 25 5296
100 25 6020