1 32 7324
2 32 9075
3 32 8531
4 32 6676
5 32 8014
6 32 8391
7 32 6850
8 32 8612
9 32 8957
10 32 7554
11 32 7394
12 32 6700
13 32 7637
14 32 7557
15 32 5815
16 32 8142
17 32 7465
18 32 8685
19 32 8102
20 32 6903
21 32 8077
22 32 6734
23 32 7319
24 32 8489
25 32 8211
26 32 7461
27 32 8601
28 32 8672
29 32 8110
30 32 7311
31 32 7496
32 32 7437
33 32 7455
34 32 6627
35 32 7860
36 32 7610
37 32 7789
38 32 7464
39 32 8214
40 32 7937
41 32 8218
42 32 8016
43 32 7256
44 32 7499
45 32 8562
46 32 7486
47 32 8026
48 32 6992
49 32 8474
50 32 8388
51 32 6247
52 32 8229
53 32 6556
54 32 8222
55 32 6996
56 32 6793
57 32 6560
58 32 7858
59 32 7887
60 32 7794
61 32 7894
62 32 7366
63 32 8538
64 32 7505
65 32 8087
66 32 6924
67 32 6257
68 32 7332
69 32 6966
70 32 7431
71 32 7593
72 32 7673
73 32 7040
74 32 7949
75 32 7927
76 32 7436
77 32 6866
78 32 7515
79 32 8633
80 32 7617
81 32 8594
82 32 7104
83 32 7581
84 32 6793
85 32 7226
86 32 7717
87 32 8041
88 32 8663
89 32 7854
90 32 6956
91 32 7207
92 32 7139
93 32 8043
94 32 7224
95 32 7766
96 32 6942
97 32 8271
98 32 7624
99 32 7368
100 32 7705