1 4 663
2 4 1270
3 4 844
4 4 879
5 4 933
6 4 1320
7 4 831
8 4 659
9 4 891
10 4 1187
11 4 1057
12 4 1108
13 4 902
14 4 942
15 4 1128
16 4 989
17 4 895
18 4 721
19 4 1216
20 4 863
21 4 572
22 4 1142
23 4 435
24 4 1010
25 4 964
26 4 896
27 4 280
28 4 363
29 4 1078
30 4 516
31 4 970
32 4 1161
33 4 416
34 4 1157
35 4 1102
36 4 1330
37 4 999
38 4 1040
39 4 1079
40 4 1315
41 4 943
42 4 811
43 4 811
44 4 1138
45 4 1067
46 4 935
47 4 571
48 4 502
49 4 954
50 4 972
51 4 1272
52 4 800
53 4 926
54 4 1230
55 4 818
56 4 1075
57 4 683
58 4 1216
59 4 1046
60 4 841
61 4 748
62 4 1205
63 4 746
64 4 882
65 4 545
66 4 1181
67 4 1342
68 4 1000
69 4 797
70 4 1063
71 4 1040
72 4 1256
73 4 863
74 4 686
75 4 801
76 4 306
77 4 649
78 4 970
79 4 853
80 4 869
81 4 816
82 4 826
83 4 367
84 4 1348
85 4 847
86 4 1087
87 4 341
88 4 842
89 4 538
90 4 811
91 4 1019
92 4 795
93 4 322
94 4 1365
95 4 738
96 4 770
97 4 567
98 4 909
99 4 778
100 4 896