0.006860494613647461
0.006843090057373047
0.009603023529052734
0.007810115814208984
0.0073773860931396484
0.008069515228271484
0.008481264114379883
0.008768796920776367
0.010126590728759766
0.006898641586303711
0.005698442459106445
0.007317066192626953
0.009835481643676758
0.007564067840576172
0.006021738052368164
0.004110574722290039
0.007248401641845703
0.006460905075073242
0.007979154586791992
0.008577346801757812
0.005498647689819336
0.008353710174560547
0.00857234001159668
0.0060274600982666016
0.007867097854614258
0.008940458297729492
0.00803828239440918
0.005872011184692383
0.007239818572998047
0.005671977996826172
0.0063037872314453125
0.007680177688598633
0.006957054138183594
0.013128280639648438
0.007018089294433594
0.007757663726806641
0.006471395492553711
0.007254600524902344
0.006548404693603516
0.008924007415771484
0.006540536880493164
0.011003971099853516
0.006520748138427734
0.008162498474121094
0.008448123931884766
0.00517582893371582
0.010759115219116211
0.006102561950683594
0.009018182754516602
0.005006313323974609
0.007735490798950195
0.008085250854492188
0.0059468746185302734
0.008162736892700195
0.006637096405029297
0.007081508636474609
0.006242990493774414
0.004338741302490234
0.007425785064697266
0.0052165985107421875
0.0063838958740234375
0.00861215591430664
0.005510091781616211
0.004635810852050781
0.007777214050292969
0.006970882415771484
0.0066564083099365234
0.007730960845947266
0.008745193481445312
0.007830619812011719
0.00529170036315918
0.007881879806518555
0.00699615478515625
0.0052492618560791016
0.00701451301574707
0.008275508880615234
0.009012699127197266
0.0067653656005859375
0.00702357292175293
0.007830381393432617
0.006447553634643555
0.007090330123901367
0.0070955753326416016
0.008074045181274414
0.009837865829467773
0.00522160530090332
0.008655071258544922
0.00564265251159668
0.007749319076538086
0.009624481201171875
0.00565648078918457
0.0062389373779296875
0.007724761962890625
0.008242130279541016
0.009061813354492188
0.00861811637878418
0.005494832992553711
0.005743741989135742
0.00864553451538086
0.008126020431518555