0.017628908157348633
0.02299189567565918
0.020964384078979492
0.019211769104003906
0.01948857307434082
0.022807598114013672
0.017748594284057617
0.019178390502929688
0.017414331436157227
0.01745009422302246
0.02746272087097168
0.02251744270324707
0.016138553619384766
0.020510196685791016
0.02134847640991211
0.023836612701416016
0.025254487991333008
0.016779661178588867
0.019743680953979492
0.02471923828125
0.01934814453125
0.02097177505493164
0.0233004093170166
0.019637107849121094
0.022179841995239258
0.02372002601623535
0.0195467472076416
0.01729273796081543
0.022840023040771484
0.01983332633972168
0.026912927627563477
0.020526647567749023
0.0208895206451416
0.02434849739074707
0.025948286056518555
0.016749858856201172
0.018878936767578125
0.022919893264770508
0.024080991744995117
0.01778411865234375
0.023466110229492188
0.020999670028686523
0.020334959030151367
0.022283077239990234
0.020586490631103516
0.02248525619506836
0.02055501937866211
0.02379751205444336
0.01958942413330078
0.024893760681152344
0.018957853317260742
0.0189206600189209
0.017952442169189453
0.026594877243041992
0.020529747009277344
0.01885843276977539
0.01945805549621582
0.023189306259155273
0.017258882522583008
0.016083955764770508
0.025439023971557617
0.029776334762573242
0.015993595123291016
0.019146203994750977
0.020778417587280273
0.026294469833374023
0.018008708953857422
0.023090124130249023
0.02513575553894043
0.023899078369140625
0.0292055606842041
0.019490480422973633
0.02527785301208496
0.02477741241455078
0.02717423439025879
0.020926237106323242
0.023107528686523438
0.021843910217285156
0.023086071014404297
0.025563716888427734
0.024018287658691406
0.021245956420898438
0.0206606388092041
0.018060684204101562
0.02043747901916504
0.017902135848999023
0.01771402359008789
0.023059606552124023
0.021428823471069336
0.02129340171813965
0.019837379455566406
0.0178678035736084
0.02354145050048828
0.020827054977416992
0.01859903335571289
0.017858028411865234
0.02031993865966797
0.02281045913696289
0.023247241973876953
0.02308821678161621