7.891654968261719e-05
0.00012373924255371094
0.00010848045349121094
0.00012183189392089844
0.00017571449279785156
0.0002951622009277344
0.0004470348358154297
0.00018930435180664062
7.581710815429688e-05
0.00012373924255371094
0.0002067089080810547
0.0001876354217529297
0.000324249267578125
8.463859558105469e-05
0.00012683868408203125
0.00025081634521484375
0.0001919269561767578
0.0003235340118408203
0.00015497207641601562
9.059906005859375e-05
7.033348083496094e-05
8.535385131835938e-05
0.0004343986511230469
0.0001544952392578125
0.00017404556274414062
0.0001347064971923828
0.00011992454528808594
0.0003390312194824219
0.0002512931823730469
8.916854858398438e-05
0.00012731552124023438
0.00018477439880371094
0.00021505355834960938
3.24249267578125e-05
6.103515625e-05
0.0001251697540283203
0.0001010894775390625
0.00019812583923339844
0.00012969970703125
7.963180541992188e-05
0.0003600120544433594
0.0005359649658203125
0.00014925003051757812
8.368492126464844e-05
0.00020313262939453125
6.127357482910156e-05
6.604194641113281e-05
5.078315734863281e-05
0.0001506805419921875
0.0001685619354248047
0.0001437664031982422
0.00011086463928222656
0.0001685619354248047
6.961822509765625e-05
0.0002880096435546875
0.0001285076141357422
9.870529174804688e-05
0.0001442432403564453
0.00010275840759277344
0.00017595291137695312
0.00025391578674316406
0.00015687942504882812
0.00013589859008789062
0.00014090538024902344
0.00013017654418945312
0.0001990795135498047
0.00022745132446289062
9.250640869140625e-05
0.00017142295837402344
0.00011897087097167969
0.0001857280731201172
0.0003609657287597656
4.2438507080078125e-05
0.00011754035949707031
0.00011181831359863281
0.00011730194091796875
0.00021648406982421875
0.00016307830810546875
0.00015974044799804688
0.00012993812561035156
0.00021123886108398438
0.00017833709716796875
0.0001544952392578125
0.0002765655517578125
0.00015544891357421875
0.00013136863708496094
0.00012445449829101562
9.846687316894531e-05
0.0001461505889892578
6.198883056640625e-05
0.0002391338348388672
5.841255187988281e-05
7.367134094238281e-05
5.2928924560546875e-05
0.0003497600555419922
0.00023412704467773438
0.00010895729064941406
0.0002448558807373047
0.000225067138671875
0.00024890899658203125