0.0012083053588867188
0.0006728172302246094
0.002975940704345703
0.0037963390350341797
0.0031363964080810547
0.002178192138671875
0.0014562606811523438
0.0010535717010498047
0.0016322135925292969
0.0009126663208007812
0.001678466796875
0.0012011528015136719
0.00024700164794921875
0.0009882450103759766
0.0009009838104248047
0.0023174285888671875
0.001486063003540039
0.0011365413665771484
0.0028083324432373047
0.0008258819580078125
0.0011446475982666016
0.0010776519775390625
0.0003993511199951172
0.0005018711090087891
0.0012557506561279297
0.008086919784545898
0.003680706024169922
0.003131389617919922
0.0017516613006591797
0.0017375946044921875
0.0017671585083007812
0.0007302761077880859
0.0010142326354980469
0.0008604526519775391
0.0003330707550048828
0.002093076705932617
0.0014166831970214844
0.0023980140686035156
0.0003669261932373047
0.000324249267578125
0.0009145736694335938
0.004596710205078125
0.0017271041870117188
0.005251407623291016
0.0026941299438476562
0.0002574920654296875
0.0021431446075439453
0.001695871353149414
0.0008707046508789062
0.005631923675537109
0.0023148059844970703
0.0015909671783447266
0.0032372474670410156
0.00035834312438964844
0.003876924514770508
0.001291036605834961
0.0008869171142578125
0.002104043960571289
0.0014464855194091797
0.0028595924377441406
0.0017256736755371094
0.0034017562866210938
0.002530336380004883
0.0016529560089111328
0.0006763935089111328
0.0006871223449707031
0.00020933151245117188
0.0033826828002929688
0.0014278888702392578
0.0007009506225585938
0.0017268657684326172
0.00022935867309570312
0.0008056163787841797
0.0009012222290039062
0.002353191375732422
0.000274658203125
0.0014827251434326172
0.0012900829315185547
0.0005404949188232422
0.0019342899322509766
0.0016937255859375
0.0054073333740234375
0.0013344287872314453
0.003477334976196289
0.0010461807250976562
0.0004947185516357422
0.0015645027160644531
0.0010623931884765625
0.0007522106170654297
0.0023860931396484375
0.0007915496826171875
0.0013270378112792969
0.0008091926574707031
0.001605987548828125
0.0007834434509277344
0.0004611015319824219
0.00046539306640625
0.0005404949188232422
0.004709959030151367
0.00237274169921875