0.0014867782592773438
0.0065271854400634766
0.003576517105102539
0.0012052059173583984
0.009594917297363281
0.0020074844360351562
0.023584842681884766
0.00988626480102539
0.011779546737670898
0.006018877029418945
0.001340627670288086
0.003551006317138672
0.005349159240722656
0.012322664260864258
0.009763717651367188
0.0005319118499755859
0.003146648406982422
0.00513005256652832
0.003042459487915039
0.0029306411743164062
0.004555225372314453
0.016147613525390625
0.016254663467407227
0.004362583160400391
0.012961626052856445
0.0049855709075927734
0.0027768611907958984
0.006047725677490234
0.01730966567993164
0.004427433013916016
0.014164209365844727
0.0049724578857421875
0.011293649673461914
0.009559392929077148
0.00411534309387207
0.002682924270629883
0.0064733028411865234
0.0018725395202636719
0.01887369155883789
0.013546943664550781
0.0023622512817382812
0.012675762176513672
0.009918928146362305
0.0041201114654541016
0.0030112266540527344
0.0025489330291748047
0.0011699199676513672
0.0005140304565429688
0.011152982711791992
0.012404918670654297
0.011225700378417969
0.013736486434936523
0.002428770065307617
0.006691694259643555
0.013193368911743164
0.005001068115234375
0.03652071952819824
0.004329681396484375
0.0034835338592529297
0.0017478466033935547
0.0014824867248535156
0.002787351608276367
0.00628352165222168
0.0023157596588134766
0.0019931793212890625
0.0016336441040039062
0.008147478103637695
0.002274751663208008
0.001184225082397461
0.0025904178619384766
0.0012028217315673828
0.001491546630859375
0.006913423538208008
0.00499415397644043
0.010622262954711914
0.0028357505798339844
0.0050847530364990234
0.0033121109008789062
0.010877847671508789
0.003871440887451172
0.0013096332550048828
0.003983736038208008
0.006743669509887695
0.0347440242767334
0.00612950325012207
0.002662181854248047
0.0007281303405761719
0.002390623092651367
0.002427816390991211
0.020576953887939453
0.0013892650604248047
0.0064716339111328125
0.0027260780334472656
0.0044689178466796875
0.004362344741821289
0.002264261245727539
0.00565338134765625
0.003178834915161133
0.0031232833862304688
0.00018739700317382812