0.007986307144165039
0.05181288719177246
0.03702235221862793
0.029008865356445312
0.011201858520507812
0.06220817565917969
0.011894941329956055
0.03925013542175293
0.003066539764404297
0.030293703079223633
0.0193939208984375
0.07432889938354492
0.02141714096069336
0.010057687759399414
0.012246131896972656
0.008238554000854492
0.05498385429382324
0.1151423454284668
0.0637969970703125
0.0042231082916259766
0.027100563049316406
0.009736299514770508
0.017895936965942383
0.02204132080078125
0.01105046272277832
0.02527761459350586
0.06723928451538086
0.01817488670349121
0.057074785232543945
0.22243261337280273
0.02940845489501953
0.016664981842041016
0.059445858001708984
0.044205427169799805
0.029305219650268555
0.027333974838256836
0.00807046890258789
0.02690291404724121
0.013756275177001953
0.011353492736816406
0.013333797454833984
0.003772258758544922
0.012407064437866211
0.025270462036132812
0.04682493209838867
0.019438505172729492
0.024248123168945312
0.011851072311401367
0.015370368957519531
0.0048258304595947266
0.02974224090576172
0.0015320777893066406
0.010803937911987305
0.010467052459716797
0.02144908905029297
0.006475687026977539
0.00888967514038086
0.05903315544128418
0.01738595962524414
0.0031533241271972656
0.012845039367675781
0.018429279327392578
0.025661945343017578
0.051970481872558594
0.0062274932861328125
0.014015674591064453
0.013864278793334961
0.03534221649169922
0.00525975227355957
0.010474681854248047
0.0031511783599853516
0.0047452449798583984
0.012633085250854492
0.004936933517456055
0.008381128311157227
0.008073091506958008
0.07349944114685059
0.0017690658569335938
0.027522802352905273
0.02719879150390625
0.023859262466430664
0.050972938537597656
0.002925872802734375
0.013527154922485352
0.005597591400146484
0.012219429016113281
0.005586147308349609
0.019580602645874023
0.09220314025878906
0.030791282653808594
0.08291506767272949
0.009031295776367188
0.03163623809814453
0.0077953338623046875
0.004700660705566406
0.0052509307861328125
0.027632713317871094
0.021054744720458984
0.02681255340576172
0.011208534240722656