0.013858318328857422
0.1291213035583496
0.19435644149780273
0.06216144561767578
0.026020526885986328
0.09513735771179199
0.05894327163696289
0.017385482788085938
0.02132868766784668
0.011087894439697266
0.018097877502441406
0.0015518665313720703
0.02642679214477539
0.0050506591796875
0.0038521289825439453
0.012667417526245117
0.05142617225646973
0.1163935661315918
0.20415258407592773
0.08772826194763184
0.007286787033081055
0.024695873260498047
0.015361547470092773
0.09811162948608398
0.04192781448364258
0.0307767391204834
0.08999800682067871
0.21515345573425293
0.010040760040283203
0.12793445587158203
0.04749035835266113
0.029272079467773438
0.16854143142700195
0.00582432746887207
0.045366764068603516
0.009881734848022461
0.2062544822692871
0.012204170227050781
0.33986997604370117
0.02034139633178711
0.002489805221557617
0.06665754318237305
0.26543259620666504
0.02423238754272461
0.058136701583862305
0.05317115783691406
0.07549333572387695
0.0022194385528564453
0.005480766296386719
0.031234025955200195
0.04086780548095703
0.1186380386352539
0.011512517929077148
0.4926033020019531
0.06762003898620605
0.034108638763427734
0.0166013240814209
0.02367401123046875
0.028070449829101562
0.01052713394165039
0.03352212905883789
0.02849268913269043
0.0579986572265625
0.016551494598388672
0.043721914291381836
0.002389669418334961
0.02770686149597168
0.12039756774902344
0.01597309112548828
0.02398514747619629
0.0707085132598877
0.014002323150634766
0.024899959564208984
0.0512385368347168
0.05082511901855469
0.09278059005737305
0.006562232971191406
0.0379180908203125
0.005534648895263672
0.015964508056640625
0.010185718536376953
0.08292603492736816
0.017161130905151367
0.021748781204223633
0.1178736686706543
0.027112722396850586
0.01671624183654785
0.02671980857849121
0.09127044677734375
0.019867420196533203
0.006191253662109375
0.055977582931518555
0.3323373794555664
0.016520261764526367
0.00406193733215332
0.039678335189819336
0.12610769271850586
0.14960122108459473
0.08788251876831055
0.011679887771606445