0.11964154243469238
0.13497281074523926
0.12405109405517578
0.12081265449523926
0.09882831573486328
0.1149744987487793
0.09600615501403809
0.08945631980895996
0.08299493789672852
0.11268734931945801
0.12953543663024902
0.1326737403869629
0.09188961982727051
0.09685015678405762
0.09962248802185059
0.10206270217895508
0.10539770126342773
0.11660957336425781
0.14795923233032227
0.24690890312194824
0.20233416557312012
0.19890165328979492
0.22079682350158691
0.13095951080322266
0.1180109977722168
0.11182689666748047
0.13069725036621094
0.20061111450195312
0.21349525451660156
0.17478322982788086
0.2153339385986328
0.16964960098266602
0.09514498710632324
0.11833786964416504
0.16417527198791504
0.11543464660644531
0.11972188949584961
0.10982680320739746
0.12264132499694824
0.09697103500366211
0.09574007987976074
0.09698677062988281
0.08842992782592773
0.09422659873962402
0.11755895614624023
0.09509754180908203
0.11606621742248535
0.11263084411621094
0.09127044677734375
0.11876201629638672
0.09036493301391602
0.10805511474609375
0.10042667388916016
0.10270047187805176
0.11171531677246094
0.08966779708862305
0.08401322364807129
0.12783074378967285
0.09880518913269043
0.10700750350952148
0.08076310157775879
0.11603832244873047
0.12800812721252441
0.10718774795532227
0.08685660362243652
0.09180712699890137
0.09462976455688477
0.08856749534606934
0.10761046409606934
0.10359668731689453
0.10207772254943848
0.08355998992919922
0.08202600479125977
0.09697747230529785
0.11687588691711426
0.11533808708190918
0.11275601387023926
0.08986282348632812
0.13190245628356934
0.09314417839050293
0.11783862113952637
0.09287667274475098
0.10415077209472656
0.10131621360778809
0.07263064384460449
0.07236552238464355
0.09162592887878418
0.053191184997558594
0.10327911376953125
0.10590767860412598
0.09552717208862305
0.0948326587677002
0.09959006309509277
0.11732840538024902
0.1267242431640625
0.13541555404663086
0.09370779991149902
0.10308337211608887
0.08497858047485352
0.10825395584106445