1.8358230590820312e-05
1.0728836059570312e-05
1.1444091796875e-05
1.0728836059570312e-05
1.0013580322265625e-05
1.0251998901367188e-05
1.0013580322265625e-05
9.5367431640625e-06
8.58306884765625e-06
9.775161743164062e-06
1.0967254638671875e-05
9.5367431640625e-06
9.059906005859375e-06
9.775161743164062e-06
8.821487426757812e-06
8.821487426757812e-06
1.0013580322265625e-05
9.298324584960938e-06
9.5367431640625e-06
1.0013580322265625e-05
9.775161743164062e-06
9.5367431640625e-06
9.298324584960938e-06
9.775161743164062e-06
9.298324584960938e-06
9.5367431640625e-06
8.821487426757812e-06
8.344650268554688e-06
1.0013580322265625e-05
9.298324584960938e-06
1.049041748046875e-05
9.059906005859375e-06
1.4066696166992188e-05
9.298324584960938e-06
1.0728836059570312e-05
9.5367431640625e-06
9.298324584960938e-06
9.298324584960938e-06
9.775161743164062e-06
9.775161743164062e-06
1.0013580322265625e-05
9.298324584960938e-06
1.0728836059570312e-05
1.0013580322265625e-05
9.775161743164062e-06
8.821487426757812e-06
9.775161743164062e-06
8.106231689453125e-06
8.58306884765625e-06
9.298324584960938e-06
1.9073486328125e-05
1.0251998901367188e-05
8.821487426757812e-06
8.106231689453125e-06
8.58306884765625e-06
9.059906005859375e-06
9.059906005859375e-06
9.059906005859375e-06
9.059906005859375e-06
9.298324584960938e-06
9.775161743164062e-06
8.821487426757812e-06
9.298324584960938e-06
8.58306884765625e-06
9.298324584960938e-06
8.344650268554688e-06
8.58306884765625e-06
8.58306884765625e-06
8.106231689453125e-06
8.344650268554688e-06
1.049041748046875e-05
9.059906005859375e-06
8.821487426757812e-06
8.58306884765625e-06
8.821487426757812e-06
9.059906005859375e-06
8.58306884765625e-06
8.58306884765625e-06
8.106231689453125e-06
8.821487426757812e-06
1.0013580322265625e-05
8.344650268554688e-06
9.059906005859375e-06
8.106231689453125e-06
8.58306884765625e-06
8.821487426757812e-06
8.344650268554688e-06
8.821487426757812e-06
8.344650268554688e-06
7.867813110351562e-06
1.0013580322265625e-05
8.821487426757812e-06
8.106231689453125e-06
8.58306884765625e-06
8.58306884765625e-06
8.106231689453125e-06
7.867813110351562e-06
8.344650268554688e-06
8.58306884765625e-06
7.867813110351562e-06
8.344650268554688e-06
9.059906005859375e-06
7.867813110351562e-06
8.106231689453125e-06
8.106231689453125e-06
8.106231689453125e-06
7.867813110351562e-06
8.821487426757812e-06
8.106231689453125e-06
7.62939453125e-06
9.298324584960938e-06
9.059906005859375e-06
9.059906005859375e-06
8.344650268554688e-06
7.62939453125e-06
8.58306884765625e-06
7.867813110351562e-06
8.106231689453125e-06
8.821487426757812e-06
8.58306884765625e-06
9.298324584960938e-06
8.344650268554688e-06
8.344650268554688e-06
8.58306884765625e-06
8.821487426757812e-06
8.821487426757812e-06
8.58306884765625e-06
8.821487426757812e-06
8.821487426757812e-06
8.106231689453125e-06
9.5367431640625e-06
8.821487426757812e-06
8.344650268554688e-06
8.344650268554688e-06
9.059906005859375e-06
8.106231689453125e-06
8.344650268554688e-06
7.62939453125e-06
8.821487426757812e-06
8.58306884765625e-06
9.059906005859375e-06
8.821487426757812e-06
8.106231689453125e-06
8.58306884765625e-06
9.775161743164062e-06
7.867813110351562e-06
9.298324584960938e-06
8.106231689453125e-06
9.059906005859375e-06
9.059906005859375e-06
9.059906005859375e-06
8.106231689453125e-06
8.821487426757812e-06
8.106231689453125e-06
8.821487426757812e-06
7.867813110351562e-06
8.821487426757812e-06
8.58306884765625e-06
8.344650268554688e-06
8.58306884765625e-06
9.5367431640625e-06
8.821487426757812e-06
8.106231689453125e-06
8.58306884765625e-06
9.059906005859375e-06
8.344650268554688e-06
8.106231689453125e-06
8.821487426757812e-06
8.821487426757812e-06
8.58306884765625e-06
9.5367431640625e-06
8.344650268554688e-06
8.344650268554688e-06
8.821487426757812e-06
8.344650268554688e-06
8.58306884765625e-06
8.106231689453125e-06
8.58306884765625e-06
8.344650268554688e-06
8.821487426757812e-06
9.775161743164062e-06
8.821487426757812e-06
8.58306884765625e-06
1.0728836059570312e-05
8.821487426757812e-06
8.821487426757812e-06
8.58306884765625e-06
8.58306884765625e-06
1.7404556274414062e-05
1.2874603271484375e-05
9.5367431640625e-06
9.059906005859375e-06
8.821487426757812e-06
9.059906005859375e-06
8.344650268554688e-06
7.867813110351562e-06
8.344650268554688e-06
8.821487426757812e-06
8.344650268554688e-06
8.106231689453125e-06
9.059906005859375e-06
7.62939453125e-06
8.58306884765625e-06
8.106231689453125e-06
8.344650268554688e-06
8.58306884765625e-06
8.821487426757812e-06
8.344650268554688e-06
8.344650268554688e-06
8.344650268554688e-06
8.106231689453125e-06
8.58306884765625e-06
8.58306884765625e-06
8.344650268554688e-06
8.58306884765625e-06
8.344650268554688e-06
1.8835067749023438e-05
7.867813110351562e-06
7.3909759521484375e-06
7.867813110351562e-06
1.0013580322265625e-05
9.5367431640625e-06
7.62939453125e-06
9.059906005859375e-06
8.344650268554688e-06
8.58306884765625e-06
8.106231689453125e-06
7.867813110351562e-06
8.58306884765625e-06
8.821487426757812e-06
9.298324584960938e-06
8.58306884765625e-06
8.344650268554688e-06
7.62939453125e-06
8.106231689453125e-06
8.58306884765625e-06
8.344650268554688e-06
8.106231689453125e-06
7.62939453125e-06
8.821487426757812e-06
8.821487426757812e-06
9.059906005859375e-06
8.58306884765625e-06
8.106231689453125e-06
7.62939453125e-06
8.344650268554688e-06
8.106231689453125e-06
7.62939453125e-06
8.344650268554688e-06
7.62939453125e-06
8.344650268554688e-06
8.106231689453125e-06
7.62939453125e-06
8.106231689453125e-06
8.58306884765625e-06
8.821487426757812e-06
8.58306884765625e-06
8.344650268554688e-06
8.344650268554688e-06
8.106231689453125e-06
7.867813110351562e-06
8.106231689453125e-06
8.106231689453125e-06
8.106231689453125e-06
8.344650268554688e-06
8.58306884765625e-06
8.106231689453125e-06
7.62939453125e-06
8.106231689453125e-06
8.106231689453125e-06
8.344650268554688e-06
7.867813110351562e-06
7.867813110351562e-06
8.344650268554688e-06
8.58306884765625e-06
8.58306884765625e-06
8.58306884765625e-06
8.106231689453125e-06
8.821487426757812e-06
7.62939453125e-06
9.5367431640625e-06
8.821487426757812e-06
8.106231689453125e-06
8.821487426757812e-06
8.58306884765625e-06
7.62939453125e-06
7.62939453125e-06
8.58306884765625e-06
8.821487426757812e-06
8.58306884765625e-06
1.0251998901367188e-05
8.344650268554688e-06
8.58306884765625e-06
8.58306884765625e-06
8.58306884765625e-06
8.58306884765625e-06
7.62939453125e-06
8.58306884765625e-06
8.106231689453125e-06
8.344650268554688e-06
8.58306884765625e-06
7.867813110351562e-06
7.867813110351562e-06
7.3909759521484375e-06
7.867813110351562e-06
8.58306884765625e-06
8.106231689453125e-06
8.106231689453125e-06
8.106231689453125e-06
7.867813110351562e-06
9.298324584960938e-06
8.821487426757812e-06
8.344650268554688e-06
8.58306884765625e-06
7.867813110351562e-06
8.58306884765625e-06
7.62939453125e-06
8.821487426757812e-06
8.58306884765625e-06
7.867813110351562e-06
8.58306884765625e-06
8.821487426757812e-06
8.106231689453125e-06
8.106231689453125e-06
8.106231689453125e-06
8.58306884765625e-06
8.58306884765625e-06
8.58306884765625e-06
8.344650268554688e-06
8.58306884765625e-06
8.344650268554688e-06
7.867813110351562e-06
7.867813110351562e-06
7.3909759521484375e-06
8.106231689453125e-06
8.58306884765625e-06
8.344650268554688e-06
8.344650268554688e-06
8.821487426757812e-06
8.344650268554688e-06
9.5367431640625e-06
8.58306884765625e-06
8.821487426757812e-06
8.344650268554688e-06
8.106231689453125e-06
8.106231689453125e-06
8.106231689453125e-06
8.106231689453125e-06
8.106231689453125e-06
8.344650268554688e-06
8.58306884765625e-06
8.344650268554688e-06
8.344650268554688e-06
8.821487426757812e-06
7.3909759521484375e-06
7.867813110351562e-06
7.867813110351562e-06
8.344650268554688e-06
7.62939453125e-06
7.867813110351562e-06
9.5367431640625e-06
8.58306884765625e-06
9.059906005859375e-06
8.821487426757812e-06
7.867813110351562e-06
8.344650268554688e-06
8.344650268554688e-06
8.344650268554688e-06
8.58306884765625e-06
8.106231689453125e-06
8.58306884765625e-06
8.344650268554688e-06
8.58306884765625e-06
8.58306884765625e-06
8.344650268554688e-06
9.059906005859375e-06
7.867813110351562e-06
8.106231689453125e-06
9.059906005859375e-06
2.1219253540039062e-05
9.775161743164062e-06
8.344650268554688e-06
8.58306884765625e-06
8.344650268554688e-06
8.344650268554688e-06
8.344650268554688e-06
7.62939453125e-06
7.867813110351562e-06
8.344650268554688e-06
7.3909759521484375e-06
9.059906005859375e-06
8.821487426757812e-06
7.867813110351562e-06
8.106231689453125e-06
8.344650268554688e-06
7.867813110351562e-06
8.106231689453125e-06
7.867813110351562e-06
8.58306884765625e-06
8.106231689453125e-06
9.059906005859375e-06
8.106231689453125e-06
8.821487426757812e-06
8.58306884765625e-06
8.821487426757812e-06
8.344650268554688e-06
8.344650268554688e-06
8.106231689453125e-06
8.344650268554688e-06
8.821487426757812e-06
9.775161743164062e-06
8.58306884765625e-06
8.344650268554688e-06
8.821487426757812e-06
8.58306884765625e-06
8.58306884765625e-06
7.152557373046875e-06
8.106231689453125e-06
7.867813110351562e-06
8.344650268554688e-06
7.867813110351562e-06
8.344650268554688e-06
7.152557373046875e-06
8.106231689453125e-06
8.106231689453125e-06
7.867813110351562e-06
7.62939453125e-06
8.106231689453125e-06
8.106231689453125e-06
8.106231689453125e-06
8.821487426757812e-06
8.106231689453125e-06
8.344650268554688e-06
8.344650268554688e-06
8.58306884765625e-06
8.58306884765625e-06
7.3909759521484375e-06
7.867813110351562e-06
8.106231689453125e-06
8.344650268554688e-06
1.0251998901367188e-05
8.821487426757812e-06
8.106231689453125e-06
8.344650268554688e-06
7.62939453125e-06
8.344650268554688e-06
8.58306884765625e-06
8.344650268554688e-06
8.106231689453125e-06
7.867813110351562e-06
8.106231689453125e-06
7.62939453125e-06
7.62939453125e-06
8.344650268554688e-06
8.106231689453125e-06
8.58306884765625e-06
8.344650268554688e-06
8.58306884765625e-06
8.106231689453125e-06
8.344650268554688e-06
9.298324584960938e-06
8.821487426757812e-06
8.821487426757812e-06
2.0265579223632812e-05
8.106231689453125e-06
7.867813110351562e-06
7.867813110351562e-06
7.867813110351562e-06
8.106231689453125e-06
8.344650268554688e-06
9.298324584960938e-06
8.106231689453125e-06
8.344650268554688e-06
8.106231689453125e-06
8.821487426757812e-06
8.106231689453125e-06
8.344650268554688e-06
8.106231689453125e-06
8.106231689453125e-06
8.344650268554688e-06
8.821487426757812e-06
8.821487426757812e-06
7.152557373046875e-06
8.344650268554688e-06
8.344650268554688e-06
8.58306884765625e-06
8.58306884765625e-06
8.106231689453125e-06
7.867813110351562e-06
7.62939453125e-06
9.298324584960938e-06
7.62939453125e-06
8.106231689453125e-06
8.344650268554688e-06
8.58306884765625e-06
8.106231689453125e-06
8.58306884765625e-06
8.106231689453125e-06
7.62939453125e-06
7.62939453125e-06
