0.08404850959777832
0.20702576637268066
0.029029369354248047
0.052545785903930664
0.0701141357421875
0.10642027854919434
0.07854652404785156
0.12121963500976562
0.2069377899169922
0.08611249923706055
0.13599085807800293
0.15260720252990723
0.16953659057617188
0.11166954040527344
0.17830848693847656
0.22321701049804688
0.053815603256225586
0.11766505241394043
0.13423871994018555
0.04825115203857422
0.16883563995361328
0.12621331214904785
0.15622615814208984
0.08129334449768066
0.08833169937133789
0.1056373119354248
0.1705632209777832
0.24726462364196777
0.11059856414794922
0.0519719123840332
0.008686542510986328
0.12941932678222656
0.0811469554901123
0.08447861671447754
0.08313393592834473
0.1495952606201172
0.10365509986877441
0.16694068908691406
0.02603912353515625
0.13004326820373535
0.19195342063903809
0.11946964263916016
0.0750119686126709
0.0831608772277832
0.09811830520629883
0.11252880096435547
0.06737995147705078
0.1665337085723877
0.21344733238220215
0.13786721229553223
0.16405153274536133
0.02538609504699707
0.17891550064086914
0.183335542678833
0.1134641170501709
0.06691765785217285
0.0910646915435791
0.08791327476501465
0.08425140380859375
0.07839012145996094
0.1617898941040039
0.21249675750732422
0.10166382789611816
0.04423880577087402
0.080596923828125
0.13347339630126953
0.1434476375579834
0.15771961212158203
0.19025516510009766
0.11763358116149902
0.10451292991638184
0.0667731761932373
0.14795136451721191
0.10714244842529297
0.12013483047485352
0.11291003227233887
0.1063985824584961
0.0728299617767334
0.16321325302124023
0.0957953929901123
0.021465301513671875
0.13296794891357422
0.09589600563049316
0.1734306812286377
0.14547228813171387
0.04001140594482422
0.0818173885345459
0.06718325614929199
0.14668035507202148
0.21442008018493652
0.06292438507080078
0.09819769859313965
0.1071016788482666
0.05176281929016113
0.08582878112792969
0.13129973411560059
0.08078813552856445
0.11337995529174805
0.06493139266967773
0.13581514358520508
0.1602787971496582
0.08463001251220703
0.2400965690612793
0.15789532661437988
0.14267277717590332
0.1198263168334961
0.13237810134887695
0.08148622512817383
0.09445714950561523
0.1237800121307373
0.09203791618347168
0.0635976791381836
0.06734371185302734
0.12721872329711914
0.2423248291015625
0.09581112861633301
0.12661266326904297
0.12210297584533691
0.03942298889160156
0.1376659870147705
0.0537867546081543
0.13348627090454102
0.1253831386566162
0.07927846908569336
0.08865737915039062
0.062102556228637695
0.09795427322387695
0.07231831550598145
0.04802656173706055
0.09881186485290527
0.04865765571594238
0.08818316459655762
0.20393967628479004
0.1076207160949707
0.08031868934631348
0.18467402458190918
0.1238713264465332
0.17115449905395508
0.11551737785339355
0.07048773765563965
0.15064334869384766
0.09419679641723633
0.15819048881530762
0.07636475563049316
0.16218852996826172
0.12612104415893555
0.048827409744262695
0.12998557090759277
0.09223437309265137
0.20135855674743652
0.17182302474975586
0.19838857650756836
0.09476447105407715
0.13051271438598633
0.07526636123657227
0.14200592041015625
0.09293293952941895
0.10815238952636719
0.0999753475189209
0.09052753448486328
0.049979209899902344
0.05807352066040039
0.16141629219055176
0.1896660327911377
0.035617828369140625
0.17084145545959473
0.1717071533203125
0.08200621604919434
0.13378024101257324
0.08505415916442871
0.13522863388061523
0.0666968822479248
0.19447755813598633
0.13431525230407715
0.08062267303466797
0.07395553588867188
0.19821882247924805
0.10872697830200195
0.17162036895751953
0.11237478256225586
0.1868584156036377
0.07088184356689453
0.10923337936401367
0.10390877723693848
0.09328436851501465
0.12901544570922852
0.15828275680541992
0.15531325340270996
0.0886836051940918
0.23689818382263184
0.17514920234680176
0.05239725112915039
0.05753493309020996
0.026839017868041992
0.08827328681945801
0.2058427333831787
0.050475120544433594
0.08434295654296875
0.052227020263671875
0.1314103603363037
0.07029294967651367
0.19279170036315918
0.07387328147888184
0.1649785041809082
0.1020512580871582
0.10078811645507812
0.014897823333740234
0.08231401443481445
0.0594174861907959
0.10886502265930176
0.2038893699645996
0.15761590003967285
0.07411980628967285
0.09232401847839355
0.0836019515991211
0.10134577751159668
0.0698089599609375
0.16505765914916992
0.18023252487182617
0.1748185157775879
0.1622321605682373
0.06272339820861816
0.19387054443359375
0.07116222381591797
0.17140531539916992
0.09631824493408203
0.21179580688476562
0.12047052383422852
0.1076357364654541
0.1280653476715088
0.06287407875061035
0.10936689376831055
0.11557793617248535
0.25346899032592773
0.1618938446044922
0.06116890907287598
0.08282732963562012
0.1798701286315918
0.21787095069885254
0.07055115699768066
0.09254741668701172
0.12312960624694824
0.0758211612701416
0.11114358901977539
0.17635011672973633
0.08561110496520996
0.13352179527282715
0.16495752334594727
0.1029963493347168
0.21413540840148926
0.1382277011871338
0.11701822280883789
0.1423344612121582
0.12206244468688965
0.09287905693054199
0.034926414489746094
0.04385209083557129
0.10979866981506348
0.08543157577514648
0.13965916633605957
0.20023155212402344
0.10261964797973633
0.05683016777038574
0.1676790714263916
0.10106539726257324
0.07058143615722656
0.20370149612426758
0.17833709716796875
0.1279439926147461
0.1432332992553711
0.14500212669372559
0.18629884719848633
0.09476637840270996
0.05201601982116699
0.08983922004699707
0.03679013252258301
0.0727226734161377
0.17467045783996582
0.029070615768432617
0.13498616218566895
0.08120369911193848
0.08951210975646973
0.1253650188446045
0.0629582405090332
0.10146236419677734
0.19548726081848145
0.20559215545654297
0.04891347885131836
0.04909491539001465
0.1032860279083252
0.07625436782836914
0.08820891380310059
0.15562844276428223
0.062125205993652344
0.051598548889160156
0.05114579200744629
0.16327142715454102
0.07705092430114746
0.05195188522338867
0.0767374038696289
0.1042795181274414
0.23288440704345703
0.07461881637573242
0.21149253845214844
0.10357356071472168
0.1209101676940918
0.10912322998046875
0.05750894546508789
0.1603858470916748
0.17338156700134277
0.040337324142456055
0.0906834602355957
0.14835476875305176
0.07899093627929688
0.12583351135253906
0.08626151084899902
0.22762322425842285
0.07230043411254883
0.0776052474975586
0.1475083827972412
0.10819625854492188
0.0405125617980957
0.19166827201843262
0.12249016761779785
0.08727335929870605
0.10665345191955566
0.1110999584197998
0.08075404167175293
0.10846805572509766
0.050653696060180664
0.1212465763092041
0.14453840255737305
0.253542423248291
0.2045588493347168
0.07883787155151367
0.04525876045227051
0.08405041694641113
0.08022022247314453
0.09059762954711914
0.07974028587341309
0.11226081848144531
0.13063812255859375
0.06717061996459961
0.2166743278503418
0.1366744041442871
0.12992644309997559
0.15580034255981445
0.08829164505004883
0.08962202072143555
0.0854182243347168
0.18906092643737793
0.10109806060791016
0.08030200004577637
0.019382238388061523
0.18976330757141113
0.07267642021179199
0.13867616653442383
0.1186978816986084
0.21556639671325684
0.14743590354919434
0.07301664352416992
0.11715555191040039
0.02166008949279785
0.1027059555053711
0.20660924911499023
0.1615009307861328
0.06017899513244629
0.09500670433044434
0.05056476593017578
0.07617640495300293
0.09594058990478516
0.0918283462524414
0.04146170616149902
0.10953545570373535
0.08530950546264648
0.17592573165893555
0.2997703552246094
0.16231036186218262
0.07621264457702637
0.0929267406463623
0.11922335624694824
0.09322166442871094
0.09048652648925781
0.07781338691711426
0.12928128242492676
0.059706687927246094
0.19458770751953125
0.1986675262451172
0.1202554702758789
0.2476332187652588
0.1150369644165039
0.06321024894714355
0.11075377464294434
0.20166516304016113
0.06048107147216797
0.148148775100708
0.052155256271362305
0.1574406623840332
0.09552741050720215
0.1017608642578125
0.1127467155456543
0.2443068027496338
0.08647561073303223
0.037271976470947266
0.03368496894836426
0.09188485145568848
0.06290769577026367
0.13576149940490723
0.09625411033630371
0.07024049758911133
0.05890369415283203
0.12212085723876953
0.1046912670135498
0.03768587112426758
0.08724308013916016
0.13075995445251465
0.2328944206237793
0.07005810737609863
0.09515070915222168
0.10053730010986328
0.12205910682678223
0.12575793266296387
0.2961239814758301
0.1580824851989746
0.155501127243042
0.07697224617004395
0.08972454071044922
0.0962529182434082
0.14508056640625
0.08417940139770508
0.13737010955810547
0.09576749801635742
0.07085156440734863
0.07920718193054199
0.09561014175415039
0.09250044822692871
0.19629192352294922
0.07763266563415527
0.1533799171447754
0.08620023727416992
0.005389690399169922
0.09162139892578125
0.10046935081481934
0.06396365165710449
0.11989903450012207
0.12212562561035156
0.06977987289428711
0.08303260803222656
0.09760475158691406
0.11606884002685547
0.17440080642700195
0.18785452842712402
0.2028958797454834
0.06099367141723633
0.13857054710388184
0.13419508934020996
0.11254119873046875
0.07597112655639648
0.14769434928894043
0.05904793739318848
0.08715271949768066
0.10189580917358398
0.09681963920593262
0.09795904159545898
0.14654135704040527
0.09991717338562012
0.1343674659729004
0.1094515323638916
0.19285345077514648
0.16908955574035645
0.06604933738708496
0.1323091983795166
0.06146502494812012
0.12980413436889648
0.03637409210205078
0.08570122718811035
0.10804462432861328
0.1018061637878418
0.13911819458007812
0.046090126037597656
0.12411952018737793
0.04567861557006836
0.3299987316131592
0.12555241584777832
0.2144773006439209
0.028075695037841797
0.07166934013366699
0.10194635391235352
0.11656737327575684
0.11594343185424805
0.05236649513244629
0.15455865859985352
0.1499037742614746
0.1025998592376709
0.05309438705444336
0.12167716026306152
0.06367731094360352
0.10245609283447266
0.2690601348876953
0.1485140323638916
