2.3365020751953125e-05
1.3113021850585938e-05
1.2636184692382812e-05
1.1682510375976562e-05
1.1205673217773438e-05
1.1205673217773438e-05
1.1205673217773438e-05
1.0967254638671875e-05
1.049041748046875e-05
1.0967254638671875e-05
1.2874603271484375e-05
1.1205673217773438e-05
1.0967254638671875e-05
1.0728836059570312e-05
1.0728836059570312e-05
1.0251998901367188e-05
1.1205673217773438e-05
1.0728836059570312e-05
1.0728836059570312e-05
1.1444091796875e-05
1.1682510375976562e-05
1.1444091796875e-05
1.0967254638671875e-05
1.0967254638671875e-05
1.0967254638671875e-05
1.0967254638671875e-05
1.0251998901367188e-05
9.775161743164062e-06
1.1205673217773438e-05
1.1205673217773438e-05
2.5510787963867188e-05
1.0728836059570312e-05
1.1682510375976562e-05
1.0967254638671875e-05
1.1205673217773438e-05
1.0251998901367188e-05
1.1205673217773438e-05
1.049041748046875e-05
1.1205673217773438e-05
1.0728836059570312e-05
1.1444091796875e-05
1.0728836059570312e-05
1.0728836059570312e-05
1.049041748046875e-05
1.049041748046875e-05
1.0728836059570312e-05
1.0967254638671875e-05
1.0251998901367188e-05
1.0251998901367188e-05
1.0728836059570312e-05
1.2159347534179688e-05
1.1205673217773438e-05
1.0728836059570312e-05
1.0251998901367188e-05
1.0967254638671875e-05
1.1205673217773438e-05
1.0728836059570312e-05
1.1444091796875e-05
1.1205673217773438e-05
1.1444091796875e-05
1.0728836059570312e-05
1.0967254638671875e-05
1.0967254638671875e-05
1.1205673217773438e-05
1.0967254638671875e-05
1.0967254638671875e-05
1.1444091796875e-05
1.0251998901367188e-05
1.0728836059570312e-05
1.1920928955078125e-05
1.33514404296875e-05
1.1444091796875e-05
1.1205673217773438e-05
1.0967254638671875e-05
1.1205673217773438e-05
1.0728836059570312e-05
1.1205673217773438e-05
1.2159347534179688e-05
1.1205673217773438e-05
1.1682510375976562e-05
1.1920928955078125e-05
1.049041748046875e-05
1.1444091796875e-05
1.0967254638671875e-05
1.1205673217773438e-05
1.1682510375976562e-05
1.0967254638671875e-05
1.0967254638671875e-05
1.049041748046875e-05
1.049041748046875e-05
1.239776611328125e-05
1.1444091796875e-05
1.0728836059570312e-05
1.1205673217773438e-05
1.1205673217773438e-05
1.0728836059570312e-05
1.0728836059570312e-05
1.1205673217773438e-05
1.1682510375976562e-05
1.0967254638671875e-05
1.9073486328125e-05
1.2636184692382812e-05
1.049041748046875e-05
1.0967254638671875e-05
1.0967254638671875e-05
1.0967254638671875e-05
1.049041748046875e-05
1.1444091796875e-05
1.0728836059570312e-05
1.0251998901367188e-05
1.33514404296875e-05
1.1444091796875e-05
1.1920928955078125e-05
1.1444091796875e-05
1.0251998901367188e-05
1.0728836059570312e-05
1.0251998901367188e-05
1.0728836059570312e-05
1.0967254638671875e-05
1.0967254638671875e-05
1.239776611328125e-05
1.0967254638671875e-05
1.0967254638671875e-05
1.1444091796875e-05
1.1682510375976562e-05
1.1682510375976562e-05
1.0728836059570312e-05
1.1682510375976562e-05
1.1444091796875e-05
1.1205673217773438e-05
1.239776611328125e-05
1.0967254638671875e-05
1.1205673217773438e-05
1.33514404296875e-05
1.1920928955078125e-05
1.0728836059570312e-05
1.0967254638671875e-05
1.0967254638671875e-05
1.0967254638671875e-05
1.1205673217773438e-05
1.1920928955078125e-05
1.1920928955078125e-05
1.0967254638671875e-05
1.1205673217773438e-05
1.2159347534179688e-05
1.0728836059570312e-05
1.1920928955078125e-05
1.0967254638671875e-05
1.1444091796875e-05
1.1920928955078125e-05
1.2159347534179688e-05
1.1205673217773438e-05
1.1920928955078125e-05
1.1205673217773438e-05
1.1205673217773438e-05
1.0967254638671875e-05
1.1444091796875e-05
1.1444091796875e-05
1.1205673217773438e-05
1.1444091796875e-05
1.239776611328125e-05
1.2159347534179688e-05
1.2159347534179688e-05
1.2159347534179688e-05
1.2874603271484375e-05
1.2159347534179688e-05
1.2159347534179688e-05
1.1682510375976562e-05
1.0967254638671875e-05
1.1205673217773438e-05
1.33514404296875e-05
1.1205673217773438e-05
1.0251998901367188e-05
1.1205673217773438e-05
1.0728836059570312e-05
1.2636184692382812e-05
1.2159347534179688e-05
1.1920928955078125e-05
1.0728836059570312e-05
1.1920928955078125e-05
1.3589859008789062e-05
1.2636184692382812e-05
1.0967254638671875e-05
1.1444091796875e-05
1.2159347534179688e-05
1.1682510375976562e-05
1.1444091796875e-05
1.1205673217773438e-05
1.1682510375976562e-05
1.1205673217773438e-05
1.2159347534179688e-05
1.3113021850585938e-05
1.1920928955078125e-05
1.239776611328125e-05
1.2159347534179688e-05
1.1444091796875e-05
1.2159347534179688e-05
1.1682510375976562e-05
1.2159347534179688e-05
1.1920928955078125e-05
1.3113021850585938e-05
1.2159347534179688e-05
1.1920928955078125e-05
1.0967254638671875e-05
1.1444091796875e-05
1.2874603271484375e-05
1.1682510375976562e-05
1.3113021850585938e-05
1.1205673217773438e-05
1.2636184692382812e-05
1.1205673217773438e-05
1.1444091796875e-05
1.1682510375976562e-05
1.1444091796875e-05
1.2874603271484375e-05
1.2874603271484375e-05
1.1205673217773438e-05
1.0967254638671875e-05
1.0728836059570312e-05
1.0728836059570312e-05
1.239776611328125e-05
1.1682510375976562e-05
1.0251998901367188e-05
1.1205673217773438e-05
1.0728836059570312e-05
1.0967254638671875e-05
1.0251998901367188e-05
1.0013580322265625e-05
1.0728836059570312e-05
1.0728836059570312e-05
1.2636184692382812e-05
1.1920928955078125e-05
1.0967254638671875e-05
1.0251998901367188e-05
1.0728836059570312e-05
1.1444091796875e-05
1.0967254638671875e-05
1.0728836059570312e-05
1.049041748046875e-05
1.1205673217773438e-05
1.3113021850585938e-05
1.1444091796875e-05
1.1444091796875e-05
1.049041748046875e-05
1.0251998901367188e-05
1.0967254638671875e-05
1.1444091796875e-05
1.0728836059570312e-05
1.0967254638671875e-05
1.049041748046875e-05
1.1205673217773438e-05
1.0967254638671875e-05
1.049041748046875e-05
1.0967254638671875e-05
1.1920928955078125e-05
1.1444091796875e-05
1.1444091796875e-05
1.0728836059570312e-05
1.0728836059570312e-05
1.0728836059570312e-05
1.1682510375976562e-05
1.1444091796875e-05
1.1444091796875e-05
1.0728836059570312e-05
1.1444091796875e-05
1.1682510375976562e-05
1.0728836059570312e-05
1.0013580322265625e-05
1.0967254638671875e-05
1.0728836059570312e-05
1.2159347534179688e-05
1.049041748046875e-05
1.049041748046875e-05
1.0967254638671875e-05
1.0967254638671875e-05
1.1205673217773438e-05
1.0967254638671875e-05
1.049041748046875e-05
1.1205673217773438e-05
1.0251998901367188e-05
1.2159347534179688e-05
1.1205673217773438e-05
1.1444091796875e-05
1.1444091796875e-05
1.1205673217773438e-05
1.0013580322265625e-05
1.049041748046875e-05
1.1682510375976562e-05
1.1205673217773438e-05
1.1205673217773438e-05
2.3126602172851562e-05
1.2874603271484375e-05
1.1920928955078125e-05
1.2159347534179688e-05
1.1444091796875e-05
1.1444091796875e-05
1.049041748046875e-05
1.1682510375976562e-05
1.0967254638671875e-05
1.0967254638671875e-05
1.3113021850585938e-05
1.0728836059570312e-05
1.1205673217773438e-05
1.0013580322265625e-05
1.0728836059570312e-05
1.1444091796875e-05
1.0728836059570312e-05
1.0967254638671875e-05
1.049041748046875e-05
1.0251998901367188e-05
1.2636184692382812e-05
1.1205673217773438e-05
1.0967254638671875e-05
1.1682510375976562e-05
1.0728836059570312e-05
1.1205673217773438e-05
1.0251998901367188e-05
1.1205673217773438e-05
1.0967254638671875e-05
1.049041748046875e-05
1.239776611328125e-05
1.1205673217773438e-05
1.0728836059570312e-05
1.0728836059570312e-05
1.0251998901367188e-05
1.1205673217773438e-05
1.1920928955078125e-05
1.1682510375976562e-05
1.1920928955078125e-05
1.1920928955078125e-05
1.2636184692382812e-05
1.1444091796875e-05
1.1444091796875e-05
1.0013580322265625e-05
1.0967254638671875e-05
1.1444091796875e-05
1.0728836059570312e-05
1.1682510375976562e-05
1.2159347534179688e-05
1.0967254638671875e-05
1.2159347534179688e-05
1.1205673217773438e-05
1.1205673217773438e-05
1.049041748046875e-05
1.0967254638671875e-05
1.0728836059570312e-05
1.0967254638671875e-05
1.1682510375976562e-05
1.0967254638671875e-05
1.1205673217773438e-05
1.1920928955078125e-05
1.1444091796875e-05
1.1205673217773438e-05
1.1205673217773438e-05
1.0013580322265625e-05
1.0967254638671875e-05
1.0967254638671875e-05
1.1205673217773438e-05
1.0251998901367188e-05
1.0728836059570312e-05
2.2411346435546875e-05
1.3589859008789062e-05
1.2159347534179688e-05
1.1444091796875e-05
1.0967254638671875e-05
1.0967254638671875e-05
1.0967254638671875e-05
1.1682510375976562e-05
1.3113021850585938e-05
1.1205673217773438e-05
1.3828277587890625e-05
1.239776611328125e-05
1.1682510375976562e-05
1.1682510375976562e-05
1.1920928955078125e-05
1.3113021850585938e-05
1.1205673217773438e-05
1.1682510375976562e-05
1.1444091796875e-05
1.1205673217773438e-05
1.33514404296875e-05
1.1205673217773438e-05
1.1682510375976562e-05
1.2159347534179688e-05
1.1682510375976562e-05
1.1444091796875e-05
1.0967254638671875e-05
1.2159347534179688e-05
1.1444091796875e-05
1.0728836059570312e-05
2.3126602172851562e-05
1.4781951904296875e-05
1.1682510375976562e-05
1.1682510375976562e-05
1.1682510375976562e-05
1.0728836059570312e-05
1.1682510375976562e-05
1.0728836059570312e-05
1.1682510375976562e-05
1.1920928955078125e-05
1.239776611328125e-05
1.0728836059570312e-05
1.1205673217773438e-05
1.1444091796875e-05
1.2636184692382812e-05
1.0967254638671875e-05
1.1205673217773438e-05
1.0728836059570312e-05
1.049041748046875e-05
1.1205673217773438e-05
1.2874603271484375e-05
1.0967254638671875e-05
1.1205673217773438e-05
1.1205673217773438e-05
1.0967254638671875e-05
1.049041748046875e-05
9.775161743164062e-06
1.0967254638671875e-05
1.0728836059570312e-05
1.1444091796875e-05
1.1444091796875e-05
1.1205673217773438e-05
1.0013580322265625e-05
1.049041748046875e-05
1.0728836059570312e-05
1.0728836059570312e-05
1.049041748046875e-05
1.1682510375976562e-05
1.049041748046875e-05
1.0967254638671875e-05
1.3589859008789062e-05
1.1920928955078125e-05
1.0967254638671875e-05
1.0967254638671875e-05
1.1920928955078125e-05
1.1444091796875e-05
1.0251998901367188e-05
1.049041748046875e-05
1.0967254638671875e-05
1.1205673217773438e-05
1.239776611328125e-05
1.1444091796875e-05
1.0967254638671875e-05
1.1444091796875e-05
1.049041748046875e-05
1.0967254638671875e-05
1.1444091796875e-05
1.1444091796875e-05
1.049041748046875e-05
1.0967254638671875e-05
1.2159347534179688e-05
1.0728836059570312e-05
9.775161743164062e-06
1.1682510375976562e-05
1.1205673217773438e-05
1.1205673217773438e-05
1.049041748046875e-05
1.0967254638671875e-05
1.0728836059570312e-05
1.1444091796875e-05
1.239776611328125e-05
1.1444091796875e-05
1.0728836059570312e-05
1.049041748046875e-05
1.0967254638671875e-05
1.0967254638671875e-05
1.049041748046875e-05
1.0967254638671875e-05
1.0251998901367188e-05
1.049041748046875e-05
1.2636184692382812e-05
1.1205673217773438e-05
1.0967254638671875e-05
1.0967254638671875e-05
1.1205673217773438e-05
1.0728836059570312e-05
1.0728836059570312e-05
1.0728836059570312e-05
1.049041748046875e-05
1.1205673217773438e-05
1.1205673217773438e-05
1.1444091796875e-05
9.5367431640625e-06
1.0728836059570312e-05
1.049041748046875e-05
1.0728836059570312e-05
1.049041748046875e-05
1.0251998901367188e-05
1.049041748046875e-05
1.049041748046875e-05
1.5020370483398438e-05
1.1444091796875e-05
1.0728836059570312e-05
1.0967254638671875e-05
1.0967254638671875e-05
1.0728836059570312e-05
1.1444091796875e-05
1.1444091796875e-05
1.0251998901367188e-05
1.0251998901367188e-05
