0.012134552001953125
0.012432336807250977
0.014993429183959961
0.025092363357543945
0.009498119354248047
0.0259857177734375
0.011696577072143555
0.010879278182983398
0.012536048889160156
0.007819652557373047
0.017569541931152344
0.014591693878173828
0.01398611068725586
0.015097618103027344
0.023915529251098633
0.010108709335327148
0.023360729217529297
0.012634038925170898
0.010477542877197266
0.012989044189453125
0.0041887760162353516
0.017760038375854492
0.01646113395690918
0.011689186096191406
0.015033721923828125
0.01811361312866211
0.021488189697265625
0.009068012237548828
0.011143922805786133
0.006743192672729492
0.011379480361938477
0.026046276092529297
0.030592679977416992
0.021937847137451172
0.014998674392700195
0.02349090576171875
0.013617515563964844
0.02415752410888672
0.015659332275390625
0.013702869415283203
0.008872509002685547
0.02529287338256836
0.00789952278137207
0.017271995544433594
0.023816585540771484
0.005927085876464844
0.008868217468261719
0.021457910537719727
0.016849517822265625
0.009209394454956055
0.01223611831665039
0.014115333557128906
0.01162409782409668
0.019133329391479492
0.010367631912231445
0.01357412338256836
0.012409210205078125
0.02166271209716797
0.0330500602722168
0.017274141311645508
0.008943796157836914
0.009469032287597656
0.013702392578125
0.008794784545898438
0.01798224449157715
0.026903152465820312
0.018105268478393555
0.019064664840698242
0.02090930938720703
0.012549638748168945
0.016139745712280273
0.014608621597290039
0.01555776596069336
0.01416921615600586
0.017523527145385742
0.01211404800415039
0.028355836868286133
0.008384943008422852
0.00807642936706543
0.018810033798217773
0.010371923446655273
0.010204076766967773
0.010075569152832031
0.011786699295043945
0.028810501098632812
0.018419742584228516
0.029197216033935547
0.00905919075012207
0.011032342910766602
0.023967742919921875
0.016469478607177734
0.005825996398925781
0.02307415008544922
0.018622875213623047
0.014533281326293945
0.018265962600708008
0.016982078552246094
0.013787984848022461
0.013826370239257812
0.013456344604492188
0.016193151473999023
0.013801097869873047
0.01363682746887207
0.010326623916625977
0.012326717376708984
0.01885223388671875
0.030109882354736328
0.010964632034301758
0.015545129776000977
0.009800195693969727
0.013483762741088867
0.012687921524047852
0.012706756591796875
0.010291814804077148
0.008718013763427734
0.018679380416870117
0.010663986206054688
0.009096384048461914
0.015776872634887695
0.012483596801757812
0.013078927993774414
0.03537893295288086
0.028114795684814453
0.010241985321044922
0.009441614151000977
0.015772342681884766
0.008638858795166016
0.012631893157958984
0.011625528335571289
0.0137176513671875
0.02154850959777832
0.0161592960357666
0.012754201889038086
0.024636030197143555
0.00843048095703125
0.008577108383178711
0.02121448516845703
0.010711193084716797
0.013791084289550781
0.02291393280029297
0.0225069522857666
0.017037630081176758
0.023946046829223633
0.018165111541748047
0.020985126495361328
0.01641535758972168
0.013674736022949219
0.008886098861694336
0.013963937759399414
0.007990837097167969
0.03103041648864746
0.013858556747436523
0.02090764045715332
0.015312433242797852
0.02564239501953125
0.010238170623779297
0.010540485382080078
0.016063690185546875
0.01933431625366211
0.009377479553222656
0.014429807662963867
0.023075580596923828
0.019740819931030273
0.029259443283081055
0.007950544357299805
0.012118101119995117
0.014329195022583008
0.02214217185974121
0.012825489044189453
0.015094280242919922
0.023300647735595703
0.007636308670043945
0.011740684509277344
0.012977361679077148
0.012093544006347656
0.011704683303833008
0.022022724151611328
0.00982975959777832
0.019634485244750977
0.012115716934204102
0.025248050689697266
0.013463735580444336
0.025685548782348633
0.01449441909790039
0.01603531837463379
0.01063990592956543
0.024069547653198242
0.009653091430664062
0.007287502288818359
0.005490541458129883
0.011353492736816406
0.0192110538482666
0.012529611587524414
0.006952047348022461
0.010064363479614258
0.013471603393554688
0.01577281951904297
0.01708698272705078
0.010285377502441406
0.009627342224121094
0.026566743850708008
0.015686988830566406
0.008443117141723633
0.011425018310546875
0.008641242980957031
0.014211893081665039
0.007020711898803711
0.011852741241455078
0.019022226333618164
0.02395009994506836
0.015694141387939453
0.012150049209594727
0.015650510787963867
0.013326644897460938
0.016052722930908203
0.01094818115234375
0.01673126220703125
0.015426397323608398
0.013766288757324219
0.012237548828125
0.009418964385986328
0.011843204498291016
0.01554727554321289
0.0280914306640625
0.01096963882446289
0.007190704345703125
0.006414651870727539
0.012744426727294922
0.00904536247253418
0.027967453002929688
0.014846086502075195
0.017337322235107422
0.008254766464233398
0.010736227035522461
0.016605377197265625
0.011471271514892578
0.026227951049804688
0.007470607757568359
0.029445886611938477
0.013570308685302734
0.027623653411865234
0.02671957015991211
0.01560664176940918
0.01507878303527832
0.003690004348754883
0.020712852478027344
0.01718759536743164
0.009970426559448242
0.008266448974609375
0.006691455841064453
0.009058475494384766
0.013733386993408203
0.005722522735595703
0.02201557159423828
0.017620325088500977
0.011504888534545898
0.011255741119384766
0.009435653686523438
0.0174105167388916
0.020490646362304688
0.011841773986816406
0.02940654754638672
0.016226530075073242
0.021790742874145508
0.01114034652709961
0.01100921630859375
0.03108501434326172
0.02524280548095703
0.011678218841552734
0.007992267608642578
0.008193731307983398
0.009013891220092773
0.009589672088623047
0.029553651809692383
0.010364055633544922
0.010333061218261719
0.0030028820037841797
0.011841058731079102
0.01799631118774414
0.01029348373413086
0.006803274154663086
0.015913724899291992
0.014564275741577148
0.009621143341064453
0.018738985061645508
0.012097358703613281
0.014894962310791016
0.011335134506225586
0.008641719818115234
0.011944770812988281
0.034032344818115234
0.007093667984008789
0.013551950454711914
0.010236978530883789
0.013300180435180664
0.02508378028869629
0.025036334991455078
0.005644559860229492
0.004854679107666016
0.017349720001220703
0.013056278228759766
0.02620553970336914
0.04030585289001465
0.01791095733642578
0.007893085479736328
0.014962196350097656
0.02092456817626953
0.011641979217529297
0.01228952407836914
0.02178359031677246
0.013715982437133789
0.012735605239868164
0.014860868453979492
0.01068258285522461
0.021744728088378906
0.02698826789855957
0.01486063003540039
0.013654470443725586
0.014557600021362305
0.025067806243896484
0.010920286178588867
0.005219936370849609
0.01671147346496582
0.013667821884155273
0.014945745468139648
0.019115924835205078
0.0204010009765625
0.005939483642578125
0.014696359634399414
0.024027347564697266
0.015606164932250977
0.011489391326904297
0.009367227554321289
0.01782846450805664
0.011655569076538086
0.01883411407470703
0.012513160705566406
0.008761882781982422
0.015904903411865234
0.01778578758239746
0.020219087600708008
0.009996652603149414
0.009666919708251953
0.015003204345703125
0.022657155990600586
0.007732868194580078
0.010753154754638672
0.007626771926879883
0.013681888580322266
0.011180400848388672
0.013370275497436523
0.018156051635742188
0.016405582427978516
0.01477956771850586
0.013663768768310547
0.013764619827270508
0.0335695743560791
0.029544830322265625
0.010531425476074219
0.004076957702636719
0.009433507919311523
0.011492252349853516
0.014070272445678711
0.025288105010986328
0.011441230773925781
0.0222017765045166
0.02779674530029297
0.010728597640991211
0.01319575309753418
0.020256519317626953
0.023631811141967773
0.015267133712768555
0.020273685455322266
0.02002406120300293
0.0069904327392578125
0.010303974151611328
0.022770404815673828
0.014407873153686523
0.011918783187866211
0.011021614074707031
0.010433435440063477
0.010914802551269531
0.012061357498168945
0.009331464767456055
0.01881265640258789
0.019249916076660156
0.01006770133972168
0.02157878875732422
0.01954817771911621
0.019924163818359375
0.023572444915771484
0.0069561004638671875
0.0053157806396484375
0.01582193374633789
0.014174938201904297
0.011911153793334961
0.0203402042388916
0.009504556655883789
0.009144067764282227
0.014244318008422852
0.010550260543823242
0.009343624114990234
0.023348331451416016
0.025046825408935547
0.011305093765258789
0.009065389633178711
0.009092330932617188
0.01709890365600586
0.02471756935119629
0.005139589309692383
0.01983642578125
0.010125160217285156
0.010254621505737305
0.016983747482299805
0.014314889907836914
0.012128353118896484
0.022466182708740234
0.01171255111694336
0.019594192504882812
0.012736320495605469
0.0079345703125
0.0174715518951416
0.022797822952270508
0.008162498474121094
0.02053689956665039
0.01549983024597168
0.0173799991607666
0.021416425704956055
0.021048545837402344
0.019493579864501953
0.010182619094848633
0.01034235954284668
0.031177043914794922
0.012894630432128906
0.01543283462524414
0.015649795532226562
0.010797500610351562
0.00932455062866211
0.013100862503051758
0.016565322875976562
0.010761260986328125
0.0073871612548828125
0.009186983108520508
0.02426886558532715
0.007784366607666016
0.027279138565063477
0.019463300704956055
0.017192840576171875
0.03242969512939453
0.005036354064941406
0.013558626174926758
0.012244462966918945
0.017621517181396484
0.024368762969970703
0.017098665237426758
0.018285036087036133
0.015094757080078125
0.017308712005615234
0.01062774658203125
0.014670610427856445
0.020830869674682617
0.010867834091186523
0.030074357986450195
0.010493755340576172
0.01908421516418457
0.017772674560546875
0.027901887893676758
0.032526254653930664
0.0176393985748291
0.013263940811157227
0.01005697250366211
0.008570432662963867
0.017480134963989258
0.010392904281616211
0.012828588485717773
0.011571168899536133
0.017801523208618164
0.021149158477783203
0.022826671600341797
0.008175849914550781
0.025124311447143555
0.019533395767211914
0.020615577697753906
0.01604294776916504
0.01621532440185547
0.03857111930847168
0.015925884246826172
0.01508474349975586
0.025243520736694336
0.010730743408203125
0.015224456787109375
0.0226137638092041
0.014105558395385742
0.018433570861816406
0.007802486419677734
0.013298988342285156
0.011137008666992188
0.02333521842956543
0.02344965934753418
0.010282754898071289
