0.00237274169921875
0.0026159286499023438
0.002966642379760742
0.004619121551513672
0.001825571060180664
0.005092620849609375
0.002378702163696289
0.002192974090576172
0.002296924591064453
0.0015017986297607422
0.003093719482421875
0.0030059814453125
0.002591371536254883
0.0022237300872802734
0.004680156707763672
0.0017812252044677734
0.0043566226959228516
0.002446413040161133
0.0019683837890625
0.002542257308959961
0.0013356208801269531
0.0035245418548583984
0.0034723281860351562
0.0022635459899902344
0.002798318862915039
0.003610849380493164
0.004364013671875
0.0023946762084960938
0.0027723312377929688
0.0013911724090576172
0.0024907588958740234
0.005712985992431641
0.008010625839233398
0.004728555679321289
0.0031087398529052734
0.004228115081787109
0.002918720245361328
0.004685878753662109
0.003321409225463867
0.0026617050170898438
0.0017337799072265625
0.005025386810302734
0.0016629695892333984
0.0033147335052490234
0.003975391387939453
0.001293182373046875
0.0017745494842529297
0.0038747787475585938
0.003380298614501953
0.0017359256744384766
0.002363443374633789
0.003007173538208008
0.002306222915649414
0.0040013790130615234
0.0021049976348876953
0.0027866363525390625
0.002305746078491211
0.004209995269775391
0.006573915481567383
0.0034193992614746094
0.0017240047454833984
0.0021893978118896484
0.0031206607818603516
0.0016813278198242188
0.0037021636962890625
0.005196571350097656
0.0034554004669189453
0.004378795623779297
0.004080295562744141
0.0026040077209472656
0.003462553024291992
0.0033731460571289062
0.0033724308013916016
0.002811908721923828
0.0036187171936035156
0.0025377273559570312
0.006346464157104492
0.0019609928131103516
0.0016453266143798828
0.0036716461181640625
0.0021407604217529297
0.0019519329071044922
0.0024924278259277344
0.0024123191833496094
0.005690813064575195
0.0037195682525634766
0.00578618049621582
0.0017209053039550781
0.002384185791015625
0.0052318572998046875
0.003319978713989258
0.001920938491821289
0.00458216667175293
0.0044612884521484375
0.003969907760620117
0.004500627517700195
0.0036695003509521484
0.0035376548767089844
0.003359079360961914
0.003376007080078125
0.003784656524658203
0.0051076412200927734
0.0033206939697265625
0.002556324005126953
0.003465890884399414
0.0047206878662109375
0.005898475646972656
0.0028142929077148438
0.0036344528198242188
0.0022764205932617188
0.0031850337982177734
0.0029044151306152344
0.002930164337158203
0.002321481704711914
0.0020093917846679688
0.004225015640258789
0.002366304397583008
0.0020172595977783203
0.0035142898559570312
0.003009796142578125
0.0028557777404785156
0.008041858673095703
0.0063169002532958984
0.002164602279663086
0.002020597457885742
0.0035469532012939453
0.0016646385192871094
0.0018978118896484375
0.0024328231811523438
0.0033655166625976562
0.004610776901245117
0.0036253929138183594
0.0026848316192626953
0.005585432052612305
0.0016510486602783203
0.0019178390502929688
0.004415988922119141
0.002155780792236328
0.002894878387451172
0.0046503543853759766
0.004571437835693359
0.00350189208984375
0.0046234130859375
0.003420114517211914
0.003404378890991211
0.003076791763305664
0.002511262893676758
0.0018129348754882812
0.0026848316192626953
0.0015702247619628906
0.006273031234741211
0.0028383731842041016
0.003875732421875
0.003009319305419922
0.0069081783294677734
0.0027861595153808594
0.0022907257080078125
0.003757476806640625
0.0041658878326416016
0.0022516250610351562
0.0031800270080566406
0.007033348083496094
0.004655361175537109
0.006415605545043945
0.001581430435180664
0.0026564598083496094
0.0037093162536621094
0.005433797836303711
0.0031425952911376953
0.0037796497344970703
0.006244182586669922
0.0020210742950439453
0.0028955936431884766
0.003108978271484375
0.0028181076049804688
0.0032715797424316406
0.006028652191162109
0.0022726058959960938
0.004717350006103516
0.003194570541381836
0.007085323333740234
0.0034952163696289062
0.0067217350006103516
0.003618955612182617
0.003667116165161133
0.002468109130859375
0.00520777702331543
0.002226114273071289
0.0018832683563232422
0.0014569759368896484
0.0026018619537353516
0.004849672317504883
0.003325939178466797
0.0019631385803222656
0.0026824474334716797
0.0036630630493164062
0.003947019577026367
0.0046062469482421875
0.002691507339477539
0.0024461746215820312
0.005918741226196289
0.0042591094970703125
0.002223491668701172
0.003085613250732422
0.0020651817321777344
0.003384113311767578
0.0016133785247802734
0.002928018569946289
0.004536151885986328
0.004811763763427734
0.0036268234252929688
0.0034673213958740234
0.0037670135498046875
0.0033502578735351562
0.0039463043212890625
0.002632617950439453
0.004783153533935547
0.004395723342895508
0.0035305023193359375
0.003117084503173828
0.0023665428161621094
0.003269195556640625
0.004053592681884766
0.006836652755737305
0.0029926300048828125
0.001873016357421875
0.001539468765258789
0.0035254955291748047
0.0021305084228515625
0.005477428436279297
0.0035622119903564453
0.004954099655151367
0.0021648406982421875
0.0027174949645996094
0.004334449768066406
0.002671957015991211
0.006627798080444336
0.0017786026000976562
0.007680177688598633
0.0033495426177978516
0.006765127182006836
0.006692409515380859
0.0035381317138671875
0.003402233123779297
0.0007624626159667969
0.0039806365966796875
0.003607511520385742
0.002174854278564453
0.0018336772918701172
0.0014390945434570312
0.002045154571533203
0.0030198097229003906
0.0012438297271728516
0.004746913909912109
0.0038063526153564453
0.002181529998779297
0.002225637435913086
0.0019268989562988281
0.0034334659576416016
0.004011631011962891
0.0023360252380371094
0.00597691535949707
0.0030951499938964844
0.0043070316314697266
0.0021195411682128906
0.0019762516021728516
0.004910469055175781
0.0044133663177490234
0.0021898746490478516
0.0013127326965332031
0.001641988754272461
0.0016872882843017578
0.002118825912475586
0.005772829055786133
0.001983165740966797
0.0018842220306396484
0.0008883476257324219
0.002353191375732422
0.0034782886505126953
0.0019958019256591797
0.0014791488647460938
0.003056764602661133
0.003134012222290039
0.0019979476928710938
0.003590106964111328
0.002394437789916992
0.00299835205078125
0.0024466514587402344
0.0017001628875732422
0.0023832321166992188
0.006749629974365234
0.001605987548828125
0.002897500991821289
0.002169370651245117
0.0026803016662597656
0.0051097869873046875
0.0048563480377197266
0.0012710094451904297
0.0015149116516113281
0.0034034252166748047
0.0024662017822265625
0.005972623825073242
0.01100468635559082
0.0037224292755126953
0.0014138221740722656
0.0026671886444091797
0.00410771369934082
0.0022411346435546875
0.0027074813842773438
0.0040590763092041016
0.002666473388671875
0.002535104751586914
0.0029366016387939453
0.0020422935485839844
0.004289150238037109
0.005297660827636719
0.002949953079223633
0.002676725387573242
0.0028533935546875
0.00504302978515625
0.0022346973419189453
0.001527547836303711
0.0033822059631347656
0.0026712417602539062
0.002901792526245117
0.003600597381591797
0.0033457279205322266
0.0015285015106201172
0.002742767333984375
0.004553794860839844
0.0029096603393554688
0.0023593902587890625
0.002086162567138672
0.003204345703125
0.002248525619506836
0.003531217575073242
0.002412557601928711
0.0016467571258544922
0.0031585693359375
0.0035552978515625
0.0038957595825195312
0.0019381046295166016
0.0018618106842041016
0.0028603076934814453
0.004252910614013672
0.0016160011291503906
0.0020318031311035156
0.0015430450439453125
0.0023996829986572266
0.0018930435180664062
0.0023603439331054688
0.0038039684295654297
0.0032639503479003906
0.0028679370880126953
0.002710103988647461
0.002674579620361328
0.006426811218261719
0.005620479583740234
0.0020074844360351562
0.0013763904571533203
0.0018725395202636719
0.0023000240325927734
0.002894163131713867
0.004580020904541016
0.00214385986328125
0.0036623477935791016
0.005235195159912109
0.0019969940185546875
0.0028007030487060547
0.0036094188690185547
0.004459857940673828
0.0031890869140625
0.003965139389038086
0.003974199295043945
0.001238107681274414
0.002025127410888672
0.004565715789794922
0.0029299259185791016
0.0026400089263916016
0.0026988983154296875
0.0025522708892822266
0.0025870800018310547
0.0036385059356689453
0.0028798580169677734
0.0050427913665771484
0.0033385753631591797
0.0018694400787353516
0.004542827606201172
0.0040454864501953125
0.004317522048950195
0.0050563812255859375
0.0013628005981445312
0.0014495849609375
0.003561735153198242
0.0028748512268066406
0.002425670623779297
0.004009723663330078
0.0019893646240234375
0.0018126964569091797
0.0026597976684570312
0.001957416534423828
0.0017635822296142578
0.004727363586425781
0.004729509353637695
0.002241849899291992
0.0018570423126220703
0.0016782283782958984
0.003197193145751953
0.0037441253662109375
0.0013360977172851562
0.0038940906524658203
0.002210378646850586
0.0023500919342041016
0.0034911632537841797
0.003040790557861328
0.002410411834716797
0.004591226577758789
0.0019953250885009766
0.003915309906005859
0.002437591552734375
0.0016663074493408203
0.003520488739013672
0.004491329193115234
0.0016109943389892578
0.0036308765411376953
0.002838611602783203
0.0030927658081054688
0.0034317970275878906
0.003926992416381836
0.003533601760864258
0.0019450187683105469
0.002023458480834961
0.006450653076171875
0.0025069713592529297
0.0029807090759277344
0.0027971267700195312
0.0018486976623535156
0.0016663074493408203
0.0025544166564941406
0.0030891895294189453
0.0020155906677246094
0.0015439987182617188
0.0019273757934570312
0.004641056060791016
0.0012979507446289062
0.005067110061645508
0.0035979747772216797
0.0026845932006835938
0.006089687347412109
0.0018134117126464844
0.002566814422607422
0.0023877620697021484
0.0036950111389160156
0.004944324493408203
0.0033686161041259766
0.0032777786254882812
0.002954244613647461
0.003599882125854492
0.0019714832305908203
0.0029726028442382812
0.003972291946411133
0.0022661685943603516
0.006226062774658203
0.0025229454040527344
0.004347085952758789
0.0048065185546875
0.006279468536376953
0.006562471389770508
0.003815174102783203
0.002367734909057617
0.0018935203552246094
0.0017216205596923828
0.003376007080078125
0.0018804073333740234
0.002706766128540039
0.002294301986694336
0.0035550594329833984
0.004290342330932617
0.004664421081542969
0.0014858245849609375
0.004852771759033203
0.004026174545288086
0.0039958953857421875
0.0030684471130371094
0.0030803680419921875
0.00649261474609375
0.0030145645141601562
0.002956867218017578
0.004851341247558594
0.0022072792053222656
0.0028884410858154297
0.004607677459716797
0.0028226375579833984
0.0035986900329589844
0.001783132553100586
0.0025246143341064453
0.0020461082458496094
0.004483938217163086
0.004988908767700195
0.0021278858184814453
