0.35692715644836426
0.5269753932952881
0.35837435722351074
0.4563570022583008
0.6676924228668213
0.38250136375427246
0.2825198173522949
0.3690624237060547
0.6641678810119629
0.24602127075195312
0.28386378288269043
0.1871929168701172
0.6924617290496826
0.3749399185180664
0.20860528945922852
0.6474108695983887
0.3857107162475586
0.2654609680175781
0.2907543182373047
0.3281707763671875
0.7275826930999756
0.24918222427368164
0.38159632682800293
0.4312560558319092
0.28189897537231445
0.32857179641723633
0.37296462059020996
0.5934138298034668
0.48358154296875
0.816044807434082
0.28769755363464355
0.43227267265319824
0.4206991195678711
0.40160322189331055
0.44651317596435547
0.40912914276123047
0.27629733085632324
0.2326207160949707
0.5093317031860352
0.6836323738098145
0.3132655620574951
0.5193138122558594
0.36257290840148926
0.2235713005065918
0.5237009525299072
0.3822498321533203
0.23096966743469238
0.2275996208190918
0.432452917098999
0.31194376945495605
0.7625882625579834
0.5963854789733887
0.3399534225463867
0.5735230445861816
0.3271598815917969
0.14682722091674805
0.4451777935028076
0.40241503715515137
0.339688777923584
0.361952543258667
0.2867417335510254
0.30642223358154297
0.4386448860168457
0.4313976764678955
0.5733036994934082
0.3915715217590332
0.22274541854858398
0.4022786617279053
0.38201308250427246
0.8439784049987793
0.2546730041503906
0.4561457633972168
0.33750176429748535
0.2771904468536377
0.8808822631835938
0.3784515857696533
0.27147650718688965
0.7712836265563965
0.265094518661499
0.2599146366119385
0.32558512687683105
0.8847551345825195
0.6555554866790771
0.6664457321166992
0.34367966651916504
0.4431440830230713
0.8353273868560791
0.374680757522583
0.49997973442077637
0.18303751945495605
0.4920811653137207
0.5926265716552734
0.9044718742370605
0.7626667022705078
0.22926568984985352
0.5724287033081055
0.3105440139770508
0.4172041416168213
0.3913609981536865
0.6190357208251953
0.6967599391937256
0.5402302742004395
0.27052760124206543
0.27252864837646484
0.3962137699127197
0.37035417556762695
0.5903472900390625
0.4583699703216553
0.4617319107055664
0.37597155570983887
0.6870801448822021
0.7988080978393555
0.3633999824523926
0.5203633308410645
0.5191364288330078
0.33475637435913086
0.6139979362487793
0.7383670806884766
0.8433339595794678
0.2844827175140381
0.7619423866271973
0.4351649284362793
0.503786563873291
0.7673859596252441
0.287006139755249
0.33275651931762695
0.3365004062652588
0.5646061897277832
0.30138134956359863
0.5215930938720703
0.3882911205291748
0.6071226596832275
0.2570030689239502
0.3581657409667969
0.24180006980895996
0.41646599769592285
0.48175787925720215
0.2953188419342041
0.2914571762084961
0.5454742908477783
0.8908283710479736
0.8048665523529053
0.4030623435974121
0.5188682079315186
0.4664344787597656
0.3961513042449951
0.6979701519012451
0.2540464401245117
0.38703465461730957
0.47258996963500977
0.3880801200866699
0.7760496139526367
0.6277990341186523
0.3710203170776367
0.29555726051330566
0.5468814373016357
0.19298934936523438
0.4325892925262451
0.3278524875640869
0.39205050468444824
0.7704336643218994
0.3747870922088623
0.4549369812011719
0.6642353534698486
0.8422708511352539
0.6652634143829346
0.6133368015289307
0.3995673656463623
0.9619324207305908
0.6307175159454346
0.4274556636810303
0.27254676818847656
0.14704155921936035
0.4567875862121582
0.2861459255218506
0.6985728740692139
0.7021217346191406
0.8460681438446045
0.5938091278076172
0.6037678718566895
0.5240859985351562
0.39153099060058594
0.5993726253509521
0.2496941089630127
0.324554443359375
0.6590735912322998
0.7385039329528809
0.6370065212249756
0.35491013526916504
0.5283966064453125
0.8989107608795166
0.4410104751586914
0.5095949172973633
0.29987049102783203
0.3499116897583008
0.2006518840789795
0.33997035026550293
0.5783209800720215
0.567652702331543
0.580657958984375
0.37748050689697266
0.9780857563018799
0.7866790294647217
1.0387263298034668
0.9411301612854004
0.2706892490386963
0.2541983127593994
0.6328818798065186
0.35164880752563477
0.35368990898132324
0.5090384483337402
0.34094810485839844
0.34815144538879395
0.4062061309814453
0.38802576065063477
0.47519397735595703
0.5003581047058105
0.6532502174377441
0.2883756160736084
0.45726609230041504
0.7799043655395508
0.33447980880737305
0.8470973968505859
0.5399045944213867
0.43058013916015625
1.5127928256988525
0.7453761100769043
0.38697338104248047
0.5638022422790527
0.4275634288787842
0.6745538711547852
0.18217968940734863
0.32672953605651855
0.41806912422180176
0.8601064682006836
0.308274507522583
0.28192949295043945
0.30306577682495117
0.40146756172180176
0.32076334953308105
0.4669516086578369
0.9726471900939941
0.44469261169433594
0.45346498489379883
0.5122199058532715
0.3846423625946045
0.2711465358734131
0.21839451789855957
0.7336239814758301
0.5850827693939209
0.5801191329956055
0.585486650466919
0.3193988800048828
0.8581054210662842
0.6668765544891357
0.4791245460510254
0.2605304718017578
0.47348713874816895
0.4252965450286865
0.5697038173675537
0.7463119029998779
0.6439492702484131
0.6532421112060547
0.21022439002990723
0.8198704719543457
0.8126540184020996
0.30776309967041016
0.8481483459472656
0.30388545989990234
0.38031601905822754
0.7296340465545654
0.4369678497314453
0.9209070205688477
0.28240275382995605
0.473888635635376
0.8724055290222168
0.42624616622924805
0.28080224990844727
0.40595030784606934
0.3862895965576172
0.39885807037353516
0.609473705291748
0.4977078437805176
0.8674440383911133
0.43766236305236816
0.6740453243255615
0.7367172241210938
0.8793540000915527
0.5058414936065674
0.5603365898132324
0.30443811416625977
0.5473954677581787
0.3892936706542969
0.6071672439575195
0.3975057601928711
0.7153432369232178
0.3516273498535156
0.4985499382019043
0.2540431022644043
0.5310068130493164
0.3717966079711914
0.46904850006103516
0.335604190826416
0.6900475025177002
0.4647996425628662
0.41425657272338867
0.2742798328399658
0.4605410099029541
0.5112490653991699
0.1894850730895996
0.40273332595825195
0.5825493335723877
0.4310333728790283
0.706291913986206
0.3952145576477051
0.7445981502532959
0.9828879833221436
0.3731362819671631
0.3090794086456299
0.5143735408782959
0.3207244873046875
0.6106457710266113
0.45742297172546387
0.5429108142852783
0.29299092292785645
0.3173224925994873
0.33597373962402344
0.24402832984924316
0.32468080520629883
0.47736549377441406
0.3115265369415283
0.21715784072875977
0.9514975547790527
0.3703904151916504
0.6645574569702148
0.733170747756958
0.45076489448547363
0.43805813789367676
0.45035672187805176
0.358654260635376
0.49486660957336426
0.6482551097869873
0.33722758293151855
0.5170059204101562
0.34569883346557617
0.8061275482177734
0.28655099868774414
0.4728116989135742
0.4227733612060547
0.6714057922363281
0.9600124359130859
0.4599306583404541
0.38930702209472656
0.3382546901702881
0.6902828216552734
0.5242304801940918
0.4220430850982666
0.9284493923187256
0.40097594261169434
0.42673683166503906
0.32964158058166504
0.4139831066131592
0.5335667133331299
0.321091890335083
0.5974218845367432
0.3276398181915283
0.38189220428466797
0.25783514976501465
0.31715989112854004
0.7220430374145508
0.41677165031433105
0.827700138092041
0.5875282287597656
0.5628147125244141
0.43218350410461426
0.5338265895843506
0.3830578327178955
0.8631024360656738
0.31114625930786133
0.8387815952301025
0.6339144706726074
0.510645866394043
0.43518757820129395
0.2576894760131836
0.3493211269378662
0.990241289138794
0.4035613536834717
0.669196367263794
1.023878812789917
0.40013980865478516
0.4172182083129883
0.48622941970825195
0.776517391204834
0.5614771842956543
0.4292147159576416
0.266434907913208
0.4248933792114258
0.5743157863616943
0.3734757900238037
0.40268826484680176
0.4627554416656494
0.7809200286865234
0.6513259410858154
0.46799516677856445
0.4501917362213135
0.6324117183685303
0.25788187980651855
0.4865074157714844
0.281754732131958
0.2717421054840088
0.7364311218261719
0.4423341751098633
0.4715414047241211
0.3618745803833008
0.28949832916259766
0.3350362777709961
0.4169738292694092
0.23532390594482422
0.4438450336456299
0.44125819206237793
0.3474428653717041
0.5726461410522461
0.41669154167175293
0.4122347831726074
0.25708723068237305
0.8157293796539307
0.7041211128234863
0.5386843681335449
0.48670458793640137
0.4761924743652344
1.2259559631347656
0.3443019390106201
0.7916200160980225
0.5085287094116211
0.4677393436431885
0.5480983257293701
0.5589079856872559
0.5629236698150635
0.34227991104125977
0.45897507667541504
0.46779298782348633
0.3463873863220215
0.24900197982788086
0.41348934173583984
0.752490758895874
0.3404707908630371
0.667527437210083
0.5977742671966553
0.33813953399658203
0.4398336410522461
0.65999436378479
0.783745288848877
0.637540340423584
0.3647642135620117
0.4240591526031494
0.5675756931304932
0.9774436950683594
0.4997596740722656
0.27367448806762695
0.46077513694763184
0.3507802486419678
0.30222296714782715
0.48320603370666504
0.8233156204223633
0.9618675708770752
0.27337074279785156
0.4891648292541504
0.5599157810211182
0.4112527370452881
0.8577544689178467
0.6668238639831543
0.4900069236755371
0.48985838890075684
0.9203226566314697
0.9046359062194824
0.5214252471923828
1.3275737762451172
0.37773799896240234
0.4426708221435547
0.601999044418335
0.6126091480255127
0.4535660743713379
0.7859022617340088
0.3351740837097168
0.4407682418823242
0.42943906784057617
0.6731767654418945
0.4783182144165039
0.7638511657714844
0.7453303337097168
0.4066505432128906
0.3163492679595947
0.4152822494506836
1.3836565017700195
0.5786764621734619
1.0723378658294678
1.3803319931030273
0.4556312561035156
0.39735841751098633
0.8420889377593994
