0.02016901969909668
0.017889738082885742
0.010335683822631836
0.012496471405029297
0.020437002182006836
0.01153564453125
0.010074377059936523
0.010422945022583008
0.017696619033813477
0.007063865661621094
0.009285211563110352
0.004700183868408203
0.022820234298706055
0.013524770736694336
0.007737874984741211
0.019326448440551758
0.011658430099487305
0.008257865905761719
0.008315086364746094
0.011277914047241211
0.020006179809570312
0.007082939147949219
0.011059999465942383
0.012526273727416992
0.009170770645141602
0.009255409240722656
0.009376764297485352
0.017500638961791992
0.013027667999267578
0.02467823028564453
0.0075800418853759766
0.013452291488647461
0.01164698600769043
0.010599136352539062
0.013115644454956055
0.011181354522705078
0.009468555450439453
0.0066051483154296875
0.014587640762329102
0.02333378791809082
0.009341716766357422
0.01672673225402832
0.012393474578857422
0.008541107177734375
0.015722990036010742
0.01152181625366211
0.007573366165161133
0.006167173385620117
0.012573957443237305
0.010361671447753906
0.02194380760192871
0.01660776138305664
0.009813070297241211
0.01564645767211914
0.009557962417602539
0.004903316497802734
0.013437747955322266
0.012814998626708984
0.012167692184448242
0.011286020278930664
0.008811235427856445
0.010389089584350586
0.01231837272644043
0.014291524887084961
0.016217708587646484
0.0108795166015625
0.005671977996826172
0.012244701385498047
0.010606050491333008
0.023488283157348633
0.0076024532318115234
0.012343645095825195
0.01083230972290039
0.007476329803466797
0.02645134925842285
0.011741161346435547
0.008123636245727539
0.02129054069519043
0.00960087776184082
0.008000612258911133
0.011663436889648438
0.025835752487182617
0.019342660903930664
0.01961231231689453
0.009537458419799805
0.013170719146728516
0.02346491813659668
0.012075185775756836
0.014162778854370117
0.005728483200073242
0.01698756217956543
0.01690387725830078
0.028127670288085938
0.023981571197509766
0.006779193878173828
0.015340089797973633
0.009989023208618164
0.011909961700439453
0.012019872665405273
0.016548633575439453
0.018515348434448242
0.015230417251586914
0.008302688598632812
0.007935762405395508
0.012228012084960938
0.010926008224487305
0.017723798751831055
0.01385045051574707
0.013987541198730469
0.010828971862792969
0.02057170867919922
0.022452354431152344
0.010938405990600586
0.014831304550170898
0.013541221618652344
0.010443925857543945
0.019677162170410156
0.025005817413330078
0.02923583984375
0.009477376937866211
0.021687984466552734
0.011880874633789062
0.015118837356567383
0.021792173385620117
0.008189916610717773
0.011668205261230469
0.01032114028930664
0.01608419418334961
0.009107112884521484
0.01460886001586914
0.011960506439208984
0.01765608787536621
0.007706403732299805
0.009410381317138672
0.008221149444580078
0.012801170349121094
0.014899492263793945
0.01106882095336914
0.01018381118774414
0.013879776000976562
0.02414560317993164
0.018717527389526367
0.01143026351928711
0.012080669403076172
0.01015925407409668
0.010145902633666992
0.01716780662536621
0.006685972213745117
0.009274482727050781
0.011187553405761719
0.010093212127685547
0.02590155601501465
0.017924070358276367
0.009392023086547852
0.00973057746887207
0.018057823181152344
0.006396055221557617
0.011142253875732422
0.007611989974975586
0.010869264602661133
0.02198934555053711
0.011538982391357422
0.010639429092407227
0.015308380126953125
0.02012944221496582
0.016988277435302734
0.014783859252929688
0.010340213775634766
0.021564006805419922
0.01718759536743164
0.010912656784057617
0.00862741470336914
0.005070686340332031
0.013381719589233398
0.008094310760498047
0.020983457565307617
0.02077960968017578
0.0278775691986084
0.01750659942626953
0.018557310104370117
0.015088558197021484
0.012389421463012695
0.015832901000976562
0.00657963752746582
0.010639429092407227
0.014355659484863281
0.017882347106933594
0.013593196868896484
0.0068547725677490234
0.012493371963500977
0.02012157440185547
0.012050628662109375
0.01586604118347168
0.008634805679321289
0.00969552993774414
0.0064547061920166016
0.011469602584838867
0.017414569854736328
0.01815319061279297
0.01957559585571289
0.012552738189697266
0.023731470108032227
0.025682449340820312
0.02535223960876465
0.021937131881713867
0.00710296630859375
0.008800983428955078
0.014042139053344727
0.009145736694335938
0.009598731994628906
0.011522054672241211
0.006887197494506836
0.009023904800415039
0.011767148971557617
0.010776758193969727
0.012937545776367188
0.012877941131591797
0.022400617599487305
0.00801849365234375
0.01369476318359375
0.0212857723236084
0.010279178619384766
0.021434783935546875
0.01501607894897461
0.009657859802246094
0.014365911483764648
0.02093982696533203
0.009812355041503906
0.014475584030151367
0.012940406799316406
0.01798868179321289
0.006166219711303711
0.007357597351074219
0.013356447219848633
0.02369976043701172
0.009150505065917969
0.007855653762817383
0.008218526840209961
0.012732744216918945
0.009354829788208008
0.012982368469238281
0.032790422439575195
0.011605262756347656
0.013864278793334961
0.011923551559448242
0.010335206985473633
0.006331920623779297
0.007662057876586914
0.02032160758972168
0.014932394027709961
0.01642584800720215
0.015991687774658203
0.008857250213623047
0.0220797061920166
0.018042325973510742
0.016049623489379883
0.006941318511962891
0.016662120819091797
0.012534141540527344
0.014982938766479492
0.0205080509185791
0.017985105514526367
0.018761873245239258
0.00547027587890625
0.027512073516845703
0.024736404418945312
0.00812840461730957
0.02504897117614746
0.00945591926574707
0.010988712310791016
0.022713661193847656
0.012421607971191406
0.024543285369873047
0.0057544708251953125
0.010920286178588867
0.018666505813598633
0.008875131607055664
0.009399175643920898
0.012253046035766602
0.008425235748291016
0.009666204452514648
0.014705419540405273
0.011057376861572266
0.01714015007019043
0.009375810623168945
0.01521444320678711
0.016641616821289062
0.018449068069458008
0.009808063507080078
0.010987520217895508
0.007677555084228516
0.015370607376098633
0.008790969848632812
0.015376806259155273
0.010116338729858398
0.020821094512939453
0.009934425354003906
0.01100468635559082
0.007441043853759766
0.016261577606201172
0.009786367416381836
0.014133453369140625
0.00982213020324707
0.018120288848876953
0.012168645858764648
0.010313272476196289
0.00720524787902832
0.01228022575378418
0.012943267822265625
0.006560087203979492
0.010350704193115234
0.015565156936645508
0.013449907302856445
0.01928877830505371
0.01010274887084961
0.020856618881225586
0.027579545974731445
0.009345531463623047
0.008307933807373047
0.01786494255065918
0.009496927261352539
0.017838478088378906
0.012571573257446289
0.013722896575927734
0.008662939071655273
0.00724339485168457
0.011737346649169922
0.006365537643432617
0.009833812713623047
0.012521743774414062
0.008331060409545898
0.004812955856323242
0.022550344467163086
0.006264925003051758
0.016664505004882812
0.016765832901000977
0.014448165893554688
0.010808229446411133
0.011662721633911133
0.008701562881469727
0.011310577392578125
0.018649816513061523
0.010512828826904297
0.013468742370605469
0.008913755416870117
0.017625093460083008
0.006300687789916992
0.011826276779174805
0.010436058044433594
0.01761150360107422
0.025068044662475586
0.011549234390258789
0.009612321853637695
0.01025247573852539
0.01580810546875
0.013116836547851562
0.00858163833618164
0.02305150032043457
0.011233091354370117
0.011150836944580078
0.008734464645385742
0.009819507598876953
0.013799190521240234
0.008753538131713867
0.017827987670898438
0.009718179702758789
0.010343790054321289
0.009383440017700195
0.009421348571777344
0.018287181854248047
0.011855363845825195
0.019875526428222656
0.014323949813842773
0.013163566589355469
0.008797883987426758
0.014482736587524414
0.011884212493896484
0.021389007568359375
0.008746147155761719
0.026157617568969727
0.016595840454101562
0.01212310791015625
0.012909173965454102
0.006536006927490234
0.007749795913696289
0.025656938552856445
0.010924577713012695
0.01701498031616211
0.024297714233398438
0.010874748229980469
0.012303352355957031
0.012005329132080078
0.020705461502075195
0.01226353645324707
0.009678363800048828
0.006686687469482422
0.011709451675415039
0.01479482650756836
0.008812904357910156
0.011629104614257812
0.01030278205871582
0.019576072692871094
0.015256166458129883
0.010180950164794922
0.012655973434448242
0.015165090560913086
0.006777763366699219
0.016399860382080078
0.0077838897705078125
0.007425546646118164
0.02078390121459961
0.012539386749267578
0.013782978057861328
0.011577367782592773
0.008217096328735352
0.00860285758972168
0.012216806411743164
0.0061342716217041016
0.015496015548706055
0.012659788131713867
0.011671304702758789
0.01809859275817871
0.012914896011352539
0.011154890060424805
0.006577968597412109
0.020496368408203125
0.013226032257080078
0.011618614196777344
0.01186060905456543
0.010427236557006836
0.020946502685546875
0.006258487701416016
0.017604827880859375
0.013146162033081055
0.014199256896972656
0.013378381729125977
0.014098882675170898
0.013767242431640625
0.007506132125854492
0.01364755630493164
0.0123748779296875
0.009008169174194336
0.007211923599243164
0.011936187744140625
0.01848578453063965
0.008362531661987305
0.017000436782836914
0.013107776641845703
0.007258176803588867
0.009998321533203125
0.015504121780395508
0.019808292388916016
0.013648509979248047
0.01076817512512207
0.01091456413269043
0.01424717903137207
0.029906511306762695
0.014803886413574219
0.006311893463134766
0.01084280014038086
0.0077593326568603516
0.007717132568359375
0.010656118392944336
0.019448518753051758
0.02250051498413086
0.00635528564453125
0.010216474533081055
0.010557174682617188
0.008271932601928711
0.02121901512145996
0.016483306884765625
0.011471271514892578
0.012363910675048828
0.018575429916381836
0.017591238021850586
0.01051950454711914
0.027798891067504883
0.010840892791748047
0.010449409484863281
0.013059854507446289
0.014158010482788086
0.009821653366088867
0.021764755249023438
0.008745193481445312
0.010575532913208008
0.009161233901977539
0.014250755310058594
0.008629322052001953
0.01661849021911621
0.016612768173217773
0.008569955825805664
0.006406545639038086
0.009264707565307617
0.03313732147216797
0.012761354446411133
0.02688884735107422
0.02707195281982422
0.008534669876098633
0.009253978729248047
0.018046855926513672
