0.013881921768188477
0.023983478546142578
0.015079975128173828
0.01483011245727539
0.009993791580200195
0.011400699615478516
0.04415488243103027
0.01337122917175293
0.014835596084594727
0.04448866844177246
0.013253927230834961
0.016018152236938477
0.01122736930847168
0.007985353469848633
0.006089448928833008
0.014642000198364258
0.007894515991210938
0.009415626525878906
0.006405830383300781
0.013390064239501953
0.010576009750366211
0.015315055847167969
0.006728172302246094
0.008502483367919922
0.007292985916137695
0.007407426834106445
0.005203723907470703
0.006245851516723633
0.015834331512451172
0.005503416061401367
0.012054443359375
0.007224559783935547
0.013189554214477539
0.009325027465820312
0.010769367218017578
0.00890803337097168
0.00574493408203125
0.007888317108154297
0.007756948471069336
0.006705045700073242
0.012599468231201172
0.016132354736328125
0.012736320495605469
0.00614166259765625
0.010601043701171875
0.009619474411010742
0.007597208023071289
0.014948368072509766
0.012818574905395508
0.009398221969604492
0.019649028778076172
0.008079767227172852
0.011577606201171875
0.009103775024414062
0.008084774017333984
0.009244441986083984
0.005310535430908203
0.008903026580810547
0.011480093002319336
0.015494823455810547
0.007488727569580078
0.014309167861938477
0.007355928421020508
0.007123470306396484
0.01117253303527832
0.008791446685791016
0.007341146469116211
0.008300065994262695
0.01062154769897461
0.01772928237915039
0.0069963932037353516
0.011051416397094727
0.006723880767822266
0.012109994888305664
0.01658463478088379
0.008270740509033203
0.0070819854736328125
0.006892681121826172
0.021111249923706055
0.009556770324707031
0.009994268417358398
0.004669666290283203
0.018633365631103516
0.007498502731323242
0.007776021957397461
0.005117177963256836
0.005587339401245117
0.007250547409057617
0.005982637405395508
0.015756607055664062
0.007075786590576172
0.005812644958496094
0.0054056644439697266
0.009114980697631836
0.0068395137786865234
0.0076961517333984375
0.01599264144897461
0.009090185165405273
0.008165359497070312
0.0064394474029541016
0.010477781295776367
0.016801118850708008
0.01064157485961914
0.008052825927734375
0.012486696243286133
0.01112222671508789
0.00670170783996582
0.008159637451171875
0.012883186340332031
0.011754751205444336
0.008687496185302734
0.007318973541259766
0.009281158447265625
0.0060045719146728516
0.011049270629882812
0.013222217559814453
0.01869511604309082
0.011190414428710938
0.007701873779296875
0.007145881652832031
0.014271736145019531
0.01262664794921875
0.005753040313720703
0.01045680046081543
0.011413097381591797
0.016431570053100586
0.013335704803466797
0.008390426635742188
0.03606581687927246
0.01733231544494629
0.024871826171875
0.015135526657104492
0.011430025100708008
0.013417243957519531
0.010907411575317383
0.009686470031738281
0.013417243957519531
0.008177995681762695
0.006372213363647461
0.007723808288574219
0.011449337005615234
0.013226509094238281
0.005856990814208984
0.014977455139160156
0.008209705352783203
0.011646747589111328
0.010506153106689453
0.007178306579589844
0.01075601577758789
0.0067484378814697266
0.006072044372558594
0.019157886505126953
0.005921602249145508
0.0047245025634765625
0.006912946701049805
0.017552852630615234
0.019884109497070312
0.013408422470092773
0.005218029022216797
0.012368202209472656
0.011406421661376953
0.010847330093383789
0.014985322952270508
0.014626026153564453
0.008966207504272461
0.008101940155029297
0.014887094497680664
0.013867616653442383
0.004662275314331055
0.01221609115600586
0.01604604721069336
0.014464139938354492
0.009177923202514648
0.011512041091918945
0.006578922271728516
0.017392635345458984
0.0049402713775634766
0.009244203567504883
0.010811805725097656
0.006960153579711914
0.007734537124633789
0.017693042755126953
0.010952234268188477
0.007735252380371094
0.010492801666259766
0.005554914474487305
0.010765314102172852
0.007261753082275391
0.004383087158203125
0.013600826263427734
0.006644248962402344
0.006116628646850586
0.014275074005126953
0.0061435699462890625
0.015413522720336914
0.008619308471679688
0.008158445358276367
0.005457878112792969
0.009142398834228516
0.007040977478027344
0.00545048713684082
0.014926433563232422
0.006632804870605469
0.007909774780273438
0.007265806198120117
0.010962724685668945
0.004710674285888672
0.008861780166625977
0.006906747817993164
0.011419296264648438
0.006564617156982422
0.004137516021728516
0.010422468185424805
0.006757497787475586
0.008684158325195312
0.015125751495361328
0.01244807243347168
0.011373519897460938
0.007269144058227539
0.010812044143676758
0.011550664901733398
0.012737751007080078
0.007992982864379883
0.005404233932495117
0.010305404663085938
0.005457162857055664
0.006829977035522461
0.0124664306640625
0.012985467910766602
0.017511844635009766
0.007669210433959961
0.008412837982177734
0.015364646911621094
0.004912137985229492
0.007796287536621094
0.004975080490112305
0.010462045669555664
0.008596420288085938
0.006466388702392578
0.0055217742919921875
0.008720159530639648
0.0158998966217041
0.006556272506713867
0.009816169738769531
0.015520572662353516
0.010464668273925781
0.02197265625
0.007090330123901367
0.008893728256225586
0.005749940872192383
0.010454893112182617
0.011410713195800781
0.016977787017822266
0.007252693176269531
0.014991044998168945
0.008668661117553711
0.016103506088256836
0.00988626480102539
0.011817455291748047
0.014768362045288086
0.018225431442260742
0.021114110946655273
0.004877567291259766
0.011176586151123047
0.01091909408569336
0.008758068084716797
0.018671035766601562
0.008294343948364258
0.009195804595947266
0.011487722396850586
0.006944894790649414
0.008908510208129883
0.006075143814086914
0.012803077697753906
0.010355234146118164
0.013335704803466797
0.011128664016723633
0.01706838607788086
0.008991003036499023
0.009523868560791016
0.009998321533203125
0.007485389709472656
0.0054264068603515625
0.008880138397216797
0.013551712036132812
0.01659846305847168
0.006684303283691406
0.014683961868286133
0.011308431625366211
0.008950471878051758
0.009071826934814453
0.006803274154663086
0.013843297958374023
0.005827903747558594
0.01805710792541504
0.007793903350830078
0.006714582443237305
0.009662151336669922
0.006062984466552734
0.004991054534912109
0.011375188827514648
0.00700068473815918
0.008781671524047852
0.008391618728637695
0.011939287185668945
0.006600141525268555
0.007567882537841797
0.011189699172973633
0.010286331176757812
0.006474494934082031
0.013915538787841797
0.005798816680908203
0.00640416145324707
0.009845733642578125
0.02010035514831543
0.00844430923461914
0.00782012939453125
0.006087064743041992
0.013856887817382812
0.007187604904174805
0.013749122619628906
0.013861894607543945
0.010188579559326172
0.007048606872558594
0.006669521331787109
0.008996009826660156
0.018218517303466797
0.006565570831298828
0.008383989334106445
0.008259057998657227
0.008533239364624023
0.0065686702728271484
0.00773167610168457
0.0060656070709228516
0.016710758209228516
0.019376277923583984
0.015743017196655273
0.006161212921142578
0.007338047027587891
0.005648612976074219
0.0057866573333740234
0.005122661590576172
0.006982564926147461
0.007965326309204102
0.009222984313964844
0.007829904556274414
0.015364646911621094
0.01927781105041504
0.0047342777252197266
0.009911537170410156
0.014432430267333984
0.011387348175048828
0.013091802597045898
0.007467508316040039
0.014618396759033203
0.006516933441162109
0.0074498653411865234
0.007188081741333008
0.01464986801147461
0.0174410343170166
0.004505157470703125
0.0183560848236084
0.00970768928527832
0.009741067886352539
0.006874561309814453
0.006661891937255859
0.01409292221069336
0.020411014556884766
0.01083993911743164
0.014783620834350586
0.008188962936401367
0.01355600357055664
0.008552312850952148
0.008089780807495117
0.01599574089050293
0.01142740249633789
0.008227109909057617
0.016541719436645508
0.0076084136962890625
0.008211612701416016
0.015547513961791992
0.008518457412719727
0.01433110237121582
0.013086080551147461
0.011395692825317383
0.012479543685913086
0.005084514617919922
0.014613628387451172
0.010024309158325195
0.011450767517089844
0.010008096694946289
0.008499383926391602
0.005337238311767578
0.009017467498779297
0.007359743118286133
0.0069370269775390625
0.006815195083618164
0.019759178161621094
0.005388736724853516
0.011598587036132812
0.0053882598876953125
0.0059757232666015625
0.008825063705444336
0.006602287292480469
0.011204957962036133
0.007750749588012695
0.010065078735351562
0.008002758026123047
0.0070841312408447266
0.009279489517211914
0.011647224426269531
0.007137298583984375
0.017388582229614258
0.005323886871337891
0.01071619987487793
0.010881423950195312
0.0053730010986328125
0.0063173770904541016
0.004187583923339844
0.01466226577758789
0.012413740158081055
0.008613109588623047
0.011360406875610352
0.016453266143798828
0.00805974006652832
0.014337301254272461
0.011193513870239258
0.005561351776123047
0.007668733596801758
0.007742404937744141
0.009154558181762695
0.013967752456665039
0.007189512252807617
0.01720595359802246
0.01630401611328125
0.00664067268371582
0.00968027114868164
0.015585184097290039
0.009543180465698242
0.008022785186767578
0.011317014694213867
0.005223274230957031
0.008538246154785156
0.013279199600219727
0.011306047439575195
0.005836963653564453
0.008996963500976562
0.0051500797271728516
0.008272886276245117
0.005613803863525391
0.009666919708251953
0.007360696792602539
0.010896682739257812
0.019384384155273438
0.014113664627075195
0.021027565002441406
0.013674736022949219
0.006396055221557617
0.008243083953857422
0.007443428039550781
0.011853694915771484
0.010245084762573242
0.005662441253662109
0.007643461227416992
0.010769844055175781
0.011078596115112305
0.006374835968017578
0.007840871810913086
0.013112068176269531
0.010237693786621094
0.0192720890045166
0.008476495742797852
0.008223772048950195
0.008336544036865234
0.006465435028076172
0.009612798690795898
0.008596658706665039
0.012241840362548828
0.014155149459838867
0.006779193878173828
0.01462244987487793
0.00883340835571289
0.006974697113037109
0.0062639713287353516
0.00933218002319336
0.0069484710693359375
0.006758213043212891
0.007071971893310547
0.007394075393676758
0.007525920867919922
0.015827417373657227
0.012581586837768555
0.009586095809936523
0.015505075454711914
0.016781091690063477
0.008276939392089844
0.010812997817993164
0.012314796447753906
0.010145902633666992
0.009758710861206055
