0.621753454208374
1.041170358657837
0.7455089092254639
0.7695763111114502
0.5581071376800537
0.6089522838592529
1.2871665954589844
0.5106332302093506
0.6566727161407471
0.8529016971588135
0.5485186576843262
0.7470054626464844
0.5041704177856445
0.434462308883667
0.3554556369781494
0.7205915451049805
0.4398479461669922
0.5524427890777588
0.37334609031677246
0.8483548164367676
0.6700806617736816
0.9573700428009033
0.4355299472808838
0.6151907444000244
0.5710103511810303
0.5110869407653809
0.38323092460632324
0.42542505264282227
1.0824811458587646
0.36553096771240234
0.7497787475585938
0.37729668617248535
0.8454580307006836
0.5790235996246338
0.6246514320373535
0.4087085723876953
0.18779420852661133
0.32544541358947754
0.3829178810119629
0.35065388679504395
0.6624946594238281
0.9337854385375977
0.8796930313110352
0.4622983932495117
0.572983980178833
0.5705385208129883
0.3832273483276367
1.1282856464385986
0.9540300369262695
0.722334623336792
1.2540066242218018
0.5620388984680176
0.7567918300628662
0.5715055465698242
0.41501736640930176
0.5961227416992188
0.30129432678222656
0.5247282981872559
0.6664979457855225
0.7459604740142822
0.42157983779907227
0.8658647537231445
0.43070197105407715
0.4172501564025879
0.5210459232330322
0.4802250862121582
0.41242361068725586
0.43546319007873535
0.6329851150512695
1.1171436309814453
0.41454291343688965
0.6077947616577148
0.45139265060424805
0.6895196437835693
0.9052095413208008
0.4218177795410156
0.2930314540863037
0.35516858100891113
1.1555778980255127
0.5522401332855225
0.5774021148681641
0.3262298107147217
1.590012788772583
0.4129476547241211
0.45409297943115234
0.3035390377044678
0.3919830322265625
0.5133266448974609
0.3991048336029053
0.9888813495635986
0.5071103572845459
0.365541934967041
0.5558347702026367
0.7055656909942627
0.505591869354248
0.5711302757263184
1.1270103454589844
0.6243436336517334
0.518047571182251
0.46228909492492676
0.611504316329956
1.1190156936645508
0.8400256633758545
0.7280786037445068
0.9061164855957031
0.685844898223877
0.4981529712677002
0.5134198665618896
0.7858483791351318
0.7886815071105957
0.5378527641296387
0.5536513328552246
0.4524345397949219
0.4583442211151123
0.5628366470336914
0.742652177810669
0.9724884033203125
0.5877563953399658
0.4141550064086914
0.3527798652648926
0.8681521415710449
0.6635444164276123
0.3061196804046631
0.5248665809631348
0.6793117523193359
0.8001749515533447
0.6680588722229004
0.4508087635040283
1.3376286029815674
0.6820285320281982
1.0138061046600342
0.5624651908874512
0.44219160079956055
0.5428626537322998
0.5845675468444824
0.4473233222961426
0.581648588180542
0.3791074752807617
0.36899805068969727
0.4428131580352783
0.6224045753479004
0.7722170352935791
0.31491613388061523
0.9965066909790039
0.42719507217407227
0.6320593357086182
0.5563509464263916
0.38912200927734375
0.5986816883087158
0.37154436111450195
0.2649557590484619
1.081545114517212
0.37537479400634766
0.332974910736084
0.4132728576660156
1.0448973178863525
1.2157163619995117
0.8271026611328125
0.33205723762512207
0.63242506980896
0.6998965740203857
0.5904319286346436
0.8749823570251465
0.8161971569061279
0.3915445804595947
0.40346622467041016
0.9109969139099121
0.8340592384338379
0.23122286796569824
0.6973559856414795
0.8316259384155273
0.7392945289611816
0.46894049644470215
0.6906352043151855
0.4523749351501465
1.10841703414917
0.2827765941619873
0.5921499729156494
0.6399049758911133
0.4939250946044922
0.4151744842529297
1.262096881866455
0.7169778347015381
0.5334765911102295
0.5317783355712891
0.3256549835205078
0.6323275566101074
0.4584321975708008
0.265073299407959
0.8267552852630615
0.37102222442626953
0.2977612018585205
0.8629751205444336
0.36255788803100586
0.8185608386993408
0.38304781913757324
0.4112386703491211
0.2990133762359619
0.6580963134765625
0.5370156764984131
0.2875638008117676
0.9117519855499268
0.26787781715393066
0.4705953598022461
0.5263328552246094
0.7149112224578857
0.249786376953125
0.599332332611084
0.38262271881103516
0.6699495315551758
0.41970109939575195
0.18363189697265625
0.6839456558227539
0.4137868881225586
0.6110610961914062
1.0353755950927734
0.7409734725952148
0.6646084785461426
0.4481790065765381
0.7145535945892334
0.6520504951477051
0.875098466873169
0.4590468406677246
0.3274416923522949
0.5826354026794434
0.2722666263580322
0.36448073387145996
0.6603569984436035
0.594480037689209
0.9317286014556885
0.40584897994995117
0.46587133407592773
0.9145100116729736
0.21058034896850586
0.4024085998535156
0.2756321430206299
0.648195743560791
0.44369053840637207
0.38805723190307617
0.3183400630950928
0.4414801597595215
0.8928337097167969
0.3990321159362793
0.5076024532318115
0.7218484878540039
0.47644853591918945
1.0393836498260498
0.2272324562072754
0.44620752334594727
0.2585732936859131
0.5175316333770752
0.5066630840301514
0.7127830982208252
0.35568761825561523
0.7047426700592041
0.40362071990966797
0.7514951229095459
0.4904294013977051
0.5734553337097168
0.5828380584716797
0.8068509101867676
1.007063865661621
0.19376635551452637
0.5295882225036621
0.5160007476806641
0.4097578525543213
0.8878083229064941
0.4086155891418457
0.4082627296447754
0.5498156547546387
0.31959033012390137
0.4172971248626709
0.28407955169677734
0.614447832107544
0.45074987411499023
0.7068705558776855
0.620234489440918
0.9431686401367188
0.48634982109069824
0.6605322360992432
0.8861105442047119
0.474276065826416
0.33777880668640137
0.431382417678833
0.8028402328491211
1.1432712078094482
0.3475978374481201
0.8976888656616211
0.6607286930084229
0.5243299007415771
0.5361924171447754
0.4245178699493408
0.849005937576294
0.4397261142730713
1.2513043880462646
0.49143433570861816
0.406933069229126
0.6993882656097412
0.3865354061126709
0.3939847946166992
0.7395076751708984
0.5210323333740234
0.6256465911865234
0.6072633266448975
0.7259001731872559
0.4028923511505127
0.5378310680389404
0.7406833171844482
0.47829771041870117
0.28263115882873535
0.7862732410430908
0.3103508949279785
0.3489096164703369
0.5325706005096436
1.1958458423614502
0.5299913883209229
0.467787504196167
0.40523457527160645
0.8933422565460205
0.515021562576294
0.8945143222808838
1.0305137634277344
0.7379796504974365
0.6163694858551025
0.46478724479675293
0.6860599517822266
1.2744734287261963
0.5259339809417725
0.550360918045044
0.573110818862915
0.5594828128814697
0.3722105026245117
0.43201637268066406
0.37041401863098145
0.9895532131195068
1.199326753616333
0.964318037033081
0.3751535415649414
0.4423961639404297
0.35352110862731934
0.23108386993408203
0.373340368270874
0.4412496089935303
0.48134779930114746
0.579209566116333
0.5161700248718262
0.9889330863952637
1.295727014541626
0.2705512046813965
0.6724088191986084
0.9199035167694092
0.6808912754058838
0.8895859718322754
0.46769213676452637
1.0479528903961182
0.5567688941955566
0.4080774784088135
0.4545409679412842
0.8739297389984131
1.1186833381652832
0.2976059913635254
0.8416557312011719
0.6058454513549805
0.643744707107544
0.4309256076812744
0.46951937675476074
0.9033911228179932
1.237898588180542
0.698906660079956
0.8976175785064697
0.45538902282714844
0.9350321292877197
0.6763348579406738
0.5327801704406738
1.2095997333526611
0.7167553901672363
0.5352339744567871
0.9381098747253418
0.4084477424621582
0.4802558422088623
0.9040231704711914
0.5480496883392334
0.6412463188171387
0.7946524620056152
0.7770986557006836
0.8136577606201172
0.35208916664123535
0.8845360279083252
0.7481961250305176
0.7773430347442627
0.603933572769165
0.6044135093688965
0.3447387218475342
0.6861236095428467
0.4704763889312744
0.436826229095459
0.3482544422149658
1.2125556468963623
0.32801270484924316
0.7006015777587891
0.30597686767578125
0.36333656311035156
0.536489725112915
0.38974666595458984
0.6353538036346436
0.41504597663879395
0.593949556350708
0.4770023822784424
0.4279463291168213
0.49761486053466797
0.5615713596343994
0.42462706565856934
1.0862383842468262
0.34992551803588867
0.7336409091949463
0.7037918567657471
0.35620927810668945
0.42735862731933594
0.23743224143981934
0.9019882678985596
0.7816939353942871
0.5481927394866943
0.6991801261901855
0.9509005546569824
0.5121526718139648
0.9135651588439941
0.7099039554595947
0.3201160430908203
0.5108790397644043
0.4282822608947754
0.6081185340881348
0.9354727268218994
0.48804521560668945
1.0662925243377686
0.9290726184844971
0.3268585205078125
0.5610835552215576
1.0295310020446777
0.6483335494995117
0.5370855331420898
0.7514913082122803
0.3631291389465332
0.6435048580169678
0.9183135032653809
0.8333151340484619
0.44873738288879395
0.5921134948730469
0.33969807624816895
0.4520409107208252
0.3907146453857422
0.6330561637878418
0.49007678031921387
0.6823790073394775
1.358900547027588
1.0389511585235596
1.4662184715270996
0.9381792545318604
0.40463733673095703
0.46463990211486816
0.4127333164215088
0.7482600212097168
0.7115504741668701
0.3379805088043213
0.449237585067749
0.6196978092193604
0.6227407455444336
0.3186471462249756
0.4483630657196045
0.8123142719268799
0.6698877811431885
1.224735975265503
0.5552210807800293
0.5332009792327881
0.5371003150939941
0.4102945327758789
0.5550556182861328
0.5428421497344971
0.7573325634002686
0.8287615776062012
0.43447399139404297
0.895421028137207
0.5576319694519043
0.41954827308654785
0.3882460594177246
0.5853281021118164
0.40306806564331055
0.450181245803833
0.4571652412414551
0.45366597175598145
0.4838120937347412
1.0264952182769775
0.8007831573486328
0.6015172004699707
0.8797385692596436
0.9694197177886963
0.45496535301208496
0.6120905876159668
0.7633469104766846
0.5913257598876953
0.5061798095703125
