0.06066751480102539
0.11881804466247559
0.12386822700500488
0.042162418365478516
0.04670834541320801
0.07801103591918945
0.03930473327636719
0.1127479076385498
0.11163210868835449
0.03989291191101074
0.05500030517578125
0.055171966552734375
0.029816150665283203
0.05622529983520508
0.05461454391479492
0.14803791046142578
0.10190749168395996
0.0583956241607666
0.06284046173095703
0.06545424461364746
0.09239745140075684
0.08374905586242676
0.0953066349029541
0.059424400329589844
0.0475614070892334
0.12166714668273926
0.0760335922241211
0.10933685302734375
0.11834168434143066
0.06462502479553223
0.057372331619262695
0.06934452056884766
0.06390118598937988
0.07577848434448242
0.06650876998901367
0.09284806251525879
0.044862985610961914
0.09678339958190918
0.07980704307556152
0.05183076858520508
0.11015701293945312
0.05651688575744629
0.0375370979309082
0.06919622421264648
0.13947582244873047
0.0420076847076416
0.05440950393676758
0.08804082870483398
0.03297615051269531
0.10306382179260254
0.03720426559448242
0.06240653991699219
0.05006718635559082
0.12086963653564453
0.06346893310546875
0.09673571586608887
0.04440784454345703
0.12340712547302246
0.05439424514770508
0.061766624450683594
0.052605628967285156
0.06842207908630371
0.05350995063781738
0.09449481964111328
0.04623579978942871
0.059142112731933594
0.04429149627685547
0.04438185691833496
0.062188148498535156
0.055939674377441406
0.10208654403686523
0.09163331985473633
0.08534646034240723
0.047807931900024414
0.05605626106262207
0.06076359748840332
0.07625079154968262
0.06611299514770508
0.11871814727783203
0.11021900177001953
0.10900688171386719
0.08302950859069824
0.07534193992614746
0.10941314697265625
0.06801271438598633
0.03653311729431152
0.04154038429260254
0.055722951889038086
0.09131908416748047
0.12278127670288086
0.07915353775024414
0.0450139045715332
0.09128308296203613
0.04741239547729492
0.07925701141357422
0.06221342086791992
0.043390750885009766
0.10065150260925293
0.0908823013305664
0.04857993125915527
0.04046273231506348
0.1202690601348877
0.0648496150970459
0.041103363037109375
0.050829172134399414
0.0617060661315918
0.0556795597076416
0.05812215805053711
0.09327149391174316
0.09731650352478027
0.04748225212097168
0.08473539352416992
0.05104351043701172
0.07354617118835449
0.14663410186767578
0.05702376365661621
0.038324832916259766
0.06833124160766602
0.03634500503540039
0.052100419998168945
0.04344367980957031
0.07947802543640137
0.09324431419372559
0.05280041694641113
0.06462883949279785
0.05293464660644531
0.07990503311157227
0.06897139549255371
0.0814821720123291
0.10070967674255371
0.05745649337768555
0.04450058937072754
0.09430742263793945
0.0708162784576416
0.04692554473876953
0.04676198959350586
0.07469749450683594
0.11279726028442383
0.03488445281982422
0.055553436279296875
0.0538477897644043
0.14558887481689453
0.06981539726257324
0.057967424392700195
0.04652810096740723
0.09998345375061035
0.07354283332824707
0.043532609939575195
0.026752471923828125
0.08365845680236816
0.052739858627319336
0.06152653694152832
0.13882708549499512
0.059241294860839844
0.09158587455749512
0.0831902027130127
0.05794382095336914
0.06459259986877441
0.05306601524353027
0.06301426887512207
0.07626152038574219
0.09515380859375
0.0641775131225586
0.14551281929016113
0.09326767921447754
0.14836883544921875
0.07597994804382324
0.0989081859588623
0.11542534828186035
0.08117985725402832
0.08530998229980469
0.07258081436157227
0.04779553413391113
0.05717921257019043
0.07583236694335938
0.05681920051574707
0.03409290313720703
0.05572366714477539
0.1858222484588623
0.06177544593811035
0.15978646278381348
0.051978111267089844
0.05225539207458496
0.09599447250366211
0.13798141479492188
0.06031370162963867
0.08179903030395508
0.08110690116882324
0.08157157897949219
0.06787800788879395
0.07257342338562012
0.06602334976196289
0.07207751274108887
0.0612797737121582
0.07509016990661621
0.0772395133972168
0.05684709548950195
0.06801867485046387
0.1207420825958252
0.06614065170288086
0.045261383056640625
0.04485821723937988
0.09160852432250977
0.06572484970092773
0.09140205383300781
0.07501602172851562
0.03670096397399902
0.04201698303222656
0.05778837203979492
0.06223654747009277
0.04495835304260254
0.05712556838989258
0.15285348892211914
0.05286073684692383
0.10198092460632324
0.10892629623413086
0.14080262184143066
0.07761073112487793
0.11977887153625488
0.07399582862854004
0.07013130187988281
0.08273696899414062
0.04460501670837402
0.06869935989379883
0.09403204917907715
0.09516358375549316
0.031575918197631836
0.11358284950256348
0.06394243240356445
0.0837867259979248
0.1065216064453125
0.08112359046936035
0.07652568817138672
0.05737590789794922
0.04183316230773926
0.04479265213012695
0.09017539024353027
0.08895158767700195
0.04561352729797363
0.054544687271118164
0.03440117835998535
0.04313373565673828
0.09090805053710938
0.09737610816955566
0.08652186393737793
0.05729103088378906
0.08884382247924805
0.07719230651855469
0.039540767669677734
0.07288789749145508
0.06518316268920898
0.045619964599609375
0.09875011444091797
0.049486637115478516
0.07737231254577637
0.10956454277038574
0.05193805694580078
0.07494616508483887
0.12379240989685059
0.08370041847229004
0.046176910400390625
0.10292530059814453
0.1217803955078125
0.05839061737060547
0.1007378101348877
0.08405518531799316
0.05891585350036621
0.0779263973236084
0.0516815185546875
0.04944968223571777
0.06570172309875488
0.04019737243652344
0.057903289794921875
0.12039494514465332
0.06648421287536621
0.06340408325195312
0.04273700714111328
0.10436129570007324
0.052098751068115234
0.05679464340209961
0.10089468955993652
0.1068720817565918
0.10885500907897949
0.05019688606262207
0.08277392387390137
0.046514272689819336
0.051673173904418945
0.05941653251647949
0.0671238899230957
0.06675839424133301
0.11425471305847168
0.08833622932434082
0.1534273624420166
0.06332230567932129
0.08754611015319824
0.08192157745361328
0.044007062911987305
0.06956839561462402
0.08550310134887695
0.045795440673828125
0.11629366874694824
0.09484028816223145
0.06838560104370117
0.12807869911193848
0.043272972106933594
0.08610939979553223
0.05277848243713379
0.07126808166503906
0.05301332473754883
0.053847312927246094
0.13167166709899902
0.0944058895111084
0.11536836624145508
0.06425261497497559
0.05948901176452637
0.07880735397338867
0.11881256103515625
0.07874083518981934
0.04686546325683594
0.08076357841491699
0.08783292770385742
0.05470776557922363
0.05644822120666504
0.0431218147277832
0.14093518257141113
0.04774832725524902
0.06475543975830078
0.08250761032104492
0.055367231369018555
0.05751776695251465
0.06388592720031738
0.04678940773010254
0.10566329956054688
0.05434012413024902
0.10078001022338867
0.0500636100769043
0.0877237319946289
0.06230473518371582
0.050119638442993164
0.08092761039733887
0.12532448768615723
0.05613994598388672
0.08379936218261719
0.05256366729736328
0.07835745811462402
0.10576653480529785
0.06351947784423828
0.04288506507873535
0.09337067604064941
0.03399944305419922
0.04695773124694824
0.08498382568359375
0.04009675979614258
0.0886375904083252
0.09518218040466309
0.07690167427062988
0.0585477352142334
0.08169293403625488
0.065277099609375
0.0577702522277832
0.08353948593139648
0.08496832847595215
0.05754566192626953
0.11314105987548828
0.09469032287597656
0.04473304748535156
0.07477712631225586
0.1286470890045166
0.036858558654785156
0.06633925437927246
0.04839682579040527
0.043451786041259766
0.04823422431945801
0.09080052375793457
0.05668973922729492
0.08879232406616211
0.09072995185852051
0.09273624420166016
0.10531234741210938
0.05247330665588379
0.1112053394317627
0.0475773811340332
0.1316368579864502
0.034209489822387695
0.05971360206604004
0.09344053268432617
0.03923630714416504
0.05002784729003906
0.07742977142333984
0.04128074645996094
0.11015057563781738
0.039281606674194336
0.042380332946777344
0.05486178398132324
0.10723257064819336
0.04444718360900879
0.0934457778930664
0.04046988487243652
0.05770111083984375
0.041016578674316406
0.04667043685913086
0.043253421783447266
0.1098489761352539
0.04131603240966797
0.06370949745178223
0.05579710006713867
0.05295920372009277
0.09367060661315918
0.08911824226379395
0.04941153526306152
0.09266352653503418
0.06644630432128906
0.05757427215576172
0.09601330757141113
0.12749576568603516
0.1057586669921875
0.09741950035095215
0.056517839431762695
0.08734130859375
0.0640573501586914
0.06348085403442383
0.07100963592529297
0.08248519897460938
0.11703944206237793
0.07461833953857422
0.08310270309448242
0.11533951759338379
0.051513671875
0.07593584060668945
0.11345601081848145
0.0706934928894043
0.0704813003540039
0.058118581771850586
0.09946227073669434
0.06844282150268555
0.06010150909423828
0.06137394905090332
0.09018397331237793
0.041196346282958984
0.10937809944152832
0.03667736053466797
0.05391669273376465
0.07045984268188477
0.11203289031982422
0.07617354393005371
0.06033730506896973
0.10805821418762207
0.09870123863220215
0.037081003189086914
0.041188955307006836
0.09848713874816895
0.04276919364929199
0.039566993713378906
0.03954815864562988
0.0800778865814209
0.05503487586975098
0.05754899978637695
0.09069180488586426
0.05145859718322754
0.06819939613342285
0.06777524948120117
0.04384326934814453
0.09563779830932617
0.07064437866210938
0.09682035446166992
0.11344337463378906
0.16756653785705566
0.08159208297729492
0.11329126358032227
0.04826712608337402
0.05820894241333008
0.06774473190307617
0.03934812545776367
0.07030892372131348
0.14494013786315918
0.11695432662963867
0.045999765396118164
0.12190079689025879
0.0478208065032959
0.05502581596374512
0.05862545967102051
0.05134773254394531
0.04328441619873047
0.08958268165588379
0.04582953453063965
0.14766693115234375
0.07387161254882812
0.05392599105834961
0.046805381774902344
0.07049703598022461
0.09363961219787598
0.052674055099487305
0.05321693420410156
0.037834882736206055
0.09749126434326172
0.044417381286621094
0.05691099166870117
0.08685517311096191
0.04117393493652344
0.02959585189819336
