0.035018205642700195
0.04471278190612793
0.04538273811340332
0.015559911727905273
0.020155906677246094
0.03028249740600586
0.01529383659362793
0.041797637939453125
0.04161691665649414
0.014572381973266602
0.019752025604248047
0.021823406219482422
0.011451482772827148
0.020575761795043945
0.020381450653076172
0.05173039436340332
0.039813995361328125
0.020142316818237305
0.024787187576293945
0.026929378509521484
0.03781247138977051
0.032166242599487305
0.033919572830200195
0.021855592727661133
0.018867969512939453
0.04389834403991699
0.02678394317626953
0.04245638847351074
0.0441896915435791
0.02307415008544922
0.023224353790283203
0.023960590362548828
0.02320551872253418
0.028617382049560547
0.024940967559814453
0.034485816955566406
0.016127347946166992
0.03826093673706055
0.03166961669921875
0.017983436584472656
0.04233860969543457
0.02130413055419922
0.013259172439575195
0.02551865577697754
0.05201363563537598
0.01587653160095215
0.018927812576293945
0.03491926193237305
0.012251138687133789
0.043084144592285156
0.013879776000976562
0.023012638092041016
0.016633987426757812
0.04346466064453125
0.021854400634765625
0.03530693054199219
0.016050100326538086
0.044893741607666016
0.019400358200073242
0.025261640548706055
0.020610570907592773
0.026429414749145508
0.01802659034729004
0.03372025489807129
0.018163204193115234
0.022666215896606445
0.015568971633911133
0.016510963439941406
0.021503686904907227
0.019459962844848633
0.0388188362121582
0.0364689826965332
0.032505035400390625
0.01659703254699707
0.01999497413635254
0.02422618865966797
0.028368711471557617
0.022502899169921875
0.04482913017272949
0.046680450439453125
0.04225945472717285
0.028261184692382812
0.02827930450439453
0.03676319122314453
0.02669978141784668
0.013329267501831055
0.015668630599975586
0.019263505935668945
0.032793283462524414
0.049147605895996094
0.030658721923828125
0.0163271427154541
0.0338437557220459
0.018500566482543945
0.02715444564819336
0.02303338050842285
0.015416383743286133
0.03886127471923828
0.03741741180419922
0.01905059814453125
0.014849424362182617
0.043623924255371094
0.0240933895111084
0.016529083251953125
0.017618894577026367
0.022264480590820312
0.021155595779418945
0.0214996337890625
0.03276705741882324
0.03674674034118652
0.01850152015686035
0.03297781944274902
0.01852726936340332
0.02599787712097168
0.05266904830932617
0.021979093551635742
0.014378786087036133
0.024265289306640625
0.013951539993286133
0.020536422729492188
0.015680551528930664
0.031629085540771484
0.032248735427856445
0.017506837844848633
0.0236966609954834
0.01967167854309082
0.030889034271240234
0.023220062255859375
0.03318643569946289
0.04155421257019043
0.023909568786621094
0.01579761505126953
0.03603935241699219
0.025305509567260742
0.015313148498535156
0.016452789306640625
0.026932954788208008
0.04008603096008301
0.013213872909545898
0.02271413803100586
0.022922754287719727
0.056566476821899414
0.025484085083007812
0.020500659942626953
0.016163110733032227
0.03500056266784668
0.026256084442138672
0.01845860481262207
0.011109352111816406
0.03218245506286621
0.021335601806640625
0.02215743064880371
0.047188758850097656
0.021781444549560547
0.028755903244018555
0.028550148010253906
0.020641088485717773
0.02087545394897461
0.021979808807373047
0.02330780029296875
0.02802729606628418
0.029445886611938477
0.022241592407226562
0.05116105079650879
0.030257463455200195
0.0517120361328125
0.02769947052001953
0.03895282745361328
0.0408167839050293
0.0293123722076416
0.029463768005371094
0.02556133270263672
0.01858234405517578
0.018273591995239258
0.025337934494018555
0.020163774490356445
0.013149023056030273
0.01593756675720215
0.06656694412231445
0.020662307739257812
0.057854652404785156
0.017087221145629883
0.018921375274658203
0.03220105171203613
0.046507835388183594
0.02060413360595703
0.028998613357543945
0.024466514587402344
0.0324864387512207
0.023836612701416016
0.025299549102783203
0.02292490005493164
0.024918079376220703
0.018786191940307617
0.026912927627563477
0.027419567108154297
0.019118547439575195
0.0234682559967041
0.04178810119628906
0.02530384063720703
0.019161701202392578
0.01728343963623047
0.0331423282623291
0.024976253509521484
0.032077789306640625
0.028204917907714844
0.015292882919311523
0.01391458511352539
0.020419836044311523
0.024115800857543945
0.016908884048461914
0.023492813110351562
0.058516502380371094
0.017331838607788086
0.039176225662231445
0.03514695167541504
0.053070068359375
0.0314791202545166
0.04577493667602539
0.026735782623291016
0.027987003326416016
0.03230404853820801
0.017524242401123047
0.026331186294555664
0.035523176193237305
0.03697347640991211
0.011797428131103516
0.04393291473388672
0.026030302047729492
0.03281760215759277
0.03534412384033203
0.031122922897338867
0.028040647506713867
0.022617340087890625
0.017594337463378906
0.01809239387512207
0.035173892974853516
0.03587031364440918
0.019141435623168945
0.021069049835205078
0.01346588134765625
0.016495466232299805
0.033748626708984375
0.03730440139770508
0.0329744815826416
0.022425174713134766
0.03365755081176758
0.029394149780273438
0.01608586311340332
0.026778697967529297
0.024072885513305664
0.016305208206176758
0.03481030464172363
0.018466949462890625
0.028402090072631836
0.036301612854003906
0.020135164260864258
0.02741217613220215
0.04739689826965332
0.03455471992492676
0.01706242561340332
0.03567242622375488
0.04271364212036133
0.0193026065826416
0.03380274772644043
0.026874780654907227
0.020959138870239258
0.02659440040588379
0.01940155029296875
0.021041154861450195
0.02473759651184082
0.024247407913208008
0.03638291358947754
0.04387164115905762
0.024600744247436523
0.023940563201904297
0.015258073806762695
0.03903961181640625
0.020272493362426758
0.019425630569458008
0.037171125411987305
0.03755307197570801
0.03425240516662598
0.017152786254882812
0.027269601821899414
0.015926599502563477
0.018862247467041016
0.02081465721130371
0.026623964309692383
0.023090362548828125
0.04090428352355957
0.03035569190979004
0.053232431411743164
0.02028512954711914
0.02809906005859375
0.02518939971923828
0.01392984390258789
0.025866270065307617
0.03152632713317871
0.015888690948486328
0.04143095016479492
0.032341718673706055
0.024777650833129883
0.045953989028930664
0.01458120346069336
0.029979705810546875
0.020264387130737305
0.022999048233032227
0.018885135650634766
0.021045923233032227
0.046820640563964844
0.03403329849243164
0.03535151481628418
0.01854681968688965
0.019615650177001953
0.028188705444335938
0.043946266174316406
0.02834343910217285
0.0192263126373291
0.027869701385498047
0.030692100524902344
0.019293785095214844
0.021391868591308594
0.014922857284545898
0.05233263969421387
0.019310474395751953
0.027212142944335938
0.03512239456176758
0.024464130401611328
0.025822877883911133
0.026880502700805664
0.0205075740814209
0.045227766036987305
0.019953250885009766
0.041451215744018555
0.020804405212402344
0.03782320022583008
0.024840354919433594
0.019418716430664062
0.03237438201904297
0.04724264144897461
0.022311687469482422
0.031919002532958984
0.01941204071044922
0.02892160415649414
0.04057765007019043
0.01973891258239746
0.01726675033569336
0.03803062438964844
0.011723995208740234
0.01836228370666504
0.03227424621582031
0.015085220336914062
0.030573606491088867
0.03519916534423828
0.02901315689086914
0.022933006286621094
0.02929973602294922
0.026810169219970703
0.02122020721435547
0.030916929244995117
0.02980804443359375
0.020967721939086914
0.04424262046813965
0.03470611572265625
0.015132665634155273
0.028650760650634766
0.05363750457763672
0.014613866806030273
0.02524089813232422
0.017629384994506836
0.01793527603149414
0.018473386764526367
0.03419780731201172
0.021407365798950195
0.031201601028442383
0.033171892166137695
0.035719871520996094
0.0426938533782959
0.021813392639160156
0.043064117431640625
0.01696157455444336
0.04716157913208008
0.013103008270263672
0.023030996322631836
0.0337522029876709
0.01466226577758789
0.01817178726196289
0.027587413787841797
0.01717066764831543
0.043816328048706055
0.014335870742797852
0.0162811279296875
0.020842790603637695
0.038974761962890625
0.015566587448120117
0.03668785095214844
0.014751672744750977
0.022645235061645508
0.01737689971923828
0.019728899002075195
0.01839447021484375
0.0409393310546875
0.016513824462890625
0.01873040199279785
0.022397994995117188
0.02051258087158203
0.03342747688293457
0.03926730155944824
0.020797252655029297
0.038167715072631836
0.026970863342285156
0.023178815841674805
0.03619980812072754
0.04873991012573242
0.03967738151550293
0.03462505340576172
0.024082422256469727
0.03331255912780762
0.024517059326171875
0.023961544036865234
0.023691415786743164
0.031584978103637695
0.04157304763793945
0.02743077278137207
0.028654098510742188
0.043890953063964844
0.021288394927978516
0.030231475830078125
0.0355527400970459
0.02245330810546875
0.02129387855529785
0.01926112174987793
0.03491544723510742
0.025786399841308594
0.02284097671508789
0.02114701271057129
0.03417038917541504
0.015301227569580078
0.04401803016662598
0.013622045516967773
0.021045684814453125
0.024002790451049805
0.04029440879821777
0.024756908416748047
0.02342367172241211
0.03841829299926758
0.03917121887207031
0.015308141708374023
0.016755342483520508
0.038361310958862305
0.01717352867126465
0.013951301574707031
0.012587785720825195
0.031195878982543945
0.019855976104736328
0.022002458572387695
0.03035759925842285
0.01882004737854004
0.024366140365600586
0.027034997940063477
0.01706385612487793
0.03482937812805176
0.02390766143798828
0.03445577621459961
0.04066944122314453
0.05642223358154297
0.02856159210205078
0.042905330657958984
0.01794123649597168
0.02225327491760254
0.02585744857788086
0.014446020126342773
0.024760961532592773
0.05320453643798828
0.042116403579711914
0.01756429672241211
0.04979348182678223
0.01972198486328125
0.021895647048950195
0.02333831787109375
0.02067279815673828
0.017473459243774414
0.031023263931274414
0.015999555587768555
0.05681729316711426
0.027778148651123047
0.021944761276245117
0.0185849666595459
0.028600454330444336
0.03781414031982422
0.019762754440307617
0.021150827407836914
0.015222549438476562
0.03489804267883301
0.015386343002319336
0.02285027503967285
0.029894351959228516
0.015552043914794922
0.011488914489746094
