0.017546653747558594
0.0012226104736328125
0.0004684925079345703
0.006887912750244141
0.001966238021850586
0.23029637336730957
0.0010044574737548828
0.010650396347045898
0.0002646446228027344
0.0007951259613037109
6.628036499023438e-05
0.0007920265197753906
6.127357482910156e-05
0.0046465396881103516
0.002513885498046875
0.0002300739288330078
0.08871698379516602
0.13319134712219238
0.12133240699768066
0.05529022216796875
0.011595010757446289
0.037340402603149414
0.007232666015625
0.04385805130004883
0.015054702758789062
0.005293607711791992
0.09978294372558594
0.0005860328674316406
0.002711772918701172
0.14830660820007324
0.0021004676818847656
0.01615595817565918
0.019868135452270508
0.03611111640930176
0.001169443130493164
0.0002903938293457031
0.0001933574676513672
0.02857661247253418
0.07207465171813965
0.0008330345153808594
0.003885507583618164
0.03580451011657715
3.933906555175781e-05
0.12454342842102051
2.6226043701171875e-05
3.814697265625e-05
0.008942604064941406
0.18944382667541504
7.2479248046875e-05
0.13842511177062988
0.00047326087951660156
0.07583856582641602
0.0002758502960205078
0.022577762603759766
0.18403863906860352
0.0010576248168945312
0.0003571510314941406
0.03472614288330078
0.1165151596069336
0.22329020500183105
0.000194549560546875
4.601478576660156e-05
0.05432319641113281
0.012256383895874023
0.0005748271942138672
0.0015749931335449219
0.0023572444915771484
8.821487426757812e-05
0.008776664733886719
0.0024187564849853516
0.10357546806335449
0.0039331912994384766
0.025157928466796875
6.580352783203125e-05
0.0016939640045166016
0.050817012786865234
0.1605370044708252
0.03947806358337402
0.0002560615539550781
0.24688220024108887
0.004328727722167969
0.16209697723388672
0.2523612976074219
0.0055027008056640625
0.08987617492675781
8.0108642578125e-05
0.0011415481567382812
0.0051991939544677734
0.10794329643249512
0.0006127357482910156
0.13834071159362793
0.001814126968383789
0.08992362022399902
0.002349376678466797
0.029913663864135742
0.07069969177246094
5.650520324707031e-05
0.026178359985351562
0.19034075736999512
0.00048041343688964844
0.007541179656982422
0.0026819705963134766
0.07155537605285645
0.0002415180206298828
0.00026607513427734375
0.03207230567932129
0.006402492523193359
0.15331411361694336
0.005511283874511719
0.2977879047393799
9.107589721679688e-05
0.06096959114074707
0.019272327423095703
0.07715249061584473
0.0003669261932373047
0.008710384368896484
0.00738525390625
0.04797673225402832
0.0003063678741455078
0.008729696273803711
0.0020096302032470703
0.10568523406982422
0.010460376739501953
0.0011110305786132812
0.006926774978637695
0.0003476142883300781
0.10897326469421387
0.006750822067260742
0.11447405815124512
0.1099545955657959
0.004559993743896484
0.0050547122955322266
0.13004088401794434
0.06582117080688477
0.00013899803161621094
0.0018711090087890625
0.10569286346435547
0.00179290771484375
0.00044798851013183594
0.06128382682800293
0.0033082962036132812
2.8371810913085938e-05
0.6133458614349365
0.09398221969604492
0.002839326858520508
0.07233309745788574
0.2138814926147461
0.0009224414825439453
0.000194549560546875
0.06578779220581055
0.0006899833679199219
0.0053975582122802734
0.00016498565673828125
0.0009827613830566406
0.07254600524902344
0.05253028869628906
0.011428117752075195
0.05197882652282715
0.004296064376831055
0.014304399490356445
0.11478281021118164
0.05712580680847168
0.018346309661865234
0.0003561973571777344
0.14618992805480957
0.0017385482788085938
0.07036972045898438
0.04218697547912598
0.0008442401885986328
0.023324012756347656
0.13652467727661133
0.23475861549377441
0.0004956722259521484
0.00028586387634277344
0.01015615463256836
0.0007812976837158203
5.9604644775390625e-05
0.004927396774291992
3.4809112548828125e-05
0.25487279891967773
5.507469177246094e-05
0.0006494522094726562
0.08870553970336914
0.07666587829589844
0.0002808570861816406
0.0003151893615722656
0.09343242645263672
0.1347191333770752
0.041356801986694336
0.002071380615234375
0.009865760803222656
0.030838727951049805
0.12347674369812012
0.002813100814819336
0.3168675899505615
0.06846237182617188
0.0016853809356689453
0.0315554141998291
0.5360777378082275
0.10852742195129395
0.0005013942718505859
0.0017533302307128906
0.13583040237426758
0.030517101287841797
0.4973173141479492
0.19162797927856445
0.0014567375183105469
0.013959646224975586
0.006520271301269531
0.1577308177947998
4.267692565917969e-05
0.056095123291015625
0.0004711151123046875
5.221366882324219e-05
0.1504223346710205
0.9752933979034424
0.000217437744140625
0.7007410526275635
0.006377458572387695
0.14825654029846191
0.0910186767578125
0.09672069549560547
0.0005724430084228516
0.047411441802978516
0.1856555938720703
0.08380126953125
9.560585021972656e-05
0.07458305358886719
0.017582178115844727
0.03625679016113281
0.3132956027984619
0.4324953556060791
0.02637958526611328
0.019308805465698242
0.00029277801513671875
0.00638127326965332
0.3493978977203369
0.09802794456481934
0.001764059066772461
0.06969499588012695
0.00014734268188476562
0.7016534805297852
0.010465145111083984
0.2717020511627197
0.2881343364715576
0.02693939208984375
0.12725210189819336
0.09502553939819336
0.00038242340087890625
0.016336679458618164
0.006094694137573242
0.014583349227905273
0.040038108825683594
0.07387518882751465
0.026551008224487305
0.042630910873413086
0.0007452964782714844
0.08610296249389648
0.0009083747863769531
0.38029003143310547
0.0012314319610595703
0.007892847061157227
0.009778738021850586
0.00078582763671875
0.07815194129943848
0.393831729888916
0.04063129425048828
0.04145002365112305
9.036064147949219e-05
0.00016808509826660156
0.0059337615966796875
0.0009419918060302734
0.0002067089080810547
0.05261111259460449
0.1277761459350586
0.014402627944946289
0.00021409988403320312
0.09769344329833984
0.05111837387084961
0.03669571876525879
0.005611419677734375
0.06532168388366699
0.16585612297058105
0.0002999305725097656
0.07680916786193848
0.0021941661834716797
0.00017595291137695312
0.018643617630004883
0.046320199966430664
0.04614114761352539
0.008501768112182617
0.15831375122070312
5.7220458984375e-05
0.1108698844909668
0.3673841953277588
0.17164111137390137
0.002315521240234375
0.1987743377685547
0.20702075958251953
0.005475044250488281
0.0002567768096923828
0.039901018142700195
0.009053468704223633
0.006655693054199219
0.0005428791046142578
0.42855143547058105
0.0006618499755859375
0.008124113082885742
0.00043845176696777344
0.004411458969116211
0.0035490989685058594
0.16043519973754883
0.11553549766540527
0.0070912837982177734
0.01594686508178711
0.2136843204498291
0.019205808639526367
0.03552842140197754
8.559226989746094e-05
0.3849146366119385
0.029039621353149414
0.09633779525756836
0.003894329071044922
0.009135723114013672
0.00160980224609375
0.0038237571716308594
0.08639907836914062
0.05970501899719238
0.0032854080200195312
0.09540581703186035
0.00746464729309082
6.794929504394531e-05
0.021228790283203125
0.0037729740142822266
0.013343572616577148
0.023467063903808594
0.32447385787963867
0.1600663661956787
0.031354665756225586
0.03948855400085449
0.0005903244018554688
0.05023694038391113
0.09871959686279297
0.025910139083862305
0.10865616798400879
0.037949562072753906
0.027235984802246094
0.0004267692565917969
0.026011943817138672
0.014501810073852539
0.0005102157592773438
0.17794537544250488
0.0008618831634521484
0.053153276443481445
0.06919026374816895
0.08190655708312988
0.009206056594848633
0.021210432052612305
0.005268096923828125
0.012953996658325195
0.05790591239929199
0.028475522994995117
0.008827447891235352
0.010950088500976562
0.1710050106048584
0.00040078163146972656
0.02042245864868164
6.175041198730469e-05
7.128715515136719e-05
0.006173849105834961
0.0028839111328125
0.00014853477478027344
0.00027251243591308594
0.14491057395935059
0.017866849899291992
0.0912468433380127
0.06020212173461914
0.04244828224182129
0.15982604026794434
0.0016062259674072266
0.00026798248291015625
0.012589693069458008
5.125999450683594e-05
8.749961853027344e-05
0.07271623611450195
0.8143267631530762
0.00046896934509277344
0.0006346702575683594
0.4133126735687256
0.00027108192443847656
0.016410350799560547
0.023912668228149414
0.0004410743713378906
0.004241943359375
0.0006499290466308594
0.003731966018676758
0.04704141616821289
0.014229536056518555
0.023145437240600586
0.009298324584960938
0.023974895477294922
3.743171691894531e-05
0.3188185691833496
8.320808410644531e-05
0.0003993511199951172
0.0012290477752685547
0.003103971481323242
0.39411115646362305
0.0021800994873046875
0.045162200927734375
0.04183077812194824
0.09943413734436035
0.0049855709075927734
0.019852638244628906
0.005675315856933594
0.020534038543701172
0.029043912887573242
0.03888511657714844
0.16829204559326172
0.17555594444274902
0.02127814292907715
0.056052207946777344
0.13561582565307617
0.0015184879302978516
0.003206014633178711
0.09268617630004883
0.03352236747741699
0.00042247772216796875
0.0794839859008789
0.00014328956604003906
0.07639765739440918
0.0006132125854492188
7.867813110351562e-05
0.0003159046173095703
0.19881153106689453
0.019180774688720703
0.03721499443054199
0.18896174430847168
6.771087646484375e-05
0.00032782554626464844
0.01669788360595703
0.0021855831146240234
0.25052714347839355
0.1357567310333252
0.6440460681915283
0.011588811874389648
0.027484893798828125
0.005410432815551758
0.0007073879241943359
0.02692270278930664
0.008338212966918945
0.002353191375732422
0.0002205371856689453
6.628036499023438e-05
0.01010751724243164
0.021289825439453125
0.0855245590209961
0.05426669120788574
0.017258405685424805
0.0151824951171875
0.002205371856689453
9.107589721679688e-05
0.3706059455871582
0.04485011100769043
0.002684354782104492
0.02757120132446289
1.8835067749023438e-05
0.042183637619018555
9.226799011230469e-05
0.00031113624572753906
0.010004997253417969
0.049941062927246094
0.03229546546936035
0.054943084716796875
4.696846008300781e-05
0.0007569789886474609
0.0002338886260986328
0.002517223358154297
0.06322741508483887
0.16903948783874512
0.0350041389465332
0.0015518665313720703
0.0006597042083740234
0.291398286819458
0.00011515617370605469
0.00016069412231445312
0.039148569107055664
0.0001220703125
0.0001690387725830078
0.16492605209350586
0.013793230056762695
0.0030999183654785156
0.003934621810913086
0.0034682750701904297
0.004007816314697266
0.0027599334716796875
0.08815503120422363
0.06424736976623535
0.0005538463592529297
8.58306884765625e-05
