0.00038504600524902344
5.054473876953125e-05
0.704909086227417
0.8028237819671631
0.3376045227050781
0.12509632110595703
0.003895998001098633
0.20173335075378418
5.412101745605469e-05
0.10585594177246094
0.02854132652282715
0.0008873939514160156
0.18842649459838867
0.0025522708892822266
6.532669067382812e-05
0.7607607841491699
0.006227254867553711
0.018467426300048828
9.202957153320312e-05
0.002978801727294922
0.17086219787597656
0.2318401336669922
0.016467571258544922
0.7392444610595703
0.0554661750793457
0.35365891456604004
0.1063232421875
5.364418029785156e-05
0.08904814720153809
0.006105661392211914
0.02989673614501953
0.307131290435791
0.00516963005065918
0.04955172538757324
0.17781639099121094
0.06079506874084473
7.963180541992188e-05
0.01545572280883789
0.1649456024169922
0.011713266372680664
0.04400777816772461
0.05427145957946777
0.0018994808197021484
6.866455078125e-05
0.04272103309631348
0.006087064743041992
0.054212331771850586
0.1965160369873047
0.24486160278320312
0.0926816463470459
0.6156175136566162
0.022937536239624023
4.6253204345703125e-05
0.0808556079864502
0.0006875991821289062
0.08768129348754883
0.8463029861450195
0.24755501747131348
0.33951473236083984
0.04811406135559082
0.26251983642578125
0.09459400177001953
0.0002048015594482422
9.083747863769531e-05
0.025870323181152344
0.008521556854248047
0.0033359527587890625
0.13086175918579102
0.008463382720947266
0.041194915771484375
0.13431382179260254
0.004927873611450195
0.00026035308837890625
0.8915591239929199
0.4110376834869385
0.12059235572814941
0.0006465911865234375
0.2653939723968506
0.0006966590881347656
0.0018010139465332031
0.3172879219055176
0.003154277801513672
0.00010204315185546875
3.790855407714844e-05
0.011883258819580078
4.267692565917969e-05
0.00023651123046875
0.20375299453735352
0.00013256072998046875
0.5775537490844727
0.0013124942779541016
0.0008840560913085938
0.008954286575317383
0.0002639293670654297
0.2951078414916992
0.0012054443359375
0.009770870208740234
0.17679190635681152
0.03615736961364746
0.0740199089050293
0.002800464630126953
0.5986185073852539
0.004765748977661133
0.04060649871826172
0.0026960372924804688
0.002230405807495117
0.47530364990234375
0.029113292694091797
0.0018167495727539062
0.039430856704711914
0.12254714965820312
0.01675105094909668
0.004720211029052734
0.046900033950805664
9.822845458984375e-05
0.08383703231811523
0.0019512176513671875
0.03002309799194336
7.700920104980469e-05
0.15198779106140137
0.002647876739501953
0.0004448890686035156
0.07228469848632812
0.001016855239868164
0.21477413177490234
0.0018825531005859375
0.0003819465637207031
0.0005524158477783203
0.0006146430969238281
0.24331259727478027
0.1453700065612793
0.05296921730041504
0.2267627716064453
0.05835890769958496
0.005481243133544922
0.03943681716918945
0.33226704597473145
0.0009865760803222656
0.0009150505065917969
0.15636491775512695
0.02153921127319336
0.03962302207946777
0.0016796588897705078
0.05100393295288086
0.07492542266845703
0.1588144302368164
0.011116266250610352
0.2689328193664551
0.006720542907714844
0.0020318031311035156
9.489059448242188e-05
0.13823795318603516
0.3094186782836914
0.0003559589385986328
0.16648149490356445
2.1457672119140625e-05
0.16011762619018555
0.01774120330810547
0.005038022994995117
0.0001437664031982422
0.0011830329895019531
0.001176595687866211
0.06712746620178223
0.0027861595153808594
0.00019311904907226562
0.005356311798095703
0.0035560131072998047
0.6746892929077148
0.03966212272644043
0.03838610649108887
0.0027494430541992188
0.25023579597473145
5.1975250244140625e-05
0.06928563117980957
0.895780086517334
0.0048675537109375
0.0042569637298583984
0.1513504981994629
0.0894312858581543
0.20945310592651367
0.37558770179748535
4.1961669921875e-05
0.0016319751739501953
0.0003247261047363281
1.9847464561462402
0.01217961311340332
0.005983114242553711
0.0019943714141845703
0.0001499652862548828
0.0009088516235351562
0.6066536903381348
0.10938429832458496
0.03772258758544922
0.07457399368286133
0.582937479019165
5.5789947509765625e-05
0.05483126640319824
0.0018744468688964844
0.00013017654418945312
0.9267003536224365
0.0857400894165039
0.34270262718200684
0.22334980964660645
0.1598823070526123
0.008212566375732422
0.00044798851013183594
0.15227842330932617
0.08582615852355957
0.06792926788330078
0.3246438503265381
0.1095740795135498
0.042006492614746094
0.000118255615234375
0.2646515369415283
0.10626077651977539
0.053725242614746094
0.062474727630615234
0.08143401145935059
0.003272533416748047
0.01581859588623047
0.23311305046081543
0.05275726318359375
0.01723456382751465
0.4964146614074707
0.043950796127319336
0.19586825370788574
0.2761683464050293
0.30794215202331543
0.08697986602783203
0.1993880271911621
3.457069396972656e-05
0.06356644630432129
0.0005199909210205078
8.225440979003906e-05
0.00030994415283203125
0.00031685829162597656
0.0004820823669433594
0.09993410110473633
0.21923518180847168
0.04010891914367676
0.4295992851257324
0.09652519226074219
0.027414560317993164
0.09584712982177734
0.0008103847503662109
0.0631875991821289
6.794929504394531e-05
0.08721566200256348
0.04107522964477539
0.03979206085205078
0.22087383270263672
0.0215151309967041
0.020372390747070312
0.005532979965209961
0.2464008331298828
0.0009868144989013672
0.0016605854034423828
0.15779590606689453
0.06493401527404785
1.1418564319610596
0.012833595275878906
8.153915405273438e-05
0.3999769687652588
0.22647762298583984
0.0006823539733886719
0.00014352798461914062
0.08723735809326172
0.5973587036132812
0.6612298488616943
0.27995920181274414
0.2552471160888672
0.027234554290771484
0.924370288848877
0.0001633167266845703
0.006814718246459961
0.0001690387725830078
0.43666696548461914
0.03948044776916504
6.103515625e-05
0.08057713508605957
0.15623092651367188
2.193450927734375e-05
0.02116537094116211
0.00013136863708496094
0.0028781890869140625
0.03950166702270508
0.001062631607055664
0.578618049621582
0.7611408233642578
0.03392505645751953
0.9955716133117676
0.030747175216674805
0.34569311141967773
0.003156423568725586
0.5815672874450684
0.00040268898010253906
0.014578819274902344
0.002160310745239258
0.2377631664276123
0.001222372055053711
0.00019598007202148438
0.009753227233886719
0.03369426727294922
0.027443408966064453
0.0036890506744384766
0.25559091567993164
0.3304922580718994
0.0877981185913086
0.11017370223999023
0.16971445083618164
0.32128143310546875
0.13481450080871582
0.0001914501190185547
0.002601146697998047
0.0341031551361084
0.24179768562316895
0.05220842361450195
0.0063724517822265625
0.04835343360900879
0.00010609626770019531
0.5235586166381836
0.0054585933685302734
0.00010538101196289062
0.7220191955566406
0.04146122932434082
0.03993725776672363
0.002403736114501953
0.051035165786743164
0.00010633468627929688
0.007746219635009766
0.0004246234893798828
0.014076709747314453
0.0043179988861083984
0.5186944007873535
0.10552430152893066
0.39045071601867676
0.0002932548522949219
0.13106608390808105
0.031214237213134766
0.011351823806762695
0.002781391143798828
0.12640833854675293
0.0070667266845703125
0.05311393737792969
0.005555391311645508
0.0005362033843994141
0.0008718967437744141
0.01064300537109375
0.0006859302520751953
0.03333592414855957
0.03025078773498535
0.04855847358703613
0.0011708736419677734
0.0019030570983886719
0.0008921623229980469
0.00010824203491210938
0.07823419570922852
0.04503965377807617
0.6113431453704834
0.023470401763916016
0.26041412353515625
0.0841226577758789
0.0017993450164794922
0.07472705841064453
0.0029091835021972656
0.06548953056335449
0.0003108978271484375
0.17418694496154785
0.10291934013366699
7.534027099609375e-05
0.002493143081665039
0.00048732757568359375
0.0009756088256835938
0.0022361278533935547
0.002630472183227539
0.043059587478637695
0.002044677734375
0.1081843376159668
0.0018680095672607422
0.0041310787200927734
0.000514984130859375
0.0001277923583984375
0.00023436546325683594
0.3686230182647705
0.06653428077697754
0.001817464828491211
0.045888423919677734
0.019410133361816406
0.6303267478942871
8.916854858398438e-05
7.62939453125e-05
0.00027108192443847656
0.2655463218688965
0.00017118453979492188
0.020440340042114258
0.03216862678527832
0.005899190902709961
0.3677983283996582
0.3279910087585449
0.12098145484924316
0.00023293495178222656
0.06110501289367676
0.0009133815765380859
0.08185458183288574
0.18000125885009766
0.022380352020263672
0.1947338581085205
0.0008885860443115234
0.19216561317443848
0.03088855743408203
4.863739013671875e-05
0.003081083297729492
0.18396711349487305
0.08330297470092773
7.987022399902344e-05
0.07745099067687988
0.10558605194091797
0.07486414909362793
7.939338684082031e-05
0.16297698020935059
0.9756770133972168
0.14589166641235352
0.27065610885620117
0.44122886657714844
0.0354766845703125
0.0418550968170166
0.026137590408325195
0.0003578662872314453
0.00013303756713867188
0.013234853744506836
0.08317732810974121
0.056849002838134766
0.012388944625854492
0.04086136817932129
0.0008728504180908203
0.3054850101470947
0.00013256072998046875
6.246566772460938e-05
0.04551553726196289
0.0035049915313720703
0.04223275184631348
0.002500772476196289
0.12430238723754883
0.45797109603881836
0.010753631591796875
0.1202390193939209
0.5855567455291748
8.702278137207031e-05
0.3694941997528076
0.05226278305053711
0.0009963512420654297
0.11374068260192871
0.01190328598022461
0.0017266273498535156
0.007257699966430664
0.22313952445983887
0.17430663108825684
0.006787538528442383
0.008298635482788086
0.5336339473724365
0.22313809394836426
0.0021004676818847656
0.10124397277832031
0.057482242584228516
0.0046727657318115234
0.04924368858337402
0.00017595291137695312
5.054473876953125e-05
0.002849578857421875
0.17571711540222168
0.012052774429321289
0.004119873046875
0.00010585784912109375
0.006160736083984375
0.11811709403991699
0.22568297386169434
0.0009362697601318359
0.005300998687744141
0.002169370651245117
7.677078247070312e-05
0.10145735740661621
0.00011897087097167969
0.0687856674194336
0.002142190933227539
0.00010585784912109375
0.2610182762145996
0.3695511817932129
0.06161785125732422
0.026416301727294922
0.03547954559326172
9.083747863769531e-05
0.012700319290161133
0.0004627704620361328
0.005138874053955078
0.11087846755981445
0.673297643661499
5.888938903808594e-05
0.21169543266296387
0.03815436363220215
0.10047578811645508
