3.647804260253906e-05
2.6464462280273438e-05
2.4318695068359375e-05
4.982948303222656e-05
2.3126602172851562e-05
2.3603439331054688e-05
2.4318695068359375e-05
2.288818359375e-05
2.47955322265625e-05
2.4080276489257812e-05
3.8623809814453125e-05
3.790855407714844e-05
2.2411346435546875e-05
2.2649765014648438e-05
2.288818359375e-05
2.1696090698242188e-05
2.2411346435546875e-05
2.1457672119140625e-05
2.3126602172851562e-05
2.2649765014648438e-05
3.6716461181640625e-05
2.2411346435546875e-05
2.09808349609375e-05
2.1696090698242188e-05
2.2172927856445312e-05
2.193450927734375e-05
2.1696090698242188e-05
2.288818359375e-05
2.193450927734375e-05
2.2411346435546875e-05
3.6716461181640625e-05
2.193450927734375e-05
2.2649765014648438e-05
2.2172927856445312e-05
2.1457672119140625e-05
2.2172927856445312e-05
2.002716064453125e-05
2.193450927734375e-05
2.2411346435546875e-05
2.2411346435546875e-05
3.695487976074219e-05
2.193450927734375e-05
2.2649765014648438e-05
2.3126602172851562e-05
2.1696090698242188e-05
2.0742416381835938e-05
2.1696090698242188e-05
2.193450927734375e-05
2.2411346435546875e-05
2.193450927734375e-05
2.4318695068359375e-05
2.3603439331054688e-05
3.62396240234375e-05
2.2411346435546875e-05
2.2411346435546875e-05
2.1457672119140625e-05
2.193450927734375e-05
2.1457672119140625e-05
2.1696090698242188e-05
2.09808349609375e-05
3.5762786865234375e-05
2.2172927856445312e-05
2.288818359375e-05
2.288818359375e-05
2.2411346435546875e-05
2.2172927856445312e-05
2.0503997802734375e-05
2.1219253540039062e-05
2.2411346435546875e-05
2.1696090698242188e-05
3.5762786865234375e-05
2.2649765014648438e-05
2.3126602172851562e-05
2.1457672119140625e-05
2.1219253540039062e-05
2.1457672119140625e-05
2.2411346435546875e-05
2.1219253540039062e-05
2.2411346435546875e-05
2.193450927734375e-05
3.647804260253906e-05
2.2649765014648438e-05
2.2649765014648438e-05
1.9311904907226562e-05
2.2411346435546875e-05
2.288818359375e-05
2.0503997802734375e-05
2.1696090698242188e-05
2.288818359375e-05
2.1219253540039062e-05
2.2649765014648438e-05
2.4318695068359375e-05
3.7670135498046875e-05
3.62396240234375e-05
2.1457672119140625e-05
2.288818359375e-05
2.2172927856445312e-05
2.193450927734375e-05
2.0742416381835938e-05
2.0742416381835938e-05
4.887580871582031e-05
2.1219253540039062e-05
2.2411346435546875e-05
2.193450927734375e-05
2.2649765014648438e-05
2.1696090698242188e-05
2.193450927734375e-05
2.1457672119140625e-05
2.193450927734375e-05
2.1696090698242188e-05
4.982948303222656e-05
2.193450927734375e-05
2.2172927856445312e-05
2.1219253540039062e-05
1.9788742065429688e-05
2.193450927734375e-05
2.2172927856445312e-05
2.1696090698242188e-05
2.2411346435546875e-05
2.1457672119140625e-05
3.647804260253906e-05
2.0265579223632812e-05
2.09808349609375e-05
2.193450927734375e-05
2.193450927734375e-05
2.2649765014648438e-05
2.2649765014648438e-05
2.2649765014648438e-05
2.2411346435546875e-05
2.0742416381835938e-05
5.435943603515625e-05
3.647804260253906e-05
2.3126602172851562e-05
2.3365020751953125e-05
2.3603439331054688e-05
2.3365020751953125e-05
2.2172927856445312e-05
2.1457672119140625e-05
2.1457672119140625e-05
2.0742416381835938e-05
6.389617919921875e-05
2.09808349609375e-05
2.2172927856445312e-05
2.0503997802734375e-05
4.124641418457031e-05
3.647804260253906e-05
2.384185791015625e-05
3.695487976074219e-05
5.555152893066406e-05
2.1696090698242188e-05
3.910064697265625e-05
2.3365020751953125e-05
2.2649765014648438e-05
3.719329833984375e-05
3.6716461181640625e-05
3.218650817871094e-05
2.0742416381835938e-05
2.0503997802734375e-05
2.193450927734375e-05
2.2649765014648438e-05
5.459785461425781e-05
2.4080276489257812e-05
2.3603439331054688e-05
2.2411346435546875e-05
2.2649765014648438e-05
2.2172927856445312e-05
2.0265579223632812e-05
2.1457672119140625e-05
2.1696090698242188e-05
2.1457672119140625e-05
5.316734313964844e-05
2.1696090698242188e-05
1.9550323486328125e-05
2.1457672119140625e-05
2.09808349609375e-05
2.193450927734375e-05
2.2172927856445312e-05
2.1219253540039062e-05
5.7220458984375e-05
2.1219253540039062e-05
6.628036499023438e-05
2.2649765014648438e-05
2.0742416381835938e-05
2.2649765014648438e-05
2.09808349609375e-05
2.1696090698242188e-05
2.2649765014648438e-05
2.2411346435546875e-05
2.2649765014648438e-05
2.2411346435546875e-05
5.412101745605469e-05
2.2172927856445312e-05
2.2172927856445312e-05
2.1219253540039062e-05
2.1219253540039062e-05
2.2411346435546875e-05
2.1219253540039062e-05
2.0742416381835938e-05
2.002716064453125e-05
2.09808349609375e-05
5.269050598144531e-05
3.409385681152344e-05
2.1457672119140625e-05
2.2172927856445312e-05
2.2411346435546875e-05
2.2411346435546875e-05
2.09808349609375e-05
2.1219253540039062e-05
2.1457672119140625e-05
2.1457672119140625e-05
5.269050598144531e-05
2.2649765014648438e-05
2.288818359375e-05
2.1696090698242188e-05
2.0742416381835938e-05
2.193450927734375e-05
2.0742416381835938e-05
2.09808349609375e-05
2.2411346435546875e-05
2.1696090698242188e-05
3.695487976074219e-05
2.2172927856445312e-05
2.09808349609375e-05
2.1219253540039062e-05
2.2172927856445312e-05
2.1219253540039062e-05
2.09808349609375e-05
2.1219253540039062e-05
2.1696090698242188e-05
2.0742416381835938e-05
5.125999450683594e-05
3.4332275390625e-05
2.0742416381835938e-05
1.9550323486328125e-05
1.9788742065429688e-05
2.2411346435546875e-05
2.2411346435546875e-05
2.09808349609375e-05
2.1696090698242188e-05
2.0503997802734375e-05
7.128715515136719e-05
2.2649765014648438e-05
3.743171691894531e-05
2.193450927734375e-05
2.0503997802734375e-05
2.193450927734375e-05
2.3126602172851562e-05
2.1696090698242188e-05
2.1219253540039062e-05
2.1457672119140625e-05
5.364418029785156e-05
2.09808349609375e-05
2.193450927734375e-05
2.2411346435546875e-05
2.1696090698242188e-05
2.0265579223632812e-05
2.2649765014648438e-05
2.1457672119140625e-05
2.09808349609375e-05
2.09808349609375e-05
3.695487976074219e-05
2.2649765014648438e-05
5.793571472167969e-05
2.1696090698242188e-05
2.3126602172851562e-05
2.2172927856445312e-05
2.1696090698242188e-05
2.2172927856445312e-05
2.1457672119140625e-05
2.2172927856445312e-05
5.459785461425781e-05
3.647804260253906e-05
2.1696090698242188e-05
2.288818359375e-05
2.2172927856445312e-05
2.0265579223632812e-05
2.1457672119140625e-05
2.2411346435546875e-05
2.288818359375e-05
2.0742416381835938e-05
5.316734313964844e-05
3.2901763916015625e-05
2.09808349609375e-05
2.2649765014648438e-05
2.2411346435546875e-05
2.1457672119140625e-05
2.2411346435546875e-05
2.1219253540039062e-05
2.09808349609375e-05
2.0265579223632812e-05
5.221366882324219e-05
2.2172927856445312e-05
2.1696090698242188e-05
2.0265579223632812e-05
2.0742416381835938e-05
2.2172927856445312e-05
2.0742416381835938e-05
2.0265579223632812e-05
2.2172927856445312e-05
2.2172927856445312e-05
5.340576171875e-05
2.2649765014648438e-05
2.09808349609375e-05
2.2411346435546875e-05
2.2172927856445312e-05
2.1696090698242188e-05
2.1219253540039062e-05
2.09808349609375e-05
2.193450927734375e-05
2.1219253540039062e-05
5.245208740234375e-05
2.1457672119140625e-05
2.288818359375e-05
2.2172927856445312e-05
2.1696090698242188e-05
2.1696090698242188e-05
2.193450927734375e-05
2.2411346435546875e-05
2.1696090698242188e-05
1.9788742065429688e-05
5.245208740234375e-05
2.2649765014648438e-05
2.3365020751953125e-05
2.1457672119140625e-05
2.193450927734375e-05
2.2172927856445312e-05
2.0265579223632812e-05
2.193450927734375e-05
2.002716064453125e-05
2.2411346435546875e-05
3.647804260253906e-05
2.3126602172851562e-05
3.528594970703125e-05
2.1457672119140625e-05
2.1219253540039062e-05
2.1696090698242188e-05
2.2649765014648438e-05
2.09808349609375e-05
2.1219253540039062e-05
2.0742416381835938e-05
5.5789947509765625e-05
3.552436828613281e-05
2.2649765014648438e-05
2.1457672119140625e-05
2.09808349609375e-05
2.3126602172851562e-05
2.2649765014648438e-05
2.1696090698242188e-05
2.2649765014648438e-05
2.193450927734375e-05
4.696846008300781e-05
2.2172927856445312e-05
2.2649765014648438e-05
2.2649765014648438e-05
2.2649765014648438e-05
2.2411346435546875e-05
2.2411346435546875e-05
2.09808349609375e-05
2.1696090698242188e-05
2.2649765014648438e-05
6.628036499023438e-05
2.2172927856445312e-05
2.2649765014648438e-05
2.1219253540039062e-05
2.2411346435546875e-05
2.1696090698242188e-05
2.2411346435546875e-05
2.1457672119140625e-05
2.09808349609375e-05
1.9788742065429688e-05
5.435943603515625e-05
2.4318695068359375e-05
2.2649765014648438e-05
2.2411346435546875e-05
2.288818359375e-05
2.1219253540039062e-05
2.2649765014648438e-05
2.193450927734375e-05
2.2411346435546875e-05
2.0503997802734375e-05
5.125999450683594e-05
2.3126602172851562e-05
2.288818359375e-05
2.193450927734375e-05
2.0742416381835938e-05
2.0503997802734375e-05
2.1696090698242188e-05
2.2411346435546875e-05
2.1457672119140625e-05
2.288818359375e-05
5.340576171875e-05
2.0265579223632812e-05
2.193450927734375e-05
2.2172927856445312e-05
2.2172927856445312e-05
2.193450927734375e-05
2.193450927734375e-05
2.1457672119140625e-05
2.1457672119140625e-05
2.193450927734375e-05
5.269050598144531e-05
2.2649765014648438e-05
3.504753112792969e-05
2.09808349609375e-05
2.1219253540039062e-05
2.09808349609375e-05
2.1457672119140625e-05
2.0265579223632812e-05
2.09808349609375e-05
2.193450927734375e-05
5.1021575927734375e-05
2.4080276489257812e-05
2.1219253540039062e-05
2.1457672119140625e-05
2.2649765014648438e-05
2.1219253540039062e-05
2.1696090698242188e-05
2.1457672119140625e-05
1.9788742065429688e-05
2.1457672119140625e-05
5.173683166503906e-05
2.1696090698242188e-05
2.1219253540039062e-05
2.1457672119140625e-05
2.0742416381835938e-05
2.0503997802734375e-05
2.193450927734375e-05
2.0265579223632812e-05
2.2172927856445312e-05
2.2411346435546875e-05
5.364418029785156e-05
3.552436828613281e-05
2.1219253540039062e-05
2.1457672119140625e-05
2.2649765014648438e-05
2.1696090698242188e-05
2.2649765014648438e-05
2.002716064453125e-05
2.2172927856445312e-05
6.103515625e-05
3.743171691894531e-05
2.4318695068359375e-05
3.4332275390625e-05
2.1696090698242188e-05
2.2411346435546875e-05
2.1457672119140625e-05
2.09808349609375e-05
2.288818359375e-05
2.1219253540039062e-05
2.0503997802734375e-05
5.316734313964844e-05
3.528594970703125e-05
2.193450927734375e-05
2.0742416381835938e-05
2.2172927856445312e-05
2.09808349609375e-05
2.1457672119140625e-05
2.2649765014648438e-05
2.0503997802734375e-05
2.09808349609375e-05
5.14984130859375e-05
3.6716461181640625e-05
2.09808349609375e-05
2.1219253540039062e-05
2.2411346435546875e-05
2.193450927734375e-05
2.3126602172851562e-05
2.288818359375e-05
2.0503997802734375e-05
2.1696090698242188e-05
3.719329833984375e-05
2.2649765014648438e-05
3.552436828613281e-05
2.288818359375e-05
2.1696090698242188e-05
2.1457672119140625e-05
2.2411346435546875e-05
2.2411346435546875e-05
2.0742416381835938e-05
2.2649765014648438e-05
6.604194641113281e-05
2.3126602172851562e-05
2.193450927734375e-05
2.2649765014648438e-05
2.2411346435546875e-05
2.2172927856445312e-05
2.1457672119140625e-05
2.1457672119140625e-05
2.1457672119140625e-05
2.1457672119140625e-05
5.364418029785156e-05
2.1457672119140625e-05
2.2649765014648438e-05
2.2649765014648438e-05
2.3365020751953125e-05
2.288818359375e-05
2.4557113647460938e-05
2.3126602172851562e-05
2.2172927856445312e-05
2.2649765014648438e-05
