0.019778966903686523
0.02191162109375
0.03964376449584961
0.03322625160217285
0.04603385925292969
0.032172441482543945
0.03267312049865723
0.03694629669189453
0.02112412452697754
0.029396533966064453
0.05276679992675781
0.01920151710510254
0.03991436958312988
0.026575088500976562
0.014206647872924805
0.031569719314575195
0.029822111129760742
0.06168222427368164
0.019118547439575195
0.021656274795532227
0.03461265563964844
0.0277554988861084
0.05434107780456543
0.034421443939208984
0.02912306785583496
0.02538585662841797
0.04756617546081543
0.018716096878051758
0.04200482368469238
0.02227163314819336
0.025652408599853516
0.039751291275024414
0.028373241424560547
0.022447824478149414
0.03534364700317383
0.020966529846191406
0.061411380767822266
0.028831958770751953
0.03519463539123535
0.025577068328857422
0.025660991668701172
0.030236482620239258
0.02025604248046875
0.021474838256835938
0.02649235725402832
0.06175494194030762
0.02538275718688965
0.04009294509887695
0.032457590103149414
0.039673805236816406
0.03201723098754883
0.03005814552307129
0.018855571746826172
0.026690006256103516
0.021181344985961914
0.03176689147949219
0.03387784957885742
0.06024432182312012
0.027982234954833984
0.04672408103942871
0.04268956184387207
0.020201444625854492
0.017788171768188477
0.023786306381225586
0.029087543487548828
0.025284290313720703
0.04572868347167969
0.03650307655334473
0.029504060745239258
0.028522968292236328
0.02814650535583496
0.026488304138183594
0.015172719955444336
0.03688859939575195
0.036722660064697266
0.03496122360229492
0.02301764488220215
0.042528629302978516
0.02204132080078125
0.023549556732177734
0.030168771743774414
0.0254361629486084
0.023372650146484375
0.059599876403808594
0.024895191192626953
0.015390634536743164
0.05773043632507324
0.03584790229797363
0.021651029586791992
0.038847923278808594
0.054388999938964844
0.02158355712890625
0.01768207550048828
0.022064924240112305
0.03325915336608887
0.02408623695373535
0.018453121185302734
0.031247615814208984
0.05011773109436035
0.04714512825012207
0.046421051025390625
0.04300522804260254
0.02314615249633789
0.023274660110473633
0.023549556732177734
0.024585962295532227
0.03242683410644531
0.03301501274108887
0.025789499282836914
0.019039154052734375
0.0339508056640625
0.027380704879760742
0.03049612045288086
0.04116058349609375
0.06004524230957031
0.030433177947998047
0.01707911491394043
0.021456241607666016
0.019011259078979492
0.037286996841430664
0.03147172927856445
0.05495738983154297
0.050087690353393555
0.02537703514099121
0.03791403770446777
0.0167083740234375
0.02441549301147461
0.023833036422729492
0.018584251403808594
0.03922319412231445
0.027209997177124023
0.03989529609680176
0.022775888442993164
0.018523693084716797
0.021273136138916016
0.02190232276916504
0.04278755187988281
0.0558619499206543
0.048340559005737305
0.04606175422668457
0.023434877395629883
0.04057741165161133
0.01712322235107422
0.06093287467956543
0.028453350067138672
0.027508974075317383
0.030496597290039062
0.04004406929016113
0.022871971130371094
0.055641889572143555
0.07011175155639648
0.034674644470214844
0.0365755558013916
0.025617361068725586
0.02158069610595703
0.06923127174377441
0.044252634048461914
0.04349398612976074
0.02996969223022461
0.013533353805541992
0.01886749267578125
0.017577648162841797
0.021068572998046875
0.029527902603149414
0.023691654205322266
0.018427610397338867
0.06601762771606445
0.028128862380981445
0.033069610595703125
0.036849260330200195
0.022383451461791992
0.03511643409729004
0.06723833084106445
0.04949665069580078
0.043386220932006836
0.024169921875
0.029599905014038086
0.03323984146118164
0.02557992935180664
0.03945732116699219
0.028412580490112305
0.01720118522644043
0.055178165435791016
0.02490687370300293
0.05376410484313965
0.04854846000671387
0.030762195587158203
0.022188663482666016
0.023420095443725586
0.026528596878051758
0.03485274314880371
0.025951862335205078
0.027895450592041016
0.05153846740722656
0.03715395927429199
0.024224042892456055
0.048210859298706055
0.05296730995178223
0.06690335273742676
0.04538750648498535
0.053696393966674805
0.04949617385864258
0.045503854751586914
0.03421330451965332
0.030211210250854492
0.031027555465698242
0.04966998100280762
0.03965139389038086
0.026630163192749023
0.028890371322631836
0.033121585845947266
0.026575565338134766
0.01106715202331543
0.025797128677368164
0.04015755653381348
0.030478954315185547
0.045452117919921875
0.05240273475646973
0.022255659103393555
0.028158903121948242
0.0533604621887207
0.031033992767333984
0.044243574142456055
0.033451080322265625
0.030034780502319336
0.039823055267333984
0.054491281509399414
0.03458404541015625
0.02453446388244629
0.04252481460571289
0.06402087211608887
0.04556107521057129
0.061327219009399414
0.05705404281616211
0.07623624801635742
0.017632007598876953
0.022829532623291016
0.038907766342163086
0.03639698028564453
0.03519582748413086
0.04283428192138672
0.058637142181396484
0.025412321090698242
0.018787384033203125
0.049135684967041016
0.030826091766357422
0.021924495697021484
0.029539823532104492
0.04261064529418945
0.03172779083251953
0.03559732437133789
0.04391646385192871
0.030401945114135742
0.035550832748413086
0.037325382232666016
0.06690144538879395
0.021655559539794922
0.03911304473876953
0.05253171920776367
0.03825855255126953
0.057880401611328125
0.07375788688659668
0.03792738914489746
0.05762147903442383
0.02724909782409668
0.025290727615356445
0.03028082847595215
0.031522512435913086
0.04032111167907715
0.03617358207702637
0.04501056671142578
0.03342294692993164
0.04112124443054199
0.02772235870361328
0.0272369384765625
0.05835437774658203
0.047971487045288086
0.02695441246032715
0.02090620994567871
0.05196070671081543
0.058181047439575195
0.08886241912841797
0.051183462142944336
0.025676727294921875
0.025958538055419922
0.043134450912475586
0.021897315979003906
0.04142570495605469
0.03696441650390625
0.051860809326171875
0.04263901710510254
0.03652596473693848
0.04488039016723633
0.0653069019317627
0.045156240463256836
0.02536606788635254
0.03872227668762207
0.06826472282409668
0.047789573669433594
0.021971702575683594
0.025040626525878906
0.01862168312072754
0.04775190353393555
0.0298154354095459
0.029773235321044922
0.028337955474853516
0.038819074630737305
0.05080604553222656
0.02773118019104004
0.03110504150390625
0.03129982948303223
0.02844405174255371
0.027428865432739258
0.016427993774414062
0.041269540786743164
0.03379058837890625
0.020174264907836914
0.02788066864013672
0.03003716468811035
0.060425519943237305
0.05104207992553711
0.026844263076782227
0.020424604415893555
0.027033329010009766
0.026172161102294922
0.03158831596374512
0.04693341255187988
0.03197884559631348
0.06289148330688477
0.019821643829345703
0.0565495491027832
0.044379234313964844
0.03247547149658203
0.0455164909362793
0.0427706241607666
0.04047441482543945
0.023345947265625
0.04539203643798828
0.04662322998046875
0.060665130615234375
0.022526264190673828
0.027768850326538086
0.019026994705200195
0.03612923622131348
0.05890083312988281
0.03552389144897461
0.01719808578491211
0.02853560447692871
0.029239654541015625
0.02150702476501465
0.027923583984375
0.03649139404296875
0.019055843353271484
0.023207664489746094
0.024621009826660156
0.021678924560546875
0.031018733978271484
0.0855560302734375
0.03552865982055664
0.035327911376953125
0.050313472747802734
0.04439878463745117
0.027321338653564453
0.03776359558105469
0.02425217628479004
0.041606903076171875
0.02640557289123535
0.04588675498962402
0.04078340530395508
0.09423422813415527
0.03681135177612305
0.03055286407470703
0.03352785110473633
0.028124570846557617
0.024913787841796875
0.05699276924133301
0.02769613265991211
0.038549184799194336
0.018447160720825195
0.04980897903442383
0.05173826217651367
0.02577829360961914
0.025982379913330078
0.035068511962890625
0.07561159133911133
0.07747077941894531
0.0350496768951416
0.03126192092895508
0.04088878631591797
0.024251461029052734
0.027909278869628906
0.06964302062988281
0.018688201904296875
0.024981021881103516
0.018478870391845703
0.02299952507019043
0.03353452682495117
0.03769230842590332
0.03294658660888672
0.018297433853149414
0.02760028839111328
0.036894798278808594
0.024106740951538086
0.041261911392211914
0.05151224136352539
0.051018476486206055
0.04613828659057617
0.05409359931945801
0.03003835678100586
0.030087709426879883
0.0655975341796875
0.034996986389160156
0.04924893379211426
0.034552812576293945
0.022627592086791992
0.04933023452758789
0.04594087600708008
0.029869556427001953
0.07269740104675293
0.048040151596069336
0.0387110710144043
0.0469362735748291
0.0373532772064209
0.04688072204589844
0.06282305717468262
0.050543785095214844
0.030895471572875977
0.05877208709716797
0.032082557678222656
0.021733760833740234
0.035832881927490234
0.0351567268371582
0.05977749824523926
0.05704140663146973
0.019124269485473633
0.041440486907958984
0.02481985092163086
0.07046675682067871
0.029942750930786133
0.023485898971557617
0.03684258460998535
0.03486299514770508
0.03541445732116699
0.05143475532531738
0.046332597732543945
0.06192445755004883
0.05724143981933594
0.032647132873535156
0.052695274353027344
0.07815194129943848
0.019884109497070312
0.04598593711853027
0.0293881893157959
0.07930922508239746
0.023026704788208008
0.049419403076171875
0.03832745552062988
0.0216677188873291
0.06601357460021973
0.06133413314819336
0.0542600154876709
0.03662872314453125
0.04600214958190918
0.055327653884887695
0.0269930362701416
0.03225874900817871
0.019752979278564453
0.021129369735717773
0.050441741943359375
0.02610325813293457
0.04282212257385254
0.05078125
0.016562700271606445
0.021557331085205078
0.035907745361328125
0.04345345497131348
0.01714324951171875
0.02549004554748535
0.06871724128723145
0.023943662643432617
0.029902935028076172
0.016884565353393555
0.02161717414855957
0.02337646484375
0.02180314064025879
0.03251910209655762
0.03482627868652344
0.03789496421813965
0.04474186897277832
0.04720020294189453
0.02186870574951172
0.0599062442779541
0.02095794677734375
0.024400711059570312
0.029608964920043945
0.047893524169921875
0.019162416458129883
0.0390934944152832
0.053492069244384766
0.042192697525024414
