0.031201839447021484
0.025812864303588867
0.03265666961669922
0.018220186233520508
0.018442153930664062
0.02004837989807129
0.020028114318847656
0.011634349822998047
0.04390311241149902
0.054814815521240234
0.03012704849243164
0.021663665771484375
0.02579212188720703
0.01920032501220703
0.01701951026916504
0.01796698570251465
0.01974201202392578
0.021686792373657227
0.015145063400268555
0.015341520309448242
0.04419350624084473
0.016765356063842773
0.025678634643554688
0.028452634811401367
0.03979372978210449
0.028616905212402344
0.03546142578125
0.04094862937927246
0.030130624771118164
0.012622594833374023
0.01421666145324707
0.02453160285949707
0.03694462776184082
0.029236316680908203
0.019456863403320312
0.03877615928649902
0.029096126556396484
0.038782358169555664
0.03659343719482422
0.016013383865356445
0.015613317489624023
0.03157496452331543
0.034857749938964844
0.01289224624633789
0.018532752990722656
0.03388833999633789
0.017015933990478516
0.027109146118164062
0.04437875747680664
0.011762619018554688
0.02135634422302246
0.055631399154663086
0.01926136016845703
0.016670942306518555
0.03086400032043457
0.0195159912109375
0.016357898712158203
0.04002857208251953
0.028285980224609375
0.023283720016479492
0.01697707176208496
0.054984331130981445
0.02237868309020996
0.01533961296081543
0.035739898681640625
0.018980979919433594
0.03290081024169922
0.03168368339538574
0.015883684158325195
0.028248071670532227
0.01862049102783203
0.013744354248046875
0.020429134368896484
0.026029586791992188
0.034765005111694336
0.015939950942993164
0.026664257049560547
0.02361440658569336
0.028215408325195312
0.022426843643188477
0.019297122955322266
0.026955127716064453
0.02610182762145996
0.035515785217285156
0.03319692611694336
0.017388582229614258
0.02365851402282715
0.013728618621826172
0.0238802433013916
0.03021097183227539
0.03773760795593262
0.035157203674316406
0.0384371280670166
0.021234512329101562
0.019688129425048828
0.027315616607666016
0.01254892349243164
0.01765751838684082
0.01606607437133789
0.018418073654174805
0.0404512882232666
0.03308987617492676
0.02881312370300293
0.049134016036987305
0.03607797622680664
0.03134632110595703
0.03467965126037598
0.024516582489013672
0.04786992073059082
0.04871225357055664
0.015753507614135742
0.01539158821105957
0.03790140151977539
0.018471479415893555
0.022173404693603516
0.022388696670532227
0.01810431480407715
0.03365826606750488
0.02927112579345703
0.04872584342956543
0.03764486312866211
0.013907432556152344
0.028369426727294922
0.024682044982910156
0.011092185974121094
0.026978015899658203
0.016638517379760742
0.01877450942993164
0.015045166015625
0.04893350601196289
0.017477989196777344
0.02161431312561035
0.02049708366394043
0.02575850486755371
0.032227516174316406
0.025557756423950195
0.017578125
0.021704912185668945
0.04552936553955078
0.019962072372436523
0.03489255905151367
0.04378199577331543
0.015506982803344727
0.030858993530273438
0.025547266006469727
0.016074657440185547
0.02965545654296875
0.03656768798828125
0.028548240661621094
0.01848912239074707
0.026140213012695312
0.014645814895629883
0.021063566207885742
0.01889491081237793
0.01570582389831543
0.023936033248901367
0.01700305938720703
0.01533818244934082
0.02328205108642578
0.016562223434448242
0.018285274505615234
0.022561073303222656
0.012356758117675781
0.026623010635375977
0.04696512222290039
0.02790546417236328
0.06375312805175781
0.028443098068237305
0.027510643005371094
0.02150249481201172
0.040201663970947266
0.01613020896911621
0.024857044219970703
0.028983354568481445
0.025300025939941406
0.013053178787231445
0.025453567504882812
0.022021055221557617
0.028966426849365234
0.0205233097076416
0.02086949348449707
0.0236053466796875
0.02441120147705078
0.027952909469604492
0.01600050926208496
0.033232927322387695
0.03179287910461426
0.036418914794921875
0.03327512741088867
0.03607034683227539
0.04396557807922363
0.03379702568054199
0.03963589668273926
0.01598978042602539
0.032003164291381836
0.0605311393737793
0.039548397064208984
0.03061056137084961
0.0380396842956543
0.038761138916015625
0.014174938201904297
0.018976688385009766
0.033761024475097656
0.02903914451599121
0.02272510528564453
0.016109943389892578
0.01672816276550293
0.014503002166748047
0.023773908615112305
0.02258920669555664
0.016789674758911133
0.015236616134643555
0.020513534545898438
0.03477025032043457
0.024224281311035156
0.012995481491088867
0.021461009979248047
0.01977252960205078
0.03625321388244629
0.014635086059570312
0.013329029083251953
0.028641223907470703
0.01991868019104004
0.01898789405822754
0.03209567070007324
0.03913068771362305
0.0472869873046875
0.02580404281616211
0.04574084281921387
0.020426273345947266
0.02145862579345703
0.026722192764282227
0.020111560821533203
0.027096986770629883
0.023450374603271484
0.028904438018798828
0.02504253387451172
0.0318753719329834
0.02019643783569336
0.019484281539916992
0.023114681243896484
0.03380417823791504
0.03040480613708496
0.02111196517944336
0.017256498336791992
0.01712799072265625
0.019359588623046875
0.02182602882385254
0.018416404724121094
0.025026798248291016
0.022792816162109375
0.018239498138427734
0.038831472396850586
0.02592182159423828
0.013975143432617188
0.04156064987182617
0.018126964569091797
0.012837886810302734
0.018082618713378906
0.0168304443359375
0.014120340347290039
0.01892399787902832
0.03099989891052246
0.03998279571533203
0.05254650115966797
0.018486738204956055
0.0375971794128418
0.03655290603637695
0.02683734893798828
0.015680551528930664
0.017128467559814453
0.01865983009338379
0.022895336151123047
0.03186368942260742
0.019724607467651367
0.03464961051940918
0.03758525848388672
0.055953025817871094
0.039086103439331055
0.01936483383178711
0.0319821834564209
0.043416738510131836
0.0585017204284668
0.017503976821899414
0.04879188537597656
0.01694941520690918
0.0341336727142334
0.038062334060668945
0.019037723541259766
0.03966164588928223
0.04917025566101074
0.04207444190979004
0.0352625846862793
0.026587486267089844
0.021201133728027344
0.035767316818237305
0.03186845779418945
0.016719341278076172
0.01993274688720703
0.030942440032958984
0.02902698516845703
0.023657560348510742
0.020346641540527344
0.043380022048950195
0.05701255798339844
0.01686716079711914
0.0348360538482666
0.015096664428710938
0.027070283889770508
0.02167677879333496
0.032622337341308594
0.029629230499267578
0.020661354064941406
0.02053093910217285
0.029797077178955078
0.017291784286499023
0.03938651084899902
0.02498459815979004
0.04421114921569824
0.04076385498046875
0.054934024810791016
0.017684459686279297
0.025170326232910156
0.0458676815032959
0.023737192153930664
0.015125751495361328
0.03772449493408203
0.017123699188232422
0.03977203369140625
0.028755664825439453
0.018523216247558594
0.02126336097717285
0.019619464874267578
0.028303146362304688
0.04174304008483887
0.02682209014892578
0.03286170959472656
0.016017675399780273
0.025458812713623047
0.03578042984008789
0.015672922134399414
0.020646095275878906
0.0160982608795166
0.03145647048950195
0.026217937469482422
0.051601409912109375
0.016303300857543945
0.0166475772857666
0.01836538314819336
0.017394304275512695
0.013365745544433594
0.0543367862701416
0.019109487533569336
0.02533125877380371
0.016869306564331055
0.028054237365722656
0.042165517807006836
0.021645069122314453
0.034665584564208984
0.01806354522705078
0.024338722229003906
0.02425861358642578
0.013645648956298828
0.018770456314086914
0.021678686141967773
0.018665552139282227
0.02840566635131836
0.029594898223876953
0.024852991104125977
0.051607608795166016
0.025348901748657227
0.02010822296142578
0.02147507667541504
0.01897597312927246
0.012039899826049805
0.020554542541503906
0.04191780090332031
0.05737757682800293
0.027684926986694336
0.02021002769470215
0.018348217010498047
0.03637957572937012
0.028055667877197266
0.025134801864624023
0.01717686653137207
0.03304648399353027
0.04030632972717285
0.044272422790527344
0.025431156158447266
0.020442485809326172
0.016431808471679688
0.0208282470703125
0.02400517463684082
0.03434586524963379
0.028440237045288086
0.020676136016845703
0.04438495635986328
0.020898818969726562
0.024555444717407227
0.04841351509094238
0.02035212516784668
0.029750347137451172
0.017134428024291992
0.02517843246459961
0.01662611961364746
0.029646635055541992
0.012543916702270508
0.018452167510986328
0.018732309341430664
0.050789833068847656
0.0235748291015625
0.04519367218017578
0.02020716667175293
0.03237175941467285
0.04673266410827637
0.023111820220947266
0.02769947052001953
0.027428627014160156
0.025084733963012695
0.02764892578125
0.016808509826660156
0.01923513412475586
0.04038691520690918
0.016649723052978516
0.021090984344482422
0.021960020065307617
0.031110525131225586
0.02337503433227539
0.022423505783081055
0.06102919578552246
0.026587724685668945
0.05556535720825195
0.02447223663330078
0.05470418930053711
0.034809112548828125
0.0214083194732666
0.024174928665161133
0.020032405853271484
0.021074295043945312
0.03692793846130371
0.049690961837768555
0.01964402198791504
0.021730899810791016
0.016262054443359375
0.021326303482055664
0.018530607223510742
0.046057701110839844
0.02917766571044922
0.030446767807006836
0.038002967834472656
0.024872779846191406
0.024857759475708008
0.030684947967529297
0.02806377410888672
0.03481745719909668
0.03398633003234863
0.020636320114135742
0.030394792556762695
0.01928400993347168
0.016300201416015625
0.03119659423828125
0.028039932250976562
0.026854991912841797
0.025609731674194336
0.0240018367767334
0.014644384384155273
0.0228729248046875
0.03106379508972168
0.02101898193359375
0.023535490036010742
0.03706073760986328
0.013128280639648438
0.03025531768798828
0.024809598922729492
0.023967742919921875
0.0169370174407959
0.024698257446289062
0.031452178955078125
0.025615930557250977
0.02101421356201172
0.04302859306335449
0.02230072021484375
0.02510976791381836
0.029199838638305664
0.014473199844360352
0.015761852264404297
0.014671802520751953
0.020487546920776367
0.023015975952148438
0.034316062927246094
0.019207239151000977
0.015726089477539062
0.02724480628967285
0.043506622314453125
0.02486443519592285
0.033397674560546875
0.03553152084350586
0.016029834747314453
0.039211273193359375
0.040982961654663086
