0.1384885311126709
0.13506674766540527
0.1786649227142334
0.0919802188873291
0.09290146827697754
0.09626269340515137
0.1037895679473877
0.059767723083496094
0.22174310684204102
0.2568230628967285
0.1504058837890625
0.11931371688842773
0.125946044921875
0.09776520729064941
0.08621811866760254
0.09258437156677246
0.10361766815185547
0.11652064323425293
0.08141922950744629
0.08642220497131348
0.22665977478027344
0.07702136039733887
0.10939836502075195
0.13791155815124512
0.18801069259643555
0.1452949047088623
0.18421411514282227
0.223524808883667
0.15887212753295898
0.06282305717468262
0.08374571800231934
0.14228367805480957
0.21280479431152344
0.15158367156982422
0.1004340648651123
0.1972489356994629
0.14858460426330566
0.17998576164245605
0.18500399589538574
0.08035588264465332
0.07725811004638672
0.16579937934875488
0.1709609031677246
0.06501483917236328
0.09191179275512695
0.1701803207397461
0.08785629272460938
0.1398313045501709
0.21914100646972656
0.06345129013061523
0.08778643608093262
0.27976465225219727
0.09775352478027344
0.08443927764892578
0.15953516960144043
0.1008150577545166
0.08740425109863281
0.19839882850646973
0.11953330039978027
0.11544632911682129
0.08827757835388184
0.2882559299468994
0.11504340171813965
0.07742452621459961
0.17856526374816895
0.09532022476196289
0.16670823097229004
0.15138459205627441
0.07571864128112793
0.12317562103271484
0.08350181579589844
0.06472587585449219
0.09804058074951172
0.12337231636047363
0.1637570858001709
0.07500863075256348
0.12467217445373535
0.10648941993713379
0.1293199062347412
0.09750533103942871
0.08362531661987305
0.10673975944519043
0.12462043762207031
0.16283178329467773
0.14758038520812988
0.08099961280822754
0.10418534278869629
0.06582164764404297
0.10609960556030273
0.1375415325164795
0.16660666465759277
0.1735067367553711
0.18247318267822266
0.10422492027282715
0.10032057762145996
0.13278675079345703
0.06539797782897949
0.091552734375
0.07595968246459961
0.09151816368103027
0.15449786186218262
0.14454269409179688
0.12243008613586426
0.20229411125183105
0.14481735229492188
0.12969160079956055
0.13608098030090332
0.09736204147338867
0.19414710998535156
0.20434117317199707
0.0653219223022461
0.07262444496154785
0.19804906845092773
0.09521603584289551
0.11323165893554688
0.11580705642700195
0.08679509162902832
0.17669177055358887
0.14975500106811523
0.22617244720458984
0.18266892433166504
0.07100176811218262
0.14919519424438477
0.13013672828674316
0.05813169479370117
0.13649916648864746
0.08446550369262695
0.09499073028564453
0.07630348205566406
0.2441103458404541
0.06748628616333008
0.09834623336791992
0.09655404090881348
0.11080265045166016
0.1366710662841797
0.10902237892150879
0.07340526580810547
0.0896615982055664
0.18425989151000977
0.0850827693939209
0.16007065773010254
0.22129416465759277
0.0718536376953125
0.14253473281860352
0.12027955055236816
0.08098387718200684
0.14717960357666016
0.16982150077819824
0.1299145221710205
0.08451128005981445
0.12845301628112793
0.07483339309692383
0.09885025024414062
0.09031295776367188
0.07394123077392578
0.10539388656616211
0.08751034736633301
0.07831740379333496
0.11953544616699219
0.08325481414794922
0.08978080749511719
0.10494518280029297
0.05865788459777832
0.11172151565551758
0.20223498344421387
0.12712693214416504
0.29042792320251465
0.13860797882080078
0.13988494873046875
0.11164283752441406
0.20488929748535156
0.08851885795593262
0.13013243675231934
0.14036297798156738
0.12900543212890625
0.06801438331604004
0.12969112396240234
0.10800528526306152
0.13666605949401855
0.09426116943359375
0.08836770057678223
0.11566543579101562
0.12938308715820312
0.14278650283813477
0.0791013240814209
0.1713860034942627
0.15624165534973145
0.18618059158325195
0.12012171745300293
0.13710618019104004
0.14966344833374023
0.12936878204345703
0.14609622955322266
0.05880379676818848
0.10886955261230469
0.21120190620422363
0.1623685359954834
0.14981770515441895
0.19808363914489746
0.19884109497070312
0.07109689712524414
0.09884929656982422
0.18288826942443848
0.15204381942749023
0.124237060546875
0.0815732479095459
0.08388137817382812
0.07796740531921387
0.12203788757324219
0.11893296241760254
0.08352446556091309
0.07785964012145996
0.08344483375549316
0.17730450630187988
0.1267566680908203
0.06517457962036133
0.10785150527954102
0.10159969329833984
0.18464231491088867
0.07674288749694824
0.06580162048339844
0.14749503135681152
0.10858464241027832
0.08244705200195312
0.14448237419128418
0.19762516021728516
0.2384932041168213
0.13056612014770508
0.23392534255981445
0.0930631160736084
0.09512162208557129
0.12456774711608887
0.09503626823425293
0.12121415138244629
0.11158490180969238
0.14503049850463867
0.12390518188476562
0.1622781753540039
0.09973835945129395
0.097320556640625
0.0961756706237793
0.16771435737609863
0.15520119667053223
0.11192131042480469
0.08678746223449707
0.08942580223083496
0.0998847484588623
0.11254501342773438
0.09326386451721191
0.12836694717407227
0.12048649787902832
0.07692837715148926
0.20096516609191895
0.14163589477539062
0.0731353759765625
0.22610092163085938
0.09719038009643555
0.0710597038269043
0.10458636283874512
0.08613848686218262
0.0805816650390625
0.0961463451385498
0.16158556938171387
0.18517661094665527
0.2774465084075928
0.0937948226928711
0.19518470764160156
0.1912822723388672
0.12985730171203613
0.08036684989929199
0.08666133880615234
0.09544181823730469
0.12301445007324219
0.15248942375183105
0.09922480583190918
0.17294573783874512
0.1468656063079834
0.19250941276550293
0.14464187622070312
0.07800650596618652
0.11769366264343262
0.16693353652954102
0.21854710578918457
0.07417941093444824
0.1986708641052246
0.0591733455657959
0.12434005737304688
0.13366436958312988
0.06848430633544922
0.14534497261047363
0.22090673446655273
0.21868419647216797
0.17751550674438477
0.1338496208190918
0.11035919189453125
0.18266844749450684
0.15815281867980957
0.07354593276977539
0.08923220634460449
0.1496574878692627
0.13466930389404297
0.12063813209533691
0.1078636646270752
0.20979619026184082
0.26314520835876465
0.07404160499572754
0.16584396362304688
0.07516050338745117
0.11807060241699219
0.10556817054748535
0.16419076919555664
0.160689115524292
0.10533881187438965
0.10787630081176758
0.15537357330322266
0.09011173248291016
0.20592427253723145
0.12502121925354004
0.18740367889404297
0.18593883514404297
0.2622992992401123
0.08972716331481934
0.11200833320617676
0.22251129150390625
0.11655974388122559
0.0759580135345459
0.18735933303833008
0.08440399169921875
0.17705869674682617
0.1383974552154541
0.0900115966796875
0.10008668899536133
0.09523391723632812
0.13240528106689453
0.18331527709960938
0.12532854080200195
0.15085458755493164
0.07072973251342773
0.1150960922241211
0.1490015983581543
0.06686615943908691
0.09217500686645508
0.07467961311340332
0.15272808074951172
0.1222391128540039
0.23783373832702637
0.06361865997314453
0.08158230781555176
0.09300756454467773
0.08783674240112305
0.06827712059020996
0.25279974937438965
0.08813691139221191
0.1151115894317627
0.07744026184082031
0.12510347366333008
0.1951761245727539
0.09866452217102051
0.15813827514648438
0.08269667625427246
0.10213589668273926
0.11897873878479004
0.07332849502563477
0.08229660987854004
0.07613611221313477
0.06740331649780273
0.10188555717468262
0.10961651802062988
0.09207010269165039
0.18434643745422363
0.08737611770629883
0.07471466064453125
0.08115506172180176
0.07342982292175293
0.04697418212890625
0.07488465309143066
0.11080646514892578
0.10097813606262207
0.0778815746307373
0.06860589981079102
0.07891464233398438
0.15765929222106934
0.13771915435791016
0.13053202629089355
0.08719539642333984
0.16936039924621582
0.19764924049377441
0.19689536094665527
0.10628867149353027
0.09181571006774902
0.07204937934875488
0.09702181816101074
0.11626791954040527
0.1603560447692871
0.13834834098815918
0.10621523857116699
0.219010591506958
0.09897255897521973
0.11400437355041504
0.21824979782104492
0.10140824317932129
0.15416908264160156
0.0896766185760498
0.1298377513885498
0.0835416316986084
0.1507248878479004
0.06573891639709473
0.09342193603515625
0.09631228446960449
0.23184704780578613
0.10456204414367676
0.23824214935302734
0.09912610054016113
0.16161894798278809
0.23677587509155273
0.11831831932067871
0.1379246711730957
0.13981246948242188
0.1109473705291748
0.1362593173980713
0.08262872695922852
0.09572529792785645
0.2161095142364502
0.08423399925231934
0.10690069198608398
0.10868334770202637
0.15300679206848145
0.09596681594848633
0.0784456729888916
0.22222661972045898
0.10017895698547363
0.2140486240386963
0.09329342842102051
0.20382952690124512
0.13266587257385254
0.07727527618408203
0.08971643447875977
0.07249784469604492
0.08015632629394531
0.14116811752319336
0.20502591133117676
0.10346198081970215
0.10439109802246094
0.08000731468200684
0.1089019775390625
0.0923011302947998
0.2338268756866455
0.13577938079833984
0.14747405052185059
0.19654512405395508
0.12837791442871094
0.12704753875732422
0.1585686206817627
0.1411271095275879
0.17901039123535156
0.17774009704589844
0.1052699089050293
0.1523885726928711
0.1003427505493164
0.0667870044708252
0.14480090141296387
0.13392186164855957
0.12463974952697754
0.11631608009338379
0.10481595993041992
0.06934189796447754
0.10576462745666504
0.14651966094970703
0.09038615226745605
0.10148262977600098
0.16388821601867676
0.06265139579772949
0.1554875373840332
0.12012934684753418
0.11643671989440918
0.08445096015930176
0.1269986629486084
0.15570783615112305
0.11553311347961426
0.09370160102844238
0.18341946601867676
0.10671353340148926
0.11472511291503906
0.13225865364074707
0.06676745414733887
0.07827925682067871
0.0728907585144043
0.10493278503417969
0.11412644386291504
0.16721844673156738
0.07646918296813965
0.07791709899902344
0.1434781551361084
0.21885943412780762
0.12564444541931152
0.17319488525390625
0.18831753730773926
0.08064937591552734
0.19955205917358398
0.18116021156311035
