0.0200197696685791
0.02062678337097168
0.03063344955444336
0.02526092529296875
0.020422697067260742
0.035407304763793945
0.027347564697265625
0.02527928352355957
0.028049468994140625
0.02405381202697754
0.032468557357788086
0.05358314514160156
0.03136014938354492
0.030437231063842773
0.0340580940246582
0.04838967323303223
0.056658267974853516
0.024390459060668945
0.03817272186279297
0.027979612350463867
0.020410776138305664
0.024764060974121094
0.04688119888305664
0.01684093475341797
0.02040886878967285
0.023969650268554688
0.0211031436920166
0.038132667541503906
0.03227543830871582
0.05153608322143555
0.031659841537475586
0.0244905948638916
0.028331518173217773
0.04769468307495117
0.023348093032836914
0.024890422821044922
0.04700589179992676
0.06268954277038574
0.01833486557006836
0.05415964126586914
0.04171395301818848
0.029062747955322266
0.017703533172607422
0.028153181076049805
0.028382062911987305
0.030184507369995117
0.050887346267700195
0.03870964050292969
0.020031213760375977
0.025660276412963867
0.021444320678710938
0.04958176612854004
0.029690265655517578
0.02137136459350586
0.028717994689941406
0.03873777389526367
0.022136926651000977
0.043271541595458984
0.029536008834838867
0.026064157485961914
0.04421091079711914
0.029040813446044922
0.020430803298950195
0.02307748794555664
0.03568863868713379
0.035881757736206055
0.04857969284057617
0.04140448570251465
0.047931671142578125
0.036881446838378906
0.02997565269470215
0.024455547332763672
0.021051645278930664
0.03529000282287598
0.031442880630493164
0.0273590087890625
0.050579071044921875
0.03458046913146973
0.01749730110168457
0.02069091796875
0.04633593559265137
0.03391075134277344
0.02512955665588379
0.03724336624145508
0.037064313888549805
0.028506994247436523
0.021544694900512695
0.025043964385986328
0.031785011291503906
0.03234362602233887
0.018887758255004883
0.03652691841125488
0.021660566329956055
0.0457921028137207
0.05336356163024902
0.02130913734436035
0.03482842445373535
0.021214962005615234
0.017003774642944336
0.024846315383911133
0.027211427688598633
0.04515886306762695
0.02358388900756836
0.02838444709777832
0.03206610679626465
0.025692462921142578
0.05114889144897461
0.05764126777648926
0.022574424743652344
0.04253244400024414
0.018821001052856445
0.042673349380493164
0.052417755126953125
0.03711986541748047
0.03982377052307129
0.05203127861022949
0.017741918563842773
0.021590709686279297
0.06456184387207031
0.021491527557373047
0.017455339431762695
0.061585426330566406
0.023168563842773438
0.03679323196411133
0.027927160263061523
0.06150341033935547
0.024557828903198242
0.027008533477783203
0.05256509780883789
0.04951786994934082
0.01730179786682129
0.06222271919250488
0.021789073944091797
0.026199817657470703
0.04481148719787598
0.03743433952331543
0.028728961944580078
0.03111553192138672
0.033967018127441406
0.018660545349121094
0.031548261642456055
0.016312837600708008
0.025300025939941406
0.02504134178161621
0.0316166877746582
0.04965543746948242
0.029367685317993164
0.0265047550201416
0.027791976928710938
0.029921770095825195
0.04833030700683594
0.02824091911315918
0.02743983268737793
0.015733957290649414
0.02944350242614746
0.02058124542236328
0.0330655574798584
0.024316072463989258
0.05720663070678711
0.04963946342468262
0.04549813270568848
0.02095484733581543
0.02170729637145996
0.04010820388793945
0.04256296157836914
0.03984355926513672
0.044683218002319336
0.028856277465820312
0.031296730041503906
0.043105125427246094
0.060881614685058594
0.05468106269836426
0.032678842544555664
0.023260116577148438
0.019674062728881836
0.03094005584716797
0.037781476974487305
0.02254033088684082
0.036696434020996094
0.03916668891906738
0.024381637573242188
0.04630732536315918
0.025391340255737305
0.027057886123657227
0.0535738468170166
0.0353853702545166
0.04983854293823242
0.02411818504333496
0.0167233943939209
0.02524280548095703
0.037683725357055664
0.01905202865600586
0.02183246612548828
0.031058073043823242
0.056235551834106445
0.05042529106140137
0.022722482681274414
0.05563497543334961
0.026651859283447266
0.02483081817626953
0.034265756607055664
0.019673824310302734
0.02812361717224121
0.035086870193481445
0.018812894821166992
0.033576011657714844
0.018843889236450195
0.019178390502929688
0.01960897445678711
0.037718772888183594
0.022394418716430664
0.040914297103881836
0.0431520938873291
0.022805452346801758
0.02694106101989746
0.018697261810302734
0.03382062911987305
0.024837017059326172
0.04284405708312988
0.03380393981933594
0.02791905403137207
0.018214941024780273
0.020034074783325195
0.018082141876220703
0.020219087600708008
0.02315688133239746
0.0257723331451416
0.021856307983398438
0.04052329063415527
0.029900789260864258
0.03824877738952637
0.025986909866333008
0.03823590278625488
0.01885843276977539
0.02500462532043457
0.03130221366882324
0.02720785140991211
0.016028404235839844
0.017729997634887695
0.01888298988342285
0.04517364501953125
0.03641676902770996
0.04670071601867676
0.020688533782958984
0.03641986846923828
0.021045684814453125
0.019780397415161133
0.039687395095825195
0.02895045280456543
0.02164483070373535
0.0365443229675293
0.02995133399963379
0.030528783798217773
0.02364826202392578
0.05399680137634277
0.038233280181884766
0.023442983627319336
0.01905202865600586
0.03352689743041992
0.024764299392700195
0.02390742301940918
0.01893019676208496
0.036264896392822266
0.025725841522216797
0.05035686492919922
0.0416412353515625
0.02183079719543457
0.016640186309814453
0.0487210750579834
0.03410768508911133
0.022013187408447266
0.021048784255981445
0.043845176696777344
0.029866695404052734
0.02610635757446289
0.029054641723632812
0.018048524856567383
0.02095317840576172
0.033536434173583984
0.021816730499267578
0.020345211029052734
0.02418375015258789
0.020914077758789062
0.027884483337402344
0.021447420120239258
0.04273486137390137
0.024723529815673828
0.04006695747375488
0.019207477569580078
0.043425559997558594
0.033003807067871094
0.01496434211730957
0.06337451934814453
0.01867079734802246
0.022914648056030273
0.014987468719482422
0.02216935157775879
0.02936387062072754
0.0165402889251709
0.03522515296936035
0.022001266479492188
0.015519857406616211
0.023629426956176758
0.01933002471923828
0.02793121337890625
0.01673126220703125
0.03171229362487793
0.027482032775878906
0.0205538272857666
0.02179098129272461
0.030877113342285156
0.043010711669921875
0.017563581466674805
0.023928403854370117
0.049004554748535156
0.026378631591796875
0.04697370529174805
0.04801583290100098
0.022309541702270508
0.03846406936645508
0.02095961570739746
0.019414186477661133
0.03260946273803711
0.02134871482849121
0.02641892433166504
0.03043985366821289
0.0178220272064209
0.017639636993408203
0.04344344139099121
0.019957304000854492
0.02325725555419922
0.036017656326293945
0.04330587387084961
0.04812979698181152
0.03578352928161621
0.03509187698364258
0.03233170509338379
0.04010891914367676
0.02710556983947754
0.03662395477294922
0.02019500732421875
0.04122471809387207
0.021988868713378906
0.02382516860961914
0.024797439575195312
0.05546426773071289
0.050112247467041016
0.028172016143798828
0.04389333724975586
0.03400707244873047
0.02348184585571289
0.04323911666870117
0.03646230697631836
0.0502314567565918
0.022363901138305664
0.03446793556213379
0.03815889358520508
0.033826351165771484
0.018919944763183594
0.0391080379486084
0.04998159408569336
0.03838086128234863
0.02539229393005371
0.021812915802001953
0.015766382217407227
0.02259993553161621
0.01752638816833496
0.013146162033081055
0.028601646423339844
0.03774666786193848
0.05060219764709473
0.020745277404785156
0.018812894821166992
0.02383565902709961
0.014469623565673828
0.02032017707824707
0.045176029205322266
0.01949620246887207
0.03892874717712402
0.02073526382446289
0.025168657302856445
0.04294633865356445
0.01780390739440918
0.04897332191467285
0.018950700759887695
0.03226613998413086
0.024722814559936523
0.020400285720825195
0.05577588081359863
0.03931140899658203
0.03495287895202637
0.02924656867980957
0.0468602180480957
0.0232694149017334
0.028693199157714844
0.020418882369995117
0.022309064865112305
0.03925299644470215
0.03770804405212402
0.021842479705810547
0.025338411331176758
0.040196895599365234
0.05713701248168945
0.02177572250366211
0.02417778968811035
0.019216060638427734
0.026795387268066406
0.03403019905090332
0.01914048194885254
0.0488741397857666
0.044847726821899414
0.03697609901428223
0.01778125762939453
0.0177614688873291
0.025536775588989258
0.043987274169921875
0.023949861526489258
0.022446632385253906
0.02302265167236328
0.02802872657775879
0.04296684265136719
0.040464162826538086
0.02356266975402832
0.021701574325561523
0.03359174728393555
0.02504420280456543
0.043184757232666016
0.020967721939086914
0.028211355209350586
0.03685641288757324
0.03303217887878418
0.03748130798339844
0.01853466033935547
0.04838371276855469
0.03125190734863281
0.015361309051513672
0.018192291259765625
0.038147926330566406
0.02052927017211914
0.030496835708618164
0.03315854072570801
0.03368997573852539
0.018520355224609375
0.020688295364379883
0.01652216911315918
0.027487516403198242
0.021227121353149414
0.04623150825500488
0.045009613037109375
0.047083377838134766
0.04626941680908203
0.035163164138793945
0.017096281051635742
0.016490697860717773
0.0171201229095459
0.029736757278442383
0.03403162956237793
0.02865743637084961
0.018349170684814453
0.040422677993774414
0.03411698341369629
0.019933462142944336
0.04276728630065918
0.029664278030395508
0.03145885467529297
0.0431818962097168
0.05710172653198242
0.03237295150756836
0.03153181076049805
0.04415583610534668
0.024390220642089844
0.03360104560852051
0.04381871223449707
0.047744035720825195
0.030971527099609375
0.024692058563232422
0.01900458335876465
0.022309303283691406
0.059986114501953125
0.03193068504333496
0.02656865119934082
0.03382468223571777
0.04530739784240723
0.018039941787719727
0.021891355514526367
0.04093766212463379
0.06052732467651367
0.024672508239746094
0.0323483943939209
0.04851102828979492
0.03465008735656738
0.04268836975097656
0.03262591361999512
0.023520708084106445
0.04003095626831055
0.02090764045715332
0.025984764099121094
0.02556896209716797
0.0502619743347168
0.01762843132019043
