0.776655912399292
0.8645801544189453
1.1855204105377197
1.0081162452697754
0.9073610305786133
1.4464740753173828
1.193739891052246
1.0647737979888916
1.0827760696411133
0.7895059585571289
1.3244562149047852
2.157485008239746
1.293595314025879
1.3277244567871094
1.4147894382476807
1.8577709197998047
2.0001301765441895
0.9317989349365234
1.6425929069519043
1.2095422744750977
0.8810877799987793
0.9655368328094482
2.009376287460327
0.7346479892730713
0.8276956081390381
0.9661293029785156
0.8494725227355957
1.5162034034729004
1.3224592208862305
1.8773949146270752
1.24888277053833
1.059779167175293
1.1634573936462402
1.917008638381958
0.8783023357391357
0.9785265922546387
1.7191243171691895
2.478827476501465
0.7556755542755127
2.1611180305480957
1.5951614379882812
1.0738146305084229
0.6865494251251221
1.1264536380767822
1.0789530277252197
1.1406397819519043
1.9338030815124512
1.3396940231323242
0.7517094612121582
0.960566520690918
0.8249664306640625
1.9975414276123047
1.1787996292114258
0.8192939758300781
1.1442053318023682
1.4135375022888184
0.8141307830810547
1.6423726081848145
1.1182429790496826
1.0627713203430176
1.6924726963043213
1.163306474685669
0.8214771747589111
0.8926737308502197
1.3268897533416748
1.5428993701934814
2.0047175884246826
1.6543502807617188
1.8130443096160889
1.4892714023590088
1.2193176746368408
1.0767955780029297
1.031970500946045
1.521167516708374
1.3094031810760498
1.0005230903625488
2.0304105281829834
1.427656650543213
0.6145060062408447
0.8494138717651367
1.9038081169128418
1.3079712390899658
1.0527009963989258
1.5128164291381836
1.7361350059509277
1.3597798347473145
0.9228160381317139
1.203805923461914
1.478874683380127
1.3857672214508057
0.82834792137146
1.54207181930542
0.8867397308349609
1.7728281021118164
2.3592283725738525
0.9750733375549316
1.58717679977417
0.9967219829559326
0.6555924415588379
1.0214922428131104
1.0791633129119873
1.8096849918365479
1.0395278930664062
1.1734521389007568
1.238584280014038
1.0155627727508545
1.9788506031036377
2.4160304069519043
0.8123042583465576
1.6536626815795898
0.6772971153259277
1.5859270095825195
2.0409767627716064
1.3367793560028076
1.4143683910369873
1.7251431941986084
0.5548315048217773
0.7223203182220459
2.1207082271575928
0.8691198825836182
0.616382360458374
2.5001816749572754
0.8947327136993408
1.5332345962524414
1.0026085376739502
2.3048930168151855
0.8751473426818848
0.9594898223876953
1.9476807117462158
1.9261009693145752
0.6772654056549072
2.5021185874938965
0.8838307857513428
1.2121608257293701
1.9099535942077637
1.657761573791504
1.0174009799957275
0.9932019710540771
1.5591659545898438
0.8531181812286377
1.472332239151001
0.7878000736236572
1.2257883548736572
1.2170803546905518
1.3894095420837402
2.1933281421661377
1.3232653141021729
1.08447265625
1.0101759433746338
1.1934919357299805
1.9721574783325195
1.2407808303833008
1.1914653778076172
0.6194875240325928
1.2862565517425537
0.9581835269927979
1.519144058227539
0.8619849681854248
1.8759424686431885
1.5834124088287354
1.5612623691558838
0.723179817199707
0.7546887397766113
1.4033281803131104
1.6334748268127441
1.4842579364776611
1.5744783878326416
0.9848682880401611
1.2267377376556396
1.4351861476898193
2.5013575553894043
2.501081943511963
1.3655478954315186
0.942359447479248
0.8025467395782471
1.2789843082427979
1.4469435214996338
0.9121112823486328
1.6789236068725586
1.5711987018585205
1.1370265483856201
1.9251623153686523
1.263589859008789
1.2266249656677246
2.4395041465759277
1.5452156066894531
1.8695054054260254
0.9691269397735596
0.6820459365844727
1.0486359596252441
1.5114128589630127
0.8246548175811768
0.9986436367034912
1.355750560760498
2.418732166290283
2.180692434310913
0.9197218418121338
2.321528911590576
0.9461565017700195
1.0518429279327393
2.1389424800872803
0.9911401271820068
1.4073717594146729
2.1099209785461426
0.9789376258850098
1.5608127117156982
0.9171066284179688
0.9011135101318359
0.7374053001403809
1.570014476776123
1.0594573020935059
1.865391731262207
1.8430824279785156
0.8981790542602539
1.0564589500427246
0.7517387866973877
1.3825645446777344
1.0708470344543457
1.4013359546661377
1.3855724334716797
1.1695098876953125
0.7678971290588379
0.8617110252380371
0.8279745578765869
0.8734302520751953
0.9696712493896484
1.0945701599121094
0.9080665111541748
1.7373683452606201
1.1730117797851562
1.3487012386322021
0.8761453628540039
1.9146621227264404
0.8436381816864014
1.080096960067749
1.395937442779541
1.2634027004241943
0.6912860870361328
0.853325605392456
0.8811602592468262
2.019251585006714
1.4191110134124756
2.0928738117218018
0.8945732116699219
1.6381003856658936
0.9013111591339111
0.7929601669311523
1.5252845287322998
1.18638277053833
0.9063377380371094
1.5186634063720703
1.179830551147461
1.2575361728668213
1.005091905593872
2.237001657485962
1.6327564716339111
0.9507229328155518
0.7313942909240723
1.418416976928711
1.0926029682159424
1.0198745727539062
0.8368873596191406
1.4100122451782227
1.021571397781372
2.0027389526367188
1.7436203956604004
0.8482964038848877
0.6670095920562744
1.871171474456787
1.5279788970947266
0.8931686878204346
0.8547036647796631
1.7221856117248535
1.2531871795654297
0.9627227783203125
1.1633577346801758
0.7000854015350342
0.8343288898468018
1.247779369354248
0.7959764003753662
0.7203769683837891
0.8903975486755371
0.7993819713592529
1.0462043285369873
0.7689478397369385
1.586550235748291
1.0184829235076904
1.5484213829040527
0.7304482460021973
1.5944857597351074
1.4171082973480225
0.6600878238677979
2.8448188304901123
0.8119072914123535
0.9865725040435791
0.6268229484558105
0.9598836898803711
1.2337865829467773
0.7067215442657471
1.3595271110534668
0.9101133346557617
0.6446285247802734
0.909827709197998
0.8236081600189209
1.1739528179168701
0.7278909683227539
1.2634522914886475
1.166574239730835
0.8252401351928711
0.9375548362731934
1.192960500717163
1.7333106994628906
0.7215707302093506
0.9636673927307129
1.9703090190887451
0.9639256000518799
1.809401273727417
1.7949950695037842
0.8174653053283691
1.6783134937286377
0.9288361072540283
0.8229773044586182
1.5855262279510498
0.9823498725891113
1.2330889701843262
1.467029094696045
0.8033726215362549
0.773280143737793
1.9211030006408691
0.8400628566741943
0.8573195934295654
1.3412911891937256
1.7998151779174805
2.288822889328003
1.67905855178833
1.3908977508544922
1.3160312175750732
1.574272632598877
1.2081918716430664
1.6922516822814941
0.9382474422454834
1.7218739986419678
0.9870471954345703
0.9623401165008545
1.0064735412597656
2.0576109886169434
1.9007976055145264
1.1078932285308838
1.5977418422698975
1.3754701614379883
0.930128812789917
1.6875190734863281
1.4465389251708984
1.9382529258728027
0.852985143661499
1.2716658115386963
1.4392681121826172
1.4066059589385986
0.7181580066680908
1.5942471027374268
1.9803974628448486
1.5254607200622559
0.9490218162536621
0.8697443008422852
0.6658096313476562
0.9694182872772217
0.7275145053863525
0.5483841896057129
1.1732487678527832
1.3510410785675049
2.0371150970458984
0.8203744888305664
0.8899352550506592
1.250190019607544
0.7129759788513184
0.9860644340515137
1.9561865329742432
0.7836956977844238
1.455228567123413
0.8919587135314941
1.0725078582763672
1.814894676208496
0.7888004779815674
1.9663097858428955
0.70823073387146
1.2306110858917236
0.9009020328521729
0.7071537971496582
2.1055636405944824
1.9029791355133057
1.535468339920044
1.3217487335205078
1.889394998550415
0.9614255428314209
1.091308832168579
0.8294909000396729
0.8690874576568604
1.4070520401000977
1.2696349620819092
0.7845053672790527
0.9410741329193115
1.508267879486084
2.1268129348754883
0.8498117923736572
0.9489438533782959
0.8554437160491943
1.2351593971252441
1.5511832237243652
0.7042667865753174
1.9644124507904053
1.935523271560669
1.6344881057739258
0.7947132587432861
0.8682920932769775
1.0996942520141602
1.9020342826843262
1.008906364440918
0.9653739929199219
0.8252856731414795
1.222264051437378
1.9733452796936035
1.9377665519714355
1.1105382442474365
1.0224618911743164
1.5018081665039062
1.1162409782409668
1.7951064109802246
0.8935742378234863
1.0739026069641113
1.6655452251434326
1.5493407249450684
1.768385887145996
0.829216718673706
2.0443997383117676
1.5107221603393555
0.690701961517334
0.7401385307312012
1.5709984302520752
0.7366626262664795
1.2635493278503418
1.272965431213379
1.431725263595581
0.7794466018676758
1.0638530254364014
0.8646166324615479
1.2512500286102295
1.1454176902770996
2.056378126144409
1.781728744506836
1.8985724449157715
1.9144799709320068
1.4791040420532227
0.7073872089385986
0.7181072235107422
0.7181310653686523
1.3167204856872559
1.4358665943145752
1.201678991317749
0.7833352088928223
1.416940689086914
1.6335983276367188
1.009162425994873
2.1489970684051514
1.7232911586761475
1.7513747215270996
1.9951679706573486
2.6390938758850098
1.6310062408447266
1.3975884914398193
1.8638765811920166
1.1417686939239502
1.4885334968566895
1.5420172214508057
1.7967958450317383
1.3105247020721436
0.9942259788513184
0.7272472381591797
0.8355655670166016
2.7545385360717773
1.486806869506836
1.0807700157165527
1.2997331619262695
1.7894673347473145
0.7282130718231201
0.8298599720001221
1.6113653182983398
2.2035093307495117
0.868922233581543
1.2264909744262695
1.8980398178100586
1.3621227741241455
1.579195499420166
1.2574143409729004
0.8658313751220703
1.6315577030181885
0.8102984428405762
0.9403707981109619
0.900745153427124
1.708827257156372
0.7113046646118164
