0.0028994083404541016
0.0005500316619873047
0.06224465370178223
0.08692121505737305
0.00796651840209961
1.748185634613037
2.268160343170166
0.24116158485412598
0.005932331085205078
0.0021483898162841797
0.47133374214172363
0.0008885860443115234
2.1993801593780518
2.086794853210449
2.0148444175720215
0.018667221069335938
1.3330845832824707
0.00010895729064941406
0.16424202919006348
0.591437816619873
0.0005061626434326172
1.6615848541259766
0.07935738563537598
0.006598472595214844
0.0007236003875732422
0.5489764213562012
0.02439260482788086
0.7711155414581299
5.522200584411621
0.5705583095550537
2.172802209854126
0.03556489944458008
0.5872957706451416
0.4432251453399658
0.03917884826660156
0.32618069648742676
4.414801120758057
8.416175842285156e-05
0.0016205310821533203
0.0006165504455566406
16.565346002578735
0.5144586563110352
5.9604644775390625e-05
0.5276966094970703
0.2216951847076416
0.16335558891296387
0.3201770782470703
1.0875842571258545
0.28584909439086914
0.0823519229888916
0.003240346908569336
0.008854150772094727
2.544081926345825
0.0008673667907714844
0.4254305362701416
4.650622367858887
0.006977558135986328
5.427865028381348
0.4498462677001953
0.07264041900634766
0.7587897777557373
1.3439033031463623
0.013858795166015625
0.16076087951660156
0.7524778842926025
2.1560535430908203
0.012410163879394531
0.15998554229736328
0.020146608352661133
13.593683958053589
5.231854438781738
0.022974729537963867
7.915496826171875e-05
0.3486754894256592
4.70077919960022
0.8877379894256592
0.009200811386108398
24.289748907089233
0.0005195140838623047
0.0025634765625
0.02246546745300293
0.22336935997009277
1.8484539985656738
4.925683259963989
0.020763158798217773
2.188197374343872
0.004761457443237305
0.16025614738464355
0.9325499534606934
0.5974447727203369
0.0003209114074707031
4.670097351074219
0.08049750328063965
0.07119584083557129
0.0006840229034423828
0.014467000961303711
0.6132092475891113
0.03316831588745117
0.002023935317993164
0.214430570602417
0.3435542583465576
4.328956365585327
0.6673324108123779
2.847444534301758
4.678393602371216
0.02962636947631836
0.07049298286437988
0.0003159046173095703
0.03325915336608887
1.4947543144226074
0.0001289844512939453
4.9317522048950195
0.013375520706176758
1.5649054050445557
1.8773021697998047
0.22522211074829102
0.0009527206420898438
0.0028204917907714844
5.9604644775390625e-05
0.004384517669677734
0.0044269561767578125
0.0005431175231933594
1.9848034381866455
0.5756316184997559
4.038079738616943
0.0002512931823730469
0.009760141372680664
0.5813064575195312
0.007124662399291992
0.1325678825378418
0.0027167797088623047
2.5987625122070312e-05
0.00045609474182128906
0.8905797004699707
0.3404860496520996
0.009406089782714844
1.6632444858551025
0.8143918514251709
2.038287401199341
0.0012135505676269531
0.1058650016784668
0.001354217529296875
0.17735695838928223
0.2386152744293213
2.471074104309082
0.03669285774230957
2.1054511070251465
0.7231810092926025
1.0926554203033447
2.3035597801208496
0.05529594421386719
0.01287531852722168
2.1488287448883057
6.914138793945312e-05
3.851191997528076
8.106231689453125e-05
2.8671023845672607
0.0014917850494384766
0.279818058013916
6.060790538787842
15.50593900680542
0.00014853477478027344
0.0013816356658935547
2.6953699588775635
5.9412841796875
1.2788314819335938
4.633633136749268
0.0005736351013183594
0.004617929458618164
3.286268711090088
0.04242873191833496
0.009623527526855469
2.0153846740722656
0.008881807327270508
0.0033681392669677734
0.2844212055206299
0.6709973812103271
0.9539270401000977
1.425985336303711
0.09391021728515625
0.0008172988891601562
0.0058841705322265625
0.08425617218017578
0.5581705570220947
2.8371810913085938e-05
5.356749534606934
1.7550556659698486
0.004907846450805664
0.008625030517578125
9.955175876617432
1.7563285827636719
8.153915405273438e-05
0.0013058185577392578
4.9684343338012695
6.151199340820312e-05
0.027956008911132812
0.0001971721649169922
0.0001385211944580078
0.00016736984252929688
0.2239208221435547
0.8844468593597412
0.012675285339355469
0.05220174789428711
5.184983730316162
0.025758743286132812
1.7674834728240967
0.00012922286987304688
0.0074024200439453125
0.00010633468627929688
0.24744200706481934
0.002851724624633789
0.13360071182250977
1.2625846862792969
0.0006368160247802734
0.017496824264526367
0.0003402233123779297
1.8226721286773682
0.17498087882995605
1.0098605155944824
31.888880491256714
1.1445643901824951
0.02816486358642578
0.044217586517333984
0.00014710426330566406
0.33092188835144043
0.10534548759460449
3.8267481327056885
0.007143735885620117
6.346530199050903
17.224271774291992
12.755264282226562
0.056389570236206055
0.0868232250213623
0.04019308090209961
0.30338287353515625
0.9796538352966309
4.50205135345459
0.00016045570373535156
0.0010154247283935547
0.0004038810729980469
0.7868845462799072
0.44982099533081055
0.004698038101196289
0.0007181167602539062
4.0159385204315186
0.0007557868957519531
0.29514360427856445
12.269758224487305
1.3309950828552246
0.004201173782348633
0.13375043869018555
2.2479066848754883
0.9428555965423584
1.0287070274353027
0.012302398681640625
0.294966459274292
1.3974411487579346
0.0005242824554443359
3.700105667114258
0.5063178539276123
3.509462356567383
0.0030517578125
2.9061994552612305
2.3388280868530273
6.465235233306885
0.005082607269287109
0.9117465019226074
0.0011167526245117188
0.05109262466430664
0.40336084365844727
0.09754347801208496
0.0022928714752197266
1.2225868701934814
2.4335317611694336
0.1396336555480957
2.798665761947632
0.04473257064819336
0.0006561279296875
0.494199275970459
0.0007393360137939453
0.0007603168487548828
0.00039315223693847656
5.507469177246094e-05
0.7199592590332031
0.0004253387451171875
0.9319186210632324
0.010970830917358398
15.953058004379272
0.04528498649597168
0.03950357437133789
1.8068675994873047
0.00015425682067871094
9.107589721679688e-05
0.04507136344909668
0.09360170364379883
0.00030994415283203125
0.06677389144897461
1.0229756832122803
6.604194641113281e-05
11.910085678100586
0.0041201114654541016
0.0016055107116699219
0.0020608901977539062
0.010520696640014648
2.417023181915283
0.0008549690246582031
6.148492097854614
2.6840627193450928
0.02780771255493164
0.31099605560302734
1.248633623123169
12.210247993469238
0.0003113746643066406
3.7213337421417236
1.9370219707489014
0.0001246929168701172
0.465853214263916
0.4806032180786133
0.004179239273071289
11.403944730758667
0.042031049728393555
0.0027115345001220703
0.10808467864990234
0.0002040863037109375
5.695536851882935
2.724942684173584
0.12063121795654297
0.4900321960449219
0.3080782890319824
0.00015854835510253906
7.343292236328125e-05
3.329145669937134
0.0010821819305419922
0.009423494338989258
2.4790120124816895
2.514902114868164
0.2600977420806885
0.07374048233032227
0.10732746124267578
0.15174508094787598
0.0013899803161621094
0.056535959243774414
0.008605241775512695
2.578679084777832
4.9173314571380615
0.00030493736267089844
0.026993989944458008
1.29683518409729
9.124985933303833
0.7047185897827148
0.006832599639892578
0.8503243923187256
1.3537282943725586
0.03166913986206055
0.001247406005859375
2.2522964477539062
0.38097572326660156
3.8317651748657227
0.00011539459228515625
0.7615222930908203
0.011916160583496094
2.269296646118164
0.0002224445343017578
2.2530136108398438
7.200241088867188e-05
0.0022401809692382812
8.535385131835938e-05
0.002159595489501953
0.8291664123535156
2.527381420135498
0.0001938343048095703
0.027300119400024414
0.02703404426574707
0.008678197860717773
4.863739013671875e-05
5.364418029785156e-05
0.618952751159668
6.0558319091796875e-05
14.413100004196167
0.008401155471801758
0.012544393539428711
0.32387304306030273
0.0006775856018066406
0.006632566452026367
0.009715557098388672
4.64167046546936
0.007253408432006836
0.003413677215576172
0.33522725105285645
3.12164044380188
2.037362575531006
2.452849864959717
0.044452667236328125
0.000301361083984375
2.612349510192871
0.00015091896057128906
0.20424628257751465
5.820953369140625
1.2560484409332275
0.06385970115661621
0.024563074111938477
0.4524343013763428
0.00048041343688964844
1.4846091270446777
0.002840280532836914
0.00017380714416503906
1.401294231414795
3.4156463146209717
0.002135038375854492
0.11514472961425781
0.06605362892150879
0.40370631217956543
0.014368772506713867
0.0002529621124267578
0.357257604598999
2.1954033374786377
1.8883321285247803
0.016274213790893555
0.00022530555725097656
1.232147455215454
0.03022623062133789
0.10789155960083008
0.3447597026824951
0.15357518196105957
3.6833698749542236
1.837352991104126
0.01057744026184082
0.17664599418640137
1.0879786014556885
0.09316062927246094
5.620051145553589
0.10779261589050293
0.0005729198455810547
0.456937313079834
2.102109670639038
0.0001804828643798828
0.0021772384643554688
0.6356592178344727
0.13961362838745117
6.80814528465271
8.519068956375122
1.0701305866241455
0.000514984130859375
0.0002694129943847656
0.12105751037597656
1.0146822929382324
0.03298544883728027
0.5558240413665771
0.3855299949645996
0.2505655288696289
0.0018053054809570312
6.1780571937561035
0.0001232624053955078
0.0001327991485595703
0.012979269027709961
1.0525197982788086
1.048985242843628
0.1763167381286621
0.0009682178497314453
0.163818359375
1.0817759037017822
0.810232400894165
5.483352899551392
2.195199489593506
2.651440143585205
5.149707078933716
0.005974531173706055
0.5875232219696045
1.4122772216796875
0.006445407867431641
0.011669397354125977
2.421647310256958
14.643387794494629
0.0071141719818115234
1.9227421283721924
0.019613981246948242
0.0006592273712158203
0.0004143714904785156
0.0005247592926025391
1.249553918838501
0.003264904022216797
0.7384164333343506
0.3928248882293701
0.0002105236053466797
2.242953062057495
0.204054594039917
0.007616996765136719
0.14264845848083496
24.952131748199463
0.1433398723602295
2.755284070968628
0.5729527473449707
0.9893264770507812
0.011780023574829102
1.0496513843536377
0.0007500648498535156
0.5750119686126709
0.000762939453125
14.09147047996521
0.00014281272888183594
