4.363059997558594e-05
3.147125244140625e-05
3.1948089599609375e-05
3.0994415283203125e-05
3.0040740966796875e-05
2.8371810913085938e-05
3.147125244140625e-05
3.0517578125e-05
2.956390380859375e-05
3.147125244140625e-05
3.2901763916015625e-05
3.123283386230469e-05
3.123283386230469e-05
3.0279159545898438e-05
2.7894973754882812e-05
3.0994415283203125e-05
3.0279159545898438e-05
3.147125244140625e-05
3.147125244140625e-05
3.0040740966796875e-05
3.4332275390625e-05
3.075599670410156e-05
3.0279159545898438e-05
2.9325485229492188e-05
2.8371810913085938e-05
2.956390380859375e-05
3.0517578125e-05
2.956390380859375e-05
3.0517578125e-05
3.0040740966796875e-05
3.075599670410156e-05
4.9591064453125e-05
3.123283386230469e-05
4.57763671875e-05
3.337860107421875e-05
4.8160552978515625e-05
3.5762786865234375e-05
3.266334533691406e-05
4.649162292480469e-05
3.170967102050781e-05
3.457069396972656e-05
3.266334533691406e-05
3.0040740966796875e-05
3.1948089599609375e-05
3.075599670410156e-05
3.0040740966796875e-05
3.0040740966796875e-05
3.4332275390625e-05
3.123283386230469e-05
4.839897155761719e-05
4.8160552978515625e-05
6.67572021484375e-05
3.147125244140625e-05
3.170967102050781e-05
3.3855438232421875e-05
4.863739013671875e-05
3.814697265625e-05
3.6716461181640625e-05
3.337860107421875e-05
3.409385681152344e-05
3.528594970703125e-05
3.314018249511719e-05
3.1948089599609375e-05
3.218650817871094e-05
3.170967102050781e-05
3.4809112548828125e-05
3.075599670410156e-05
3.314018249511719e-05
3.4809112548828125e-05
3.695487976074219e-05
3.528594970703125e-05
3.504753112792969e-05
3.2901763916015625e-05
4.744529724121094e-05
3.266334533691406e-05
3.337860107421875e-05
3.170967102050781e-05
3.4809112548828125e-05
3.0040740966796875e-05
3.361701965332031e-05
3.24249267578125e-05
3.266334533691406e-05
3.147125244140625e-05
6.175041198730469e-05
3.170967102050781e-05
6.29425048828125e-05
3.719329833984375e-05
3.170967102050781e-05
5.2928924560546875e-05
4.887580871582031e-05
3.600120544433594e-05
3.218650817871094e-05
3.266334533691406e-05
4.9114227294921875e-05
3.361701965332031e-05
6.341934204101562e-05
4.9114227294921875e-05
3.170967102050781e-05
4.744529724121094e-05
3.4809112548828125e-05
9.34600830078125e-05
4.5299530029296875e-05
3.5762786865234375e-05
3.933906555175781e-05
3.24249267578125e-05
4.673004150390625e-05
3.337860107421875e-05
4.482269287109375e-05
3.1948089599609375e-05
4.363059997558594e-05
4.649162292480469e-05
2.9325485229492188e-05
3.0517578125e-05
3.0517578125e-05
2.956390380859375e-05
2.956390380859375e-05
3.0994415283203125e-05
3.0517578125e-05
3.075599670410156e-05
2.8371810913085938e-05
4.482269287109375e-05
3.075599670410156e-05
3.170967102050781e-05
3.0517578125e-05
2.9325485229492188e-05
2.9802322387695312e-05
2.8371810913085938e-05
2.9802322387695312e-05
3.0517578125e-05
3.0994415283203125e-05
5.888938903808594e-05
3.0994415283203125e-05
3.075599670410156e-05
3.218650817871094e-05
3.1948089599609375e-05
5.245208740234375e-05
7.009506225585938e-05
2.9802322387695312e-05
3.123283386230469e-05
3.0994415283203125e-05
4.6253204345703125e-05
3.170967102050781e-05
3.170967102050781e-05
2.7894973754882812e-05
3.218650817871094e-05
3.24249267578125e-05
3.314018249511719e-05
3.0517578125e-05
3.0994415283203125e-05
3.170967102050781e-05
3.1948089599609375e-05
3.075599670410156e-05
2.9325485229492188e-05
5.173683166503906e-05
3.3855438232421875e-05
3.361701965332031e-05
3.6716461181640625e-05
3.1948089599609375e-05
3.600120544433594e-05
3.1948089599609375e-05
5.3882598876953125e-05
3.4809112548828125e-05
3.600120544433594e-05
3.266334533691406e-05
3.6716461181640625e-05
3.457069396972656e-05
5.269050598144531e-05
5.340576171875e-05
3.4332275390625e-05
6.604194641113281e-05
4.5299530029296875e-05
3.266334533691406e-05
6.723403930664062e-05
3.147125244140625e-05
3.361701965332031e-05
3.457069396972656e-05
3.1948089599609375e-05
3.24249267578125e-05
3.314018249511719e-05
3.4809112548828125e-05
3.4809112548828125e-05
3.170967102050781e-05
3.3855438232421875e-05
3.266334533691406e-05
3.2901763916015625e-05
3.0279159545898438e-05
3.0279159545898438e-05
3.24249267578125e-05
3.123283386230469e-05
3.147125244140625e-05
3.123283386230469e-05
2.9087066650390625e-05
3.0994415283203125e-05
3.266334533691406e-05
3.0040740966796875e-05
3.123283386230469e-05
3.2901763916015625e-05
3.1948089599609375e-05
3.1948089599609375e-05
3.170967102050781e-05
3.170967102050781e-05
3.314018249511719e-05
3.0517578125e-05
3.337860107421875e-05
3.0040740966796875e-05
3.266334533691406e-05
3.4809112548828125e-05
3.147125244140625e-05
3.0994415283203125e-05
3.147125244140625e-05
3.62396240234375e-05
3.218650817871094e-05
3.266334533691406e-05
3.314018249511719e-05
3.0994415283203125e-05
3.5762786865234375e-05
3.933906555175781e-05
3.409385681152344e-05
3.3855438232421875e-05
3.24249267578125e-05
3.337860107421875e-05
3.504753112792969e-05
3.4332275390625e-05
3.0517578125e-05
2.9802322387695312e-05
3.0279159545898438e-05
3.1948089599609375e-05
3.0517578125e-05
2.8848648071289062e-05
3.170967102050781e-05
3.123283386230469e-05
2.9325485229492188e-05
3.2901763916015625e-05
3.1948089599609375e-05
3.0040740966796875e-05
2.9802322387695312e-05
8.988380432128906e-05
3.0517578125e-05
3.147125244140625e-05
3.170967102050781e-05
3.24249267578125e-05
3.0994415283203125e-05
3.147125244140625e-05
3.218650817871094e-05
3.266334533691406e-05
2.956390380859375e-05
3.147125244140625e-05
3.2901763916015625e-05
3.0279159545898438e-05
3.24249267578125e-05
3.337860107421875e-05
3.1948089599609375e-05
3.0279159545898438e-05
2.765655517578125e-05
3.0279159545898438e-05
3.123283386230469e-05
3.147125244140625e-05
3.1948089599609375e-05
2.8371810913085938e-05
3.0994415283203125e-05
3.147125244140625e-05
3.24249267578125e-05
3.147125244140625e-05
3.266334533691406e-05
3.218650817871094e-05
3.123283386230469e-05
2.956390380859375e-05
3.147125244140625e-05
2.9802322387695312e-05
2.9802322387695312e-05
3.218650817871094e-05
2.956390380859375e-05
2.86102294921875e-05
3.337860107421875e-05
3.1948089599609375e-05
3.218650817871094e-05
3.266334533691406e-05
2.956390380859375e-05
3.147125244140625e-05
3.147125244140625e-05
3.0040740966796875e-05
3.123283386230469e-05
3.123283386230469e-05
3.075599670410156e-05
3.147125244140625e-05
2.8848648071289062e-05
2.8371810913085938e-05
2.8133392333984375e-05
3.0279159545898438e-05
3.0994415283203125e-05
3.1948089599609375e-05
3.0040740966796875e-05
2.9802322387695312e-05
3.0279159545898438e-05
2.765655517578125e-05
3.0040740966796875e-05
3.075599670410156e-05
3.123283386230469e-05
3.0517578125e-05
2.956390380859375e-05
3.0517578125e-05
2.9802322387695312e-05
2.765655517578125e-05
2.8848648071289062e-05
3.147125244140625e-05
2.9087066650390625e-05
3.0517578125e-05
2.9325485229492188e-05
3.075599670410156e-05
2.86102294921875e-05
2.956390380859375e-05
2.86102294921875e-05
4.5299530029296875e-05
4.38690185546875e-05
2.9802322387695312e-05
3.0517578125e-05
2.8133392333984375e-05
3.0517578125e-05
3.0040740966796875e-05
2.8371810913085938e-05
3.0517578125e-05
2.8848648071289062e-05
2.956390380859375e-05
3.0517578125e-05
3.0517578125e-05
2.8133392333984375e-05
3.0517578125e-05
2.9087066650390625e-05
2.956390380859375e-05
2.8371810913085938e-05
3.075599670410156e-05
2.9087066650390625e-05
2.9802322387695312e-05
2.8133392333984375e-05
2.9802322387695312e-05
3.123283386230469e-05
3.0517578125e-05
3.075599670410156e-05
2.8848648071289062e-05
3.0994415283203125e-05
3.147125244140625e-05
3.0040740966796875e-05
2.956390380859375e-05
2.9087066650390625e-05
2.9325485229492188e-05
2.9325485229492188e-05
3.0994415283203125e-05
2.9087066650390625e-05
3.0279159545898438e-05
2.8848648071289062e-05
3.0279159545898438e-05
3.0040740966796875e-05
2.956390380859375e-05
2.9325485229492188e-05
2.9087066650390625e-05
3.0517578125e-05
3.0040740966796875e-05
3.0040740966796875e-05
2.9325485229492188e-05
3.147125244140625e-05
3.0040740966796875e-05
3.123283386230469e-05
3.0994415283203125e-05
2.956390380859375e-05
3.0517578125e-05
3.0040740966796875e-05
2.7418136596679688e-05
3.075599670410156e-05
4.8160552978515625e-05
4.744529724121094e-05
3.24249267578125e-05
4.2438507080078125e-05
3.170967102050781e-05
4.172325134277344e-05
3.0517578125e-05
2.9325485229492188e-05
3.147125244140625e-05
3.0040740966796875e-05
2.9802322387695312e-05
3.0517578125e-05
3.147125244140625e-05
3.170967102050781e-05
2.9087066650390625e-05
2.9802322387695312e-05
3.123283386230469e-05
2.6941299438476562e-05
6.365776062011719e-05
2.8848648071289062e-05
2.9325485229492188e-05
3.0517578125e-05
3.1948089599609375e-05
3.123283386230469e-05
3.075599670410156e-05
3.0279159545898438e-05
2.8133392333984375e-05
2.956390380859375e-05
3.0040740966796875e-05
2.7179718017578125e-05
2.9087066650390625e-05
2.9087066650390625e-05
2.9802322387695312e-05
3.0517578125e-05
3.123283386230469e-05
2.8848648071289062e-05
2.7179718017578125e-05
2.9087066650390625e-05
2.8133392333984375e-05
2.9802322387695312e-05
3.0040740966796875e-05
3.0517578125e-05
3.123283386230469e-05
2.9802322387695312e-05
3.0994415283203125e-05
3.0040740966796875e-05
3.147125244140625e-05
2.8371810913085938e-05
3.0279159545898438e-05
2.9325485229492188e-05
3.075599670410156e-05
3.0994415283203125e-05
3.123283386230469e-05
3.0994415283203125e-05
2.6941299438476562e-05
3.0279159545898438e-05
2.9087066650390625e-05
2.8848648071289062e-05
2.8133392333984375e-05
3.0279159545898438e-05
3.0040740966796875e-05
2.7894973754882812e-05
3.0517578125e-05
2.9325485229492188e-05
3.0994415283203125e-05
2.8848648071289062e-05
3.0279159545898438e-05
3.075599670410156e-05
2.8848648071289062e-05
2.956390380859375e-05
3.0994415283203125e-05
3.0994415283203125e-05
3.0994415283203125e-05
3.147125244140625e-05
2.956390380859375e-05
2.9325485229492188e-05
2.956390380859375e-05
3.0994415283203125e-05
3.0994415283203125e-05
3.123283386230469e-05
2.9802322387695312e-05
2.9087066650390625e-05
3.1948089599609375e-05
2.9087066650390625e-05
3.0279159545898438e-05
2.9087066650390625e-05
3.0279159545898438e-05
2.956390380859375e-05
3.075599670410156e-05
3.0040740966796875e-05
2.9087066650390625e-05
3.0040740966796875e-05
3.0517578125e-05
2.956390380859375e-05
2.9087066650390625e-05
8.845329284667969e-05
3.0517578125e-05
3.0279159545898438e-05
2.8133392333984375e-05
3.0040740966796875e-05
3.123283386230469e-05
2.956390380859375e-05
3.170967102050781e-05
3.075599670410156e-05
2.9087066650390625e-05
2.956390380859375e-05
2.9325485229492188e-05
3.123283386230469e-05
3.0040740966796875e-05
2.956390380859375e-05
2.9325485229492188e-05
3.0040740966796875e-05
2.9802322387695312e-05
2.8848648071289062e-05
3.0517578125e-05
3.0517578125e-05
3.0517578125e-05
2.956390380859375e-05
3.123283386230469e-05
3.0279159545898438e-05
3.0040740966796875e-05
3.075599670410156e-05
3.0040740966796875e-05
3.0994415283203125e-05
2.9802322387695312e-05
3.0517578125e-05
2.86102294921875e-05
2.8371810913085938e-05
2.8848648071289062e-05
3.0040740966796875e-05
2.9087066650390625e-05
2.9087066650390625e-05
