2.0170814990997314
2.070291757583618
1.9700956344604492
1.716217279434204
2.0323092937469482
2.373314380645752
1.2747011184692383
1.2098324298858643
1.6309173107147217
1.02518892288208
1.2403903007507324
1.0343477725982666
1.4765679836273193
1.535830020904541
2.897287368774414
1.3206605911254883
1.5224308967590332
1.6582262516021729
1.3081047534942627
2.5459048748016357
1.2963504791259766
0.9702255725860596
1.4909930229187012
2.150395631790161
3.165118455886841
1.5929529666900635
1.445225715637207
1.8842556476593018
1.1842701435089111
1.7082123756408691
1.9790029525756836
1.0919477939605713
0.9107129573822021
1.4840691089630127
0.8271493911743164
2.4906198978424072
0.8936471939086914
1.0390305519104004
0.9083504676818848
0.8902437686920166
0.8910949230194092
1.2033519744873047
2.9841959476470947
1.5960447788238525
1.274285078048706
2.970118761062622
2.5199363231658936
0.9752135276794434
2.3492865562438965
1.1991126537322998
2.678574323654175
1.4959735870361328
2.5410799980163574
2.4814038276672363
1.386167049407959
2.3881540298461914
1.0724973678588867
1.7055871486663818
0.9471173286437988
1.3144237995147705
1.0945324897766113
1.4000465869903564
0.9683651924133301
2.2925188541412354
1.5337340831756592
0.9729213714599609
1.9397685527801514
2.367962121963501
1.0862383842468262
0.9541952610015869
1.75504469871521
3.0423078536987305
2.5540201663970947
2.302783727645874
0.8386104106903076
1.649122953414917
1.1959600448608398
1.5812289714813232
3.0205752849578857
1.3448033332824707
1.3712546825408936
2.143850564956665
2.360281467437744
1.1106235980987549
1.6427276134490967
2.301755905151367
0.9404723644256592
2.1508915424346924
1.0661990642547607
1.9355573654174805
2.1917223930358887
1.4095895290374756
1.8545479774475098
2.111954927444458
1.9435005187988281
2.2750403881073
1.8657476902008057
2.945338487625122
1.4906315803527832
1.551123857498169
1.9759867191314697
3.2680792808532715
0.9473915100097656
1.0059106349945068
2.401658773422241
1.031343698501587
0.7574558258056641
1.7559616565704346
1.0763404369354248
1.8887839317321777
0.9030628204345703
2.084444284439087
1.2888085842132568
1.2088162899017334
1.4442026615142822
1.7055456638336182
1.3443808555603027
1.3763515949249268
1.2686011791229248
2.701953411102295
1.3238980770111084
2.5038845539093018
0.9506340026855469
0.8259315490722656
1.70619535446167
1.1204586029052734
2.4681646823883057
1.4674718379974365
1.790311574935913
1.2825839519500732
1.555600881576538
1.606597661972046
2.063833713531494
1.6574537754058838
1.9075376987457275
1.4301059246063232
2.587214708328247
2.783656358718872
1.2023143768310547
2.0877845287323
3.747790575027466
1.1569814682006836
1.9905455112457275
2.636354446411133
1.1821889877319336
1.0379185676574707
1.0871038436889648
1.9923491477966309
1.3671064376831055
1.9532179832458496
2.1388542652130127
1.2495756149291992
3.0707685947418213
1.800720453262329
1.9480984210968018
1.5955498218536377
2.75608229637146
2.0171616077423096
1.965543508529663
1.785895824432373
1.291459083557129
2.052927017211914
2.3359804153442383
1.9290060997009277
0.6620938777923584
0.8613028526306152
1.064971923828125
2.8228931427001953
1.7881689071655273
1.0510704517364502
1.749769926071167
1.7781341075897217
0.7994186878204346
1.4192264080047607
1.0919053554534912
1.0326907634735107
1.3252511024475098
1.8911449909210205
0.9616007804870605
1.0917789936065674
2.0179593563079834
1.4296727180480957
1.0708439350128174
1.0962769985198975
1.0704669952392578
1.6247992515563965
2.611678123474121
1.3518993854522705
2.114262580871582
1.5738306045532227
1.937178611755371
2.6118297576904297
1.8985915184020996
1.01682710647583
2.367168664932251
1.3998336791992188
1.246443748474121
1.2351725101470947
1.1643383502960205
1.39780592918396
2.2761032581329346
1.1235132217407227
2.450587034225464
1.0477371215820312
1.9106216430664062
0.9105401039123535
1.1337499618530273
1.7885644435882568
2.103170871734619
1.8125567436218262
1.1811308860778809
1.408050775527954
1.4888274669647217
1.0022966861724854
2.426849603652954
1.2470817565917969
1.1477515697479248
1.2611701488494873
1.04433274269104
1.0860998630523682
2.040483236312866
1.1540780067443848
1.0119361877441406
2.4626588821411133
2.548515796661377
2.2642338275909424
1.3855390548706055
1.652580976486206
2.6060593128204346
1.2711870670318604
2.1538705825805664
2.7493817806243896
1.0389866828918457
0.8241250514984131
1.4003872871398926
2.0721426010131836
1.2725248336791992
2.2539572715759277
1.2339506149291992
1.023078441619873
1.3087286949157715
1.3437554836273193
1.391284704208374
0.9105842113494873
0.9896454811096191
1.927607536315918
1.2629785537719727
0.8810772895812988
1.3150954246520996
0.9218602180480957
0.999547004699707
1.2823107242584229
1.7368366718292236
2.992530584335327
2.01326584815979
1.1481645107269287
1.0894036293029785
1.135056495666504
3.0913045406341553
1.2986419200897217
2.077669382095337
1.0563232898712158
1.9751548767089844
0.842698335647583
1.1743104457855225
1.2239317893981934
2.4914932250976562
1.6486434936523438
2.0362329483032227
2.275117874145508
1.6016595363616943
2.681654214859009
2.98079252243042
0.9154577255249023
1.088646650314331
1.1045925617218018
0.9297668933868408
2.412350654602051
1.1319091320037842
0.8565211296081543
1.963122844696045
0.8394412994384766
0.8240625858306885
1.0431373119354248
0.8317794799804688
1.805671215057373
2.6000208854675293
2.425302505493164
1.4156992435455322
1.0964601039886475
1.6960124969482422
1.5831763744354248
2.019087791442871
1.2092299461364746
2.348076820373535
1.0740327835083008
1.6151697635650635
1.2404351234436035
1.6844065189361572
1.0824222564697266
1.7832131385803223
1.6333930492401123
2.8820905685424805
1.8638277053833008
0.8949203491210938
1.8914923667907715
1.2339026927947998
1.7149500846862793
1.022841215133667
2.122701644897461
2.226548194885254
2.162707567214966
1.3223693370819092
0.9430854320526123
1.6819026470184326
1.0949428081512451
1.8386764526367188
1.2397711277008057
1.5730805397033691
2.055647611618042
1.3134682178497314
2.1354193687438965
1.7266156673431396
1.0565621852874756
1.0032939910888672
2.594527244567871
0.8319389820098877
2.029353380203247
1.2578701972961426
2.00486421585083
1.3861215114593506
1.718712568283081
1.7706873416900635
2.2183501720428467
1.8421547412872314
1.1806199550628662
0.9958364963531494
1.07950758934021
1.6253983974456787
1.1436550617218018
2.2882537841796875
1.6696295738220215
1.1962342262268066
2.150963544845581
2.1210286617279053
1.7188591957092285
1.2294321060180664
1.869185209274292
1.492666482925415
1.9422929286956787
1.4957623481750488
1.3157174587249756
1.2612669467926025
2.0137038230895996
1.753037929534912
1.1986522674560547
1.5543041229248047
1.3794434070587158
1.498063325881958
0.9692981243133545
2.1934919357299805
0.997694730758667
0.9746177196502686
1.6847283840179443
0.9218597412109375
1.3346891403198242
3.1080727577209473
1.0170509815216064
1.0780467987060547
0.9830811023712158
1.5985329151153564
2.045778751373291
1.0977394580841064
2.424893379211426
1.235546588897705
2.4559366703033447
0.9021532535552979
1.447906255722046
1.191138505935669
1.4042816162109375
1.387265920639038
0.8194663524627686
2.0471320152282715
1.9820013046264648
0.8639755249023438
2.7297680377960205
1.979222059249878
1.7719266414642334
1.6276192665100098
1.2421658039093018
0.9344892501831055
0.9887688159942627
0.9511454105377197
1.0924127101898193
2.4095475673675537
1.6161479949951172
1.1131350994110107
2.306412696838379
2.058880567550659
1.6136562824249268
2.973341703414917
1.2800986766815186
1.3529975414276123
1.3041937351226807
2.6268959045410156
1.3723077774047852
2.625044107437134
1.2462480068206787
1.3013410568237305
1.179851770401001
1.4005506038665771
1.2926011085510254
1.0361993312835693
1.2072317600250244
1.1714439392089844
2.6337335109710693
0.9677224159240723
1.8047173023223877
1.1117329597473145
0.909595251083374
1.1055405139923096
1.216592788696289
2.862910747528076
1.573580265045166
1.5604009628295898
1.9030482769012451
2.2094907760620117
1.1310820579528809
1.253019094467163
1.964073657989502
1.567307472229004
1.5022144317626953
1.1883692741394043
1.6406466960906982
1.241377830505371
1.0222759246826172
1.7293565273284912
1.3303394317626953
1.1096055507659912
0.7727999687194824
1.4478626251220703
0.8751869201660156
1.9111170768737793
1.6596345901489258
1.6017398834228516
0.9169318675994873
1.0576517581939697
1.124222755432129
1.2907698154449463
1.4273598194122314
0.8406550884246826
1.5886783599853516
1.307584524154663
1.6066038608551025
1.1657044887542725
1.5340707302093506
1.0744881629943848
1.3034873008728027
1.5743114948272705
1.3276581764221191
2.2682130336761475
2.437751054763794
2.2735469341278076
1.3589394092559814
2.076066732406616
1.2840564250946045
2.370701313018799
1.595872402191162
0.9109978675842285
1.2750499248504639
1.2112584114074707
0.733942985534668
2.1046721935272217
2.161045551300049
2.220714569091797
1.005549430847168
1.2518863677978516
1.0456650257110596
2.84538197517395
1.7190964221954346
2.496184825897217
2.737802505493164
1.2506611347198486
1.1184978485107422
1.2547690868377686
1.700876235961914
0.8915324211120605
1.3198447227478027
1.3828861713409424
1.229076862335205
2.1845953464508057
1.3390345573425293
2.0530600547790527
1.394165277481079
2.7727420330047607
1.777313470840454
1.39739990234375
1.1397550106048584
1.7590112686157227
1.8278083801269531
