0.1543893814086914
0.4041135311126709
0.1897115707397461
0.22732853889465332
0.22029447555541992
0.27539610862731934
0.17585086822509766
0.3341634273529053
0.14242935180664062
0.3194704055786133
0.126723051071167
0.3542325496673584
0.2735767364501953
0.18976569175720215
0.1812424659729004
0.3112523555755615
0.1746387481689453
0.1472606658935547
0.3085141181945801
0.15078425407409668
0.2556028366088867
0.16503572463989258
0.14538145065307617
0.15583324432373047
0.28072166442871094
0.35811567306518555
0.21960115432739258
0.2638370990753174
0.2524893283843994
0.21927475929260254
0.303452730178833
0.2957613468170166
0.17903852462768555
0.3249516487121582
0.17051410675048828
0.3363609313964844
0.14621353149414062
0.1330122947692871
0.2058556079864502
0.27469563484191895
0.4368007183074951
0.359926700592041
0.20827341079711914
0.3065483570098877
0.36858510971069336
0.3710978031158447
0.1885850429534912
0.22011470794677734
0.17234539985656738
0.17982029914855957
0.17817974090576172
0.19539666175842285
0.25806522369384766
0.3429245948791504
0.25171542167663574
0.24504828453063965
0.1611919403076172
0.19751405715942383
0.1707758903503418
0.1518251895904541
0.3193655014038086
0.12735319137573242
0.2873995304107666
0.2277965545654297
0.253903865814209
0.275423526763916
0.16465282440185547
0.1679518222808838
0.17203903198242188
0.38827943801879883
0.1421525478363037
0.17494797706604004
0.17490386962890625
0.4929630756378174
0.21703219413757324
0.25809264183044434
0.15915656089782715
0.24079036712646484
0.334169864654541
0.3012402057647705
0.18912029266357422
0.24358367919921875
0.3772702217102051
0.1632988452911377
0.19915461540222168
0.2430887222290039
0.15613842010498047
0.2903881072998047
0.517758846282959
0.16954326629638672
0.25314974784851074
0.31520795822143555
0.1707780361175537
0.14342856407165527
0.3342459201812744
0.2282865047454834
0.17782950401306152
0.17792582511901855
0.15775418281555176
0.2908964157104492
0.38205766677856445
0.2781682014465332
0.23178386688232422
0.16512727737426758
0.15421438217163086
0.2932312488555908
0.3559253215789795
0.18288612365722656
0.2850053310394287
0.4150516986846924
0.24040913581848145
0.20834946632385254
0.16855359077453613
0.33092308044433594
0.1353449821472168
0.12816619873046875
0.3669857978820801
0.1761927604675293
0.2384355068206787
0.16873383522033691
0.18044137954711914
0.16585850715637207
0.19990921020507812
0.28091907501220703
0.24098968505859375
0.27596092224121094
0.25513339042663574
0.3034982681274414
0.22364521026611328
0.24232983589172363
0.3377840518951416
0.313382625579834
0.13315439224243164
0.22629761695861816
0.22772717475891113
0.23090577125549316
0.15889978408813477
0.367053747177124
0.15823936462402344
0.35966038703918457
0.1700136661529541
0.2916574478149414
0.30607104301452637
0.16051888465881348
0.1980738639831543
0.16829562187194824
0.3403453826904297
0.16195082664489746
0.25139379501342773
0.1283109188079834
0.15854573249816895
0.20003128051757812
0.3248121738433838
0.2192516326904297
0.14860820770263672
0.30450963973999023
0.4273223876953125
0.2915987968444824
0.23059749603271484
0.20289826393127441
0.17957520484924316
0.2512228488922119
0.17524003982543945
0.19192814826965332
0.18545055389404297
0.17857766151428223
0.3092164993286133
0.21733307838439941
0.4178810119628906
0.23270821571350098
0.28498148918151855
0.17574787139892578
0.18926310539245605
0.214735746383667
0.2857637405395508
0.26227760314941406
0.449718713760376
0.20916032791137695
0.18169784545898438
0.13790225982666016
0.4384477138519287
0.27720212936401367
0.27522850036621094
0.1381244659423828
0.20219802856445312
0.14688968658447266
0.2132265567779541
0.13311982154846191
0.40590739250183105
0.4682185649871826
0.20907998085021973
0.17549753189086914
0.18724966049194336
0.16202116012573242
0.16041922569274902
0.17348051071166992
0.1590869426727295
0.21496152877807617
0.22767138481140137
0.20192599296569824
0.3992593288421631
0.23110723495483398
0.2367572784423828
0.16451597213745117
0.17296743392944336
0.18204903602600098
0.25402283668518066
0.1512444019317627
0.15462851524353027
0.24300575256347656
0.21478605270385742
0.1724255084991455
0.3490731716156006
0.3389432430267334
0.166672945022583
0.4196341037750244
0.16986775398254395
0.34456849098205566
0.15699458122253418
0.13816332817077637
0.4101259708404541
0.27542805671691895
0.4349632263183594
0.20397019386291504
0.38915395736694336
0.33147168159484863
0.14996695518493652
0.21537280082702637
0.39702677726745605
0.32283496856689453
0.2548351287841797
0.24449419975280762
0.23883938789367676
0.2758305072784424
0.14834904670715332
0.33109593391418457
0.21387362480163574
0.12042498588562012
0.14569473266601562
0.28633618354797363
0.37389612197875977
0.1411738395690918
0.315626859664917
0.2970619201660156
0.23684978485107422
0.17592668533325195
0.15453577041625977
0.19598770141601562
0.25452494621276855
0.14441919326782227
0.3017308712005615
0.35501623153686523
0.3889951705932617
0.3026282787322998
0.1747734546661377
0.39084863662719727
0.14274239540100098
0.1646256446838379
0.15728998184204102
0.2471325397491455
0.3166158199310303
0.25318169593811035
0.17082858085632324
0.20402193069458008
0.25861334800720215
0.16259407997131348
0.25067925453186035
0.17152023315429688
0.17574787139892578
0.1618494987487793
0.13057804107666016
0.16044330596923828
0.3656458854675293
0.19574546813964844
0.1471538543701172
0.16657161712646484
0.24750924110412598
0.2550637722015381
0.24035120010375977
0.13838887214660645
0.3106570243835449
0.2354590892791748
0.36322927474975586
0.17517685890197754
0.1634044647216797
0.1418170928955078
0.3120436668395996
0.18183660507202148
0.19867634773254395
0.2666783332824707
0.23136305809020996
0.1899571418762207
0.31104230880737305
0.17329812049865723
0.22472357749938965
0.13362789154052734
0.319873571395874
0.23644161224365234
0.19277215003967285
0.23617839813232422
0.1499173641204834
0.18912601470947266
0.14255046844482422
0.1550149917602539
0.10208654403686523
0.1405038833618164
0.16274547576904297
0.23509001731872559
0.19208168983459473
0.1498103141784668
0.18204569816589355
0.2998030185699463
0.14099717140197754
0.2637465000152588
0.15562963485717773
0.29231953620910645
0.20582151412963867
0.2596116065979004
0.1481027603149414
0.3157644271850586
0.4176297187805176
0.20209789276123047
0.5181436538696289
0.3005948066711426
0.11380767822265625
0.2685244083404541
0.22828221321105957
0.25257110595703125
0.4098374843597412
0.4059765338897705
0.3034965991973877
0.29652833938598633
0.24372053146362305
0.1529831886291504
0.16979193687438965
0.14815711975097656
0.17703843116760254
0.3332998752593994
0.5214653015136719
0.13048624992370605
0.19172978401184082
0.17708921432495117
0.24714946746826172
0.22405004501342773
0.3301239013671875
0.27461886405944824
0.24499201774597168
0.15079832077026367
0.3671913146972656
0.32484960556030273
0.1920456886291504
0.17062997817993164
0.13453316688537598
0.14464473724365234
0.17290520668029785
0.36295604705810547
0.3718118667602539
0.15894603729248047
0.16401028633117676
0.27825927734375
0.132094144821167
0.20311999320983887
0.22025609016418457
0.2204887866973877
0.15269255638122559
0.3577880859375
0.19143104553222656
0.2050628662109375
0.13469815254211426
0.4004549980163574
0.3364450931549072
0.15962529182434082
0.2261979579925537
0.17573809623718262
0.1384575366973877
0.2353065013885498
0.24707555770874023
0.27773070335388184
0.18626022338867188
0.40067410469055176
0.2708454132080078
0.259552001953125
0.18349170684814453
0.17600131034851074
0.1469106674194336
0.22233295440673828
0.21202921867370605
0.15483999252319336
0.278963565826416
0.3456597328186035
0.15511536598205566
0.21387696266174316
0.491560697555542
0.22809243202209473
0.1384274959564209
0.16667938232421875
0.16437649726867676
0.2592599391937256
0.29143810272216797
0.187608003616333
0.22009539604187012
0.19951367378234863
0.25988221168518066
0.3562960624694824
0.3709254264831543
0.24065709114074707
0.18694734573364258
0.16553258895874023
0.17597079277038574
0.2225937843322754
0.37436985969543457
0.12894320487976074
0.31496119499206543
0.13306427001953125
0.4395737648010254
0.240645170211792
0.4036555290222168
0.18497514724731445
0.12494778633117676
0.12286162376403809
0.32619404792785645
0.3067479133605957
0.2472398281097412
0.19969534873962402
0.45151662826538086
0.22444725036621094
0.16382551193237305
0.22947359085083008
0.3089630603790283
0.38012266159057617
0.24767255783081055
0.41136622428894043
0.37592005729675293
0.3318312168121338
0.15965557098388672
0.1904900074005127
0.2423093318939209
0.13596892356872559
0.17398691177368164
0.12907719612121582
0.23273968696594238
0.14515924453735352
0.1185915470123291
0.17411494255065918
0.18339204788208008
0.1492137908935547
0.3255453109741211
0.28167247772216797
0.23376154899597168
0.2374706268310547
0.15753746032714844
0.28755998611450195
0.2515995502471924
0.30670952796936035
0.20938706398010254
0.1719493865966797
0.13609933853149414
0.227919340133667
0.32637882232666016
0.17281460762023926
0.12982511520385742
0.22292590141296387
0.23509454727172852
0.4732513427734375
0.2296428680419922
0.14327669143676758
0.35555315017700195
0.21740484237670898
0.2514193058013916
0.3197896480560303
0.34345507621765137
0.41455698013305664
0.2732079029083252
0.27376842498779297
0.22995972633361816
0.20467185974121094
0.19188261032104492
0.25543928146362305
0.3294408321380615
0.31037163734436035
0.23291015625
0.4749166965484619
0.17446112632751465
0.33945631980895996
0.18908452987670898
0.17011785507202148
0.21272778511047363
0.3090810775756836
0.14575576782226562
0.17523527145385742
0.22633147239685059
0.19010257720947266
0.17846179008483887
0.21001505851745605
0.15168023109436035
0.3469667434692383
0.1986982822418213
0.17561626434326172
0.1759333610534668
0.3333296775817871
