4.172325134277344e-05
3.218650817871094e-05
3.3855438232421875e-05
3.24249267578125e-05
3.2901763916015625e-05
3.123283386230469e-05
3.2901763916015625e-05
3.0517578125e-05
3.24249267578125e-05
2.9802322387695312e-05
3.600120544433594e-05
2.9087066650390625e-05
3.1948089599609375e-05
3.24249267578125e-05
3.1948089599609375e-05
3.0517578125e-05
3.1948089599609375e-05
3.218650817871094e-05
3.0279159545898438e-05
3.170967102050781e-05
3.361701965332031e-05
3.266334533691406e-05
3.314018249511719e-05
3.1948089599609375e-05
3.0517578125e-05
3.075599670410156e-05
3.24249267578125e-05
3.147125244140625e-05
3.147125244140625e-05
3.170967102050781e-05
3.170967102050781e-05
3.123283386230469e-05
3.147125244140625e-05
3.147125244140625e-05
3.218650817871094e-05
2.9087066650390625e-05
3.24249267578125e-05
3.266334533691406e-05
3.1948089599609375e-05
3.123283386230469e-05
3.075599670410156e-05
3.075599670410156e-05
3.0994415283203125e-05
3.0517578125e-05
2.9325485229492188e-05
2.9087066650390625e-05
3.218650817871094e-05
3.218650817871094e-05
3.147125244140625e-05
3.24249267578125e-05
7.724761962890625e-05
7.557868957519531e-05
3.1948089599609375e-05
3.075599670410156e-05
3.0994415283203125e-05
3.170967102050781e-05
3.314018249511719e-05
6.389617919921875e-05
3.170967102050781e-05
3.337860107421875e-05
3.1948089599609375e-05
3.314018249511719e-05
3.0994415283203125e-05
3.170967102050781e-05
3.147125244140625e-05
3.123283386230469e-05
4.482269287109375e-05
3.075599670410156e-05
3.0040740966796875e-05
2.8133392333984375e-05
4.506111145019531e-05
3.147125244140625e-05
3.0279159545898438e-05
2.7894973754882812e-05
3.0279159545898438e-05
2.8848648071289062e-05
4.863739013671875e-05
2.9325485229492188e-05
2.8133392333984375e-05
2.86102294921875e-05
4.458427429199219e-05
2.956390380859375e-05
2.8371810913085938e-05
3.0994415283203125e-05
2.9087066650390625e-05
2.9325485229492188e-05
3.0279159545898438e-05
2.9325485229492188e-05
2.7418136596679688e-05
3.0279159545898438e-05
4.291534423828125e-05
2.9087066650390625e-05
3.0517578125e-05
3.0279159545898438e-05
2.86102294921875e-05
2.9802322387695312e-05
3.0040740966796875e-05
2.9802322387695312e-05
3.0040740966796875e-05
2.8371810913085938e-05
3.075599670410156e-05
3.0517578125e-05
2.9087066650390625e-05
3.0279159545898438e-05
3.0040740966796875e-05
2.8848648071289062e-05
2.7894973754882812e-05
3.0517578125e-05
2.8848648071289062e-05
2.7894973754882812e-05
4.4345855712890625e-05
3.0279159545898438e-05
3.075599670410156e-05
2.956390380859375e-05
3.0517578125e-05
3.0994415283203125e-05
2.765655517578125e-05
3.0279159545898438e-05
3.0279159545898438e-05
3.123283386230469e-05
4.482269287109375e-05
3.075599670410156e-05
3.123283386230469e-05
2.9325485229492188e-05
2.86102294921875e-05
2.9802322387695312e-05
2.9087066650390625e-05
2.956390380859375e-05
2.956390380859375e-05
5.8650970458984375e-05
4.410743713378906e-05
2.956390380859375e-05
3.0517578125e-05
2.9802322387695312e-05
2.9325485229492188e-05
2.9087066650390625e-05
3.0040740966796875e-05
6.842613220214844e-05
3.0517578125e-05
2.7894973754882812e-05
3.314018249511719e-05
2.86102294921875e-05
2.86102294921875e-05
3.0040740966796875e-05
3.0517578125e-05
2.9802322387695312e-05
2.86102294921875e-05
3.0994415283203125e-05
2.86102294921875e-05
3.0994415283203125e-05
4.5299530029296875e-05
2.956390380859375e-05
2.8371810913085938e-05
2.956390380859375e-05
3.0517578125e-05
2.8133392333984375e-05
2.7418136596679688e-05
2.86102294921875e-05
2.9087066650390625e-05
3.0279159545898438e-05
4.458427429199219e-05
2.9325485229492188e-05
2.956390380859375e-05
3.0517578125e-05
2.956390380859375e-05
3.0040740966796875e-05
2.86102294921875e-05
2.956390380859375e-05
2.6226043701171875e-05
2.956390380859375e-05
4.291534423828125e-05
3.0279159545898438e-05
2.956390380859375e-05
2.9802322387695312e-05
2.8371810913085938e-05
2.8371810913085938e-05
2.7418136596679688e-05
3.0040740966796875e-05
3.0517578125e-05
3.075599670410156e-05
4.076957702636719e-05
2.8848648071289062e-05
2.9325485229492188e-05
3.075599670410156e-05
2.9802322387695312e-05
3.147125244140625e-05
2.9325485229492188e-05
3.0517578125e-05
2.7894973754882812e-05
2.7179718017578125e-05
4.410743713378906e-05
3.147125244140625e-05
3.0040740966796875e-05
3.0994415283203125e-05
3.0040740966796875e-05
3.0279159545898438e-05
3.0040740966796875e-05
2.956390380859375e-05
2.9802322387695312e-05
3.0517578125e-05
3.123283386230469e-05
3.123283386230469e-05
8.916854858398438e-05
3.0994415283203125e-05
3.0517578125e-05
3.0994415283203125e-05
3.0040740966796875e-05
3.170967102050781e-05
3.075599670410156e-05
2.956390380859375e-05
4.38690185546875e-05
3.123283386230469e-05
2.8371810913085938e-05
2.8133392333984375e-05
3.123283386230469e-05
2.8371810913085938e-05
3.0040740966796875e-05
2.86102294921875e-05
3.123283386230469e-05
3.0279159545898438e-05
3.170967102050781e-05
4.172325134277344e-05
2.7179718017578125e-05
3.0040740966796875e-05
2.86102294921875e-05
2.9087066650390625e-05
3.0279159545898438e-05
2.8848648071289062e-05
2.8133392333984375e-05
2.8133392333984375e-05
4.3392181396484375e-05
2.9325485229492188e-05
2.9325485229492188e-05
2.8371810913085938e-05
3.123283386230469e-05
2.9087066650390625e-05
3.075599670410156e-05
3.0040740966796875e-05
3.0994415283203125e-05
2.9325485229492188e-05
4.2438507080078125e-05
3.0279159545898438e-05
2.765655517578125e-05
2.9087066650390625e-05
2.9802322387695312e-05
3.0040740966796875e-05
3.0994415283203125e-05
3.0040740966796875e-05
2.8848648071289062e-05
3.0994415283203125e-05
4.291534423828125e-05
2.8371810913085938e-05
2.86102294921875e-05
2.9087066650390625e-05
3.0040740966796875e-05
2.8371810913085938e-05
3.0517578125e-05
2.956390380859375e-05
3.0279159545898438e-05
2.9325485229492188e-05
4.3392181396484375e-05
2.9802322387695312e-05
3.0994415283203125e-05
3.0279159545898438e-05
2.9087066650390625e-05
3.0517578125e-05
2.956390380859375e-05
2.9325485229492188e-05
3.0517578125e-05
3.0994415283203125e-05
4.458427429199219e-05
3.0517578125e-05
2.86102294921875e-05
3.0994415283203125e-05
3.075599670410156e-05
3.0994415283203125e-05
7.724761962890625e-05
2.956390380859375e-05
2.956390380859375e-05
3.0517578125e-05
3.0040740966796875e-05
3.0517578125e-05
2.8848648071289062e-05
2.9087066650390625e-05
3.075599670410156e-05
3.075599670410156e-05
2.8848648071289062e-05
3.075599670410156e-05
3.0279159545898438e-05
2.8848648071289062e-05
4.4345855712890625e-05
3.0517578125e-05
2.8133392333984375e-05
3.0040740966796875e-05
2.9802322387695312e-05
3.075599670410156e-05
2.8848648071289062e-05
2.9325485229492188e-05
2.9087066650390625e-05
2.8848648071289062e-05
4.506111145019531e-05
3.075599670410156e-05
3.0994415283203125e-05
3.075599670410156e-05
3.0994415283203125e-05
2.956390380859375e-05
3.0279159545898438e-05
2.9087066650390625e-05
2.9325485229492188e-05
3.0517578125e-05
4.363059997558594e-05
2.8848648071289062e-05
3.0040740966796875e-05
2.8371810913085938e-05
3.123283386230469e-05
2.86102294921875e-05
2.9802322387695312e-05
3.0040740966796875e-05
3.0279159545898438e-05
2.86102294921875e-05
4.2438507080078125e-05
2.956390380859375e-05
2.6464462280273438e-05
2.9087066650390625e-05
3.0994415283203125e-05
2.8848648071289062e-05
3.0040740966796875e-05
2.9087066650390625e-05
2.765655517578125e-05
2.8133392333984375e-05
4.2438507080078125e-05
2.9325485229492188e-05
2.956390380859375e-05
3.0279159545898438e-05
3.075599670410156e-05
3.075599670410156e-05
3.0994415283203125e-05
2.86102294921875e-05
2.7418136596679688e-05
3.075599670410156e-05
4.458427429199219e-05
3.147125244140625e-05
2.9087066650390625e-05
2.9325485229492188e-05
2.6941299438476562e-05
2.9087066650390625e-05
2.86102294921875e-05
3.123283386230469e-05
2.8371810913085938e-05
4.76837158203125e-05
6.532669067382812e-05
4.482269287109375e-05
3.147125244140625e-05
3.0994415283203125e-05
2.9802322387695312e-05
2.86102294921875e-05
2.8133392333984375e-05
3.075599670410156e-05
3.0517578125e-05
2.9325485229492188e-05
3.3855438232421875e-05
3.266334533691406e-05
3.170967102050781e-05
4.506111145019531e-05
3.24249267578125e-05
2.8133392333984375e-05
2.9802322387695312e-05
2.956390380859375e-05
3.075599670410156e-05
2.7894973754882812e-05
4.5299530029296875e-05
3.266334533691406e-05
3.075599670410156e-05
4.291534423828125e-05
3.075599670410156e-05
2.956390380859375e-05
2.956390380859375e-05
2.8371810913085938e-05
3.0040740966796875e-05
2.7418136596679688e-05
3.2901763916015625e-05
4.1961669921875e-05
3.0517578125e-05
2.9325485229492188e-05
3.0994415283203125e-05
2.956390380859375e-05
2.956390380859375e-05
3.075599670410156e-05
2.8371810913085938e-05
2.8133392333984375e-05
6.389617919921875e-05
3.1948089599609375e-05
3.9577484130859375e-05
2.956390380859375e-05
3.0279159545898438e-05
3.075599670410156e-05
2.9802322387695312e-05
2.9325485229492188e-05
2.8848648071289062e-05
3.0279159545898438e-05
3.123283386230469e-05
3.123283386230469e-05
2.9325485229492188e-05
2.8848648071289062e-05
2.8371810913085938e-05
2.8848648071289062e-05
3.0279159545898438e-05
3.0040740966796875e-05
2.9802322387695312e-05
2.9325485229492188e-05
3.147125244140625e-05
4.363059997558594e-05
2.8848648071289062e-05
3.0994415283203125e-05
2.6941299438476562e-05
2.9802322387695312e-05
2.7894973754882812e-05
3.0517578125e-05
3.0994415283203125e-05
3.123283386230469e-05
5.340576171875e-05
3.0040740966796875e-05
3.0040740966796875e-05
3.0517578125e-05
2.6464462280273438e-05
2.8848648071289062e-05
2.956390380859375e-05
2.956390380859375e-05
2.9087066650390625e-05
4.7206878662109375e-05
4.9114227294921875e-05
2.86102294921875e-05
2.86102294921875e-05
2.86102294921875e-05
3.075599670410156e-05
2.9802322387695312e-05
2.9325485229492188e-05
3.0279159545898438e-05
3.075599670410156e-05
3.075599670410156e-05
4.38690185546875e-05
3.0994415283203125e-05
3.075599670410156e-05
3.0279159545898438e-05
2.9325485229492188e-05
3.0517578125e-05
2.8133392333984375e-05
2.9087066650390625e-05
2.9325485229492188e-05
2.8848648071289062e-05
4.696846008300781e-05
4.220008850097656e-05
2.9802322387695312e-05
2.86102294921875e-05
3.0040740966796875e-05
3.075599670410156e-05
3.0279159545898438e-05
2.86102294921875e-05
2.8133392333984375e-05
3.0279159545898438e-05
4.5299530029296875e-05
2.956390380859375e-05
2.956390380859375e-05
2.6941299438476562e-05
2.9325485229492188e-05
3.0994415283203125e-05
2.7894973754882812e-05
2.9087066650390625e-05
2.9087066650390625e-05
2.86102294921875e-05
6.175041198730469e-05
4.172325134277344e-05
2.9325485229492188e-05
2.9087066650390625e-05
2.9325485229492188e-05
2.9802322387695312e-05
2.9325485229492188e-05
2.9087066650390625e-05
2.8848648071289062e-05
2.7894973754882812e-05
4.38690185546875e-05
2.7418136596679688e-05
2.9802322387695312e-05
2.8133392333984375e-05
2.9325485229492188e-05
3.0279159545898438e-05
2.956390380859375e-05
2.86102294921875e-05
3.0279159545898438e-05
2.9802322387695312e-05
3.1948089599609375e-05
3.314018249511719e-05
3.266334533691406e-05
8.249282836914062e-05
4.696846008300781e-05
2.765655517578125e-05
3.0279159545898438e-05
3.0994415283203125e-05
3.0279159545898438e-05
2.8371810913085938e-05
