0.07800960540771484
0.14891815185546875
0.10573244094848633
0.12595725059509277
0.08898782730102539
0.09271931648254395
0.1859123706817627
0.09325742721557617
0.09327960014343262
0.10181498527526855
0.13181400299072266
0.10366344451904297
0.10740089416503906
0.16995549201965332
0.06841754913330078
0.22306180000305176
0.11121392250061035
0.13612723350524902
0.1744859218597412
0.07641959190368652
0.07025885581970215
0.09120965003967285
0.2078244686126709
0.20437121391296387
0.10119318962097168
0.08188176155090332
0.13784360885620117
0.08093833923339844
0.06847190856933594
0.1139979362487793
0.07541728019714355
0.10609698295593262
0.11869525909423828
0.15947842597961426
0.07784533500671387
0.07364225387573242
0.11810994148254395
0.08002710342407227
0.07356882095336914
0.1211543083190918
0.0781099796295166
0.0670468807220459
0.1485762596130371
0.197174072265625
0.12536263465881348
0.07507514953613281
0.08333444595336914
0.10480904579162598
0.08226513862609863
0.17084097862243652
0.1722574234008789
0.0792226791381836
0.16398882865905762
0.12592864036560059
0.08531641960144043
0.09531760215759277
0.15672636032104492
0.14540839195251465
0.0700831413269043
0.07610177993774414
0.07801222801208496
0.1391773223876953
0.09132266044616699
0.07468152046203613
0.162031888961792
0.09471893310546875
0.07173776626586914
0.09813714027404785
0.14501237869262695
0.14542436599731445
0.1066737174987793
0.0770416259765625
0.08193707466125488
0.10394573211669922
0.08786559104919434
0.1777486801147461
0.16497206687927246
0.06900429725646973
0.09249067306518555
0.16845273971557617
0.14783000946044922
0.08899378776550293
0.14556169509887695
0.07728075981140137
0.07135415077209473
0.12675881385803223
0.09818792343139648
0.07962775230407715
0.08509039878845215
0.10402607917785645
0.15988397598266602
0.17378878593444824
0.10817503929138184
0.14066481590270996
0.15130376815795898
0.18787598609924316
0.07793998718261719
0.16066718101501465
0.18346762657165527
0.08140015602111816
0.07730627059936523
0.13157200813293457
0.09718155860900879
0.08813810348510742
0.06189155578613281
0.11303281784057617
0.07128429412841797
0.1749579906463623
0.10119986534118652
0.06768202781677246
0.07771778106689453
0.07207822799682617
0.11377263069152832
0.11098074913024902
0.0574338436126709
0.1311182975769043
0.07160067558288574
0.0756981372833252
0.10976099967956543
0.17144274711608887
0.1100764274597168
0.08993363380432129
0.10202240943908691
0.08321738243103027
0.10726642608642578
0.0580601692199707
0.08393359184265137
0.0707707405090332
0.07546377182006836
0.06255888938903809
0.0967559814453125
0.08149361610412598
0.07721328735351562
0.1553328037261963
0.07938504219055176
0.13393449783325195
0.08887648582458496
0.07677936553955078
0.08630108833312988
0.08800435066223145
0.16628503799438477
0.1322941780090332
0.141157865524292
0.07300472259521484
0.11848616600036621
0.12624216079711914
0.1895289421081543
0.12871098518371582
0.1266164779663086
0.12027096748352051
0.17293596267700195
0.10101151466369629
0.13063812255859375
0.16445112228393555
0.10669398307800293
0.14391732215881348
0.06307816505432129
0.08929800987243652
0.1067500114440918
0.2123575210571289
0.13589954376220703
0.13481664657592773
0.211564302444458
0.10696172714233398
0.07837200164794922
0.0892941951751709
0.13532090187072754
0.12681913375854492
0.12850475311279297
0.07854294776916504
0.1491377353668213
0.13639569282531738
0.09043216705322266
0.1024477481842041
0.19046831130981445
0.09285831451416016
0.08597517013549805
0.06964564323425293
0.07407855987548828
0.08616471290588379
0.0709378719329834
0.12839937210083008
0.14339017868041992
0.06336045265197754
0.09039425849914551
0.17855596542358398
0.07274723052978516
0.08532476425170898
0.07066988945007324
0.06863260269165039
0.09258294105529785
0.07779979705810547
0.07196474075317383
0.17615199089050293
0.17559218406677246
0.07560253143310547
0.08752942085266113
0.08713030815124512
0.07671189308166504
0.19996881484985352
0.12195491790771484
0.19907140731811523
0.19843244552612305
0.06656265258789062
0.11587643623352051
0.08870482444763184
0.07373571395874023
0.0631868839263916
0.12280964851379395
0.17345714569091797
0.11595892906188965
0.13619375228881836
0.10740399360656738
0.12615299224853516
0.07246780395507812
0.07357954978942871
0.2041182518005371
0.08251094818115234
0.12965703010559082
0.09418892860412598
0.07470297813415527
0.08521556854248047
0.06798052787780762
0.07933640480041504
0.15307211875915527
0.07267189025878906
0.1911318302154541
0.07155489921569824
0.07967472076416016
0.07271409034729004
0.10441803932189941
0.1061553955078125
0.0603334903717041
0.0756216049194336
0.1223917007446289
0.09121203422546387
0.10055947303771973
0.1297905445098877
0.11172223091125488
0.14877653121948242
0.0879664421081543
0.14774322509765625
0.08811450004577637
0.2147223949432373
0.12958574295043945
0.07149052619934082
0.09510612487792969
0.1353003978729248
0.08887457847595215
0.0782926082611084
0.09509730339050293
0.0924217700958252
0.08237409591674805
0.0822305679321289
0.07811379432678223
0.08791279792785645
0.09163022041320801
0.13659453392028809
0.11574888229370117
0.08229851722717285
0.06220865249633789
0.09440350532531738
0.119293212890625
0.19218850135803223
0.09398961067199707
0.10138058662414551
0.13226914405822754
0.1060640811920166
0.1680757999420166
0.08251237869262695
0.06517553329467773
0.08138346672058105
0.06670236587524414
0.06639409065246582
0.15613269805908203
0.07823061943054199
0.17386913299560547
0.07679057121276855
0.08204865455627441
0.25276947021484375
0.06991243362426758
0.1478407382965088
0.16301178932189941
0.07634186744689941
0.13721799850463867
0.12955498695373535
0.08846640586853027
0.08567023277282715
0.07926654815673828
0.11625099182128906
0.15440917015075684
0.06984996795654297
0.07112574577331543
0.1368083953857422
0.09981226921081543
0.06553339958190918
0.07855916023254395
0.0847630500793457
0.08710026741027832
0.13110852241516113
0.0919044017791748
0.12098264694213867
0.14317727088928223
0.13472890853881836
0.0791013240814209
0.22641873359680176
0.08355522155761719
0.12907695770263672
0.15216422080993652
0.13278460502624512
0.10610818862915039
0.08860063552856445
0.14043951034545898
0.21624159812927246
0.06721854209899902
0.16620731353759766
0.09002280235290527
0.19824528694152832
0.05883383750915527
0.17706751823425293
0.12191534042358398
0.08206033706665039
0.13394641876220703
0.07901668548583984
0.08218932151794434
0.08333635330200195
0.1415698528289795
0.07256317138671875
0.06773233413696289
0.11633682250976562
0.17175722122192383
0.15998506546020508
0.09847664833068848
0.17168426513671875
0.10908675193786621
0.1852109432220459
0.13886380195617676
0.0902717113494873
0.09252190589904785
0.06151461601257324
0.14922165870666504
0.17303204536437988
0.07218289375305176
0.13835382461547852
0.08990097045898438
0.08158636093139648
0.07452535629272461
0.1296405792236328
0.0722196102142334
0.13785958290100098
0.1269674301147461
0.07747316360473633
0.07271981239318848
0.06622171401977539
0.19324135780334473
0.07578444480895996
0.06833887100219727
0.17406177520751953
0.16552138328552246
0.15361785888671875
0.09869241714477539
0.21194887161254883
0.08423161506652832
0.09613728523254395
0.10993194580078125
0.07416796684265137
0.14376163482666016
0.16736459732055664
0.12402105331420898
0.19576144218444824
0.08915901184082031
0.2081608772277832
0.16948556900024414
0.12220239639282227
0.17100167274475098
0.13292574882507324
0.1168665885925293
0.18210220336914062
0.12323689460754395
0.06441974639892578
0.11283230781555176
0.1951122283935547
0.0734555721282959
0.1029362678527832
0.06274127960205078
0.1332108974456787
0.1073753833770752
0.053052663803100586
0.0751643180847168
0.14743351936340332
0.06852149963378906
0.08984780311584473
0.07317209243774414
0.09132695198059082
0.17837738990783691
0.07546520233154297
0.11505246162414551
0.09636545181274414
0.06439900398254395
0.18256473541259766
0.09564089775085449
0.09375715255737305
0.07136821746826172
0.14719891548156738
0.09710383415222168
0.08059072494506836
0.10936570167541504
0.10867619514465332
0.18553662300109863
0.20265555381774902
0.09093642234802246
0.10829997062683105
0.12909936904907227
0.1293177604675293
0.15419602394104004
0.06483292579650879
0.1510474681854248
0.0738229751586914
0.16055011749267578
0.07236385345458984
0.16068196296691895
0.15907931327819824
0.0859682559967041
0.11345100402832031
0.1578199863433838
0.12340021133422852
0.06923151016235352
0.06890749931335449
0.14177942276000977
0.06554794311523438
0.11289048194885254
0.11571550369262695
0.21073341369628906
0.1187443733215332
0.09418416023254395
0.14858579635620117
0.10891556739807129
0.13018393516540527
0.08344697952270508
0.11677074432373047
0.08917474746704102
0.07609152793884277
0.1642467975616455
0.0826423168182373
0.11367535591125488
0.0790255069732666
0.06646847724914551
0.06598186492919922
0.09767389297485352
0.08066797256469727
0.17601966857910156
0.1426088809967041
0.07063555717468262
0.17984247207641602
0.07006478309631348
0.10140633583068848
0.19703984260559082
0.05940699577331543
0.06499671936035156
0.08307313919067383
0.16093707084655762
0.15273284912109375
0.16192865371704102
0.09718871116638184
0.22899746894836426
0.12543702125549316
0.13542652130126953
0.09207320213317871
0.10453128814697266
0.10503005981445312
0.13265419006347656
0.15780949592590332
0.11835217475891113
0.11935758590698242
0.07281327247619629
0.16834688186645508
0.16251254081726074
0.08516550064086914
0.0782933235168457
0.10566306114196777
0.09256935119628906
0.1259443759918213
0.11400699615478516
0.1278841495513916
0.07744741439819336
0.10034489631652832
0.08727693557739258
0.11667704582214355
0.08062982559204102
0.13393831253051758
0.07248759269714355
0.21679973602294922
0.1520824432373047
0.09263205528259277
0.10800886154174805
0.06708550453186035
0.07595252990722656
0.07464122772216797
0.20335626602172852
0.17610692977905273
