0.00011229515075683594
7.62939453125e-05
3.647804260253906e-05
3.4809112548828125e-05
5.173683166503906e-05
3.647804260253906e-05
3.314018249511719e-05
3.504753112792969e-05
3.4809112548828125e-05
3.4332275390625e-05
3.6716461181640625e-05
3.4809112548828125e-05
3.4332275390625e-05
3.2901763916015625e-05
3.552436828613281e-05
3.0517578125e-05
3.3855438232421875e-05
3.24249267578125e-05
3.314018249511719e-05
3.457069396972656e-05
3.7670135498046875e-05
3.4332275390625e-05
3.147125244140625e-05
3.170967102050781e-05
3.504753112792969e-05
3.528594970703125e-05
3.361701965332031e-05
3.457069396972656e-05
3.5762786865234375e-05
3.409385681152344e-05
3.600120544433594e-05
3.4809112548828125e-05
3.409385681152344e-05
3.337860107421875e-05
3.504753112792969e-05
3.4809112548828125e-05
3.409385681152344e-05
3.409385681152344e-05
3.4809112548828125e-05
3.409385681152344e-05
3.62396240234375e-05
9.679794311523438e-05
3.3855438232421875e-05
3.24249267578125e-05
3.337860107421875e-05
3.552436828613281e-05
3.552436828613281e-05
3.3855438232421875e-05
3.5762786865234375e-05
3.314018249511719e-05
3.409385681152344e-05
3.6716461181640625e-05
3.24249267578125e-05
3.314018249511719e-05
3.3855438232421875e-05
3.4809112548828125e-05
3.266334533691406e-05
3.266334533691406e-05
3.552436828613281e-05
3.457069396972656e-05
3.695487976074219e-05
3.337860107421875e-05
3.457069396972656e-05
3.457069396972656e-05
3.266334533691406e-05
3.457069396972656e-05
3.504753112792969e-05
3.3855438232421875e-05
3.314018249511719e-05
3.2901763916015625e-05
3.4809112548828125e-05
3.4809112548828125e-05
3.457069396972656e-05
3.337860107421875e-05
3.457069396972656e-05
3.24249267578125e-05
3.218650817871094e-05
3.504753112792969e-05
3.3855438232421875e-05
3.170967102050781e-05
3.3855438232421875e-05
3.528594970703125e-05
3.337860107421875e-05
3.4332275390625e-05
3.504753112792969e-05
3.2901763916015625e-05
3.3855438232421875e-05
3.504753112792969e-05
3.3855438232421875e-05
3.361701965332031e-05
3.2901763916015625e-05
3.24249267578125e-05
3.361701965332031e-05
3.3855438232421875e-05
3.2901763916015625e-05
3.123283386230469e-05
3.361701965332031e-05
3.314018249511719e-05
3.147125244140625e-05
3.528594970703125e-05
3.62396240234375e-05
3.3855438232421875e-05
3.409385681152344e-05
3.457069396972656e-05
3.552436828613281e-05
3.409385681152344e-05
3.409385681152344e-05
3.218650817871094e-05
3.2901763916015625e-05
3.4809112548828125e-05
3.528594970703125e-05
9.322166442871094e-05
3.504753112792969e-05
3.2901763916015625e-05
3.528594970703125e-05
3.361701965332031e-05
3.5762786865234375e-05
3.4809112548828125e-05
3.4332275390625e-05
3.24249267578125e-05
3.504753112792969e-05
3.62396240234375e-05
3.361701965332031e-05
3.457069396972656e-05
3.361701965332031e-05
3.4809112548828125e-05
3.528594970703125e-05
3.504753112792969e-05
3.504753112792969e-05
3.552436828613281e-05
3.552436828613281e-05
3.552436828613281e-05
3.457069396972656e-05
3.1948089599609375e-05
3.552436828613281e-05
3.2901763916015625e-05
3.528594970703125e-05
3.4809112548828125e-05
3.504753112792969e-05
3.528594970703125e-05
3.314018249511719e-05
3.361701965332031e-05
3.314018249511719e-05
3.504753112792969e-05
3.2901763916015625e-05
3.337860107421875e-05
3.170967102050781e-05
3.337860107421875e-05
3.337860107421875e-05
3.337860107421875e-05
3.361701965332031e-05
3.457069396972656e-05
3.266334533691406e-05
3.24249267578125e-05
3.3855438232421875e-05
3.266334533691406e-05
3.600120544433594e-05
3.457069396972656e-05
3.361701965332031e-05
3.170967102050781e-05
3.457069396972656e-05
3.314018249511719e-05
3.1948089599609375e-05
3.361701965332031e-05
3.4332275390625e-05
3.337860107421875e-05
3.361701965332031e-05
3.24249267578125e-05
3.266334533691406e-05
3.504753112792969e-05
3.409385681152344e-05
3.24249267578125e-05
3.409385681152344e-05
3.314018249511719e-05
3.218650817871094e-05
3.4809112548828125e-05
3.409385681152344e-05
3.504753112792969e-05
3.457069396972656e-05
3.409385681152344e-05
3.5762786865234375e-05
5.8650970458984375e-05
3.24249267578125e-05
3.600120544433594e-05
3.4809112548828125e-05
3.170967102050781e-05
3.409385681152344e-05
3.3855438232421875e-05
3.4809112548828125e-05
3.552436828613281e-05
3.647804260253906e-05
3.552436828613281e-05
3.528594970703125e-05
3.170967102050781e-05
3.170967102050781e-05
3.528594970703125e-05
3.4809112548828125e-05
3.504753112792969e-05
3.552436828613281e-05
3.147125244140625e-05
3.4809112548828125e-05
3.170967102050781e-05
3.218650817871094e-05
3.4809112548828125e-05
3.4332275390625e-05
3.4809112548828125e-05
3.4809112548828125e-05
3.910064697265625e-05
3.337860107421875e-05
3.1948089599609375e-05
3.528594970703125e-05
3.337860107421875e-05
3.4332275390625e-05
3.2901763916015625e-05
3.5762786865234375e-05
3.4809112548828125e-05
3.0994415283203125e-05
3.504753112792969e-05
3.314018249511719e-05
3.361701965332031e-05
3.62396240234375e-05
3.504753112792969e-05
3.552436828613281e-05
3.3855438232421875e-05
3.170967102050781e-05
3.552436828613281e-05
3.2901763916015625e-05
3.4332275390625e-05
3.4809112548828125e-05
3.528594970703125e-05
3.528594970703125e-05
3.4332275390625e-05
3.552436828613281e-05
3.457069396972656e-05
3.3855438232421875e-05
3.361701965332031e-05
3.457069396972656e-05
3.337860107421875e-05
3.4332275390625e-05
3.2901763916015625e-05
3.62396240234375e-05
3.2901763916015625e-05
3.4809112548828125e-05
3.0994415283203125e-05
3.314018249511719e-05
3.4332275390625e-05
3.4332275390625e-05
3.266334533691406e-05
3.504753112792969e-05
3.552436828613281e-05
3.504753112792969e-05
7.939338684082031e-05
3.5762786865234375e-05
3.552436828613281e-05
3.552436828613281e-05
3.4332275390625e-05
3.4332275390625e-05
3.314018249511719e-05
3.409385681152344e-05
3.528594970703125e-05
3.647804260253906e-05
3.4332275390625e-05
3.4332275390625e-05
3.218650817871094e-05
3.4809112548828125e-05
3.409385681152344e-05
3.218650817871094e-05
3.361701965332031e-05
3.218650817871094e-05
3.552436828613281e-05
3.695487976074219e-05
3.4809112548828125e-05
3.552436828613281e-05
3.552436828613281e-05
3.266334533691406e-05
3.457069396972656e-05
3.170967102050781e-05
3.457069396972656e-05
3.4332275390625e-05
2.9802322387695312e-05
3.62396240234375e-05
3.218650817871094e-05
3.24249267578125e-05
3.4809112548828125e-05
3.266334533691406e-05
3.361701965332031e-05
3.314018249511719e-05
3.504753112792969e-05
3.4809112548828125e-05
3.3855438232421875e-05
3.457069396972656e-05
3.4332275390625e-05
3.552436828613281e-05
3.361701965332031e-05
3.4332275390625e-05
3.528594970703125e-05
3.2901763916015625e-05
3.2901763916015625e-05
3.337860107421875e-05
3.0994415283203125e-05
3.4809112548828125e-05
4.506111145019531e-05
3.123283386230469e-05
3.0994415283203125e-05
3.337860107421875e-05
2.956390380859375e-05
3.24249267578125e-05
3.147125244140625e-05
3.0279159545898438e-05
3.0994415283203125e-05
4.267692565917969e-05
3.719329833984375e-05
3.409385681152344e-05
3.170967102050781e-05
3.62396240234375e-05
3.24249267578125e-05
3.528594970703125e-05
3.1948089599609375e-05
3.528594970703125e-05
3.218650817871094e-05
4.887580871582031e-05
3.457069396972656e-05
3.314018249511719e-05
3.504753112792969e-05
3.528594970703125e-05
3.528594970703125e-05
5.0067901611328125e-05
5.125999450683594e-05
3.552436828613281e-05
3.3855438232421875e-05
4.744529724121094e-05
4.696846008300781e-05
3.3855438232421875e-05
3.337860107421875e-05
3.314018249511719e-05
3.147125244140625e-05
3.337860107421875e-05
3.4809112548828125e-05
3.4332275390625e-05
3.504753112792969e-05
3.457069396972656e-05
3.266334533691406e-05
3.552436828613281e-05
3.2901763916015625e-05
3.337860107421875e-05
3.504753112792969e-05
3.528594970703125e-05
3.3855438232421875e-05
3.552436828613281e-05
4.076957702636719e-05
3.4332275390625e-05
3.552436828613281e-05
3.552436828613281e-05
3.5762786865234375e-05
3.075599670410156e-05
3.457069396972656e-05
3.504753112792969e-05
3.218650817871094e-05
3.24249267578125e-05
3.2901763916015625e-05
5.1975250244140625e-05
3.147125244140625e-05
3.528594970703125e-05
3.337860107421875e-05
3.337860107421875e-05
3.457069396972656e-05
3.266334533691406e-05
3.314018249511719e-05
3.314018249511719e-05
3.170967102050781e-05
5.173683166503906e-05
3.314018249511719e-05
3.266334533691406e-05
3.3855438232421875e-05
3.24249267578125e-05
3.266334533691406e-05
3.3855438232421875e-05
3.1948089599609375e-05
3.314018249511719e-05
3.552436828613281e-05
5.1021575927734375e-05
3.1948089599609375e-05
3.504753112792969e-05
3.409385681152344e-05
3.552436828613281e-05
3.24249267578125e-05
3.314018249511719e-05
3.552436828613281e-05
3.4809112548828125e-05
3.218650817871094e-05
5.269050598144531e-05
3.457069396972656e-05
3.552436828613281e-05
3.314018249511719e-05
3.24249267578125e-05
3.361701965332031e-05
3.3855438232421875e-05
3.3855438232421875e-05
3.552436828613281e-05
3.266334533691406e-05
4.9591064453125e-05
3.457069396972656e-05
3.504753112792969e-05
3.2901763916015625e-05
3.361701965332031e-05
3.457069396972656e-05
3.3855438232421875e-05
3.695487976074219e-05
3.314018249511719e-05
6.151199340820312e-05
5.2928924560546875e-05
3.409385681152344e-05
6.246566772460938e-05
3.0994415283203125e-05
3.0994415283203125e-05
3.2901763916015625e-05
3.123283386230469e-05
3.24249267578125e-05
3.075599670410156e-05
3.266334533691406e-05
4.458427429199219e-05
3.123283386230469e-05
3.218650817871094e-05
4.482269287109375e-05
3.2901763916015625e-05
3.314018249511719e-05
3.504753112792969e-05
3.4809112548828125e-05
3.266334533691406e-05
3.4332275390625e-05
3.4809112548828125e-05
3.337860107421875e-05
3.147125244140625e-05
3.337860107421875e-05
3.314018249511719e-05
3.218650817871094e-05
3.3855438232421875e-05
3.24249267578125e-05
3.361701965332031e-05
3.2901763916015625e-05
3.5762786865234375e-05
3.504753112792969e-05
3.314018249511719e-05
3.457069396972656e-05
3.3855438232421875e-05
3.504753112792969e-05
3.504753112792969e-05
3.457069396972656e-05
3.3855438232421875e-05
3.528594970703125e-05
3.409385681152344e-05
3.361701965332031e-05
3.4809112548828125e-05
3.123283386230469e-05
3.504753112792969e-05
3.528594970703125e-05
3.0994415283203125e-05
3.552436828613281e-05
3.528594970703125e-05
3.504753112792969e-05
3.3855438232421875e-05
3.314018249511719e-05
3.24249267578125e-05
3.409385681152344e-05
3.147125244140625e-05
3.314018249511719e-05
3.337860107421875e-05
3.4809112548828125e-05
3.361701965332031e-05
3.337860107421875e-05
3.4332275390625e-05
3.218650817871094e-05
3.2901763916015625e-05
3.314018249511719e-05
3.457069396972656e-05
3.24249267578125e-05
3.266334533691406e-05
3.4809112548828125e-05
3.4809112548828125e-05
3.314018249511719e-05
3.5762786865234375e-05
3.266334533691406e-05
3.361701965332031e-05
3.6716461181640625e-05
3.528594970703125e-05
3.337860107421875e-05
3.457069396972656e-05
3.314018249511719e-05
3.3855438232421875e-05
3.361701965332031e-05
3.62396240234375e-05
3.1948089599609375e-05
3.2901763916015625e-05
3.457069396972656e-05
3.266334533691406e-05
3.4809112548828125e-05
3.4332275390625e-05
3.409385681152344e-05
3.147125244140625e-05
3.123283386230469e-05
