0.003271341323852539
0.0015146732330322266
0.005622386932373047
0.005340099334716797
0.0024175643920898438
0.0034661293029785156
0.001947641372680664
0.002085447311401367
0.0010428428649902344
0.003777742385864258
0.0012450218200683594
0.002878427505493164
0.0014770030975341797
0.0002276897430419922
0.0013272762298583984
0.000385284423828125
0.002312183380126953
0.001537322998046875
0.0014998912811279297
0.0012669563293457031
0.0017747879028320312
0.002070188522338867
0.0010361671447753906
0.0014827251434326172
0.0008075237274169922
0.0015897750854492188
0.0010366439819335938
0.0020265579223632812
0.0017004013061523438
0.0009620189666748047
0.0008344650268554688
0.0006289482116699219
0.0015039443969726562
0.0014958381652832031
0.002676725387573242
0.0018162727355957031
0.0029022693634033203
0.0008258819580078125
0.0003428459167480469
0.0004134178161621094
0.001994609832763672
0.0013535022735595703
0.0018699169158935547
0.00020265579223632812
0.0009663105010986328
0.0010728836059570312
0.0017337799072265625
0.0010669231414794922
0.0019850730895996094
0.0015397071838378906
0.0017540454864501953
5.555152893066406e-05
0.0016384124755859375
0.0011985301971435547
0.00099945068359375
0.001486063003540039
0.0005311965942382812
0.0019404888153076172
0.0013463497161865234
0.0011336803436279297
0.0027954578399658203
0.0005428791046142578
0.0026400089263916016
0.0008261203765869141
0.0013158321380615234
0.0008831024169921875
0.0014209747314453125
0.0003066062927246094
0.0019636154174804688
0.00010585784912109375
5.53131103515625e-05
0.0005438327789306641
0.0003902912139892578
0.0019519329071044922
0.0009264945983886719
0.001985311508178711
0.0005991458892822266
0.0008916854858398438
0.0005071163177490234
0.0021452903747558594
0.0002689361572265625
0.00012636184692382812
0.0026662349700927734
0.0014240741729736328
0.0011661052703857422
0.0015020370483398438
0.001546621322631836
0.002046823501586914
0.0012998580932617188
0.0010852813720703125
8.702278137207031e-05
0.0001957416534423828
0.0022330284118652344
0.0012221336364746094
0.0006153583526611328
0.0013167858123779297
0.0018227100372314453
0.0016260147094726562
0.0015723705291748047
0.001961946487426758
0.0013363361358642578
0.0004582405090332031
0.002878904342651367
0.001310110092163086
0.0013768672943115234
0.0011048316955566406
0.0009210109710693359
0.0025866031646728516
0.0012900829315185547
0.0020151138305664062
0.0006334781646728516
0.0013096332550048828
0.0008482933044433594
0.0006339550018310547
0.000423431396484375
0.002152681350708008
0.002182483673095703
0.0017933845520019531
0.0013859272003173828
0.0012307167053222656
0.0006690025329589844
0.0014448165893554688
0.001608133316040039
0.0015964508056640625
0.0011107921600341797
0.0021042823791503906
0.0011255741119384766
0.002092599868774414
0.0009784698486328125
0.0009303092956542969
0.0009243488311767578
0.00023102760314941406
0.0017142295837402344
0.001283884048461914
0.0012187957763671875
0.001300811767578125
0.0004162788391113281
0.0014576911926269531
0.002229452133178711
0.0002944469451904297
0.0007116794586181641
0.00096893310546875
0.00011372566223144531
0.0027861595153808594
0.002125978469848633
0.0015747547149658203
0.0009450912475585938
0.0006270408630371094
0.001371145248413086
0.0006430149078369141
0.0005140304565429688
0.0018775463104248047
0.0010209083557128906
0.0016224384307861328
0.0019931793212890625
0.00024318695068359375
0.0017745494842529297
0.0010707378387451172
0.0009334087371826172
0.0004749298095703125
0.0018470287322998047
0.002770662307739258
0.0005991458892822266
0.0009284019470214844
0.001974821090698242
0.0022025108337402344
0.0005786418914794922
0.0004229545593261719
0.0010411739349365234
0.0005519390106201172
0.0020165443420410156
0.0001418590545654297
0.0009446144104003906
0.0015087127685546875
0.0014438629150390625
0.0011665821075439453
0.0016891956329345703
0.0009632110595703125
0.0010750293731689453
0.00012636184692382812
0.0007379055023193359
8.797645568847656e-05
0.0017788410186767578
0.0004661083221435547
0.0007331371307373047
0.001453399658203125
0.0012412071228027344
0.0012962818145751953
4.410743713378906e-05
0.0007283687591552734
0.0012195110321044922
0.0014188289642333984
0.0008337497711181641
0.001973390579223633
0.0013387203216552734
0.0017518997192382812
0.0015027523040771484
0.0003657341003417969
0.001142740249633789
0.0004801750183105469
0.0025777816772460938
0.001990079879760742
0.0006501674652099609
0.0016164779663085938
0.0010752677917480469
0.00014352798461914062
0.0021376609802246094
0.0015711784362792969
0.0006437301635742188
0.001983642578125
0.0008344650268554688
0.0023713111877441406
0.001767873764038086
0.0012333393096923828
0.0016374588012695312
0.0021352767944335938
0.0014336109161376953
0.0006937980651855469
0.0018877983093261719
0.000888824462890625
0.0017762184143066406
0.0015418529510498047
0.0012667179107666016
0.0022110939025878906
0.0016818046569824219
0.002537965774536133
0.0019314289093017578
0.0008115768432617188
0.0020194053649902344
0.0006544589996337891
0.0007584095001220703
0.0001068115234375
0.0002319812774658203
0.0008203983306884766
0.0010025501251220703
0.0009191036224365234
0.0019414424896240234
0.000713348388671875
0.0015630722045898438
0.002176523208618164
0.001123189926147461
0.00033402442932128906
0.0011844635009765625
0.002058267593383789
0.002363443374633789
0.0016887187957763672
0.00032019615173339844
0.0009024143218994141
0.0004291534423828125
0.0009250640869140625
0.002719402313232422
0.0014867782592773438
0.0009260177612304688
0.0010828971862792969
0.0026924610137939453
0.0005960464477539062
0.0010175704956054688
0.0013806819915771484
0.0008418560028076172
0.0008373260498046875
0.0009644031524658203
0.001127481460571289
0.0014181137084960938
0.0009512901306152344
0.002044200897216797
0.0013680458068847656
0.0015568733215332031
0.0011112689971923828
0.0003681182861328125
0.0010027885437011719
0.00087738037109375
0.0016829967498779297
0.001806020736694336
0.0011332035064697266
0.0001933574676513672
0.0010495185852050781
0.00010895729064941406
0.001859426498413086
0.0007913112640380859
0.0015587806701660156
0.0021696090698242188
0.002041339874267578
0.0009522438049316406
0.0020651817321777344
0.0003960132598876953
0.0006940364837646484
0.001989603042602539
0.0016717910766601562
0.00010657310485839844
0.0011610984802246094
0.003477334976196289
0.00043964385986328125
0.0017614364624023438
0.0006444454193115234
0.0010118484497070312
0.0006842613220214844
0.0008003711700439453
0.0007131099700927734
0.0025260448455810547
0.0025365352630615234
0.0002491474151611328
0.00112152099609375
0.0016632080078125
0.001186370849609375
0.0012729167938232422
0.0022432804107666016
0.0016880035400390625
0.0007312297821044922
0.0010614395141601562
0.0016677379608154297
0.0008289813995361328
0.0007729530334472656
0.0006732940673828125
0.0002734661102294922
0.0006158351898193359
0.002415895462036133
0.001519918441772461
0.002279996871948242
0.0011136531829833984
0.0011949539184570312
0.0021049976348876953
0.003415822982788086
0.0002868175506591797
0.0010793209075927734
0.0014240741729736328
0.0005023479461669922
0.0017650127410888672
0.0017380714416503906
0.001373291015625
0.0002372264862060547
0.0016164779663085938
0.001302957534790039
0.0007822513580322266
0.0008428096771240234
0.0015912055969238281
0.0007815361022949219
0.001529693603515625
7.963180541992188e-05
0.0008711814880371094
0.0008740425109863281
0.0007681846618652344
0.001348733901977539
0.0008602142333984375
0.0006062984466552734
0.0016613006591796875
0.0013470649719238281
0.00022077560424804688
0.003289937973022461
0.0003838539123535156
0.0017809867858886719
0.0002460479736328125
0.0011508464813232422
0.001039266586303711
0.001209259033203125
0.001111745834350586
5.5789947509765625e-05
0.001043558120727539
0.0009839534759521484
0.001001596450805664
0.001951456069946289
0.001287221908569336
0.0026845932006835938
0.0016014575958251953
0.0020351409912109375
0.00039267539978027344
0.00074005126953125
0.0011565685272216797
0.0009229183197021484
0.0011448860168457031
0.0015358924865722656
0.0013072490692138672
0.0013628005981445312
0.0012710094451904297
0.00038695335388183594
0.0022962093353271484
0.0008146762847900391
0.0009162425994873047
2.1219253540039062e-05
0.002064228057861328
0.0011601448059082031
0.0023238658905029297
0.0011489391326904297
0.0014421939849853516
0.0012123584747314453
0.0005815029144287109
0.0011141300201416016
0.0017292499542236328
0.0005009174346923828
0.0011184215545654297
0.0006227493286132812
0.0013058185577392578
0.00026488304138183594
0.0007529258728027344
0.0007085800170898438
0.0032138824462890625
0.001775979995727539
0.0010137557983398438
0.0018527507781982422
0.0014503002166748047
0.0015711784362792969
0.0021364688873291016
3.170967102050781e-05
0.00014901161193847656
0.0003197193145751953
0.0018308162689208984
0.00157928466796875
0.0016658306121826172
0.001453399658203125
0.0007364749908447266
0.0005726814270019531
0.00043201446533203125
0.0007083415985107422
0.0019435882568359375
0.0003802776336669922
0.002531766891479492
0.001772165298461914
0.002122640609741211
0.0019066333770751953
0.0008072853088378906
0.0013091564178466797
0.0008535385131835938
0.0004851818084716797
0.0008080005645751953
0.0012593269348144531
0.0004258155822753906
0.0015261173248291016
0.0017042160034179688
0.0023946762084960938
0.0005717277526855469
0.0009107589721679688
0.0009102821350097656
0.001313924789428711
0.00023412704467773438
0.001744985580444336
0.0001575946807861328
0.00048542022705078125
5.3882598876953125e-05
0.0013651847839355469
0.002978086471557617
0.00015974044799804688
0.0006866455078125
0.0016214847564697266
0.0007920265197753906
0.0006799697875976562
0.0010104179382324219
0.0011878013610839844
0.0017673969268798828
0.0001773834228515625
0.0016674995422363281
0.0009472370147705078
0.0009081363677978516
0.0017518997192382812
0.0007772445678710938
0.00012493133544921875
0.0008180141448974609
0.0003795623779296875
0.0010173320770263672
0.0008857250213623047
0.0016994476318359375
0.0006830692291259766
0.0006110668182373047
0.0005865097045898438
0.0014281272888183594
0.0009598731994628906
0.0010843276977539062
0.0016846656799316406
0.00026798248291015625
0.000255584716796875
0.0007944107055664062
0.0007338523864746094
0.0020630359649658203
0.0006701946258544922
0.001957416534423828
0.0015964508056640625
0.0009822845458984375
0.0012433528900146484
0.0017642974853515625
0.0015308856964111328
0.0008094310760498047
0.0013427734375
0.0003139972686767578
0.0012142658233642578
0.00034689903259277344
0.0012009143829345703
0.0023589134216308594
0.0017898082733154297
0.0012814998626708984
0.00025081634521484375
0.0021028518676757812
0.0012712478637695312
0.0012629032135009766
0.0014445781707763672
0.0005259513854980469
0.0010106563568115234
0.001031637191772461
0.0012240409851074219
0.001407623291015625
0.0021791458129882812
0.003330230712890625
0.0012717247009277344
