0.0004856586456298828
0.0002334117889404297
0.0008955001831054688
0.0009059906005859375
0.0004596710205078125
0.0006170272827148438
0.00034737586975097656
0.000370025634765625
0.0001900196075439453
0.0007908344268798828
0.00028514862060546875
0.0007271766662597656
0.0003292560577392578
7.176399230957031e-05
0.00036406517028808594
0.00012183189392089844
0.0007464885711669922
0.00042724609375
0.0004904270172119141
0.0004284381866455078
0.0006113052368164062
0.0006787776947021484
0.00036072731018066406
0.0004303455352783203
0.00030231475830078125
0.0005545616149902344
0.0003750324249267578
0.0007016658782958984
0.0006165504455566406
0.0005972385406494141
0.0003170967102050781
0.00028514862060546875
0.0005557537078857422
0.0005578994750976562
0.000896453857421875
0.0006163120269775391
0.0010449886322021484
0.00030517578125
0.00013566017150878906
0.00015306472778320312
0.0007016658782958984
0.0004813671112060547
0.0006198883056640625
9.679794311523438e-05
0.0003581047058105469
0.0003829002380371094
0.0006253719329833984
0.00038814544677734375
0.0007312297821044922
0.0005955696105957031
0.0007774829864501953
3.647804260253906e-05
0.0008387565612792969
0.00045871734619140625
0.0002605915069580078
0.0005669593811035156
0.0001933574676513672
0.0007205009460449219
0.0004436969757080078
0.0004076957702636719
0.0010099411010742188
0.0002205371856689453
0.0009682178497314453
0.00032329559326171875
0.0004875659942626953
0.00029015541076660156
0.0005755424499511719
0.00033283233642578125
0.0009636878967285156
5.602836608886719e-05
2.8133392333984375e-05
0.00019931793212890625
0.0001418590545654297
0.0007321834564208984
0.00037384033203125
0.0007088184356689453
0.00023221969604492188
0.00032806396484375
0.00019812583923339844
0.0007584095001220703
9.655952453613281e-05
4.744529724121094e-05
0.0009753704071044922
0.0005185604095458984
0.000362396240234375
0.0005142688751220703
0.0005257129669189453
0.0006587505340576172
0.000408172607421875
0.0002841949462890625
4.76837158203125e-05
7.343292236328125e-05
0.0006306171417236328
0.0003528594970703125
0.0001666545867919922
0.0002493858337402344
0.0005536079406738281
0.0005400180816650391
0.000499725341796875
0.000514984130859375
0.0004303455352783203
0.0001647472381591797
0.0008928775787353516
0.0003292560577392578
0.0003345012664794922
0.00033736228942871094
0.00019598007202148438
0.0006489753723144531
0.00042700767517089844
0.0006909370422363281
0.00022602081298828125
0.0004544258117675781
0.0002944469451904297
0.0001811981201171875
0.00010275840759277344
0.0006701946258544922
0.0007524490356445312
0.0006046295166015625
0.0004639625549316406
0.0003681182861328125
0.00022912025451660156
0.0005769729614257812
0.0005521774291992188
0.0005269050598144531
0.00037789344787597656
0.0007178783416748047
0.0004162788391113281
0.0006923675537109375
0.00032782554626464844
0.00034689903259277344
0.0003724098205566406
9.1552734375e-05
0.0005993843078613281
0.0004649162292480469
0.00036072731018066406
0.00046825408935546875
0.00015234947204589844
0.0005645751953125
0.0007750988006591797
0.00010180473327636719
0.0002503395080566406
0.0003407001495361328
4.3392181396484375e-05
0.0009329319000244141
0.0006325244903564453
0.0005211830139160156
0.00032639503479003906
0.0002086162567138672
0.00048804283142089844
0.00021648406982421875
0.00017118453979492188
0.0005974769592285156
0.00033283233642578125
0.0005095005035400391
0.0006272792816162109
9.34600830078125e-05
0.0005695819854736328
0.0003459453582763672
0.00037407875061035156
0.00016045570373535156
0.0005550384521484375
0.0008740425109863281
0.0001518726348876953
0.00025582313537597656
0.0008025169372558594
0.0006241798400878906
0.00016927719116210938
0.00014090538024902344
0.0003962516784667969
0.00015878677368164062
0.0006768703460693359
4.7206878662109375e-05
0.0003037452697753906
0.0004794597625732422
0.0003616809844970703
0.00035452842712402344
0.00046443939208984375
0.0002689361572265625
0.0003466606140136719
6.985664367675781e-05
0.0002689361572265625
3.647804260253906e-05
0.0005097389221191406
0.000141143798828125
0.000225067138671875
0.00035881996154785156
0.00035190582275390625
0.00038814544677734375
2.0503997802734375e-05
0.0002224445343017578
0.0005218982696533203
0.0005300045013427734
0.00031113624572753906
0.0006594657897949219
0.0005130767822265625
0.0006041526794433594
0.0005068778991699219
0.000152587890625
0.0004298686981201172
0.00018095970153808594
0.0009248256683349609
0.0007312297821044922
0.00017952919006347656
0.0005774497985839844
0.00039315223693847656
6.318092346191406e-05
0.0007436275482177734
0.0005853176116943359
0.00024437904357910156
0.0008499622344970703
0.0003046989440917969
0.0008203983306884766
0.0006458759307861328
0.0003991127014160156
0.0005614757537841797
0.0007913112640380859
0.0005309581756591797
0.00026106834411621094
0.0006880760192871094
0.0003151893615722656
0.0006573200225830078
0.0005414485931396484
0.0004763603210449219
0.0007188320159912109
0.0006248950958251953
0.0009312629699707031
0.0007169246673583984
0.00030732154846191406
0.0008935928344726562
0.0002460479736328125
0.0002741813659667969
4.3392181396484375e-05
0.00010466575622558594
0.000316619873046875
0.00034809112548828125
0.0003368854522705078
0.000637054443359375
0.00026869773864746094
0.0005810260772705078
0.0007627010345458984
0.00039267539978027344
0.00013899803161621094
0.0004258155822753906
0.0007374286651611328
0.0007860660552978516
0.0005977153778076172
0.00012564659118652344
0.000339508056640625
0.00016617774963378906
0.0003407001495361328
0.0009477138519287109
0.0005400180816650391
0.00021600723266601562
0.00033092498779296875
0.0006754398345947266
0.00019121170043945312
0.00028824806213378906
0.0004100799560546875
0.0002777576446533203
0.00030732154846191406
0.0003490447998046875
0.00040531158447265625
0.00047898292541503906
0.0003459453582763672
0.0006976127624511719
0.00045490264892578125
0.0005567073822021484
0.00037789344787597656
9.799003601074219e-05
0.0003554821014404297
0.00031638145446777344
0.0005533695220947266
0.0005931854248046875
0.0003802776336669922
7.534027099609375e-05
0.0003552436828613281
4.1961669921875e-05
0.0006470680236816406
0.0002777576446533203
0.0004382133483886719
0.0005562305450439453
0.0005724430084228516
0.000293731689453125
0.0006136894226074219
9.322166442871094e-05
0.00019860267639160156
0.0005321502685546875
0.0004298686981201172
3.743171691894531e-05
0.00032019615173339844
0.0008199214935302734
0.0001316070556640625
0.000392913818359375
0.00019669532775878906
0.0003001689910888672
0.0001926422119140625
0.00023031234741210938
0.00018930435180664062
0.0005588531494140625
0.0007519721984863281
9.1552734375e-05
0.0003924369812011719
0.0004978179931640625
0.000339508056640625
0.00028586387634277344
0.0006282329559326172
0.0004894733428955078
0.0002067089080810547
0.00029754638671875
0.00048542022705078125
0.0003044605255126953
0.00029277801513671875
0.00021910667419433594
8.940696716308594e-05
0.00018477439880371094
0.0006501674652099609
0.00043320655822753906
0.0005757808685302734
0.00030159950256347656
0.0004222393035888672
0.0005888938903808594
0.0008981227874755859
9.107589721679688e-05
0.00032901763916015625
0.0004253387451171875
0.0001552104949951172
0.0004584789276123047
0.0005183219909667969
0.0003650188446044922
7.700920104980469e-05
0.0004811286926269531
0.0003814697265625
0.00021839141845703125
0.0002269744873046875
0.0004184246063232422
0.0002295970916748047
0.0004248619079589844
4.315376281738281e-05
0.00026226043701171875
0.0002639293670654297
0.00030422210693359375
0.0003731250762939453
0.0002689361572265625
0.00018334388732910156
0.0004329681396484375
0.0004634857177734375
7.200241088867188e-05
0.0009829998016357422
0.00012135505676269531
0.000492095947265625
8.273124694824219e-05
0.0003197193145751953
0.00031876564025878906
0.00036144256591796875
0.0003688335418701172
1.9550323486328125e-05
0.0002696514129638672
0.0003464221954345703
0.0003330707550048828
0.0005590915679931641
0.0003962516784667969
0.0007412433624267578
0.000423431396484375
0.0005958080291748047
0.00013184547424316406
0.00021886825561523438
0.00036144256591796875
0.0002770423889160156
0.0003523826599121094
0.0004634857177734375
0.00039124488830566406
0.00041103363037109375
0.0003829002380371094
0.00012111663818359375
0.0007433891296386719
0.0002472400665283203
0.00027823448181152344
1.9073486328125e-05
0.0006778240203857422
0.00034928321838378906
0.0006916522979736328
0.0003485679626464844
0.00039768218994140625
0.0002949237823486328
0.0001804828643798828
0.0003390312194824219
0.0005178451538085938
0.0002148151397705078
0.0003371238708496094
0.000194549560546875
0.00039267539978027344
0.00011920928955078125
0.00024199485778808594
0.00022125244140625
0.0008742809295654297
0.0005290508270263672
0.0002868175506591797
0.0005774497985839844
0.00040650367736816406
0.00033164024353027344
0.0005934238433837891
2.7179718017578125e-05
4.363059997558594e-05
0.00010180473327636719
0.00048470497131347656
0.00043010711669921875
0.00044155120849609375
0.00043201446533203125
0.00021195411682128906
0.0001780986785888672
0.00013875961303710938
0.0002105236053466797
0.0005853176116943359
0.00011992454528808594
0.0006918907165527344
0.00047588348388671875
0.0005583763122558594
0.00048232078552246094
0.00019025802612304688
0.00037550926208496094
0.0003180503845214844
0.0001468658447265625
0.0002377033233642578
0.0003609657287597656
0.0001361370086669922
0.00040078163146972656
0.0004930496215820312
0.0007638931274414062
0.0002751350402832031
0.0002598762512207031
0.0002942085266113281
0.0004489421844482422
7.700920104980469e-05
0.0005295276641845703
5.5789947509765625e-05
0.00015044212341308594
1.8835067749023438e-05
0.0003170967102050781
0.0008616447448730469
5.626678466796875e-05
0.00022125244140625
0.00046181678771972656
0.0002484321594238281
0.00020265579223632812
0.0002987384796142578
0.0002772808074951172
0.0005414485931396484
5.3882598876953125e-05
0.0004825592041015625
0.00023794174194335938
0.0002849102020263672
0.0004904270172119141
0.0002532005310058594
3.552436828613281e-05
0.0002372264862060547
0.0001246929168701172
0.0002853870391845703
0.00026679039001464844
0.0005369186401367188
0.00021696090698242188
0.0002014636993408203
0.0001773834228515625
0.0004036426544189453
0.00028824806213378906
0.0003299713134765625
0.00045871734619140625
9.369850158691406e-05
8.7738037109375e-05
0.00023055076599121094
0.00021839141845703125
0.0006101131439208984
0.00020074844360351562
0.0005855560302734375
0.00042629241943359375
0.0002925395965576172
0.0003743171691894531
0.0004723072052001953
0.00043654441833496094
0.00024890899658203125
0.0003752708435058594
0.0001232624053955078
0.00036525726318359375
0.00010752677917480469
0.00038695335388183594
0.0006940364837646484
0.0005142688751220703
0.0003800392150878906
7.224082946777344e-05
0.0005247592926025391
0.0003039836883544922
0.0004520416259765625
0.0003795623779296875
0.00015306472778320312
0.0003218650817871094
0.00021028518676757812
0.00033164024353027344
0.0003542900085449219
0.0006511211395263672
0.0007147789001464844
0.0002307891845703125
