0.0009622573852539062
0.001070261001586914
0.0009865760803222656
0.0011210441589355469
0.0009832382202148438
0.0012497901916503906
0.0010111331939697266
0.0012054443359375
0.0012483596801757812
0.0011241436004638672
0.0016481876373291016
0.0016472339630126953
0.0009410381317138672
0.0013589859008789062
0.0010876655578613281
0.0011715888977050781
0.0010933876037597656
0.001375436782836914
0.0011227130889892578
0.0012667179107666016
0.0012464523315429688
0.001041412353515625
0.0009829998016357422
0.0011432170867919922
0.001354217529296875
0.0010807514190673828
0.0011882781982421875
0.001028299331665039
0.0011699199676513672
0.0013010501861572266
0.0008919239044189453
0.001100778579711914
0.001069784164428711
0.001207590103149414
0.001295328140258789
0.0009620189666748047
0.0012814998626708984
0.0007777214050292969
0.0010254383087158203
0.0012118816375732422
0.0008699893951416016
0.0008282661437988281
0.0011911392211914062
0.0009326934814453125
0.0008485317230224609
0.001483917236328125
0.0014026165008544922
0.0009984970092773438
0.0011222362518310547
0.0011019706726074219
0.0008254051208496094
0.0012493133544921875
0.0014057159423828125
0.001066446304321289
0.0015439987182617188
0.0013778209686279297
0.0012764930725097656
0.0009965896606445312
0.0009846687316894531
0.0007517337799072266
0.0011081695556640625
0.0013229846954345703
0.0011646747589111328
0.0011701583862304688
0.0014827251434326172
0.0009853839874267578
0.0010869503021240234
0.0008723735809326172
0.0008487701416015625
0.0014498233795166016
0.0010113716125488281
0.0013737678527832031
0.0008094310760498047
0.00115966796875
0.0011098384857177734
0.001079559326171875
0.00103759765625
0.001191854476928711
0.00109100341796875
0.0014133453369140625
0.0010612010955810547
0.0009942054748535156
0.0009253025054931641
0.0011782646179199219
0.0011234283447265625
0.001069784164428711
0.0010826587677001953
0.0012874603271484375
0.0013060569763183594
0.001062154769897461
0.0013265609741210938
0.0008513927459716797
0.0009913444519042969
0.001215219497680664
0.0012543201446533203
0.0012743473052978516
0.0009241104125976562
0.0010323524475097656
0.00103759765625
0.001077890396118164
0.0010929107666015625
0.001203775405883789
0.0008914470672607422
0.0009829998016357422
0.0013904571533203125
0.0015721321105957031
0.0009307861328125
0.0010292530059814453
0.0013277530670166016
0.0011963844299316406
0.0012447834014892578
0.0011136531829833984
0.001260519027709961
0.0009930133819580078
0.0012178421020507812
0.0013661384582519531
0.0010225772857666016
0.0009646415710449219
0.0009930133819580078
0.0011870861053466797
0.0008530616760253906
0.000782012939453125
0.0015592575073242188
0.0011508464813232422
0.0010879039764404297
0.0013117790222167969
0.00093841552734375
0.0009181499481201172
0.0010793209075927734
0.0008144378662109375
0.0010743141174316406
0.0014314651489257812
0.001176595687866211
0.0010933876037597656
0.001232147216796875
0.0011417865753173828
0.0010025501251220703
0.0012671947479248047
0.0012233257293701172
0.0014548301696777344
0.0011136531829833984
0.0012638568878173828
0.0010488033294677734
0.0008969306945800781
0.0009505748748779297
0.0011150836944580078
0.0010499954223632812
0.001039743423461914
0.0009558200836181641
0.0010254383087158203
0.0011754035949707031
0.0009214878082275391
0.0011551380157470703
0.001173257827758789
0.0011534690856933594
0.0010590553283691406
0.0011529922485351562
0.0010750293731689453
0.0007863044738769531
0.0012552738189697266
0.0013277530670166016
0.0012385845184326172
0.000982522964477539
0.0009491443634033203
0.0011026859283447266
0.001001596450805664
0.0010733604431152344
0.0008769035339355469
0.0011687278747558594
0.0011696815490722656
0.000827789306640625
0.0010089874267578125
0.0009009838104248047
0.0012972354888916016
0.00119781494140625
0.0010170936584472656
0.0010707378387451172
0.0011255741119384766
0.0011603832244873047
0.0012886524200439453
0.0015959739685058594
0.001180887222290039
0.0015382766723632812
0.0016362667083740234
0.0014317035675048828
0.0014922618865966797
0.001276254653930664
0.0014383792877197266
0.0016658306121826172
0.0011143684387207031
0.0015995502471923828
0.0017178058624267578
0.0014026165008544922
0.0012826919555664062
0.0015616416931152344
0.0015270709991455078
0.0012333393096923828
0.0014433860778808594
0.001123189926147461
0.0009486675262451172
0.0012438297271728516
0.0011067390441894531
0.0009565353393554688
0.0011174678802490234
0.0014202594757080078
0.0010509490966796875
0.0010652542114257812
0.0010373592376708984
0.0010006427764892578
0.0012776851654052734
0.0010221004486083984
0.0010221004486083984
0.0011699199676513672
0.0012235641479492188
0.0011489391326904297
0.0012269020080566406
0.0012507438659667969
0.0009548664093017578
0.0014243125915527344
0.0012099742889404297
0.0007848739624023438
0.001422882080078125
0.0011396408081054688
0.0010731220245361328
0.0011670589447021484
0.0011913776397705078
0.0008666515350341797
0.0010907649993896484
0.0015850067138671875
0.00098419189453125
0.0007634162902832031
0.0011773109436035156
0.0007061958312988281
0.001322031021118164
0.0008211135864257812
0.0014331340789794922
0.0010423660278320312
0.0013637542724609375
0.0012054443359375
0.0010371208190917969
0.0013718605041503906
0.0011372566223144531
0.0009427070617675781
0.001171112060546875
0.0011103153228759766
0.0011811256408691406
0.0013327598571777344
0.0007474422454833984
0.0011949539184570312
0.001194000244140625
0.0010573863983154297
0.0008459091186523438
0.0010211467742919922
0.0010478496551513672
0.0012726783752441406
0.0011556148529052734
0.0011970996856689453
0.0009982585906982422
0.001102447509765625
0.0013356208801269531
0.0008792877197265625
0.0009953975677490234
0.000926971435546875
0.00106048583984375
0.0014393329620361328
0.0013170242309570312
0.0008029937744140625
0.0013246536254882812
0.0009293556213378906
0.0010797977447509766
0.0009779930114746094
0.001180887222290039
0.0008060932159423828
0.0009121894836425781
0.0009741783142089844
0.0012657642364501953
0.0010988712310791016
0.0010569095611572266
0.0009815692901611328
0.0010161399841308594
0.0010690689086914062
0.0013966560363769531
0.001220703125
0.0011560916900634766
0.001371145248413086
0.0011985301971435547
0.001058340072631836
0.0011227130889892578
0.0011444091796875
0.001377105712890625
0.0009970664978027344
0.0009772777557373047
0.0010190010070800781
0.0013561248779296875
0.0013463497161865234
0.001041412353515625
0.0008287429809570312
0.0013959407806396484
0.0010609626770019531
0.001558065414428711
0.0008804798126220703
0.0012161731719970703
0.0010590553283691406
0.0013005733489990234
0.0016329288482666016
0.0014224052429199219
0.000614166259765625
0.001089334487915039
0.0008528232574462891
0.0009176731109619141
0.0010461807250976562
0.0009014606475830078
0.0013096332550048828
0.0011522769927978516
0.001186370849609375
0.001129150390625
0.0010280609130859375
0.0011181831359863281
0.0011899471282958984
0.0013225078582763672
0.0011458396911621094
0.0009596347808837891
0.0013527870178222656
0.0010564327239990234
0.001316070556640625
0.0011868476867675781
0.0012388229370117188
0.0012481212615966797
0.0009236335754394531
0.0007970333099365234
0.0010416507720947266
0.0012373924255371094
0.0011551380157470703
0.0009958744049072266
0.0011637210845947266
0.001024484634399414
0.0011081695556640625
0.0015094280242919922
0.0013782978057861328
0.0013239383697509766
0.0011894702911376953
0.0009822845458984375
0.0010559558868408203
0.0011599063873291016
0.0013127326965332031
0.0010101795196533203
0.001016855239868164
0.0011451244354248047
0.0013570785522460938
0.0012278556823730469
0.00091552734375
0.0009152889251708984
0.0012617111206054688
0.0012540817260742188
0.0013158321380615234
0.0007638931274414062
0.0013451576232910156
0.0013470649719238281
0.0014393329620361328
0.0009982585906982422
0.0011086463928222656
0.0009202957153320312
0.0010004043579101562
0.0012874603271484375
0.0007500648498535156
0.0016410350799560547
0.0013425350189208984
0.0010144710540771484
0.001232147216796875
0.0012140274047851562
0.0011754035949707031
0.0009055137634277344
0.0012664794921875
0.0013284683227539062
0.001216888427734375
0.0010225772857666016
0.0012881755828857422
0.00092315673828125
0.0008928775787353516
0.001178741455078125
0.0013647079467773438
0.001201629638671875
0.0012586116790771484
0.0009839534759521484
0.0013136863708496094
0.0012187957763671875
0.0011417865753173828
0.0011448860168457031
0.0013136863708496094
0.0014722347259521484
0.0012600421905517578
0.0011248588562011719
0.0015060901641845703
0.0013513565063476562
0.0013594627380371094
0.0011501312255859375
0.0011849403381347656
0.0015926361083984375
0.0010411739349365234
0.0012753009796142578
0.001178741455078125
0.0016145706176757812
0.0014524459838867188
0.0014274120330810547
0.0012526512145996094
0.0008487701416015625
0.0014126300811767578
0.0013039112091064453
0.0010793209075927734
0.0010366439819335938
0.001308441162109375
0.0013780593872070312
0.001264810562133789
0.0013470649719238281
0.0013568401336669922
0.0010256767272949219
0.0010509490966796875
0.0010454654693603516
0.0009503364562988281
0.0010721683502197266
0.001458883285522461
0.0007734298706054688
0.0012869834899902344
0.0013384819030761719
0.0011358261108398438
0.001157522201538086
0.001111745834350586
0.0009195804595947266
0.0013012886047363281
0.0009253025054931641
0.0010726451873779297
0.0007846355438232422
0.0010826587677001953
0.0011315345764160156
0.0011942386627197266
0.0014460086822509766
0.0012133121490478516
0.0009818077087402344
0.0009808540344238281
0.000993490219116211
0.0009064674377441406
0.00119781494140625
0.0009462833404541016
0.0011260509490966797
0.0011830329895019531
0.0011742115020751953
0.001049041748046875
0.0012660026550292969
0.000978708267211914
0.0011439323425292969
0.0012226104736328125
0.001043558120727539
0.0013644695281982422
0.000949859619140625
0.0014615058898925781
0.0014014244079589844
0.0012156963348388672
0.0011780261993408203
0.001226186752319336
0.0011568069458007812
0.0014188289642333984
0.0019643306732177734
0.0008788108825683594
0.0013527870178222656
0.0006489753723144531
0.0006644725799560547
0.0009949207305908203
0.0008292198181152344
0.0012159347534179688
0.0014388561248779297
0.0012633800506591797
0.0008985996246337891
0.000993967056274414
0.0008463859558105469
0.0013928413391113281
0.0012972354888916016
0.0011513233184814453
0.0007717609405517578
0.0009794235229492188
0.0012454986572265625
0.0010025501251220703
0.0010576248168945312
0.0007889270782470703
0.0009407997131347656
0.0008440017700195312
0.001522064208984375
0.0009608268737792969
0.0009009838104248047
0.0014042854309082031
0.0009257793426513672
0.0013227462768554688
0.001123666763305664
0.0013256072998046875
0.0015263557434082031
0.0011126995086669922
0.0011551380157470703
0.0009584426879882812
0.001295328140258789
0.0009770393371582031
0.0007731914520263672
