0.002562284469604492
0.0029060840606689453
0.003381013870239258
0.0027861595153808594
0.003023386001586914
0.003563404083251953
0.0027997493743896484
0.0035240650177001953
0.0026378631591796875
0.002721071243286133
0.0033931732177734375
0.0035390853881835938
0.0026841163635253906
0.003500699996948242
0.002910614013671875
0.003298044204711914
0.003371000289916992
0.002995014190673828
0.0025675296783447266
0.002930164337158203
0.0029747486114501953
0.0028777122497558594
0.0034568309783935547
0.0029404163360595703
0.0029137134552001953
0.0026721954345703125
0.002905607223510742
0.0031495094299316406
0.002337932586669922
0.0027768611907958984
0.0029315948486328125
0.0033888816833496094
0.0030448436737060547
0.003408670425415039
0.0027205944061279297
0.0026319026947021484
0.0038251876831054688
0.003150463104248047
0.003293275833129883
0.0027871131896972656
0.0030951499938964844
0.0034537315368652344
0.0036127567291259766
0.004057407379150391
0.0040683746337890625
0.006920814514160156
0.002928018569946289
0.005107402801513672
0.0035400390625
0.0029723644256591797
0.0029010772705078125
0.003973245620727539
0.0025620460510253906
0.003021240234375
0.003980159759521484
0.0031003952026367188
0.0031027793884277344
0.0028624534606933594
0.0037539005279541016
0.003404378890991211
0.003362417221069336
0.003087759017944336
0.0035409927368164062
0.0025415420532226562
0.002970457077026367
0.0037004947662353516
0.0025260448455810547
0.0033054351806640625
0.003231525421142578
0.0027196407318115234
0.0025463104248046875
0.0035805702209472656
0.003245830535888672
0.002446413040161133
0.002561807632446289
0.0031461715698242188
0.0030248165130615234
0.0030639171600341797
0.0028634071350097656
0.0032999515533447266
0.0031671524047851562
0.003053903579711914
0.0027015209197998047
0.0023436546325683594
0.0029532909393310547
0.002674579620361328
0.003108978271484375
0.0025670528411865234
0.0027909278869628906
0.0023674964904785156
0.0033800601959228516
0.0028362274169921875
0.002789735794067383
0.003203868865966797
0.0036118030548095703
0.0023670196533203125
0.0028722286224365234
0.002672910690307617
0.002867460250854492
0.002332925796508789
0.003314971923828125
0.003021240234375
0.0023636817932128906
0.003130674362182617
0.0025937557220458984
0.0027353763580322266
0.003270864486694336
0.0031740665435791016
0.002893209457397461
0.00322723388671875
0.003222942352294922
0.0032122135162353516
0.0032868385314941406
0.00252532958984375
0.003117799758911133
0.0028541088104248047
0.0030775070190429688
0.002972841262817383
0.002567768096923828
0.0034558773040771484
0.002335786819458008
0.0026912689208984375
0.0023615360260009766
0.0026776790618896484
0.0022115707397460938
0.0031006336212158203
0.0030510425567626953
0.0025060176849365234
0.003345966339111328
0.004449129104614258
0.0033919811248779297
0.003676891326904297
0.0026488304138183594
0.0036957263946533203
0.003335714340209961
0.003425121307373047
0.003268718719482422
0.003170013427734375
0.003176450729370117
0.0024917125701904297
0.003098726272583008
0.003032207489013672
0.0022962093353271484
0.0021409988403320312
0.00250244140625
0.002344846725463867
0.002858877182006836
0.0030088424682617188
0.003258228302001953
0.0024840831756591797
0.0032842159271240234
0.0029816627502441406
0.004109621047973633
0.0028874874114990234
0.003147602081298828
0.0025415420532226562
0.003190755844116211
0.003134489059448242
0.0022325515747070312
0.002261638641357422
0.003374338150024414
0.0026464462280273438
0.0027229785919189453
0.0028574466705322266
0.0028073787689208984
0.0027954578399658203
0.002344369888305664
0.0034859180450439453
0.0027146339416503906
0.003339052200317383
0.0031054019927978516
0.003544330596923828
0.0027997493743896484
0.003246784210205078
0.0028235912322998047
0.003134489059448242
0.002674579620361328
0.0025796890258789062
0.002855539321899414
0.0028324127197265625
0.0030527114868164062
0.0032732486724853516
0.0037043094635009766
0.0030384063720703125
0.0028467178344726562
0.003500699996948242
0.0032358169555664062
0.0018606185913085938
0.002944469451904297
0.0028586387634277344
0.0031392574310302734
0.00331878662109375
0.0027413368225097656
0.0034732818603515625
0.003383636474609375
0.0034334659576416016
0.00313568115234375
0.0032181739807128906
0.0032308101654052734
0.002652883529663086
0.003002166748046875
0.0032694339752197266
0.0026226043701171875
0.0027923583984375
0.002687692642211914
0.0031697750091552734
0.0030624866485595703
0.0032825469970703125
0.003821134567260742
0.00353240966796875
0.0025670528411865234
0.003919363021850586
0.002071380615234375
0.0027265548706054688
0.003438711166381836
0.0031201839447021484
0.0032989978790283203
0.002801179885864258
0.003842592239379883
0.0044023990631103516
0.003651857376098633
0.0038061141967773438
0.0027501583099365234
0.003735065460205078
0.003679990768432617
0.003385305404663086
0.0024766921997070312
0.002543210983276367
0.0029861927032470703
0.0024378299713134766
0.002803802490234375
0.0033202171325683594
0.0033087730407714844
0.0032567977905273438
0.003398895263671875
0.003492116928100586
0.003568410873413086
0.0033664703369140625
0.0033104419708251953
0.003535032272338867
0.0031151771545410156
0.0026979446411132812
0.0032384395599365234
0.00260162353515625
0.002527952194213867
0.0035305023193359375
0.003255605697631836
0.0028798580169677734
0.002610445022583008
0.0029549598693847656
0.0025784969329833984
0.003663301467895508
0.0030431747436523438
0.0030345916748046875
0.003478527069091797
0.0024394989013671875
0.0035648345947265625
0.0024034976959228516
0.003096342086791992
0.0027723312377929688
0.0022106170654296875
0.003650665283203125
0.0026297569274902344
0.0028460025787353516
0.002559185028076172
0.0026464462280273438
0.0032906532287597656
0.0022156238555908203
0.0036377906799316406
0.0026597976684570312
0.0029439926147460938
0.003002166748046875
0.0027892589569091797
0.0026710033416748047
0.0031871795654296875
0.0024785995483398438
0.003292560577392578
0.0028204917907714844
0.0028290748596191406
0.003709077835083008
0.0032150745391845703
0.0033330917358398438
0.0032515525817871094
0.0030906200408935547
0.003138303756713867
0.002957582473754883
0.0032219886779785156
0.0028657913208007812
0.0019998550415039062
0.0035300254821777344
0.002805471420288086
0.0032126903533935547
0.002959012985229492
0.0024487972259521484
0.0032019615173339844
0.0033855438232421875
0.002523183822631836
0.003011941909790039
0.002856731414794922
0.002928495407104492
0.0030946731567382812
0.003349781036376953
0.002599954605102539
0.003452777862548828
0.0027015209197998047
0.0032796859741210938
0.0030541419982910156
0.003362894058227539
0.003315448760986328
0.002859354019165039
0.003350973129272461
0.0032296180725097656
0.0033087730407714844
0.002822399139404297
0.0029344558715820312
0.002772092819213867
0.0033478736877441406
0.004267692565917969
0.002758502960205078
0.002415895462036133
0.0024194717407226562
0.0022509098052978516
0.004033327102661133
0.0029497146606445312
0.0028519630432128906
0.003017425537109375
0.0030744075775146484
0.003445148468017578
0.0029125213623046875
0.0028269290924072266
0.002501249313354492
0.0024526119232177734
0.002974271774291992
0.0031270980834960938
0.002321004867553711
0.0027854442596435547
0.002653360366821289
0.0025386810302734375
0.0035033226013183594
0.0029790401458740234
0.0029697418212890625
0.0034172534942626953
0.002414226531982422
0.0020012855529785156
0.003042936325073242
0.003224611282348633
0.002694368362426758
0.002965211868286133
0.0032095909118652344
0.0029075145721435547
0.002844572067260742
0.0033440589904785156
0.003135204315185547
0.0031728744506835938
0.0027799606323242188
0.0027141571044921875
0.0032651424407958984
0.0025446414947509766
0.002649068832397461
0.0026061534881591797
0.0035734176635742188
0.003137350082397461
0.0036873817443847656
0.003354310989379883
0.0035400390625
0.0028405189514160156
0.0034074783325195312
0.0027618408203125
0.0025854110717773438
0.0029900074005126953
0.003088712692260742
0.0029664039611816406
0.0028972625732421875
0.002714872360229492
0.003114461898803711
0.002583742141723633
0.0024118423461914062
0.0022912025451660156
0.0022954940795898438
0.004003047943115234
0.003011941909790039
0.0032622814178466797
0.0023403167724609375
0.0034754276275634766
0.003131866455078125
0.002712726593017578
0.0034766197204589844
0.002740621566772461
0.0034258365631103516
0.002643585205078125
0.002721548080444336
0.002505779266357422
0.0029938220977783203
0.0033330917358398438
0.0027170181274414062
0.0024330615997314453
0.002624034881591797
0.0025758743286132812
0.003532886505126953
0.0022377967834472656
0.002878904342651367
0.003007173538208008
0.003016948699951172
0.0020716190338134766
0.0030570030212402344
0.003005504608154297
0.0033376216888427734
0.0034084320068359375
0.0033540725708007812
0.0037310123443603516
0.0036635398864746094
0.0040760040283203125
0.003534555435180664
0.003676176071166992
0.0034322738647460938
0.003733396530151367
0.003631114959716797
0.002945423126220703
0.0034303665161132812
0.003696441650390625
0.0032918453216552734
0.0034759044647216797
0.0022466182708740234
0.003698110580444336
0.0035257339477539062
0.002953052520751953
0.003674030303955078
0.0033559799194335938
0.00350189208984375
0.0036933422088623047
0.0034415721893310547
0.003349781036376953
0.0029325485229492188
0.0038750171661376953
0.0028715133666992188
0.004557371139526367
0.0038101673126220703
0.0029664039611816406
0.0029876232147216797
0.0031235218048095703
0.0026345252990722656
0.003254413604736328
0.003315448760986328
0.004411220550537109
0.0033948421478271484
0.0025222301483154297
0.002820730209350586
0.0036118030548095703
0.0034379959106445312
0.003281116485595703
0.003139495849609375
0.003835439682006836
0.0032529830932617188
0.0029020309448242188
0.0037293434143066406
0.0025975704193115234
0.0036199092864990234
0.0027968883514404297
0.0032701492309570312
0.002305746078491211
0.0033211708068847656
0.0029213428497314453
0.004230022430419922
0.002907276153564453
0.003014087677001953
0.0035381317138671875
0.003161191940307617
0.0036551952362060547
0.0033690929412841797
0.003557920455932617
0.003379344940185547
0.0034499168395996094
0.004021644592285156
0.0028123855590820312
0.003335714340209961
0.0037338733673095703
0.003402233123779297
0.00333404541015625
0.0028586387634277344
0.004097461700439453
0.0032503604888916016
0.0035800933837890625
0.003248453140258789
0.002538919448852539
0.0037691593170166016
0.003253459930419922
0.0037605762481689453
0.0030813217163085938
0.003268003463745117
0.0024068355560302734
0.0031197071075439453
0.00436711311340332
0.0032138824462890625
0.003833770751953125
0.0037708282470703125
0.002662181854248047
0.003046274185180664
0.0024209022521972656
0.007108926773071289
0.0053174495697021484
