0.05367326736450195
0.05920743942260742
0.07239747047424316
0.062096357345581055
0.06883811950683594
0.07530999183654785
0.05890321731567383
0.0714406967163086
0.05785226821899414
0.058209896087646484
0.07139301300048828
0.07323932647705078
0.059537410736083984
0.08413362503051758
0.06186199188232422
0.06818842887878418
0.07161211967468262
0.06448554992675781
0.05660581588745117
0.06301379203796387
0.06420063972473145
0.05936431884765625
0.0732269287109375
0.06655192375183105
0.058199405670166016
0.05427217483520508
0.0581512451171875
0.062195539474487305
0.04821348190307617
0.05675935745239258
0.0597081184387207
0.06375885009765625
0.06167340278625488
0.07223200798034668
0.058064937591552734
0.052835702896118164
0.07591915130615234
0.06439471244812012
0.06574511528015137
0.059221506118774414
0.0625298023223877
0.06041288375854492
0.06956076622009277
0.0755620002746582
0.07387065887451172
0.05663037300109863
0.055313825607299805
0.0800466537475586
0.0666351318359375
0.06268572807312012
0.060019731521606445
0.06920766830444336
0.04966139793395996
0.0638875961303711
0.0821075439453125
0.05910086631774902
0.06305098533630371
0.05473613739013672
0.07251405715942383
0.06676816940307617
0.06664705276489258
0.057387590408325195
0.06736302375793457
0.054732561111450195
0.06913900375366211
0.07694435119628906
0.05296134948730469
0.06896758079528809
0.06765007972717285
0.056765079498291016
0.05717945098876953
0.06939005851745605
0.0684506893157959
0.05198359489440918
0.06095767021179199
0.06817626953125
0.06328773498535156
0.06511235237121582
0.06242656707763672
0.06979131698608398
0.06988024711608887
0.0627129077911377
0.05731654167175293
0.052205801010131836
0.07052469253540039
0.058324575424194336
0.0670170783996582
0.05493450164794922
0.061734676361083984
0.05072903633117676
0.07304739952087402
0.056596994400024414
0.06018781661987305
0.0726468563079834
0.07848787307739258
0.05180501937866211
0.06200671195983887
0.05564618110656738
0.06008744239807129
0.05046987533569336
0.07005929946899414
0.06081509590148926
0.05117511749267578
0.06952285766601562
0.061530113220214844
0.05544471740722656
0.06603789329528809
0.06588101387023926
0.06422543525695801
0.06584620475769043
0.06651163101196289
0.06385970115661621
0.06967377662658691
0.06157183647155762
0.06941986083984375
0.06135058403015137
0.06868982315063477
0.06713986396789551
0.05666828155517578
0.07414603233337402
0.0526280403137207
0.0605316162109375
0.053412437438964844
0.0598757266998291
0.054735660552978516
0.06630063056945801
0.06814885139465332
0.05512094497680664
0.06701827049255371
0.06147122383117676
0.06421446800231934
0.07291746139526367
0.05864906311035156
0.08255481719970703
0.07146191596984863
0.07295632362365723
0.06877803802490234
0.06519651412963867
0.06521153450012207
0.05204272270202637
0.06460928916931152
0.059925079345703125
0.047765493392944336
0.0475468635559082
0.06141924858093262
0.05251574516296387
0.06144595146179199
0.06497073173522949
0.07153868675231934
0.05696868896484375
0.0692300796508789
0.052855491638183594
0.0762939453125
0.0681462287902832
0.07040739059448242
0.05570554733276367
0.06931710243225098
0.06804943084716797
0.04738426208496094
0.05093693733215332
0.07472443580627441
0.055007219314575195
0.05957937240600586
0.06818532943725586
0.06773042678833008
0.06339287757873535
0.05453801155090332
0.07246685028076172
0.05717325210571289
0.0680398941040039
0.06350541114807129
0.07232284545898438
0.05927324295043945
0.07314395904541016
0.06291985511779785
0.06365370750427246
0.056860923767089844
0.05555915832519531
0.05702495574951172
0.05799984931945801
0.06368732452392578
0.06612062454223633
0.07408285140991211
0.06491923332214355
0.06262636184692383
0.07230806350708008
0.06665658950805664
0.0382688045501709
0.062383413314819336
0.05631852149963379
0.06585264205932617
0.06599020957946777
0.05838823318481445
0.07657742500305176
0.0702660083770752
0.07208895683288574
0.0627593994140625
0.06494832038879395
0.06543421745300293
0.052684783935546875
0.06141018867492676
0.06838059425354004
0.05584216117858887
0.05910825729370117
0.06340909004211426
0.06448769569396973
0.06410670280456543
0.06580853462219238
0.0729668140411377
0.06510066986083984
0.04459524154663086
0.06351971626281738
0.04346013069152832
0.05827975273132324
0.07929348945617676
0.06201028823852539
0.06885719299316406
0.0570826530456543
0.07156610488891602
0.07485151290893555
0.07356023788452148
0.07848644256591797
0.05641937255859375
0.08466076850891113
0.0688321590423584
0.07170510292053223
0.05244016647338867
0.05467963218688965
0.06320452690124512
0.05104422569274902
0.05834650993347168
0.06470799446105957
0.07168149948120117
0.07591652870178223
0.06918215751647949
0.07309293746948242
0.07249212265014648
0.06803059577941895
0.06725788116455078
0.0672307014465332
0.06515693664550781
0.051152944564819336
0.07067012786865234
0.05434870719909668
0.06073307991027832
0.07165932655334473
0.06842660903930664
0.06041407585144043
0.05578136444091797
0.06322002410888672
0.05209994316101074
0.0712590217590332
0.06529760360717773
0.07051753997802734
0.07575178146362305
0.05101132392883301
0.07119560241699219
0.05199790000915527
0.06936192512512207
0.059427738189697266
0.048319101333618164
0.07120037078857422
0.05395936965942383
0.06338882446289062
0.06120705604553223
0.058182477951049805
0.069000244140625
0.046343326568603516
0.0731194019317627
0.05823230743408203
0.061798810958862305
0.05731654167175293
0.05550384521484375
0.05424928665161133
0.07332706451416016
0.05363821983337402
0.06153392791748047
0.06075596809387207
0.05884432792663574
0.07361602783203125
0.06195521354675293
0.06238102912902832
0.06839680671691895
0.06937146186828613
0.06346464157104492
0.062012434005737305
0.0659797191619873
0.05536651611328125
0.038168907165527344
0.058135271072387695
0.05846762657165527
0.06696534156799316
0.06539511680603027
0.05291152000427246
0.07378840446472168
0.07165884971618652
0.05476212501525879
0.06503033638000488
0.0600275993347168
0.06265044212341309
0.0635828971862793
0.06563806533813477
0.0534062385559082
0.07747602462768555
0.05880379676818848
0.06716775894165039
0.06624770164489746
0.06777071952819824
0.07200002670288086
0.06031608581542969
0.07086181640625
0.061324357986450195
0.06954383850097656
0.06601834297180176
0.06481432914733887
0.05884695053100586
0.07008957862854004
0.0913398265838623
0.058241844177246094
0.05182075500488281
0.054862022399902344
0.048246145248413086
0.08075070381164551
0.06594204902648926
0.0646367073059082
0.06137704849243164
0.06199479103088379
0.07188987731933594
0.0641019344329834
0.05895113945007324
0.052419185638427734
0.05228686332702637
0.055710554122924805
0.06692934036254883
0.05504322052001953
0.05996990203857422
0.055069684982299805
0.056449174880981445
0.07278251647949219
0.062013864517211914
0.06106209754943848
0.0674750804901123
0.05081439018249512
0.04198098182678223
0.06892275810241699
0.06373357772827148
0.05612897872924805
0.06261777877807617
0.06832480430603027
0.06287717819213867
0.0574343204498291
0.06800723075866699
0.06465888023376465
0.0736081600189209
0.06147146224975586
0.05790066719055176
0.06686544418334961
0.05324721336364746
0.056153059005737305
0.05560016632080078
0.07109594345092773
0.05498361587524414
0.06811380386352539
0.06361222267150879
0.07637739181518555
0.05764365196228027
0.06903576850891113
0.05118894577026367
0.05533862113952637
0.06517577171325684
0.06270122528076172
0.05456948280334473
0.058895111083984375
0.05876517295837402
0.07039284706115723
0.05489301681518555
0.05111289024353027
0.046337127685546875
0.04681968688964844
0.07964110374450684
0.0658116340637207
0.06445956230163574
0.049965858459472656
0.07562685012817383
0.06575608253479004
0.058680057525634766
0.07185697555541992
0.05855393409729004
0.07235312461853027
0.05575203895568848
0.05486130714416504
0.05005335807800293
0.06308293342590332
0.06595134735107422
0.06432604789733887
0.049848318099975586
0.05663466453552246
0.05423092842102051
0.07229208946228027
0.04791378974914551
0.05143332481384277
0.0593724250793457
0.06050562858581543
0.044570207595825195
0.0731651782989502
0.06239128112792969
0.06829452514648438
0.06635189056396484
0.06541204452514648
0.06224703788757324
0.06653857231140137
0.061222076416015625
0.06889224052429199
0.0778813362121582
0.06029939651489258
0.07057523727416992
0.06613850593566895
0.054612159729003906
0.0658879280090332
0.0638284683227539
0.06267571449279785
0.06192779541015625
0.043114662170410156
0.06457400321960449
0.07074403762817383
0.058007240295410156
0.05934548377990723
0.06380462646484375
0.06176137924194336
0.06934404373168945
0.06255936622619629
0.06168222427368164
0.054105281829833984
0.07421612739562988
0.06051921844482422
0.07234859466552734
0.07269668579101562
0.05781674385070801
0.05372452735900879
0.05913281440734863
0.05312848091125488
0.0642995834350586
0.06201910972595215
0.08350467681884766
0.06429791450500488
0.05034780502319336
0.05424761772155762
0.06737756729125977
0.06078743934631348
0.059479713439941406
0.06270647048950195
0.06639957427978516
0.061069488525390625
0.05588388442993164
0.07897067070007324
0.04630088806152344
0.07036423683166504
0.04994916915893555
0.06094694137573242
0.04568982124328613
0.05696272850036621
0.05088376998901367
0.0776984691619873
0.05537676811218262
0.0666360855102539
0.05939841270446777
0.06188774108886719
0.06566381454467773
0.06400203704833984
0.0685567855834961
0.06267046928405762
0.06341004371643066
0.07316374778747559
0.056799888610839844
0.06020331382751465
0.07076549530029297
0.06371045112609863
0.06171393394470215
0.05668377876281738
0.07009029388427734
0.06452417373657227
0.06412601470947266
0.06441426277160645
0.05225372314453125
0.06618833541870117
0.06488180160522461
0.06629109382629395
0.06054949760437012
0.0648798942565918
0.04268383979797363
0.06279921531677246
0.07650923728942871
0.06371760368347168
0.07913565635681152
0.07229113578796387
0.055458784103393555
0.053716182708740234
0.04906058311462402
0.051805734634399414
0.08146810531616211
