0.001523733139038086
0.001573324203491211
0.0016260147094726562
0.0017702579498291016
0.0014286041259765625
0.0021665096282958984
0.0019097328186035156
0.0018825531005859375
0.001961231231689453
0.0018453598022460938
0.002555370330810547
0.0021407604217529297
0.0015189647674560547
0.0017783641815185547
0.0016813278198242188
0.001960277557373047
0.0018434524536132812
0.0021004676818847656
0.001859903335571289
0.0019409656524658203
0.0020017623901367188
0.0018603801727294922
0.0018815994262695312
0.001889944076538086
0.002009868621826172
0.0017979145050048828
0.002007007598876953
0.0015494823455810547
0.0015826225280761719
0.0021142959594726562
0.001482248306274414
0.001753091812133789
0.0019791126251220703
0.0019826889038085938
0.0019006729125976562
0.0014705657958984375
0.002112150192260742
0.0013277530670166016
0.0014846324920654297
0.0016646385192871094
0.0014960765838623047
0.0013985633850097656
0.0019083023071289062
0.0018169879913330078
0.0014548301696777344
0.0021085739135742188
0.002067089080810547
0.0016674995422363281
0.0018851757049560547
0.0017354488372802734
0.0013434886932373047
0.001924276351928711
0.002397775650024414
0.0017511844635009766
0.002260446548461914
0.0023190975189208984
0.0021605491638183594
0.00203704833984375
0.0016531944274902344
0.0012128353118896484
0.0019404888153076172
0.0021827220916748047
0.001817941665649414
0.0019752979278564453
0.002290487289428711
0.0016825199127197266
0.0017399787902832031
0.001474142074584961
0.0015861988067626953
0.0022678375244140625
0.0017600059509277344
0.0019345283508300781
0.0013017654418945312
0.0017707347869873047
0.0015573501586914062
0.0020394325256347656
0.0017249584197998047
0.001965045928955078
0.0020682811737060547
0.0027246475219726562
0.0018215179443359375
0.002076864242553711
0.0025424957275390625
0.0025298595428466797
0.001955270767211914
0.002288341522216797
0.002175569534301758
0.0031058788299560547
0.002285480499267578
0.002554178237915039
0.0026144981384277344
0.001550436019897461
0.001982450485229492
0.0021753311157226562
0.0019659996032714844
0.0022127628326416016
0.0016658306121826172
0.0016164779663085938
0.0017826557159423828
0.001964569091796875
0.001825571060180664
0.0019867420196533203
0.0017054080963134766
0.0017516613006591797
0.0020525455474853516
0.002260923385620117
0.0015447139739990234
0.001791238784790039
0.0021212100982666016
0.0020771026611328125
0.002106189727783203
0.0018596649169921875
0.002267599105834961
0.001703023910522461
0.0016989707946777344
0.00199127197265625
0.0016796588897705078
0.0016758441925048828
0.0016355514526367188
0.0020656585693359375
0.0014450550079345703
0.001333475112915039
0.0025501251220703125
0.001980304718017578
0.0016536712646484375
0.0021402835845947266
0.0016217231750488281
0.0015506744384765625
0.0019295215606689453
0.0013782978057861328
0.0019731521606445312
0.0020246505737304688
0.0021905899047851562
0.0017960071563720703
0.0017976760864257812
0.0019288063049316406
0.0016124248504638672
0.0021734237670898438
0.0019812583923339844
0.002147197723388672
0.002024412155151367
0.0023064613342285156
0.002043008804321289
0.0015511512756347656
0.001348733901977539
0.0019195079803466797
0.0017480850219726562
0.001592397689819336
0.001512289047241211
0.0015552043914794922
0.0020194053649902344
0.0015795230865478516
0.0023505687713623047
0.0018761157989501953
0.0018582344055175781
0.0017211437225341797
0.001905202865600586
0.0016908645629882812
0.0013871192932128906
0.002087831497192383
0.0022554397583007812
0.0019805431365966797
0.0018877983093261719
0.0017333030700683594
0.0016903877258300781
0.0015087127685546875
0.0017292499542236328
0.001482248306274414
0.001848459243774414
0.0018801689147949219
0.0013396739959716797
0.0016968250274658203
0.0014896392822265625
0.002343893051147461
0.0017862319946289062
0.0014271736145019531
0.0014231204986572266
0.0016384124755859375
0.0018277168273925781
0.002044677734375
0.001996278762817383
0.0015912055969238281
0.0022058486938476562
0.002062082290649414
0.0019876956939697266
0.0018548965454101562
0.0018355846405029297
0.0019221305847167969
0.0018548965454101562
0.001669168472290039
0.0020601749420166016
0.0020890235900878906
0.0022280216217041016
0.001798868179321289
0.002298593521118164
0.0023157596588134766
0.0017337799072265625
0.002405881881713867
0.0017244815826416016
0.0015411376953125
0.001966714859008789
0.0017328262329101562
0.0016322135925292969
0.0015554428100585938
0.0018434524536132812
0.0016100406646728516
0.001789093017578125
0.0013015270233154297
0.001438140869140625
0.001986265182495117
0.0017261505126953125
0.0018362998962402344
0.0019011497497558594
0.001969575881958008
0.0016436576843261719
0.0021524429321289062
0.002688169479370117
0.002032756805419922
0.003308534622192383
0.002711772918701172
0.0015354156494140625
0.0025501251220703125
0.002336263656616211
0.001972675323486328
0.0017690658569335938
0.0018949508666992188
0.0014293193817138672
0.0020537376403808594
0.0021076202392578125
0.0017247200012207031
0.0013573169708251953
0.002342700958251953
0.0011851787567138672
0.0023107528686523438
0.0014841556549072266
0.0020902156829833984
0.0018055438995361328
0.0021054744720458984
0.0021102428436279297
0.0016179084777832031
0.0023889541625976562
0.0018939971923828125
0.0018186569213867188
0.0018925666809082031
0.001705169677734375
0.0017313957214355469
0.002115011215209961
0.001276254653930664
0.002045154571533203
0.0019843578338623047
0.0017156600952148438
0.0014500617980957031
0.0017099380493164062
0.0018589496612548828
0.0017528533935546875
0.0017399787902832031
0.0020127296447753906
0.0015802383422851562
0.0018739700317382812
0.0019519329071044922
0.0014476776123046875
0.0016107559204101562
0.0015866756439208984
0.0015227794647216797
0.001971006393432617
0.002169370651245117
0.0013592243194580078
0.002140522003173828
0.0015146732330322266
0.0019845962524414062
0.0016407966613769531
0.0019304752349853516
0.0013327598571777344
0.0017108917236328125
0.00165557861328125
0.001775979995727539
0.0018434524536132812
0.0017766952514648438
0.0017611980438232422
0.0016798973083496094
0.0018236637115478516
0.002120494842529297
0.0022094249725341797
0.0019240379333496094
0.00200653076171875
0.00200653076171875
0.0017216205596923828
0.0018050670623779297
0.001996278762817383
0.0019712448120117188
0.001722574234008789
0.0017299652099609375
0.0019419193267822266
0.001995563507080078
0.0019779205322265625
0.001749277114868164
0.001298666000366211
0.0021271705627441406
0.0017654895782470703
0.0026082992553710938
0.0014925003051757812
0.0021054744720458984
0.0019195079803466797
0.002144336700439453
0.0023996829986572266
0.001988649368286133
0.001010894775390625
0.0018036365509033203
0.001321554183959961
0.0014801025390625
0.0017175674438476562
0.0015497207641601562
0.0023283958435058594
0.0018613338470458984
0.0016677379608154297
0.0019121170043945312
0.0017170906066894531
0.0019059181213378906
0.002005338668823242
0.002143383026123047
0.0018835067749023438
0.0016024112701416016
0.002475261688232422
0.001631021499633789
0.0019359588623046875
0.0018684864044189453
0.0022008419036865234
0.002009868621826172
0.001577138900756836
0.0013353824615478516
0.001676797866821289
0.0016393661499023438
0.002161741256713867
0.0017154216766357422
0.0016224384307861328
0.0018663406372070312
0.0018930435180664062
0.002335071563720703
0.002311229705810547
0.002138376235961914
0.001926422119140625
0.0017292499542236328
0.0018322467803955078
0.0019884109497070312
0.0018928050994873047
0.001886606216430664
0.0016744136810302734
0.001982450485229492
0.0018398761749267578
0.0021741390228271484
0.0015480518341064453
0.0013163089752197266
0.0021829605102539062
0.002095460891723633
0.0017476081848144531
0.0013887882232666016
0.002689361572265625
0.0026907920837402344
0.002563953399658203
0.0020933151245117188
0.0027294158935546875
0.0016582012176513672
0.002766132354736328
0.0029501914978027344
0.001931905746459961
0.002471446990966797
0.0027086734771728516
0.0018765926361083984
0.0019867420196533203
0.0022025108337402344
0.002364635467529297
0.001447439193725586
0.002307415008544922
0.0022745132446289062
0.0019028186798095703
0.0019054412841796875
0.0022754669189453125
0.0017082691192626953
0.0013353824615478516
0.0017871856689453125
0.0023241043090820312
0.0018415451049804688
0.0022420883178710938
0.001695394515991211
0.002076864242553711
0.001973390579223633
0.00211334228515625
0.0019865036010742188
0.0018796920776367188
0.0018155574798583984
0.0019073486328125
0.0016589164733886719
0.002196788787841797
0.0016026496887207031
0.0017523765563964844
0.0014355182647705078
0.0015287399291992188
0.0013794898986816406
0.0015025138854980469
0.0018994808197021484
0.0016210079193115234
0.002674102783203125
0.001786947250366211
0.002042531967163086
0.002122163772583008
0.001322031021118164
0.002203226089477539
0.0019559860229492188
0.0016930103302001953
0.0016145706176757812
0.001975536346435547
0.0021796226501464844
0.0020155906677246094
0.0019385814666748047
0.0020246505737304688
0.0015480518341064453
0.0017237663269042969
0.0016753673553466797
0.0015106201171875
0.00131988525390625
0.0019850730895996094
0.001383066177368164
0.0022230148315429688
0.002205371856689453
0.001600027084350586
0.0017576217651367188
0.0018150806427001953
0.0015003681182861328
0.0022101402282714844
0.0015268325805664062
0.0017960071563720703
0.0013709068298339844
0.0020279884338378906
0.001794576644897461
0.0016202926635742188
0.0023407936096191406
0.001720428466796875
0.0016598701477050781
0.0016179084777832031
0.0016810894012451172
0.001455545425415039
0.0021135807037353516
0.0018181800842285156
0.0018913745880126953
0.0016872882843017578
0.001516580581665039
0.0017740726470947266
0.002025127410888672
0.0016505718231201172
0.0019412040710449219
0.001909017562866211
0.0018296241760253906
0.0023431777954101562
0.0015616416931152344
0.0018389225006103516
0.0021495819091796875
0.002080202102661133
0.001909017562866211
0.002008199691772461
0.001963376998901367
0.0021729469299316406
0.0024690628051757812
0.0018880367279052734
0.001909494400024414
0.0010726451873779297
0.0013232231140136719
0.0016603469848632812
0.0012083053588867188
0.0027670860290527344
0.0025289058685302734
0.001895904541015625
0.0015780925750732422
0.0019025802612304688
0.0014712810516357422
0.0018122196197509766
0.0026826858520507812
0.0018908977508544922
0.0015676021575927734
0.0017299652099609375
0.0022935867309570312
0.0018963813781738281
0.0019497871398925781
0.0015759468078613281
0.0019347667694091797
0.0017061233520507812
0.0035321712493896484
0.001990079879760742
0.0031919479370117188
0.0025513172149658203
0.0020673274993896484
0.0029609203338623047
0.0024437904357910156
0.0026252269744873047
0.003019094467163086
0.002186298370361328
0.0024411678314208984
0.0018908977508544922
0.0030825138092041016
0.0024416446685791016
0.0014715194702148438
