0.0003802776336669922
0.0007655620574951172
0.0013461112976074219
0.0009870529174804688
0.0009012222290039062
0.0009214878082275391
0.0010292530059814453
0.00072479248046875
0.0011110305786132812
0.0003883838653564453
0.0009615421295166016
0.0007460117340087891
0.0006477832794189453
0.0008006095886230469
0.0011773109436035156
0.0014939308166503906
0.0011281967163085938
0.0008490085601806641
0.0005061626434326172
0.0006272792816162109
0.0009598731994628906
0.0005328655242919922
0.0008184909820556641
0.0007510185241699219
0.0009465217590332031
0.0007998943328857422
0.0013797283172607422
0.0005023479461669922
0.0005171298980712891
0.00038552284240722656
0.0009779930114746094
0.0005695819854736328
0.00035762786865234375
0.00039458274841308594
0.0005524158477783203
0.0005104541778564453
0.0004329681396484375
0.00040912628173828125
0.0005631446838378906
0.0005292892456054688
0.0003056526184082031
0.0007472038269042969
0.00037384033203125
0.0005273818969726562
0.00021266937255859375
0.0004067420959472656
0.0006132125854492188
0.0004227161407470703
0.0005488395690917969
0.000377655029296875
0.0005095005035400391
0.00044417381286621094
0.00043773651123046875
0.0005021095275878906
0.0004134178161621094
0.00044345855712890625
0.00042891502380371094
0.00026726722717285156
0.00019812583923339844
0.0006048679351806641
0.00032806396484375
0.00021767616271972656
0.0004038810729980469
0.0002465248107910156
0.00034236907958984375
0.00024175643920898438
0.00029540061950683594
0.0003933906555175781
0.0002067089080810547
0.0003566741943359375
0.00024890899658203125
0.0003516674041748047
0.00028133392333984375
0.00023889541625976562
0.00021266937255859375
0.0002455711364746094
0.0002815723419189453
0.0002627372741699219
0.0003654956817626953
0.0004010200500488281
0.00019693374633789062
0.00022029876708984375
0.0003044605255126953
0.0002243518829345703
0.00015783309936523438
0.0003063678741455078
0.0002760887145996094
0.00020384788513183594
0.0003223419189453125
0.0003085136413574219
0.00032401084899902344
0.0004303455352783203
0.00026035308837890625
0.00033736228942871094
0.00028896331787109375
0.00025153160095214844
0.0003757476806640625
0.00032830238342285156
0.0001595020294189453
0.0002014636993408203
0.0003325939178466797
0.00032782554626464844
0.00028228759765625
0.00019168853759765625
0.00022649765014648438
0.00047278404235839844
0.00034999847412109375
0.0001304149627685547
0.0003075599670410156
0.00021338462829589844
0.00030159950256347656
0.00034308433532714844
0.000335693359375
0.0003528594970703125
0.00040030479431152344
0.00018477439880371094
0.00033783912658691406
0.0003502368927001953
0.00035190582275390625
0.00027561187744140625
0.00020456314086914062
0.0003304481506347656
0.00024127960205078125
0.00014543533325195312
0.00043320655822753906
0.0001742839813232422
0.00020885467529296875
0.00037407875061035156
0.0002620220184326172
0.00025177001953125
0.0002677440643310547
0.00032591819763183594
0.0002617835998535156
0.00014328956604003906
0.0002377033233642578
0.0003380775451660156
0.0003571510314941406
0.00028395652770996094
0.0003046989440917969
0.00015044212341308594
0.0003695487976074219
0.0004112720489501953
0.00033402442932128906
0.00032806396484375
0.0002689361572265625
0.0002014636993408203
0.0002689361572265625
0.0002696514129638672
0.0003218650817871094
0.00022983551025390625
0.0002105236053466797
0.0002741813659667969
0.00030303001403808594
0.0003867149353027344
0.0002522468566894531
0.00030422210693359375
0.0002181529998779297
0.00034499168395996094
0.00042629241943359375
0.0003581047058105469
0.0002646446228027344
0.0003345012664794922
0.0003743171691894531
0.0003509521484375
0.0002446174621582031
0.00043654441833496094
0.00032067298889160156
0.0004417896270751953
0.00013780593872070312
0.0002951622009277344
0.0003681182861328125
0.0003058910369873047
0.0002651214599609375
0.000324249267578125
0.00038695335388183594
0.0003249645233154297
0.00024008750915527344
0.0003783702850341797
0.0003108978271484375
0.0002677440643310547
0.00021791458129882812
0.00018262863159179688
0.000438690185546875
0.00032830238342285156
0.00027871131896972656
0.00019049644470214844
0.00019311904907226562
0.0003266334533691406
0.00032591819763183594
0.00039386749267578125
0.00023937225341796875
0.0003600120544433594
0.000278472900390625
0.00017762184143066406
0.0003514289855957031
0.0002167224884033203
0.0003705024719238281
0.00026345252990722656
0.0002887248992919922
0.0002732276916503906
0.0002970695495605469
0.00029397010803222656
0.00032258033752441406
0.00031685829162597656
0.00043272972106933594
0.0003867149353027344
0.00038123130798339844
0.00045418739318847656
0.0002701282501220703
0.00022363662719726562
0.0002541542053222656
0.00032973289489746094
0.00017499923706054688
0.0002529621124267578
0.0004150867462158203
0.0002815723419189453
0.00036025047302246094
0.0002307891845703125
0.0003192424774169922
0.00022029876708984375
0.00048661231994628906
0.00032258033752441406
0.0004067420959472656
0.00032138824462890625
0.0002884864807128906
0.0003273487091064453
0.000293731689453125
0.0003910064697265625
0.00038051605224609375
0.0003204345703125
0.0003886222839355469
0.00037598609924316406
0.00035834312438964844
0.00020694732666015625
0.00038623809814453125
0.00019168853759765625
0.0003216266632080078
0.0003077983856201172
0.00021839141845703125
0.0003349781036376953
0.0003819465637207031
0.0003497600555419922
0.00025343894958496094
0.00015401840209960938
0.0003402233123779297
0.00029921531677246094
0.0002880096435546875
0.0002491474151611328
0.00033855438232421875
0.0003192424774169922
0.00043773651123046875
0.0004265308380126953
0.0004258155822753906
0.0002601146697998047
0.00037598609924316406
0.00015425682067871094
0.0002560615539550781
0.000385284423828125
0.00026607513427734375
0.00036907196044921875
0.0002772808074951172
0.00041413307189941406
0.00018405914306640625
0.0002543926239013672
0.00033092498779296875
0.0004074573516845703
0.0002484321594238281
0.00036835670471191406
0.0003764629364013672
0.0003688335418701172
0.00043654441833496094
0.00043272972106933594
0.0003485679626464844
7.772445678710938e-05
0.0002751350402832031
0.00022864341735839844
0.0001723766326904297
0.00025177001953125
0.00015783309936523438
0.00041675567626953125
0.0003304481506347656
0.0003192424774169922
0.0003025531768798828
0.0003161430358886719
0.00032401084899902344
0.00038695335388183594
0.00019741058349609375
0.0002002716064453125
0.0001423358917236328
0.00017881393432617188
0.00011491775512695312
0.0002803802490234375
0.0003490447998046875
0.0003578662872314453
0.0002734661102294922
0.00013875961303710938
0.0003421306610107422
0.0002818107604980469
0.000213623046875
0.0003223419189453125
0.0002624988555908203
0.00021600723266601562
0.00016808509826660156
0.00032329559326171875
0.00035858154296875
0.0002052783966064453
0.00016641616821289062
0.0003094673156738281
0.00034618377685546875
8.988380432128906e-05
0.0003528594970703125
0.00029778480529785156
0.00037550926208496094
0.0002589225769042969
0.00014400482177734375
0.0003523826599121094
0.0004057884216308594
0.0003151893615722656
0.00029778480529785156
0.00034689903259277344
0.00022840499877929688
0.00037169456481933594
0.0002636909484863281
0.00031113624572753906
0.0004019737243652344
0.0002751350402832031
0.00043654441833496094
0.0003437995910644531
0.00017833709716796875
0.0003485679626464844
0.0002498626708984375
0.00021529197692871094
0.00039649009704589844
0.0004105567932128906
0.00023674964904785156
0.00031185150146484375
0.0004496574401855469
0.0003476142883300781
0.00022292137145996094
0.0001995563507080078
0.000347137451171875
0.0003292560577392578
0.0002498626708984375
0.0004684925079345703
0.0002465248107910156
0.00038504600524902344
0.0005354881286621094
0.0004150867462158203
0.00040841102600097656
0.00016498565673828125
0.00045752525329589844
0.0002849102020263672
0.00031876564025878906
0.00036978721618652344
0.0005755424499511719
0.0004012584686279297
0.00022292137145996094
0.0004222393035888672
0.0002887248992919922
0.0004725456237792969
0.00029277801513671875
0.00022745132446289062
0.0004687309265136719
0.00023651123046875
0.0003483295440673828
0.0003376007080078125
0.00028705596923828125
0.0002665519714355469
0.00017142295837402344
0.00030422210693359375
0.0002872943878173828
0.0004036426544189453
0.0002384185791015625
0.0003933906555175781
0.00021910667419433594
0.0003190040588378906
0.00030875205993652344
0.0001919269561767578
0.0003542900085449219
0.00017833709716796875
0.0001823902130126953
0.0001266002655029297
0.0003025531768798828
0.0002486705780029297
0.00025272369384765625
0.0002598762512207031
0.0002474784851074219
0.00026297569274902344
0.0003466606140136719
0.00014638900756835938
0.0003046989440917969
0.0002923011779785156
0.00031828880310058594
0.00013947486877441406
0.0004673004150390625
0.00042247772216796875
0.00024390220642089844
0.00027179718017578125
0.00035262107849121094
0.00035309791564941406
0.00021147727966308594
0.00017714500427246094
0.0004773139953613281
0.00022554397583007812
0.00025534629821777344
0.0004744529724121094
0.0003380775451660156
0.00041556358337402344
0.0005180835723876953
0.0003223419189453125
0.00044727325439453125
0.00019621849060058594
0.0003643035888671875
0.00024366378784179688
0.00026035308837890625
0.0002727508544921875
0.00015544891357421875
0.00035071372985839844
0.00010013580322265625
0.0004596710205078125
0.00017261505126953125
0.00037598609924316406
0.00020599365234375
0.00023436546325683594
0.00025463104248046875
0.00022125244140625
0.0001823902130126953
0.00026345252990722656
0.00029540061950683594
0.0003292560577392578
0.00041484832763671875
0.0002257823944091797
0.00034737586975097656
0.00029468536376953125
0.0002048015594482422
0.00011396408081054688
0.0002243518829345703
0.00038504600524902344
0.00017309188842773438
0.00028967857360839844
0.00038886070251464844
0.0002753734588623047
0.0003323554992675781
0.0002772808074951172
0.000133514404296875
0.00023651123046875
0.0003437995910644531
0.000270843505859375
0.0002963542938232422
0.0003337860107421875
0.0003211498260498047
0.0003368854522705078
0.0003075599670410156
0.00025916099548339844
0.00038623809814453125
0.0004050731658935547
0.00032329559326171875
0.00018548965454101562
0.000335693359375
0.00018358230590820312
0.0002932548522949219
0.00026226043701171875
0.0004210472106933594
0.00018906593322753906
0.00013709068298339844
0.00024175643920898438
0.00037407875061035156
0.0002849102020263672
0.0003590583801269531
0.00028586387634277344
0.0002493858337402344
0.0003743171691894531
0.00033664703369140625
0.00019359588623046875
0.0003800392150878906
0.00029778480529785156
0.0002543926239013672
0.00029397010803222656
0.0003604888916015625
0.0001926422119140625
0.00021839141845703125
0.00023221969604492188
0.0003476142883300781
0.0002689361572265625
0.0003695487976074219
0.0003681182861328125
0.0003845691680908203
0.000232696533203125
0.0002911090850830078
0.0002796649932861328
0.00030922889709472656
0.0001380443572998047
0.0002951622009277344
0.0002071857452392578
0.0003783702850341797
0.0003292560577392578
0.0002944469451904297
0.0003542900085449219
0.000377655029296875
0.00022149085998535156
