0.020191192626953125
0.021061182022094727
0.0207211971282959
0.027512550354003906
0.027176380157470703
0.02336573600769043
0.025252819061279297
0.024500370025634766
0.023657798767089844
0.02930736541748047
0.02130293846130371
0.02156519889831543
0.01959395408630371
0.020009994506835938
0.01900315284729004
0.02033543586730957
0.018818140029907227
0.02017068862915039
0.024025678634643555
0.022111892700195312
0.028148651123046875
0.029561996459960938
0.023833274841308594
0.02163529396057129
0.0245053768157959
0.024013757705688477
0.02142024040222168
0.026715517044067383
0.021356582641601562
0.02288961410522461
0.022522926330566406
0.021083354949951172
0.02445507049560547
0.026542186737060547
0.02538132667541504
0.02445077896118164
0.025527477264404297
0.02618122100830078
0.02188587188720703
0.022819042205810547
0.026624202728271484
0.025920391082763672
0.019794464111328125
0.023473501205444336
0.02263498306274414
0.021165132522583008
0.021901607513427734
0.018536090850830078
0.020517826080322266
0.02481555938720703
0.027981281280517578
0.029506444931030273
0.02117466926574707
0.020778179168701172
0.021209239959716797
0.021199941635131836
0.01854848861694336
0.021680831909179688
0.017168521881103516
0.020842552185058594
0.026302814483642578
0.02222275733947754
0.023376941680908203
0.027953147888183594
0.025072097778320312
0.021394729614257812
0.025565147399902344
0.02226853370666504
0.025732994079589844
0.022977590560913086
0.02541947364807129
0.022680044174194336
0.023003816604614258
0.02372598648071289
0.02550673484802246
0.022943735122680664
0.028019189834594727
0.024776458740234375
0.025020360946655273
0.02188706398010254
0.023944377899169922
0.020621299743652344
0.02061915397644043
0.02048802375793457
0.022323131561279297
0.024242877960205078
0.021245241165161133
0.02344655990600586
0.026309967041015625
0.0293581485748291
0.024822473526000977
0.030292749404907227
0.02546858787536621
0.029989242553710938
0.026920557022094727
0.027268648147583008
0.029877185821533203
0.029362916946411133
0.0268709659576416
0.02609086036682129
0.024119138717651367
0.026142120361328125
0.020953655242919922
0.027744770050048828
0.027219772338867188
0.02514171600341797
0.028598785400390625
0.022433996200561523
0.030244827270507812
0.027289628982543945
0.030362367630004883
0.03134870529174805
0.02999258041381836
0.026247501373291016
0.027364253997802734
0.024676799774169922
0.027851343154907227
0.029810428619384766
0.027495384216308594
0.029160261154174805
0.02278757095336914
0.020623207092285156
0.026633501052856445
0.022716522216796875
0.02398514747619629
0.027679443359375
0.028483152389526367
0.0251920223236084
0.024857521057128906
0.023587465286254883
0.02663111686706543
0.020998239517211914
0.026666641235351562
0.02592611312866211
0.02509903907775879
0.02392125129699707
0.02228689193725586
0.022212743759155273
0.024003028869628906
0.02374863624572754
0.025761842727661133
0.02468419075012207
0.023084163665771484
0.02512955665588379
0.022034883499145508
0.022680282592773438
0.02661895751953125
0.0223541259765625
0.020405292510986328
0.02106928825378418
0.02090597152709961
0.023325681686401367
0.023113012313842773
0.026322126388549805
0.021030902862548828
0.019380807876586914
0.02030181884765625
0.021167516708374023
0.02162480354309082
0.024664640426635742
0.025412559509277344
0.028018474578857422
0.023975610733032227
0.023409605026245117
0.02107691764831543
0.020560026168823242
0.022264480590820312
0.02048492431640625
0.02353501319885254
0.020907163619995117
0.01841902732849121
0.02221512794494629
0.024055004119873047
0.021315574645996094
0.020891666412353516
0.023120880126953125
0.021881818771362305
0.023813247680664062
0.0236661434173584
0.022794485092163086
0.0247650146484375
0.024652481079101562
0.016794919967651367
0.017035961151123047
0.026424169540405273
0.01939702033996582
0.024028301239013672
0.02098369598388672
0.019461870193481445
0.01922297477722168
0.023464202880859375
0.019080638885498047
0.02147984504699707
0.02728128433227539
0.020194053649902344
0.01973724365234375
0.01653313636779785
0.022837162017822266
0.02032947540283203
0.023703575134277344
0.024419546127319336
0.020827054977416992
0.020052194595336914
0.02246546745300293
0.01883673667907715
0.0182187557220459
0.018602371215820312
0.022116422653198242
0.024079322814941406
0.020730018615722656
0.01773834228515625
0.025780916213989258
0.01994943618774414
0.020336389541625977
0.0185699462890625
0.016623973846435547
0.021610736846923828
0.0197601318359375
0.019524812698364258
0.02194523811340332
0.023144006729125977
0.023898601531982422
0.02225327491760254
0.0218966007232666
0.02607583999633789
0.019557952880859375
0.020263195037841797
0.024477720260620117
0.017429351806640625
0.021256208419799805
0.015634536743164062
0.020334243774414062
0.02388763427734375
0.02160954475402832
0.021269798278808594
0.021695375442504883
0.02385234832763672
0.022153854370117188
0.017758846282958984
0.021370410919189453
0.01917409896850586
0.018355369567871094
0.027498722076416016
0.02073979377746582
0.022591829299926758
0.020708560943603516
0.019099712371826172
0.026508092880249023
0.02347087860107422
0.020936965942382812
0.019827604293823242
0.01991105079650879
0.019501447677612305
0.025766611099243164
0.020097732543945312
0.022136211395263672
0.024304866790771484
0.021467208862304688
0.01902008056640625
0.02272200584411621
0.017790794372558594
0.015866518020629883
0.017934083938598633
0.017302751541137695
0.023312091827392578
0.02086615562438965
0.01976752281188965
0.017839670181274414
0.02190995216369629
0.01808023452758789
0.01944708824157715
0.024600982666015625
0.024884939193725586
0.022954702377319336
0.023932456970214844
0.02056884765625
0.02095961570739746
0.018981218338012695
0.02068185806274414
0.016267776489257812
0.021460533142089844
0.024440288543701172
0.022765159606933594
0.019205331802368164
0.0175931453704834
0.025342226028442383
0.01677989959716797
0.021304607391357422
0.025635719299316406
0.02359151840209961
0.022815942764282227
0.026582956314086914
0.02163982391357422
0.020728588104248047
0.022756338119506836
0.0218353271484375
0.025955915451049805
0.02249622344970703
0.023290634155273438
0.024562835693359375
0.023020267486572266
0.024030208587646484
0.025315523147583008
0.021721363067626953
0.020436763763427734
0.02050638198852539
0.021250486373901367
0.020082950592041016
0.020581722259521484
0.023021936416625977
0.019383907318115234
0.02405238151550293
0.021671056747436523
0.017333507537841797
0.02091383934020996
0.01731562614440918
0.02475452423095703
0.01926589012145996
0.022528886795043945
0.02147674560546875
0.02002573013305664
0.02369546890258789
0.02471613883972168
0.024726390838623047
0.020293235778808594
0.023159503936767578
0.025429248809814453
0.02028369903564453
0.018095731735229492
0.019894123077392578
0.018164634704589844
0.021774768829345703
0.02170109748840332
0.017969846725463867
0.023206233978271484
0.02014470100402832
0.02022719383239746
0.025508642196655273
0.022944211959838867
0.017678499221801758
0.0215303897857666
0.025411605834960938
0.02354288101196289
0.02147984504699707
0.021902084350585938
0.02274775505065918
0.02246999740600586
0.026302576065063477
0.021474838256835938
0.023661375045776367
0.02221846580505371
0.024657487869262695
0.028193950653076172
0.0242459774017334
0.020885467529296875
0.022220134735107422
0.02113652229309082
0.023883581161499023
0.021756410598754883
0.01737046241760254
0.023547887802124023
0.0250241756439209
0.023233652114868164
0.02321767807006836
0.02160358428955078
0.023810148239135742
0.022141695022583008
0.025879621505737305
0.025583744049072266
0.024578332901000977
0.03309321403503418
0.026630878448486328
0.02272772789001465
0.022016525268554688
0.021516084671020508
0.02137160301208496
0.018072843551635742
0.0182952880859375
0.019833087921142578
0.022162914276123047
0.02945399284362793
0.021889209747314453
0.019483089447021484
0.02130866050720215
0.020147323608398438
0.022899627685546875
0.02607131004333496
0.022758007049560547
0.019860506057739258
0.023043155670166016
0.021379709243774414
0.029880285263061523
0.020358800888061523
0.02356696128845215
0.023039817810058594
0.024975061416625977
0.025994539260864258
0.02792191505432129
0.023043155670166016
0.028443098068237305
0.028084993362426758
0.025425195693969727
0.021986961364746094
0.026648998260498047
0.027644634246826172
0.02422785758972168
0.02240753173828125
0.02312326431274414
0.0260617733001709
0.022976160049438477
0.02819681167602539
0.026529550552368164
0.019490480422973633
0.026703834533691406
0.018306493759155273
0.026205062866210938
0.02407073974609375
0.01592540740966797
0.027274370193481445
0.02660655975341797
0.027353525161743164
0.0209047794342041
0.021750450134277344
0.024870634078979492
0.022782087326049805
0.02045464515686035
0.022716999053955078
0.018776893615722656
0.021378755569458008
0.01869058609008789
0.021159887313842773
0.026356935501098633
0.024605512619018555
0.021012544631958008
0.026538848876953125
0.022731304168701172
0.021039485931396484
0.021553516387939453
0.02007603645324707
0.02129983901977539
0.025295257568359375
0.02687835693359375
0.022170305252075195
0.026640653610229492
0.028488874435424805
0.022457599639892578
0.026808500289916992
0.021555185317993164
0.021313190460205078
0.022207021713256836
0.023294687271118164
0.021727323532104492
0.024188756942749023
0.02395915985107422
0.025756120681762695
0.024186134338378906
0.026226282119750977
0.021329402923583984
0.020308971405029297
0.02275371551513672
0.02736806869506836
0.027600526809692383
0.019072294235229492
0.02473616600036621
0.02495288848876953
0.023099899291992188
0.02092266082763672
0.023244619369506836
0.0264127254486084
0.021938562393188477
0.01922750473022461
0.02525043487548828
0.023047924041748047
0.02211284637451172
0.02712392807006836
0.021630048751831055
0.02417445182800293
0.021327495574951172
0.02523016929626465
0.022743701934814453
0.02365851402282715
0.0227508544921875
0.025812149047851562
0.021390438079833984
0.022603511810302734
0.018005847930908203
0.020624637603759766
0.020911455154418945
0.021100282669067383
0.022223711013793945
0.025899887084960938
0.0277707576751709
0.02796316146850586
0.026312589645385742
0.018378496170043945
0.02162480354309082
0.027846097946166992
0.021002531051635742
0.024617910385131836
0.020830154418945312
