0.013017654418945312
0.012435674667358398
0.012019872665405273
0.014336347579956055
0.012325286865234375
0.015094280242919922
0.012106657028198242
0.014225006103515625
0.011930704116821289
0.01386260986328125
0.012758970260620117
0.012687444686889648
0.011840581893920898
0.010758638381958008
0.010653018951416016
0.010919332504272461
0.011434078216552734
0.011786699295043945
0.012557268142700195
0.01072239875793457
0.014320135116577148
0.013995170593261719
0.012079954147338867
0.013695240020751953
0.00977182388305664
0.013314247131347656
0.014713287353515625
0.010352373123168945
0.010650157928466797
0.012745141983032227
0.013943195343017578
0.011324167251586914
0.010027408599853516
0.01267099380493164
0.009211063385009766
0.011046171188354492
0.009852886199951172
0.012681961059570312
0.010085821151733398
0.010842323303222656
0.012955665588378906
0.015792369842529297
0.010936737060546875
0.011235952377319336
0.011566877365112305
0.012727022171020508
0.010659217834472656
0.012662649154663086
0.011632204055786133
0.013293981552124023
0.015134572982788086
0.011037349700927734
0.014986515045166016
0.012862443923950195
0.012575149536132812
0.01272130012512207
0.011816740036010742
0.012331485748291016
0.012172460556030273
0.012174844741821289
0.013102531433105469
0.011864423751831055
0.015407323837280273
0.013080120086669922
0.01250147819519043
0.013944864273071289
0.012692451477050781
0.014309883117675781
0.01147317886352539
0.01354527473449707
0.012716531753540039
0.010896682739257812
0.012581110000610352
0.010981082916259766
0.010632991790771484
0.012688636779785156
0.015952110290527344
0.014525651931762695
0.013471603393554688
0.013101816177368164
0.013417720794677734
0.012495279312133789
0.01181793212890625
0.013767242431640625
0.014312982559204102
0.01133418083190918
0.010912656784057617
0.012690544128417969
0.011334896087646484
0.013556718826293945
0.013177156448364258
0.0140533447265625
0.013228416442871094
0.01300358772277832
0.012675285339355469
0.011902809143066406
0.012645244598388672
0.01238703727722168
0.014306783676147461
0.010599136352539062
0.012115955352783203
0.010891437530517578
0.012880563735961914
0.01145315170288086
0.012565135955810547
0.01083517074584961
0.014583587646484375
0.014433622360229492
0.01304173469543457
0.014652490615844727
0.012142658233642578
0.012403011322021484
0.011559247970581055
0.016403913497924805
0.015388250350952148
0.009779930114746094
0.014800786972045898
0.015003204345703125
0.013261556625366211
0.014908790588378906
0.01443028450012207
0.013190507888793945
0.012456417083740234
0.011617660522460938
0.011786937713623047
0.011568069458007812
0.012203693389892578
0.010816097259521484
0.010435342788696289
0.012889862060546875
0.008076667785644531
0.010935306549072266
0.013271093368530273
0.011520862579345703
0.014517068862915039
0.014208555221557617
0.012579679489135742
0.012636423110961914
0.009908914566040039
0.012786865234375
0.012228250503540039
0.01336359977722168
0.01371622085571289
0.012696027755737305
0.013497114181518555
0.016909360885620117
0.009359359741210938
0.008971929550170898
0.012560129165649414
0.011852741241455078
0.012456417083740234
0.011240720748901367
0.013131141662597656
0.012453794479370117
0.011716842651367188
0.014060020446777344
0.01281285285949707
0.010580301284790039
0.010208368301391602
0.0098724365234375
0.014298677444458008
0.015318632125854492
0.014127731323242188
0.012685298919677734
0.013739347457885742
0.011166572570800781
0.012924432754516602
0.012507915496826172
0.012471914291381836
0.012659788131713867
0.01259756088256836
0.014421463012695312
0.012488365173339844
0.014148950576782227
0.013486146926879883
0.013628721237182617
0.012698173522949219
0.010580301284790039
0.013112545013427734
0.012496471405029297
0.014501571655273438
0.010803699493408203
0.011368989944458008
0.012000560760498047
0.011638164520263672
0.013172149658203125
0.012517690658569336
0.012968063354492188
0.012229681015014648
0.010977029800415039
0.011022329330444336
0.010535240173339844
0.010061025619506836
0.011463403701782227
0.012640953063964844
0.012018918991088867
0.012690544128417969
0.009338617324829102
0.012000560760498047
0.010752201080322266
0.008543252944946289
0.014264106750488281
0.014455795288085938
0.01098942756652832
0.011852264404296875
0.01313638687133789
0.011267662048339844
0.011088132858276367
0.011857986450195312
0.011616230010986328
0.010381937026977539
0.010727643966674805
0.011080026626586914
0.011550426483154297
0.011465072631835938
0.010713815689086914
0.011356353759765625
0.012822866439819336
0.012000083923339844
0.010943412780761719
0.014147281646728516
0.01070547103881836
0.010315895080566406
0.012560606002807617
0.016859769821166992
0.012814760208129883
0.012456893920898438
0.014177322387695312
0.011610031127929688
0.01177978515625
0.010997772216796875
0.011212348937988281
0.01407170295715332
0.013561248779296875
0.013334989547729492
0.014520406723022461
0.011768102645874023
0.01167607307434082
0.011076211929321289
0.012250423431396484
0.012650251388549805
0.013561010360717773
0.015145540237426758
0.015343904495239258
0.012020111083984375
0.012704610824584961
0.011127710342407227
0.012269973754882812
0.010551929473876953
0.01072382926940918
0.012462615966796875
0.011095046997070312
0.01423192024230957
0.013925313949584961
0.013765573501586914
0.010643243789672852
0.010950326919555664
0.012909650802612305
0.01158452033996582
0.012639522552490234
0.011814594268798828
0.01105809211730957
0.01029515266418457
0.014014005661010742
0.013045787811279297
0.012948036193847656
0.012319564819335938
0.011636495590209961
0.011819601058959961
0.012730121612548828
0.01179647445678711
0.011638402938842773
0.009768486022949219
0.013849973678588867
0.014075517654418945
0.010433197021484375
0.01415872573852539
0.014211654663085938
0.011503219604492188
0.014903783798217773
0.010587692260742188
0.012421369552612305
0.015041828155517578
0.014016151428222656
0.012731790542602539
0.013256072998046875
0.013595819473266602
0.013609170913696289
0.014098644256591797
0.011919260025024414
0.011341333389282227
0.010765552520751953
0.011568069458007812
0.009056806564331055
0.011828184127807617
0.013390779495239258
0.01092672348022461
0.015076160430908203
0.014073371887207031
0.012367010116577148
0.011649370193481445
0.013903379440307617
0.01460576057434082
0.013365745544433594
0.010889530181884766
0.01269221305847168
0.01300668716430664
0.01077890396118164
0.01581120491027832
0.012360572814941406
0.011031866073608398
0.010566234588623047
0.011711835861206055
0.011177778244018555
0.0125732421875
0.013396024703979492
0.011502504348754883
0.013163089752197266
0.010395288467407227
0.010074615478515625
0.013046503067016602
0.013962745666503906
0.00993657112121582
0.011956214904785156
0.010689496994018555
0.010320425033569336
0.010553836822509766
0.00917816162109375
0.010637998580932617
0.008985519409179688
0.014711618423461914
0.01210927963256836
0.012273073196411133
0.01415562629699707
0.010830402374267578
0.011296510696411133
0.011022806167602539
0.009606361389160156
0.012214899063110352
0.012005090713500977
0.01114797592163086
0.012988090515136719
0.015503644943237305
0.015360593795776367
0.011581659317016602
0.009424448013305664
0.010171175003051758
0.014555931091308594
0.01143026351928711
0.01219034194946289
0.015082120895385742
0.013648509979248047
0.012233495712280273
0.012497425079345703
0.011151313781738281
0.01315927505493164
0.010801076889038086
0.012682676315307617
0.012134075164794922
0.014355897903442383
0.01289224624633789
0.014042854309082031
0.012755632400512695
0.014181852340698242
0.011026144027709961
0.012192487716674805
0.012087345123291016
0.012979984283447266
0.011641740798950195
0.011859416961669922
0.01080465316772461
0.012604475021362305
0.011138677597045898
0.01481318473815918
0.010476112365722656
0.013503313064575195
0.013300418853759766
0.00896906852722168
0.012212038040161133
0.01359415054321289
0.011589527130126953
0.010779857635498047
0.012624740600585938
0.010766029357910156
0.009574413299560547
0.011806011199951172
0.010101079940795898
0.012609720230102539
0.011276483535766602
0.010076522827148438
0.012002229690551758
0.012328386306762695
0.010078668594360352
0.010378122329711914
0.01127767562866211
0.012588024139404297
0.011673927307128906
0.01336979866027832
0.013470649719238281
0.010919570922851562
0.011780738830566406
0.009730339050292969
0.011050224304199219
0.015798091888427734
0.011252403259277344
0.011778116226196289
0.011686086654663086
0.011543750762939453
0.01047968864440918
0.012029647827148438
0.011839628219604492
0.011824607849121094
0.013309240341186523
0.008476495742797852
0.01112985610961914
0.012310981750488281
0.012099266052246094
0.010395526885986328
0.014105081558227539
0.011934280395507812
0.013282537460327148
0.009923458099365234
0.012764692306518555
0.010146379470825195
0.015271663665771484
0.014642953872680664
0.011396408081054688
0.012376785278320312
0.010914087295532227
0.009505271911621094
0.011597394943237305
0.009815692901611328
0.009604692459106445
0.010525226593017578
0.0091094970703125
0.011661529541015625
0.011462211608886719
0.011641263961791992
0.010719060897827148
0.011922597885131836
0.01469111442565918
0.011844396591186523
0.010680437088012695
0.009835481643676758
0.011653900146484375
0.012217283248901367
0.010779619216918945
0.012125968933105469
0.010932207107543945
0.01341867446899414
0.013307571411132812
0.01749277114868164
0.013452768325805664
0.015660762786865234
0.014185428619384766
0.012726306915283203
0.011317014694213867
0.01064443588256836
0.009323835372924805
0.01322627067565918
0.011038064956665039
0.011437177658081055
0.013900041580200195
0.0145263671875
0.013501405715942383
0.009857654571533203
0.012248516082763672
0.012757301330566406
0.011165380477905273
0.010610342025756836
0.011708974838256836
0.015372276306152344
0.012597799301147461
0.012086629867553711
0.011687278747558594
0.01043844223022461
0.013567924499511719
0.01225733757019043
0.012370824813842773
0.012277841567993164
0.012028217315673828
0.014065027236938477
0.01287388801574707
0.012598037719726562
0.011727333068847656
0.010908365249633789
0.012983560562133789
0.012654304504394531
0.011639118194580078
0.011787176132202148
0.009122133255004883
0.014990806579589844
0.018391132354736328
0.011817455291748047
0.011003732681274414
0.010175466537475586
0.011617660522460938
0.010499238967895508
0.01193547248840332
0.012365579605102539
