0.037619590759277344
0.2800588607788086
0.17046856880187988
0.13792061805725098
0.17799091339111328
0.1561124324798584
0.19399380683898926
0.178483247756958
0.17084527015686035
0.2076566219329834
0.04613089561462402
0.09527158737182617
0.17508482933044434
0.08695554733276367
0.08262920379638672
0.06359243392944336
0.11408758163452148
0.1417710781097412
0.09586524963378906
0.15859436988830566
0.15928077697753906
0.12284541130065918
0.10071873664855957
0.10943198204040527
0.08671212196350098
0.0692131519317627
0.1573927402496338
0.1444721221923828
0.16352605819702148
0.09604334831237793
0.10141253471374512
0.06033611297607422
0.1093132495880127
0.09474515914916992
0.10001420974731445
0.2106184959411621
0.10591459274291992
0.2138221263885498
0.08143925666809082
0.1397418975830078
0.07764673233032227
0.11396908760070801
0.17453455924987793
0.1728837490081787
0.06542181968688965
0.1492304801940918
0.12743473052978516
0.1213381290435791
0.18032073974609375
0.10101699829101562
0.2488102912902832
0.16053128242492676
0.1511521339416504
0.1071932315826416
0.17344427108764648
0.1959073543548584
0.10024476051330566
0.11807417869567871
0.10651230812072754
0.11826634407043457
0.07457304000854492
0.09003210067749023
0.04921269416809082
0.09660696983337402
0.06410956382751465
0.1320781707763672
0.11783885955810547
0.16007065773010254
0.1114499568939209
0.18111133575439453
0.17613816261291504
0.1521620750427246
0.13239622116088867
0.18890619277954102
0.10836315155029297
0.19944143295288086
0.1562485694885254
0.10834765434265137
0.17463016510009766
0.15265393257141113
0.18668866157531738
0.2310810089111328
0.11080288887023926
0.05116534233093262
0.19038057327270508
0.04124283790588379
0.14261388778686523
0.1206207275390625
0.0584259033203125
0.17298007011413574
0.18061304092407227
0.17308926582336426
0.06164836883544922
0.13335132598876953
0.16864776611328125
0.06320571899414062
0.14027166366577148
0.17200350761413574
0.131758451461792
0.21980047225952148
0.17600297927856445
0.1568453311920166
0.14241957664489746
0.11501479148864746
0.1852879524230957
0.18369293212890625
0.206390380859375
0.09499526023864746
0.11971330642700195
0.20044589042663574
0.10031557083129883
0.07412266731262207
0.1521303653717041
0.11480164527893066
0.251436710357666
0.10064053535461426
0.15134263038635254
0.21723151206970215
0.13798737525939941
0.14763903617858887
0.1011817455291748
0.22225403785705566
0.12896466255187988
0.06027936935424805
0.057843923568725586
0.15596985816955566
0.22679686546325684
0.13986539840698242
0.03778839111328125
0.24963164329528809
0.18157267570495605
0.1414930820465088
0.27105712890625
0.12301945686340332
0.13608837127685547
0.06286311149597168
0.1982865333557129
0.1657087802886963
0.12357592582702637
0.22855687141418457
0.10566306114196777
0.08843636512756348
0.23172426223754883
0.022589921951293945
0.16922616958618164
0.19084882736206055
0.16433477401733398
0.12023591995239258
0.17447423934936523
0.14687752723693848
0.2036912441253662
0.13376259803771973
0.07132983207702637
0.19413995742797852
0.13480544090270996
0.17090439796447754
0.0674295425415039
0.1775805950164795
0.1799454689025879
0.11792397499084473
0.10561013221740723
0.18775129318237305
0.036475419998168945
0.217362642288208
0.1101217269897461
0.2294328212738037
0.08834099769592285
0.14879798889160156
0.15259718894958496
0.20722508430480957
0.12636756896972656
0.09663534164428711
0.17151904106140137
0.2429800033569336
0.1570277214050293
0.055101871490478516
0.22922062873840332
0.06425309181213379
0.12218046188354492
0.06325626373291016
0.052210330963134766
0.16649770736694336
0.16535186767578125
0.1864931583404541
0.037558794021606445
0.18736863136291504
0.18758893013000488
0.12104606628417969
0.13460063934326172
0.1424117088317871
0.12807607650756836
0.06101512908935547
0.20369672775268555
0.0807943344116211
0.1565244197845459
0.17336153984069824
0.07658076286315918
0.10143804550170898
0.14242768287658691
0.07428908348083496
0.14542460441589355
0.16125774383544922
0.10270953178405762
0.24049639701843262
0.09271478652954102
0.2028486728668213
0.16134309768676758
0.195237398147583
0.09575533866882324
0.18151283264160156
0.0737447738647461
0.04003548622131348
0.1620464324951172
0.16820311546325684
0.09855937957763672
0.11223220825195312
0.11016416549682617
0.21925640106201172
0.22600698471069336
0.0607452392578125
0.05272340774536133
0.15308785438537598
0.18807148933410645
0.1540524959564209
0.08932709693908691
0.11468815803527832
0.08122396469116211
0.12096762657165527
0.1902930736541748
0.07775259017944336
0.14031171798706055
0.16912198066711426
0.09766483306884766
0.1908857822418213
0.09770584106445312
0.04731440544128418
0.11111593246459961
0.1358356475830078
0.2064223289489746
0.06914639472961426
0.16992616653442383
0.15600323677062988
0.19148683547973633
0.04374074935913086
0.15600061416625977
0.056326866149902344
0.17249131202697754
0.0693972110748291
0.17931008338928223
0.16942715644836426
0.15613913536071777
0.15363168716430664
0.19922375679016113
0.15046477317810059
0.17335844039916992
0.05418038368225098
0.09226846694946289
0.1658167839050293
0.14787864685058594
0.13219213485717773
0.19201445579528809
0.1218712329864502
0.09481644630432129
0.12432169914245605
0.13966703414916992
0.06011486053466797
0.1641385555267334
0.08516120910644531
0.13041162490844727
0.10122394561767578
0.17451071739196777
0.23366570472717285
0.20692110061645508
0.10869073867797852
0.06753754615783691
0.15505099296569824
0.10480690002441406
0.17748451232910156
0.13386106491088867
0.26018691062927246
0.13788485527038574
0.05533766746520996
0.1374967098236084
0.07779240608215332
0.17620420455932617
0.07948517799377441
0.08923888206481934
0.2013106346130371
0.07544302940368652
0.2008984088897705
0.15836715698242188
0.13465499877929688
0.19048380851745605
0.10783815383911133
0.08150029182434082
0.07831645011901855
0.15517139434814453
0.15604639053344727
0.18573760986328125
0.13608932495117188
0.15774297714233398
0.1221461296081543
0.08646321296691895
0.16136837005615234
0.22253727912902832
0.10078072547912598
0.035700321197509766
0.09050512313842773
0.25766611099243164
0.18884515762329102
0.13138294219970703
0.1380901336669922
0.10730338096618652
0.1869666576385498
0.18363571166992188
0.1356673240661621
0.06021618843078613
0.20059418678283691
0.24648809432983398
0.09370899200439453
0.07076025009155273
0.1389448642730713
0.17878508567810059
0.05505084991455078
0.15805912017822266
0.1285696029663086
0.11901569366455078
0.12215948104858398
0.22963881492614746
0.1565723419189453
0.14203977584838867
0.14063501358032227
0.12435674667358398
0.10772895812988281
0.11324262619018555
0.15083098411560059
0.22078156471252441
0.04871773719787598
0.1674480438232422
0.18906950950622559
0.04623746871948242
0.15540456771850586
0.19026541709899902
0.1035451889038086
0.16842293739318848
0.11993956565856934
0.1096348762512207
0.11445450782775879
0.22217917442321777
0.152878999710083
0.15094447135925293
0.16376209259033203
0.13412237167358398
0.09561705589294434
0.0853128433227539
0.1431751251220703
0.060523033142089844
0.10522150993347168
0.18457674980163574
0.04598402976989746
0.14521002769470215
0.027670621871948242
0.07140231132507324
0.0860145092010498
0.09793996810913086
0.12608814239501953
0.13320136070251465
0.11504387855529785
0.1251976490020752
0.23142433166503906
0.15013837814331055
0.22444510459899902
0.1656801700592041
0.08211731910705566
0.09150815010070801
0.14748215675354004
0.18031716346740723
0.17032861709594727
0.10752558708190918
0.06994342803955078
0.07787966728210449
0.15595269203186035
0.1329481601715088
0.12144804000854492
0.13618779182434082
0.09064865112304688
0.18593835830688477
0.16747665405273438
0.15784931182861328
0.06626749038696289
0.19445371627807617
0.08153510093688965
0.1336665153503418
0.21935367584228516
0.08645439147949219
0.1994309425354004
0.13381052017211914
0.19067907333374023
0.07947278022766113
0.11357259750366211
0.22757887840270996
0.1382908821105957
0.053261518478393555
0.0922706127166748
0.11980819702148438
0.16955924034118652
0.06934809684753418
0.11913847923278809
0.16869258880615234
0.20911431312561035
0.21270155906677246
0.22522187232971191
0.12201595306396484
0.13582277297973633
0.04191780090332031
0.18868756294250488
0.2095050811767578
0.14644384384155273
0.09072661399841309
0.1709144115447998
0.1007692813873291
0.17726373672485352
0.23276615142822266
0.05951976776123047
0.15207433700561523
0.16757726669311523
0.17873239517211914
0.14568161964416504
0.1683189868927002
0.1619582176208496
0.10699748992919922
0.20054888725280762
0.1470203399658203
0.18146824836730957
0.14863848686218262
0.08990216255187988
0.24473047256469727
0.12999200820922852
0.15530824661254883
0.10981988906860352
0.0601348876953125
0.10671854019165039
0.188309907913208
0.06804776191711426
0.1767134666442871
0.12205123901367188
0.10669898986816406
0.16068792343139648
0.11791038513183594
0.17176032066345215
0.11368560791015625
0.07244634628295898
0.23864316940307617
0.08253169059753418
0.08660030364990234
0.16748690605163574
0.19673490524291992
0.09862422943115234
0.2114543914794922
0.11182117462158203
0.04845571517944336
0.07711529731750488
0.1242983341217041
0.21991753578186035
0.06656980514526367
0.08603620529174805
0.16769099235534668
0.15587592124938965
0.04957318305969238
0.08328843116760254
0.16576457023620605
0.06464266777038574
0.15745329856872559
0.06149864196777344
0.09910964965820312
0.1895294189453125
0.10015130043029785
0.12001705169677734
0.21020746231079102
0.17883563041687012
0.13593769073486328
0.1708238124847412
0.14006996154785156
0.10700297355651855
0.2141859531402588
0.06777358055114746
0.1786508560180664
0.08674907684326172
0.11042261123657227
0.15012192726135254
0.07388901710510254
0.10201811790466309
0.15102934837341309
0.11343145370483398
0.058939218521118164
0.09475827217102051
0.08127379417419434
0.19501686096191406
0.25323033332824707
0.12437152862548828
