0.3017704486846924
0.29488539695739746
0.2955291271209717
0.2879679203033447
0.3111259937286377
0.28644323348999023
0.3253810405731201
0.3012371063232422
0.30745911598205566
0.2930474281311035
0.32520127296447754
0.2814469337463379
0.28620219230651855
0.27672338485717773
0.28835105895996094
0.2688748836517334
0.2714846134185791
0.23017549514770508
0.2811760902404785
0.31716418266296387
0.3357410430908203
0.2478804588317871
0.3393893241882324
0.31144022941589355
0.2729971408843994
0.24931693077087402
0.3173398971557617
0.2876126766204834
0.26947021484375
0.3494594097137451
0.2749519348144531
0.3057129383087158
0.2866857051849365
0.3145773410797119
0.30568575859069824
0.2725186347961426
0.3041689395904541
0.28865838050842285
0.299532413482666
0.2919802665710449
0.29193639755249023
0.27411937713623047
0.2957277297973633
0.2736175060272217
0.3462545871734619
0.25277018547058105
0.31810665130615234
0.3051719665527344
0.29520606994628906
0.3028225898742676
0.33136606216430664
0.27866530418395996
0.2513136863708496
0.2934989929199219
0.2607996463775635
0.31764841079711914
0.2511780261993408
0.2635924816131592
0.27129030227661133
0.30996108055114746
0.2879214286804199
0.3085134029388428
0.265946626663208
0.28547096252441406
0.30995702743530273
0.2908904552459717
0.29516053199768066
0.30507707595825195
0.2958357334136963
0.3084099292755127
0.31240200996398926
0.3245124816894531
0.29628610610961914
0.332533597946167
0.2879326343536377
0.27183103561401367
0.2287273406982422
0.3021206855773926
0.2929196357727051
0.29338765144348145
0.3183867931365967
0.2927083969116211
0.3187980651855469
0.31369853019714355
0.31580233573913574
0.30675649642944336
0.28359460830688477
0.24981689453125
0.2606348991394043
0.26899170875549316
0.3142259120941162
0.3042480945587158
0.27823305130004883
0.2928314208984375
0.28621339797973633
0.28163838386535645
0.32973623275756836
0.25461888313293457
0.300753116607666
0.27327489852905273
0.3320739269256592
0.317002534866333
0.24012207984924316
0.2936248779296875
0.2919471263885498
0.3146679401397705
0.30573368072509766
0.27451109886169434
0.28398704528808594
0.3159980773925781
0.266146183013916
0.29845595359802246
0.2694554328918457
0.30750226974487305
0.3277428150177002
0.2542426586151123
0.27063918113708496
0.3021814823150635
0.28589677810668945
0.33916258811950684
0.3657267093658447
0.29217004776000977
0.25695061683654785
0.2898690700531006
0.27336692810058594
0.3055574893951416
0.3041830062866211
0.27570247650146484
0.3479583263397217
0.23795223236083984
0.20960283279418945
0.2936899662017822
0.25682997703552246
0.32955217361450195
0.31104111671447754
0.36316609382629395
0.31470704078674316
0.31244969367980957
0.3230454921722412
0.27971625328063965
0.3138744831085205
0.2546350955963135
0.3581407070159912
0.3446621894836426
0.3127267360687256
0.3293130397796631
0.2858562469482422
0.29883885383605957
0.2514798641204834
0.29720258712768555
0.2993161678314209
0.3350682258605957
0.29959654808044434
0.2993159294128418
0.3292841911315918
0.2738161087036133
0.3157055377960205
0.2940950393676758
0.2516670227050781
0.3007700443267822
0.2373213768005371
0.29413604736328125
0.27741479873657227
0.27796125411987305
0.28804516792297363
0.3233206272125244
0.2544271945953369
0.2763798236846924
0.28449153900146484
0.30115413665771484
0.26590514183044434
0.2931675910949707
0.3237729072570801
0.307004451751709
0.2810962200164795
0.334580659866333
0.26845264434814453
0.2183225154876709
0.30666112899780273
0.3165884017944336
0.2917027473449707
0.32015252113342285
0.27501630783081055
0.28562068939208984
0.3015141487121582
0.2750124931335449
0.30637097358703613
0.2687351703643799
0.324268102645874
0.2656106948852539
0.32613134384155273
0.3038020133972168
0.36519312858581543
0.3191866874694824
0.3214235305786133
0.3054211139678955
0.2372722625732422
0.23255419731140137
0.35697293281555176
0.28624939918518066
0.2913517951965332
0.34708118438720703
0.2817544937133789
0.2779724597930908
0.24849247932434082
0.324155330657959
0.29740047454833984
0.2721588611602783
0.3507568836212158
0.26888251304626465
0.3244638442993164
0.241379976272583
0.3157980442047119
0.2738783359527588
0.3164787292480469
0.2955129146575928
0.2706172466278076
0.31767916679382324
0.2829158306121826
0.27748608589172363
0.25948500633239746
0.3035469055175781
0.27033066749572754
0.3067617416381836
0.32868385314941406
0.263685941696167
0.2679562568664551
0.31847357749938965
0.2614121437072754
0.29950618743896484
0.3035275936126709
0.2556147575378418
0.24295282363891602
0.32807397842407227
0.3036653995513916
0.27559590339660645
0.2932112216949463
0.3290901184082031
0.33057713508605957
0.2624070644378662
0.2889406681060791
0.27023983001708984
0.25390625
0.26601457595825195
0.2921276092529297
0.2699103355407715
0.2801487445831299
0.2834019660949707
0.27639055252075195
0.2712719440460205
0.3570704460144043
0.28420400619506836
0.3054666519165039
0.28136563301086426
0.3382439613342285
0.34429335594177246
0.31176280975341797
0.2820422649383545
0.2686285972595215
0.24219536781311035
0.28789234161376953
0.3212757110595703
0.3193340301513672
0.3024744987487793
0.3042917251586914
0.2563779354095459
0.3300185203552246
0.30142998695373535
0.32875657081604004
0.2830810546875
0.2836940288543701
0.30214762687683105
0.3468155860900879
0.36957216262817383
0.269970178604126
0.3094978332519531
0.359619140625
0.36357688903808594
0.33362674713134766
0.3564732074737549
0.2604057788848877
0.3056979179382324
0.27933764457702637
0.29702234268188477
0.36328721046447754
0.32734084129333496
0.3096189498901367
0.31047582626342773
0.266618013381958
0.32244205474853516
0.2969040870666504
0.2529129981994629
0.35994529724121094
0.29606199264526367
0.2682476043701172
0.33901453018188477
0.3180410861968994
0.2932398319244385
0.25986814498901367
0.31830525398254395
0.29382896423339844
0.2539682388305664
0.37426090240478516
0.3577852249145508
0.30629658699035645
0.25592565536499023
0.234100341796875
0.360795259475708
0.23580288887023926
0.2859048843383789
0.3432004451751709
0.3081088066101074
0.2948310375213623
0.2859821319580078
0.307391881942749
0.25882792472839355
0.294858455657959
0.31679677963256836
0.2855195999145508
0.2920417785644531
0.3390944004058838
0.30069589614868164
0.29941630363464355
0.2885243892669678
0.32108306884765625
0.3272664546966553
0.28415584564208984
0.2415461540222168
0.3289682865142822
0.2742917537689209
0.29609012603759766
0.3064243793487549
0.28730249404907227
0.3135507106781006
0.2738981246948242
0.34593749046325684
0.3096468448638916
0.25901150703430176
0.264876127243042
0.2598531246185303
0.3331265449523926
0.24518656730651855
0.2913551330566406
0.3347630500793457
0.26315927505493164
0.3083631992340088
0.3065369129180908
0.2615330219268799
0.30540013313293457
0.26476263999938965
0.33972644805908203
0.33374857902526855
0.32361316680908203
0.29720616340637207
0.33758044242858887
0.221022367477417
0.2878084182739258
0.24045038223266602
0.293576717376709
0.2983098030090332
0.2962634563446045
0.29822564125061035
0.309110164642334
0.31302881240844727
0.3466963768005371
0.2575066089630127
0.268207311630249
0.32755208015441895
0.28212761878967285
0.29640817642211914
0.3457608222961426
0.2922372817993164
0.2906525135040283
0.29480433464050293
0.2534935474395752
0.2765486240386963
0.3475475311279297
0.2988605499267578
0.27258968353271484
0.3088712692260742
0.2510395050048828
0.26654052734375
0.23036813735961914
0.2826101779937744
0.2588496208190918
0.30220866203308105
0.3200068473815918
0.27275609970092773
0.31965160369873047
0.35248446464538574
0.30673933029174805
0.2853727340698242
0.2549269199371338
0.29512572288513184
0.26853442192077637
0.27801966667175293
0.26720142364501953
0.2930259704589844
0.3470113277435303
0.3323178291320801
0.2714831829071045
0.33329296112060547
0.29186034202575684
0.2863922119140625
0.23266172409057617
0.25269341468811035
0.28501033782958984
0.23053383827209473
0.29276299476623535
0.3664562702178955
0.36345911026000977
0.33377671241760254
0.3397693634033203
0.39808177947998047
0.36032581329345703
0.26822543144226074
0.3656117916107178
0.3790013790130615
0.34931182861328125
0.40807533264160156
0.28606486320495605
0.42845964431762695
0.29051828384399414
0.33049917221069336
0.35471391677856445
0.3244509696960449
0.3163871765136719
0.29431676864624023
0.3364284038543701
0.322113037109375
0.3545417785644531
0.29593706130981445
0.3130979537963867
0.2629518508911133
0.32061100006103516
0.37961268424987793
0.28212642669677734
0.2900888919830322
0.26752781867980957
0.3456876277923584
0.276134729385376
0.2667384147644043
0.2837944030761719
0.28733372688293457
0.2370607852935791
0.31441783905029297
0.23918366432189941
0.2995493412017822
0.32201337814331055
0.2164158821105957
0.3357875347137451
0.3095705509185791
0.2707855701446533
0.29581141471862793
0.2953174114227295
0.25875401496887207
0.3163731098175049
0.2619290351867676
0.2970912456512451
0.2739694118499756
0.2816755771636963
0.293581485748291
0.23902130126953125
0.2892279624938965
0.3151390552520752
0.3594181537628174
0.31138086318969727
0.28272223472595215
0.3007943630218506
0.2441565990447998
0.3347752094268799
0.2313525676727295
0.3482930660247803
0.250960111618042
0.288071870803833
0.3014824390411377
0.2676830291748047
0.327472448348999
0.350780725479126
0.27588558197021484
0.3033902645111084
0.29186177253723145
0.29422497749328613
0.26547694206237793
0.2723824977874756
0.30353689193725586
0.23862981796264648
0.2514331340789795
0.29828453063964844
0.30227112770080566
0.304105281829834
0.3370075225830078
0.2935187816619873
0.27167224884033203
0.3430297374725342
0.32013988494873047
0.3423800468444824
0.24626517295837402
0.2716515064239502
0.2930288314819336
