2.9087066650390625e-05
2.002716064453125e-05
1.8596649169921875e-05
1.8835067749023438e-05
1.811981201171875e-05
1.811981201171875e-05
1.8358230590820312e-05
1.7881393432617188e-05
1.7881393432617188e-05
1.811981201171875e-05
1.9788742065429688e-05
3.1948089599609375e-05
1.7881393432617188e-05
1.7642974853515625e-05
1.811981201171875e-05
1.7642974853515625e-05
1.7881393432617188e-05
1.811981201171875e-05
1.7881393432617188e-05
1.811981201171875e-05
1.8596649169921875e-05
1.7881393432617188e-05
1.7642974853515625e-05
1.7642974853515625e-05
1.7881393432617188e-05
1.7404556274414062e-05
1.7404556274414062e-05
1.7642974853515625e-05
1.811981201171875e-05
1.7642974853515625e-05
1.8835067749023438e-05
1.811981201171875e-05
1.811981201171875e-05
1.7881393432617188e-05
1.7881393432617188e-05
1.7642974853515625e-05
1.7642974853515625e-05
1.7642974853515625e-05
1.7642974853515625e-05
1.7642974853515625e-05
1.9073486328125e-05
1.811981201171875e-05
1.7881393432617188e-05
1.7881393432617188e-05
1.7404556274414062e-05
1.7642974853515625e-05
1.7404556274414062e-05
1.7642974853515625e-05
1.7642974853515625e-05
1.7642974853515625e-05
1.8596649169921875e-05
1.7881393432617188e-05
1.7404556274414062e-05
1.7404556274414062e-05
1.7404556274414062e-05
1.7642974853515625e-05
1.71661376953125e-05
1.7404556274414062e-05
1.7642974853515625e-05
1.7404556274414062e-05
1.8358230590820312e-05
1.7881393432617188e-05
1.7881393432617188e-05
1.7642974853515625e-05
1.7642974853515625e-05
1.7881393432617188e-05
1.7881393432617188e-05
1.7642974853515625e-05
1.7642974853515625e-05
1.7404556274414062e-05
1.8596649169921875e-05
1.8358230590820312e-05
1.7881393432617188e-05
1.7642974853515625e-05
1.7642974853515625e-05
1.7881393432617188e-05
1.7642974853515625e-05
1.7881393432617188e-05
1.7642974853515625e-05
1.7881393432617188e-05
1.811981201171875e-05
1.7642974853515625e-05
1.7642974853515625e-05
1.7642974853515625e-05
1.7404556274414062e-05
1.7642974853515625e-05
1.7881393432617188e-05
1.7404556274414062e-05
1.7642974853515625e-05
1.7881393432617188e-05
1.9550323486328125e-05
1.7881393432617188e-05
1.7642974853515625e-05
1.8596649169921875e-05
1.7881393432617188e-05
1.7642974853515625e-05
1.7881393432617188e-05
1.7642974853515625e-05
1.811981201171875e-05
1.7881393432617188e-05
1.9073486328125e-05
1.8358230590820312e-05
1.811981201171875e-05
1.7881393432617188e-05
1.7881393432617188e-05
1.7881393432617188e-05
1.7881393432617188e-05
1.7881393432617188e-05
1.8358230590820312e-05
1.7642974853515625e-05
1.9073486328125e-05
1.8596649169921875e-05
1.811981201171875e-05
1.7881393432617188e-05
1.7881393432617188e-05
1.7881393432617188e-05
1.7881393432617188e-05
1.7881393432617188e-05
1.7881393432617188e-05
1.7881393432617188e-05
1.8835067749023438e-05
1.811981201171875e-05
1.811981201171875e-05
1.8596649169921875e-05
1.7642974853515625e-05
1.7642974853515625e-05
1.8358230590820312e-05
1.7881393432617188e-05
1.8358230590820312e-05
1.811981201171875e-05
1.9073486328125e-05
1.8358230590820312e-05
1.811981201171875e-05
1.811981201171875e-05
1.7642974853515625e-05
1.7881393432617188e-05
1.7881393432617188e-05
1.811981201171875e-05
1.811981201171875e-05
1.7881393432617188e-05
1.8835067749023438e-05
1.8358230590820312e-05
1.8358230590820312e-05
1.811981201171875e-05
1.8358230590820312e-05
1.7642974853515625e-05
1.811981201171875e-05
1.7881393432617188e-05
1.8358230590820312e-05
1.7642974853515625e-05
1.9073486328125e-05
1.7881393432617188e-05
1.7881393432617188e-05
1.7642974853515625e-05
1.811981201171875e-05
1.7642974853515625e-05
1.8358230590820312e-05
1.7881393432617188e-05
1.7881393432617188e-05
1.7642974853515625e-05
1.8596649169921875e-05
1.7642974853515625e-05
1.7642974853515625e-05
1.7881393432617188e-05
1.811981201171875e-05
1.7881393432617188e-05
1.7881393432617188e-05
1.7881393432617188e-05
1.7642974853515625e-05
1.7642974853515625e-05
1.8596649169921875e-05
1.7881393432617188e-05
1.7881393432617188e-05
1.7642974853515625e-05
1.7642974853515625e-05
1.7404556274414062e-05
1.7642974853515625e-05
1.7881393432617188e-05
1.7642974853515625e-05
1.7881393432617188e-05
1.8835067749023438e-05
1.8596649169921875e-05
1.811981201171875e-05
1.7881393432617188e-05
1.811981201171875e-05
1.7404556274414062e-05
1.811981201171875e-05
1.7642974853515625e-05
1.8358230590820312e-05
1.7642974853515625e-05
1.8835067749023438e-05
1.8358230590820312e-05
1.7881393432617188e-05
1.7642974853515625e-05
1.7404556274414062e-05
1.7404556274414062e-05
1.7881393432617188e-05
1.7881393432617188e-05
1.7642974853515625e-05
1.7881393432617188e-05
1.8596649169921875e-05
1.7881393432617188e-05
1.7642974853515625e-05
1.7881393432617188e-05
1.7642974853515625e-05
1.7642974853515625e-05
1.7642974853515625e-05
1.7881393432617188e-05
1.7642974853515625e-05
1.7881393432617188e-05
1.8835067749023438e-05
1.7642974853515625e-05
1.811981201171875e-05
1.7881393432617188e-05
1.811981201171875e-05
1.7881393432617188e-05
1.811981201171875e-05
1.7881393432617188e-05
1.8358230590820312e-05
1.8358230590820312e-05
1.811981201171875e-05
1.811981201171875e-05
1.7881393432617188e-05
1.811981201171875e-05
1.7404556274414062e-05
1.7881393432617188e-05
1.7881393432617188e-05
1.7881393432617188e-05
1.8358230590820312e-05
1.7642974853515625e-05
1.8596649169921875e-05
1.811981201171875e-05
1.7881393432617188e-05
1.7642974853515625e-05
1.7881393432617188e-05
2.4318695068359375e-05
1.7881393432617188e-05
1.7881393432617188e-05
1.811981201171875e-05
1.7881393432617188e-05
1.8835067749023438e-05
1.8358230590820312e-05
1.7881393432617188e-05
1.7642974853515625e-05
1.811981201171875e-05
1.7881393432617188e-05
1.8358230590820312e-05
1.811981201171875e-05
1.7881393432617188e-05
1.7881393432617188e-05
1.8596649169921875e-05
1.7881393432617188e-05
1.811981201171875e-05
1.7642974853515625e-05
1.7881393432617188e-05
1.7881393432617188e-05
1.811981201171875e-05
1.7881393432617188e-05
1.7881393432617188e-05
1.7881393432617188e-05
1.8835067749023438e-05
1.811981201171875e-05
1.811981201171875e-05
1.811981201171875e-05
1.7881393432617188e-05
1.7642974853515625e-05
1.7881393432617188e-05
1.7642974853515625e-05
1.7881393432617188e-05
1.7881393432617188e-05
1.8596649169921875e-05
1.811981201171875e-05
1.811981201171875e-05
1.7642974853515625e-05
1.7881393432617188e-05
1.7642974853515625e-05
1.7881393432617188e-05
1.7881393432617188e-05
1.811981201171875e-05
1.8358230590820312e-05
1.9073486328125e-05
1.8835067749023438e-05
1.7881393432617188e-05
1.811981201171875e-05
1.811981201171875e-05
1.811981201171875e-05
1.811981201171875e-05
1.7642974853515625e-05
1.7881393432617188e-05
1.7881393432617188e-05
1.8596649169921875e-05
1.811981201171875e-05
1.811981201171875e-05
1.7881393432617188e-05
1.8358230590820312e-05
1.7404556274414062e-05
1.7881393432617188e-05
1.7881393432617188e-05
1.7881393432617188e-05
1.7881393432617188e-05
1.8835067749023438e-05
1.7881393432617188e-05
1.7881393432617188e-05
1.7881393432617188e-05
1.7881393432617188e-05
1.7881393432617188e-05
1.7881393432617188e-05
1.7881393432617188e-05
1.7881393432617188e-05
1.811981201171875e-05
1.8835067749023438e-05
1.811981201171875e-05
1.7642974853515625e-05
1.7881393432617188e-05
1.7881393432617188e-05
1.7642974853515625e-05
1.811981201171875e-05
1.7881393432617188e-05
1.811981201171875e-05
1.7881393432617188e-05
1.811981201171875e-05
1.7642974853515625e-05
1.8596649169921875e-05
1.7881393432617188e-05
1.7881393432617188e-05
1.7642974853515625e-05
1.8358230590820312e-05
1.7881393432617188e-05
1.811981201171875e-05
1.8358230590820312e-05
1.8835067749023438e-05
1.811981201171875e-05
1.811981201171875e-05
1.7881393432617188e-05
1.7881393432617188e-05
1.7642974853515625e-05
1.7881393432617188e-05
1.7642974853515625e-05
1.8358230590820312e-05
1.7881393432617188e-05
1.8596649169921875e-05
1.7881393432617188e-05
1.7881393432617188e-05
1.7642974853515625e-05
1.7881393432617188e-05
1.8358230590820312e-05
1.8358230590820312e-05
2.288818359375e-05
1.8358230590820312e-05
1.8358230590820312e-05
1.9073486328125e-05
1.811981201171875e-05
1.811981201171875e-05
1.7881393432617188e-05
1.7881393432617188e-05
1.8358230590820312e-05
1.7881393432617188e-05
1.8358230590820312e-05
1.7881393432617188e-05
1.7642974853515625e-05
1.8835067749023438e-05
1.811981201171875e-05
1.811981201171875e-05
1.811981201171875e-05
1.811981201171875e-05
1.8596649169921875e-05
1.811981201171875e-05
1.811981201171875e-05
1.7881393432617188e-05
1.8358230590820312e-05
1.8835067749023438e-05
1.8358230590820312e-05
1.811981201171875e-05
1.8358230590820312e-05
1.8358230590820312e-05
1.7881393432617188e-05
1.811981201171875e-05
1.8358230590820312e-05
1.811981201171875e-05
1.7881393432617188e-05
1.8835067749023438e-05
1.811981201171875e-05
1.7881393432617188e-05
1.7881393432617188e-05
1.8358230590820312e-05
1.811981201171875e-05
1.811981201171875e-05
1.7881393432617188e-05
1.8358230590820312e-05
1.7881393432617188e-05
1.8596649169921875e-05
1.811981201171875e-05
1.8358230590820312e-05
1.7881393432617188e-05
1.811981201171875e-05
1.8358230590820312e-05
1.8358230590820312e-05
1.811981201171875e-05
1.8596649169921875e-05
1.811981201171875e-05
1.9073486328125e-05
1.8358230590820312e-05
1.8358230590820312e-05
1.7881393432617188e-05
1.8358230590820312e-05
1.7881393432617188e-05
1.7881393432617188e-05
1.7881393432617188e-05
1.811981201171875e-05
1.811981201171875e-05
1.9073486328125e-05
1.8596649169921875e-05
1.7881393432617188e-05
1.8358230590820312e-05
1.811981201171875e-05
1.811981201171875e-05
1.8358230590820312e-05
1.7881393432617188e-05
1.811981201171875e-05
1.8358230590820312e-05
1.8835067749023438e-05
1.811981201171875e-05
1.811981201171875e-05
1.811981201171875e-05
1.811981201171875e-05
1.7881393432617188e-05
1.7881393432617188e-05
1.7642974853515625e-05
1.7881393432617188e-05
1.811981201171875e-05
1.8835067749023438e-05
1.7881393432617188e-05
1.811981201171875e-05
1.7881393432617188e-05
1.8358230590820312e-05
1.811981201171875e-05
1.811981201171875e-05
1.7881393432617188e-05
1.7881393432617188e-05
1.7881393432617188e-05
1.8358230590820312e-05
1.7642974853515625e-05
1.7881393432617188e-05
1.7881393432617188e-05
1.7881393432617188e-05
1.7642974853515625e-05
1.7881393432617188e-05
1.7642974853515625e-05
1.7881393432617188e-05
1.7642974853515625e-05
1.8596649169921875e-05
1.7881393432617188e-05
1.8358230590820312e-05
1.811981201171875e-05
1.7881393432617188e-05
1.811981201171875e-05
1.7881393432617188e-05
1.7881393432617188e-05
1.7881393432617188e-05
2.193450927734375e-05
1.8596649169921875e-05
1.811981201171875e-05
1.811981201171875e-05
1.811981201171875e-05
1.811981201171875e-05
1.811981201171875e-05
1.7881393432617188e-05
1.811981201171875e-05
1.7881393432617188e-05
1.7404556274414062e-05
1.8596649169921875e-05
1.7642974853515625e-05
1.811981201171875e-05
1.7881393432617188e-05
1.8358230590820312e-05
1.7881393432617188e-05
1.811981201171875e-05
1.7642974853515625e-05
1.7642974853515625e-05
1.7642974853515625e-05
1.8596649169921875e-05
1.7642974853515625e-05
1.7881393432617188e-05
1.7881393432617188e-05
1.811981201171875e-05
1.7642974853515625e-05
1.7881393432617188e-05
1.7404556274414062e-05
1.7404556274414062e-05
1.71661376953125e-05
1.8596649169921875e-05
1.7642974853515625e-05
1.7642974853515625e-05
1.7881393432617188e-05
1.811981201171875e-05
1.811981201171875e-05
1.7881393432617188e-05
1.7881393432617188e-05
1.7881393432617188e-05
1.7642974853515625e-05
