6.103515625e-05
4.601478576660156e-05
4.267692565917969e-05
4.1484832763671875e-05
4.100799560546875e-05
4.1484832763671875e-05
4.00543212890625e-05
4.029273986816406e-05
4.00543212890625e-05
4.172325134277344e-05
4.458427429199219e-05
4.1484832763671875e-05
4.029273986816406e-05
4.0531158447265625e-05
4.00543212890625e-05
3.933906555175781e-05
4.076957702636719e-05
4.029273986816406e-05
4.0531158447265625e-05
4.172325134277344e-05
4.3392181396484375e-05
4.124641418457031e-05
4.0531158447265625e-05
3.9577484130859375e-05
3.981590270996094e-05
4.00543212890625e-05
3.9577484130859375e-05
3.9577484130859375e-05
3.981590270996094e-05
4.00543212890625e-05
4.267692565917969e-05
4.1961669921875e-05
4.076957702636719e-05
3.6716461181640625e-05
3.695487976074219e-05
3.695487976074219e-05
3.695487976074219e-05
3.62396240234375e-05
3.647804260253906e-05
3.695487976074219e-05
3.838539123535156e-05
3.719329833984375e-05
3.695487976074219e-05
3.647804260253906e-05
3.6716461181640625e-05
3.719329833984375e-05
3.647804260253906e-05
3.647804260253906e-05
3.62396240234375e-05
3.62396240234375e-05
3.790855407714844e-05
3.6716461181640625e-05
3.647804260253906e-05
3.62396240234375e-05
3.647804260253906e-05
3.6716461181640625e-05
3.647804260253906e-05
3.695487976074219e-05
3.647804260253906e-05
3.5762786865234375e-05
3.7670135498046875e-05
3.62396240234375e-05
3.62396240234375e-05
3.600120544433594e-05
3.5762786865234375e-05
3.62396240234375e-05
3.62396240234375e-05
3.600120544433594e-05
3.6716461181640625e-05
3.600120544433594e-05
3.886222839355469e-05
3.790855407714844e-05
3.6716461181640625e-05
3.62396240234375e-05
3.62396240234375e-05
3.6716461181640625e-05
3.62396240234375e-05
3.695487976074219e-05
3.647804260253906e-05
3.600120544433594e-05
3.790855407714844e-05
3.6716461181640625e-05
3.647804260253906e-05
3.6716461181640625e-05
3.6716461181640625e-05
3.647804260253906e-05
3.647804260253906e-05
3.62396240234375e-05
4.744529724121094e-05
3.3855438232421875e-05
3.552436828613281e-05
3.3855438232421875e-05
3.361701965332031e-05
3.361701965332031e-05
3.337860107421875e-05
3.361701965332031e-05
3.361701965332031e-05
3.337860107421875e-05
3.337860107421875e-05
3.361701965332031e-05
3.457069396972656e-05
3.337860107421875e-05
3.4332275390625e-05
3.361701965332031e-05
3.409385681152344e-05
3.361701965332031e-05
3.3855438232421875e-05
3.361701965332031e-05
3.361701965332031e-05
3.3855438232421875e-05
3.5762786865234375e-05
3.3855438232421875e-05
3.361701965332031e-05
3.3855438232421875e-05
3.2901763916015625e-05
3.457069396972656e-05
3.337860107421875e-05
3.314018249511719e-05
3.337860107421875e-05
3.337860107421875e-05
3.4809112548828125e-05
3.361701965332031e-05
3.266334533691406e-05
3.361701965332031e-05
3.3855438232421875e-05
3.409385681152344e-05
3.337860107421875e-05
3.314018249511719e-05
3.3855438232421875e-05
3.409385681152344e-05
3.528594970703125e-05
3.4809112548828125e-05
3.361701965332031e-05
3.457069396972656e-05
3.409385681152344e-05
3.4332275390625e-05
3.409385681152344e-05
3.3855438232421875e-05
3.3855438232421875e-05
3.3855438232421875e-05
3.4809112548828125e-05
3.4332275390625e-05
3.409385681152344e-05
3.3855438232421875e-05
3.409385681152344e-05
3.4332275390625e-05
3.4809112548828125e-05
3.4332275390625e-05
3.361701965332031e-05
3.409385681152344e-05
3.504753112792969e-05
3.3855438232421875e-05
3.4332275390625e-05
3.314018249511719e-05
3.361701965332031e-05
3.3855438232421875e-05
3.314018249511719e-05
3.361701965332031e-05
3.3855438232421875e-05
3.337860107421875e-05
3.504753112792969e-05
3.147125244140625e-05
3.123283386230469e-05
3.0994415283203125e-05
3.147125244140625e-05
3.075599670410156e-05
3.147125244140625e-05
3.170967102050781e-05
3.123283386230469e-05
3.170967102050781e-05
3.24249267578125e-05
3.147125244140625e-05
3.147125244140625e-05
3.170967102050781e-05
3.147125244140625e-05
3.0994415283203125e-05
3.075599670410156e-05
3.0994415283203125e-05
3.170967102050781e-05
3.075599670410156e-05
3.1948089599609375e-05
3.147125244140625e-05
3.0994415283203125e-05
3.0994415283203125e-05
3.123283386230469e-05
3.0994415283203125e-05
3.075599670410156e-05
3.0994415283203125e-05
3.075599670410156e-05
3.123283386230469e-05
3.2901763916015625e-05
3.0994415283203125e-05
3.0994415283203125e-05
4.3392181396484375e-05
2.9087066650390625e-05
2.9087066650390625e-05
2.8848648071289062e-05
2.9802322387695312e-05
2.86102294921875e-05
2.8371810913085938e-05
3.075599670410156e-05
2.956390380859375e-05
2.9087066650390625e-05
2.86102294921875e-05
2.9087066650390625e-05
2.8848648071289062e-05
2.9087066650390625e-05
2.8848648071289062e-05
2.8848648071289062e-05
2.9087066650390625e-05
3.0040740966796875e-05
2.8848648071289062e-05
2.86102294921875e-05
2.9802322387695312e-05
2.9087066650390625e-05
2.956390380859375e-05
2.9087066650390625e-05
2.9087066650390625e-05
2.9087066650390625e-05
2.9087066650390625e-05
3.0517578125e-05
2.9325485229492188e-05
2.956390380859375e-05
2.9087066650390625e-05
2.9325485229492188e-05
2.9087066650390625e-05
2.8371810913085938e-05
2.9087066650390625e-05
2.9325485229492188e-05
2.8848648071289062e-05
3.0279159545898438e-05
2.9087066650390625e-05
2.9087066650390625e-05
2.9802322387695312e-05
2.9325485229492188e-05
2.9087066650390625e-05
2.9087066650390625e-05
2.8371810913085938e-05
2.8371810913085938e-05
2.8848648071289062e-05
2.9802322387695312e-05
2.8371810913085938e-05
2.8848648071289062e-05
2.9087066650390625e-05
2.8848648071289062e-05
2.8848648071289062e-05
2.8848648071289062e-05
2.86102294921875e-05
2.86102294921875e-05
2.86102294921875e-05
2.9802322387695312e-05
2.9325485229492188e-05
2.9325485229492188e-05
2.956390380859375e-05
2.8371810913085938e-05
2.8848648071289062e-05
2.86102294921875e-05
2.8848648071289062e-05
3.743171691894531e-05
2.9325485229492188e-05
2.9325485229492188e-05
2.9087066650390625e-05
2.9087066650390625e-05
2.9087066650390625e-05
2.86102294921875e-05
2.86102294921875e-05
2.8371810913085938e-05
2.8133392333984375e-05
2.8848648071289062e-05
2.9087066650390625e-05
3.0040740966796875e-05
2.956390380859375e-05
2.8848648071289062e-05
2.9087066650390625e-05
2.86102294921875e-05
2.9087066650390625e-05
2.86102294921875e-05
2.8371810913085938e-05
2.86102294921875e-05
2.7179718017578125e-05
2.8848648071289062e-05
2.765655517578125e-05
2.6702880859375e-05
2.8133392333984375e-05
2.7894973754882812e-05
2.765655517578125e-05
2.7418136596679688e-05
2.7418136596679688e-05
2.7418136596679688e-05
2.7418136596679688e-05
2.8371810913085938e-05
2.7418136596679688e-05
2.7418136596679688e-05
2.7418136596679688e-05
2.6702880859375e-05
2.6941299438476562e-05
2.6941299438476562e-05
2.7179718017578125e-05
2.7418136596679688e-05
2.6702880859375e-05
2.8371810913085938e-05
2.765655517578125e-05
2.6941299438476562e-05
2.6941299438476562e-05
2.6941299438476562e-05
2.7179718017578125e-05
2.6702880859375e-05
2.7418136596679688e-05
2.6702880859375e-05
2.6941299438476562e-05
2.8133392333984375e-05
2.7418136596679688e-05
2.6941299438476562e-05
2.6464462280273438e-05
2.7179718017578125e-05
2.6941299438476562e-05
2.6941299438476562e-05
2.7179718017578125e-05
2.6941299438476562e-05
2.7179718017578125e-05
2.8371810913085938e-05
2.7418136596679688e-05
2.765655517578125e-05
2.6464462280273438e-05
2.6941299438476562e-05
2.6702880859375e-05
2.7179718017578125e-05
2.7418136596679688e-05
2.6941299438476562e-05
3.4332275390625e-05
2.9087066650390625e-05
2.765655517578125e-05
2.6941299438476562e-05
2.7179718017578125e-05
2.7179718017578125e-05
2.6941299438476562e-05
2.6941299438476562e-05
2.7179718017578125e-05
2.6702880859375e-05
2.7179718017578125e-05
2.8133392333984375e-05
2.7179718017578125e-05
2.6941299438476562e-05
2.6941299438476562e-05
2.6702880859375e-05
2.7418136596679688e-05
2.6702880859375e-05
2.86102294921875e-05
2.7894973754882812e-05
2.7179718017578125e-05
2.9325485229492188e-05
2.7894973754882812e-05
2.7179718017578125e-05
2.7894973754882812e-05
2.7418136596679688e-05
2.7418136596679688e-05
2.6941299438476562e-05
2.765655517578125e-05
2.7418136596679688e-05
2.7418136596679688e-05
2.8371810913085938e-05
2.765655517578125e-05
2.7418136596679688e-05
2.765655517578125e-05
2.7179718017578125e-05
2.765655517578125e-05
2.765655517578125e-05
2.7179718017578125e-05
2.765655517578125e-05
2.8371810913085938e-05
2.86102294921875e-05
2.7418136596679688e-05
2.7418136596679688e-05
2.8133392333984375e-05
2.6941299438476562e-05
2.7418136596679688e-05
2.6702880859375e-05
2.6941299438476562e-05
2.7179718017578125e-05
2.7179718017578125e-05
2.8371810913085938e-05
2.765655517578125e-05
2.7179718017578125e-05
2.7179718017578125e-05
2.6941299438476562e-05
2.7179718017578125e-05
2.7179718017578125e-05
2.6941299438476562e-05
2.6941299438476562e-05
2.7179718017578125e-05
2.8133392333984375e-05
2.7418136596679688e-05
2.7418136596679688e-05
2.7179718017578125e-05
2.6941299438476562e-05
2.7418136596679688e-05
2.7179718017578125e-05
2.6941299438476562e-05
2.7179718017578125e-05
2.7179718017578125e-05
2.8848648071289062e-05
2.7894973754882812e-05
2.7179718017578125e-05
2.7418136596679688e-05
2.7418136596679688e-05
2.765655517578125e-05
2.6702880859375e-05
2.7179718017578125e-05
2.7179718017578125e-05
2.7418136596679688e-05
2.8371810913085938e-05
2.7418136596679688e-05
2.7418136596679688e-05
2.6941299438476562e-05
2.7418136596679688e-05
2.6941299438476562e-05
2.6702880859375e-05
2.6941299438476562e-05
2.7418136596679688e-05
2.6941299438476562e-05
2.8371810913085938e-05
2.7179718017578125e-05
2.7418136596679688e-05
2.7179718017578125e-05
2.7179718017578125e-05
2.7179718017578125e-05
2.6941299438476562e-05
2.7179718017578125e-05
2.6941299438476562e-05
2.6941299438476562e-05
2.86102294921875e-05
2.7418136596679688e-05
2.7418136596679688e-05
2.7894973754882812e-05
2.7418136596679688e-05
2.7894973754882812e-05
2.7418136596679688e-05
2.7179718017578125e-05
2.765655517578125e-05
2.7179718017578125e-05
2.8371810913085938e-05
2.7179718017578125e-05
2.7179718017578125e-05
2.7179718017578125e-05
2.8133392333984375e-05
2.6941299438476562e-05
2.6941299438476562e-05
2.7179718017578125e-05
2.7179718017578125e-05
2.6941299438476562e-05
2.8133392333984375e-05
2.7418136596679688e-05
2.765655517578125e-05
2.7179718017578125e-05
2.7418136596679688e-05
2.7179718017578125e-05
2.6941299438476562e-05
2.6702880859375e-05
2.6941299438476562e-05
2.6941299438476562e-05
2.2411346435546875e-05
2.1696090698242188e-05
2.1696090698242188e-05
2.1696090698242188e-05
2.1696090698242188e-05
2.1457672119140625e-05
2.1457672119140625e-05
2.1457672119140625e-05
2.1696090698242188e-05
2.1457672119140625e-05
2.3126602172851562e-05
2.2172927856445312e-05
2.1696090698242188e-05
2.193450927734375e-05
2.2172927856445312e-05
2.2172927856445312e-05
2.193450927734375e-05
2.193450927734375e-05
2.1457672119140625e-05
2.1696090698242188e-05
2.2172927856445312e-05
2.1696090698242188e-05
2.1457672119140625e-05
2.1696090698242188e-05
2.1457672119140625e-05
2.1696090698242188e-05
2.1457672119140625e-05
2.1457672119140625e-05
2.1696090698242188e-05
2.1696090698242188e-05
2.3126602172851562e-05
2.1696090698242188e-05
2.1696090698242188e-05
2.193450927734375e-05
2.1457672119140625e-05
2.1696090698242188e-05
2.1696090698242188e-05
2.193450927734375e-05
2.2172927856445312e-05
2.193450927734375e-05
