0.008548736572265625
0.009390830993652344
0.008448123931884766
0.009494543075561523
0.009389162063598633
0.00964975357055664
0.008852243423461914
0.010772228240966797
0.01105499267578125
0.010533571243286133
0.010942459106445312
0.011570930480957031
0.013424396514892578
0.012452840805053711
0.010741949081420898
0.01016092300415039
0.008036375045776367
0.00982046127319336
0.00874781608581543
0.008129358291625977
0.008568048477172852
0.007983684539794922
0.00846099853515625
0.008693218231201172
0.008931159973144531
0.010968208312988281
0.007521867752075195
0.011767387390136719
0.010572433471679688
0.009373664855957031
0.009356260299682617
0.007635831832885742
0.009628772735595703
0.009254217147827148
0.007901191711425781
0.007615327835083008
0.010592222213745117
0.01142263412475586
0.010068655014038086
0.010140657424926758
0.011321783065795898
0.011113882064819336
0.009764909744262695
0.010338544845581055
0.009869098663330078
0.010283470153808594
0.00840902328491211
0.011086702346801758
0.009925365447998047
0.010773420333862305
0.009441852569580078
0.008720874786376953
0.011103391647338867
0.00912165641784668
0.01065206527709961
0.009463787078857422
0.007848739624023438
0.010514020919799805
0.009544849395751953
0.009235858917236328
0.010098457336425781
0.011471986770629883
0.00979924201965332
0.007743120193481445
0.010555267333984375
0.010639667510986328
0.011259078979492188
0.009969949722290039
0.00981760025024414
0.009563684463500977
0.009197235107421875
0.00911259651184082
0.009164571762084961
0.010165214538574219
0.010600805282592773
0.006652116775512695
0.010868549346923828
0.008605718612670898
0.008697986602783203
0.008310317993164062
0.007180929183959961
0.009108543395996094
0.00827646255493164
0.008376598358154297
0.009795188903808594
0.007848739624023438
0.007700920104980469
0.007595062255859375
0.009959220886230469
0.009216547012329102
0.008416891098022461
0.009095191955566406
0.008597373962402344
0.007676601409912109
0.008361577987670898
0.008712530136108398
0.008446693420410156
0.009314537048339844
0.010438919067382812
0.010000944137573242
0.01052236557006836
0.009012460708618164
0.009597301483154297
0.00933074951171875
0.009082555770874023
0.009578943252563477
0.00809788703918457
0.008566856384277344
0.006549358367919922
0.007845878601074219
0.008223295211791992
0.008526086807250977
0.009016990661621094
0.007576465606689453
0.009510040283203125
0.0077667236328125
0.00862574577331543
0.009109735488891602
0.007231235504150391
0.009247064590454102
0.006842136383056641
0.008109807968139648
0.008684158325195312
0.009122610092163086
0.009340047836303711
0.008713245391845703
0.006286144256591797
0.00952601432800293
0.007979154586791992
0.009885311126708984
0.01239466667175293
0.008168697357177734
0.009660959243774414
0.008395195007324219
0.007872581481933594
0.009502887725830078
0.008488655090332031
0.009171247482299805
0.009555816650390625
0.008826732635498047
0.00991368293762207
0.009071111679077148
0.007874250411987305
0.007841348648071289
0.009184598922729492
0.010364532470703125
0.007857322692871094
0.010156869888305664
0.010373592376708984
0.00923919677734375
0.009214401245117188
0.008209705352783203
0.008310794830322266
0.009326696395874023
0.00860595703125
0.009305953979492188
0.008970975875854492
0.01111459732055664
0.009637117385864258
0.009995698928833008
0.006341695785522461
0.006261348724365234
0.008424758911132812
0.009815692901611328
0.009621143341064453
0.009912729263305664
0.01045083999633789
0.010071277618408203
0.010160684585571289
0.009104013442993164
0.011977434158325195
0.01001882553100586
0.008198976516723633
0.007895231246948242
0.00783538818359375
0.007428646087646484
0.01115107536315918
0.009868144989013672
0.010384559631347656
0.009829998016357422
0.010040998458862305
0.008596658706665039
0.008944272994995117
0.008686542510986328
0.008252143859863281
0.008630514144897461
0.00965118408203125
0.012982845306396484
0.009413480758666992
0.008574962615966797
0.009451866149902344
0.010123491287231445
0.00818943977355957
0.009355306625366211
0.009860515594482422
0.010221004486083984
0.007792234420776367
0.008641242980957031
0.0068743228912353516
0.008461475372314453
0.008160829544067383
0.008262157440185547
0.008141040802001953
0.00924062728881836
0.00934910774230957
0.008162975311279297
0.007377147674560547
0.008006095886230469
0.006833314895629883
0.00852823257446289
0.009483575820922852
0.009151220321655273
0.007918834686279297
0.008768558502197266
0.009443998336791992
0.010770082473754883
0.007118701934814453
0.00824594497680664
0.009007453918457031
0.009254693984985352
0.01095438003540039
0.009953498840332031
0.009633779525756836
0.00797724723815918
0.009130477905273438
0.009792089462280273
0.008925676345825195
0.0068798065185546875
0.008835792541503906
0.008613824844360352
0.007865428924560547
0.008886337280273438
0.007712841033935547
0.010176658630371094
0.009200572967529297
0.007661104202270508
0.008951425552368164
0.009511232376098633
0.010494232177734375
0.008884668350219727
0.008561372756958008
0.011104822158813477
0.00798940658569336
0.006807565689086914
0.007927179336547852
0.009624958038330078
0.009273529052734375
0.00836038589477539
0.012075662612915039
0.010686635971069336
0.008326530456542969
0.009752273559570312
0.007835149765014648
0.008733987808227539
0.00917506217956543
0.008007049560546875
0.0086822509765625
0.008562564849853516
0.008922815322875977
0.008290529251098633
0.010071754455566406
0.006201982498168945
0.007755756378173828
0.008804798126220703
0.008623838424682617
0.008338451385498047
0.010928153991699219
0.00942540168762207
0.007964134216308594
0.009138107299804688
0.007922172546386719
0.009232044219970703
0.007757902145385742
0.007003307342529297
0.00946187973022461
0.007164478302001953
0.009311199188232422
0.010665178298950195
0.010100126266479492
0.009063720703125
0.00836491584777832
0.010489463806152344
0.009528636932373047
0.007237434387207031
0.008278131484985352
0.008150100708007812
0.007330894470214844
0.0064280033111572266
0.007238149642944336
0.007985353469848633
0.009373903274536133
0.007832050323486328
0.009320735931396484
0.008983612060546875
0.010219812393188477
0.009816169738769531
0.008147716522216797
0.0075643062591552734
0.006380319595336914
0.009032011032104492
0.009024620056152344
0.009097099304199219
0.00893545150756836
0.010913610458374023
0.00781559944152832
0.01055765151977539
0.009058237075805664
0.0067234039306640625
0.008403301239013672
0.011326074600219727
0.011652231216430664
0.01030278205871582
0.010042190551757812
0.008960962295532227
0.010617494583129883
0.011039972305297852
0.010572433471679688
0.008312225341796875
0.008918523788452148
0.00944375991821289
0.008785247802734375
0.006947994232177734
0.010076045989990234
0.010311126708984375
0.008247137069702148
0.010766267776489258
0.009533882141113281
0.009040594100952148
0.008476495742797852
0.008815765380859375
0.011259317398071289
0.010940313339233398
0.012079477310180664
0.009065389633178711
0.009200572967529297
0.008389472961425781
0.011597871780395508
0.010149240493774414
0.0089874267578125
0.008039236068725586
0.008080244064331055
0.008995532989501953
0.009432792663574219
0.009976625442504883
0.009212732315063477
0.009365320205688477
0.008068084716796875
0.008316516876220703
0.008472442626953125
0.009069442749023438
0.009761333465576172
0.007691383361816406
0.01124119758605957
0.007848739624023438
0.009429931640625
0.00764918327331543
0.007721900939941406
0.007956266403198242
0.009132146835327148
0.008519887924194336
0.009631156921386719
0.008904695510864258
0.009211063385009766
0.008814096450805664
0.008979558944702148
0.009851932525634766
0.008291482925415039
0.008751630783081055
0.009213685989379883
0.008123636245727539
0.01034092903137207
0.00819706916809082
0.0067980289459228516
0.00809931755065918
0.009720802307128906
0.010206222534179688
0.010460138320922852
0.008719921112060547
0.005825519561767578
0.0069577693939208984
0.009877204895019531
0.007883548736572266
0.0073757171630859375
0.008397340774536133
0.010624885559082031
0.008671045303344727
0.01038670539855957
0.010119438171386719
0.011678695678710938
0.011901140213012695
0.010577678680419922
0.011950492858886719
0.010821104049682617
0.015241622924804688
0.011738777160644531
0.01203775405883789
0.011090278625488281
0.01202392578125
0.01096034049987793
0.011273384094238281
0.01062631607055664
0.013015031814575195
0.011814594268798828
0.01051640510559082
0.00924825668334961
0.008871078491210938
0.011548519134521484
0.010734796524047852
0.011100292205810547
0.00966191291809082
0.011354923248291016
0.009526968002319336
0.011895418167114258
0.007496356964111328
0.00963139533996582
0.010132312774658203
0.010156631469726562
0.00809335708618164
0.006440639495849609
0.008785486221313477
0.007017850875854492
0.009757280349731445
0.009279727935791016
0.007892370223999023
0.010591983795166016
0.010643720626831055
0.011224508285522461
0.009494304656982422
0.010996818542480469
0.009479761123657227
0.008475065231323242
0.009980201721191406
0.009526968002319336
0.011493921279907227
0.011369705200195312
0.012584209442138672
0.012439489364624023
0.010710954666137695
0.011395454406738281
0.009921073913574219
0.010007381439208984
0.010701417922973633
0.009492635726928711
0.009624719619750977
0.009528398513793945
0.010942220687866211
0.01087045669555664
0.010328054428100586
0.011188030242919922
0.011932849884033203
0.012276172637939453
0.011736392974853516
0.011409282684326172
0.008932828903198242
0.012511253356933594
0.01168966293334961
0.011259078979492188
0.009241580963134766
0.009849309921264648
0.008654356002807617
0.009662389755249023
0.0077512264251708984
0.009088754653930664
0.008474111557006836
0.009041547775268555
0.00864720344543457
0.009593486785888672
0.007890462875366211
0.009336233139038086
0.008554220199584961
0.007605552673339844
0.009315252304077148
0.007672786712646484
0.007384777069091797
0.007558345794677734
0.006924152374267578
0.010740041732788086
0.00991368293762207
0.010693550109863281
0.006868839263916016
0.010926485061645508
0.009764909744262695
0.012535810470581055
0.009717702865600586
0.010666847229003906
0.007033348083496094
0.010330677032470703
0.009710311889648438
0.009137392044067383
0.01177668571472168
0.011364459991455078
0.010980844497680664
0.01017618179321289
0.011658191680908203
0.01130819320678711
0.010241508483886719
0.009525537490844727
0.009958982467651367
0.010109186172485352
0.010371923446655273
