1.0738530158996582
1.012265920639038
1.0282573699951172
0.9791555404663086
1.053056001663208
1.0018572807312012
1.1863257884979248
0.9620037078857422
1.0471625328063965
0.9856493473052979
1.133244276046753
1.0366897583007812
0.990431547164917
0.9047937393188477
1.0339455604553223
1.0549671649932861
1.2133886814117432
1.8077783584594727
1.2433557510375977
1.2636971473693848
1.0902073383331299
0.7893166542053223
1.0898940563201904
1.0432679653167725
0.8646337985992432
0.888364315032959
1.0356993675231934
0.9108395576477051
0.8495147228240967
1.069870948791504
0.838036298751831
0.9610629081726074
0.9158835411071777
0.9984796047210693
0.9776554107666016
0.9309496879577637
1.0375983715057373
0.9043965339660645
0.9923481941223145
0.9543030261993408
0.8988387584686279
0.8090128898620605
0.9511098861694336
0.8437891006469727
1.0492863655090332
0.7715678215026855
1.0267488956451416
0.9818432331085205
0.9777607917785645
0.9823527336120605
0.9558711051940918
0.8794095516204834
0.7984721660614014
0.9054594039916992
0.8177485466003418
0.853933572769165
0.785297155380249
0.7966141700744629
0.8807113170623779
0.9716508388519287
0.871218204498291
1.0650393962860107
0.985203742980957
0.9907724857330322
1.0657894611358643
0.9508368968963623
0.923820972442627
0.989675760269165
0.8860301971435547
0.9615552425384521
0.8647253513336182
0.842858076095581
0.8297271728515625
1.0106000900268555
0.9513463973999023
0.8401422500610352
0.6719131469726562
0.8947303295135498
0.845794677734375
0.9340591430664062
0.9602031707763672
0.8511033058166504
0.9922645092010498
0.9241645336151123
1.0010075569152832
0.9485023021697998
1.0205581188201904
0.8007614612579346
0.8055238723754883
0.8404052257537842
0.9908168315887451
0.9741697311401367
0.9652345180511475
0.907351016998291
0.8612754344940186
1.0132074356079102
1.042917013168335
0.7974545955657959
0.9334802627563477
0.8112704753875732
0.9075872898101807
0.9414157867431641
0.6311123371124268
0.83713698387146
0.8587744235992432
0.9834749698638916
0.9685499668121338
0.8313536643981934
0.8912339210510254
0.9965569972991943
0.7783846855163574
0.8867373466491699
0.9206521511077881
1.2453577518463135
1.4276320934295654
0.899616003036499
1.0475728511810303
1.0212929248809814
0.7981400489807129
1.0495843887329102
1.0953750610351562
1.0192604064941406
0.8745687007904053
0.944664716720581
0.9067420959472656
1.0439221858978271
0.9958095550537109
0.9133365154266357
1.4635868072509766
1.0886080265045166
0.8205516338348389
1.0680136680603027
0.850778341293335
1.132108449935913
0.9296948909759521
1.1458723545074463
0.9459941387176514
1.1241230964660645
1.0203144550323486
0.822655200958252
0.9971632957458496
0.8745582103729248
1.1219542026519775
1.1624245643615723
1.122281789779663
1.1585021018981934
0.9536504745483398
0.9133245944976807
0.7323639392852783
0.8864750862121582
0.9493064880371094
1.061305046081543
1.0165774822235107
0.9293859004974365
0.9934201240539551
0.8092443943023682
0.9779870510101318
1.0503506660461426
0.7517497539520264
0.9213786125183105
0.7072503566741943
0.8071980476379395
0.7768988609313965
0.789954662322998
0.8562495708465576
1.120913028717041
0.7443513870239258
0.8246073722839355
0.8466341495513916
0.9222812652587891
0.7050189971923828
0.7988705635070801
0.9952301979064941
1.0047047138214111
0.8154680728912354
0.9445338249206543
0.8842883110046387
0.6408913135528564
0.9874262809753418
0.9775495529174805
0.986762285232544
1.1040148735046387
0.9430088996887207
0.8114006519317627
0.9172158241271973
0.8102161884307861
1.1382064819335938
0.752082109451294
1.0362870693206787
1.0010850429534912
1.274111270904541
1.116701364517212
1.3065288066864014
1.0733532905578613
0.9252750873565674
0.9721267223358154
0.7148361206054688
0.7217447757720947
1.156101942062378
0.9240436553955078
1.0415229797363281
1.2725064754486084
1.0130362510681152
1.039055585861206
0.9321653842926025
1.1487550735473633
1.0438041687011719
0.9350428581237793
1.1865949630737305
1.0107946395874023
1.6696689128875732
1.2730374336242676
1.0111150741577148
0.8547866344451904
0.9710276126861572
0.8737936019897461
0.7564883232116699
1.0175085067749023
0.8398947715759277
1.018120288848877
0.8188164234161377
0.9932520389556885
0.9984755516052246
0.9727303981781006
1.0847017765045166
1.173720359802246
1.45680570602417
1.459777593612671
1.1872215270996094
1.2339105606079102
1.0573761463165283
0.9729523658752441
0.9306719303131104
1.2403407096862793
1.0981085300445557
0.9823157787322998
1.0367400646209717
1.1954991817474365
1.2882611751556396
0.9818165302276611
1.0431013107299805
1.0736360549926758
1.0090577602386475
0.9102118015289307
0.9884068965911865
0.8991820812225342
0.9473738670349121
1.0077669620513916
1.120734453201294
1.1205713748931885
1.3261501789093018
1.1018457412719727
1.1696038246154785
1.0637941360473633
1.281874418258667
1.244292974472046
1.0096321105957031
0.8937840461730957
0.8985929489135742
0.7887945175170898
0.9272587299346924
1.0974130630493164
1.0437047481536865
1.0050206184387207
0.9773039817810059
0.7478065490722656
1.1501810550689697
1.0580685138702393
0.9761912822723389
0.909491777420044
0.8646483421325684
0.9068691730499268
0.9443240165710449
1.020864486694336
0.6949524879455566
0.7925255298614502
0.916806697845459
1.0176053047180176
1.0094108581542969
0.996849775314331
0.6980166435241699
0.9451847076416016
0.9220476150512695
0.9669666290283203
1.069793701171875
1.1443321704864502
1.0310840606689453
1.0370335578918457
0.938023567199707
1.1177706718444824
0.9203228950500488
0.8904228210449219
1.2573738098144531
0.9677784442901611
0.8938329219818115
1.212541103363037
1.2179279327392578
1.0782082080841064
1.031707525253296
1.221897840499878
1.0648846626281738
0.9090890884399414
1.2517149448394775
1.2499685287475586
0.9593756198883057
0.9096786975860596
0.785332441329956
1.2837495803833008
0.7272088527679443
0.9691643714904785
1.082714319229126
1.119518756866455
1.1193656921386719
1.0083863735198975
1.2370426654815674
0.967919111251831
1.0130765438079834
1.2025573253631592
1.0573155879974365
0.9906067848205566
1.255061388015747
1.0570659637451172
1.1599509716033936
1.0670998096466064
1.085904836654663
1.1817030906677246
1.0301175117492676
0.7929673194885254
1.0039057731628418
0.8674216270446777
0.9427156448364258
1.0455646514892578
0.9160127639770508
1.2029767036437988
0.8530702590942383
1.1716632843017578
0.9170517921447754
0.8048295974731445
0.8397107124328613
0.8237686157226562
1.09507417678833
0.7795093059539795
0.9388244152069092
0.9025723934173584
0.7653286457061768
0.9550893306732178
1.022320032119751
0.849646806716919
0.9648599624633789
0.828056812286377
1.149848222732544
1.1698038578033447
0.9693257808685303
1.0256009101867676
0.9206252098083496
0.7388744354248047
0.9791641235351562
0.7545466423034668
0.8547563552856445
0.9736752510070801
0.9092326164245605
0.8951849937438965
0.9909727573394775
1.0208196640014648
1.3128840923309326
0.9879422187805176
1.0031647682189941
1.0601258277893066
0.8836789131164551
1.0498363971710205
1.1873548030853271
0.8822674751281738
0.9885594844818115
1.1130106449127197
0.9440443515777588
0.8896756172180176
1.0840919017791748
0.9296748638153076
0.8888423442840576
0.9509708881378174
0.7520766258239746
0.8033537864685059
0.7339940071105957
0.9231772422790527
0.8644144535064697
1.0285003185272217
1.0750482082366943
0.8659064769744873
1.0840542316436768
1.1353225708007812
0.9916512966156006
0.9413986206054688
0.8003487586975098
0.9788362979888916
0.8831524848937988
0.9616720676422119
0.8879406452178955
0.9333598613739014
1.041337013244629
1.0638947486877441
0.9079949855804443
1.1079015731811523
0.9478936195373535
0.9722537994384766
0.7617213726043701
0.7828664779663086
0.7640681266784668
0.763239860534668
1.0059947967529297
1.1449940204620361
1.0082354545593262
0.824028730392456
0.9440550804138184
1.1049458980560303
0.9067049026489258
0.8093500137329102
1.0175158977508545
0.9782538414001465
1.0007107257843018
0.9847004413604736
0.8513317108154297
1.2538249492645264
0.8537607192993164
0.9492588043212891
1.0396864414215088
1.0895602703094482
1.028024673461914
0.9441044330596924
1.0207066535949707
0.9971113204956055
0.9885399341583252
0.9820640087127686
1.1703298091888428
0.8381116390228271
1.0242068767547607
1.260972261428833
0.9283626079559326
0.8568212985992432
1.020266056060791
1.3578283786773682
0.953787088394165
0.9650189876556396
1.0987353324890137
0.9945945739746094
0.7360024452209473
1.0477893352508545
0.7742819786071777
1.0279488563537598
1.0014169216156006
0.6765031814575195
1.0378787517547607
1.0171942710876465
0.8693671226501465
0.9688124656677246
0.8344752788543701
0.9033224582672119
1.0617120265960693
0.8453168869018555
0.9126989841461182
0.8293871879577637
0.9355607032775879
0.9614403247833252
0.7496490478515625
0.9859750270843506
1.0783841609954834
1.1808671951293945
0.9416568279266357
0.9602303504943848
1.1179139614105225
0.9286458492279053
1.0220715999603271
0.8224921226501465
1.1441001892089844
0.8549461364746094
0.8603019714355469
0.9616076946258545
0.8871040344238281
1.1261847019195557
1.053941011428833
0.9541382789611816
0.9876673221588135
0.9930822849273682
0.9889271259307861
0.9093351364135742
0.9243648052215576
1.0101850032806396
0.7497391700744629
0.7899823188781738
0.9507784843444824
0.9679882526397705
0.850731372833252
1.0805535316467285
0.9041931629180908
0.8991758823394775
0.8769819736480713
0.9571661949157715
0.9934284687042236
0.7798337936401367
0.8571157455444336
0.9084160327911377
