2.6226043701171875e-05
2.1219253540039062e-05
2.0503997802734375e-05
2.0503997802734375e-05
2.0265579223632812e-05
1.9788742065429688e-05
2.002716064453125e-05
1.9311904907226562e-05
1.9788742065429688e-05
1.9311904907226562e-05
2.09808349609375e-05
2.002716064453125e-05
1.9788742065429688e-05
1.9550323486328125e-05
1.9550323486328125e-05
1.9788742065429688e-05
1.9788742065429688e-05
1.9788742065429688e-05
5.316734313964844e-05
1.9788742065429688e-05
2.0742416381835938e-05
1.9311904907226562e-05
1.9788742065429688e-05
1.9788742065429688e-05
2.002716064453125e-05
1.9788742065429688e-05
1.9311904907226562e-05
1.9311904907226562e-05
1.9788742065429688e-05
1.9550323486328125e-05
2.0503997802734375e-05
2.002716064453125e-05
1.9311904907226562e-05
1.9550323486328125e-05
1.9550323486328125e-05
1.9311904907226562e-05
1.9788742065429688e-05
1.9550323486328125e-05
1.9550323486328125e-05
1.9311904907226562e-05
2.0265579223632812e-05
1.9788742065429688e-05
1.9550323486328125e-05
1.9550323486328125e-05
1.9550323486328125e-05
1.9073486328125e-05
1.9073486328125e-05
1.9550323486328125e-05
1.9073486328125e-05
1.9311904907226562e-05
1.9788742065429688e-05
1.9311904907226562e-05
1.9788742065429688e-05
1.9550323486328125e-05
1.9788742065429688e-05
1.9550323486328125e-05
1.9073486328125e-05
1.9311904907226562e-05
2.002716064453125e-05
1.9311904907226562e-05
1.9788742065429688e-05
1.9788742065429688e-05
2.002716064453125e-05
1.9311904907226562e-05
1.9311904907226562e-05
1.9311904907226562e-05
1.9311904907226562e-05
1.9788742065429688e-05
1.9311904907226562e-05
1.9788742065429688e-05
2.0503997802734375e-05
2.002716064453125e-05
1.9788742065429688e-05
1.9788742065429688e-05
1.9311904907226562e-05
1.9788742065429688e-05
1.9073486328125e-05
1.9550323486328125e-05
1.9073486328125e-05
1.9550323486328125e-05
2.0503997802734375e-05
1.9311904907226562e-05
2.002716064453125e-05
1.9311904907226562e-05
1.9788742065429688e-05
1.9788742065429688e-05
1.9311904907226562e-05
1.9550323486328125e-05
1.9788742065429688e-05
1.9788742065429688e-05
2.0265579223632812e-05
1.9788742065429688e-05
1.9550323486328125e-05
1.9073486328125e-05
1.9550323486328125e-05
1.9550323486328125e-05
1.9073486328125e-05
1.9550323486328125e-05
1.9550323486328125e-05
1.9550323486328125e-05
1.9788742065429688e-05
1.9311904907226562e-05
1.9311904907226562e-05
1.9550323486328125e-05
1.9550323486328125e-05
1.9550323486328125e-05
1.9311904907226562e-05
1.9550323486328125e-05
1.9311904907226562e-05
1.9550323486328125e-05
2.002716064453125e-05
1.9550323486328125e-05
1.9311904907226562e-05
1.9550323486328125e-05
1.9311904907226562e-05
1.9073486328125e-05
1.9550323486328125e-05
1.9311904907226562e-05
1.9311904907226562e-05
1.9311904907226562e-05
2.0265579223632812e-05
2.3603439331054688e-05
3.314018249511719e-05
2.0503997802734375e-05
1.9311904907226562e-05
1.9311904907226562e-05
1.9311904907226562e-05
1.9311904907226562e-05
1.9788742065429688e-05
1.9788742065429688e-05
2.002716064453125e-05
2.002716064453125e-05
1.9073486328125e-05
1.9311904907226562e-05
1.9550323486328125e-05
1.9311904907226562e-05
1.9550323486328125e-05
1.9073486328125e-05
1.9550323486328125e-05
1.9550323486328125e-05
2.0265579223632812e-05
1.9788742065429688e-05
1.9550323486328125e-05
1.9550323486328125e-05
1.9550323486328125e-05
1.9550323486328125e-05
1.9550323486328125e-05
1.9073486328125e-05
1.9311904907226562e-05
1.9311904907226562e-05
2.0742416381835938e-05
1.9788742065429688e-05
1.9311904907226562e-05
1.9550323486328125e-05
1.9311904907226562e-05
1.9073486328125e-05
1.9311904907226562e-05
1.9550323486328125e-05
1.9550323486328125e-05
1.9550323486328125e-05
2.002716064453125e-05
1.9311904907226562e-05
1.9311904907226562e-05
1.9788742065429688e-05
1.9073486328125e-05
1.9311904907226562e-05
1.9311904907226562e-05
1.9311904907226562e-05
1.9311904907226562e-05
1.8835067749023438e-05
2.0503997802734375e-05
1.9073486328125e-05
1.9073486328125e-05
1.9311904907226562e-05
1.9311904907226562e-05
1.9311904907226562e-05
1.9550323486328125e-05
1.9311904907226562e-05
1.9550323486328125e-05
1.9311904907226562e-05
2.002716064453125e-05
1.9788742065429688e-05
1.9550323486328125e-05
1.9550323486328125e-05
1.9550323486328125e-05
1.9311904907226562e-05
1.9311904907226562e-05
1.9311904907226562e-05
1.9550323486328125e-05
1.8835067749023438e-05
2.0265579223632812e-05
2.002716064453125e-05
1.9311904907226562e-05
1.9311904907226562e-05
1.9788742065429688e-05
1.9073486328125e-05
1.9550323486328125e-05
1.9550323486328125e-05
1.9550323486328125e-05
1.8835067749023438e-05
2.0265579223632812e-05
1.9788742065429688e-05
1.9788742065429688e-05
1.9311904907226562e-05
1.9788742065429688e-05
1.9311904907226562e-05
1.9311904907226562e-05
1.9311904907226562e-05
1.9550323486328125e-05
1.9073486328125e-05
2.0503997802734375e-05
1.9550323486328125e-05
1.9788742065429688e-05
1.9788742065429688e-05
1.9788742065429688e-05
2.002716064453125e-05
1.9311904907226562e-05
1.9788742065429688e-05
1.9311904907226562e-05
1.9073486328125e-05
2.0265579223632812e-05
1.9788742065429688e-05
1.9550323486328125e-05
1.9311904907226562e-05
1.9550323486328125e-05
1.9550323486328125e-05
2.3365020751953125e-05
5.245208740234375e-05
1.9550323486328125e-05
1.9311904907226562e-05
2.0503997802734375e-05
1.9788742065429688e-05
1.9311904907226562e-05
1.9788742065429688e-05
1.9311904907226562e-05
1.9311904907226562e-05
1.9550323486328125e-05
1.9311904907226562e-05
1.9550323486328125e-05
1.9550323486328125e-05
2.0265579223632812e-05
1.9550323486328125e-05
1.9311904907226562e-05
1.9311904907226562e-05
1.9550323486328125e-05
1.9550323486328125e-05
1.9550323486328125e-05
1.9073486328125e-05
1.9311904907226562e-05
1.9788742065429688e-05
2.002716064453125e-05
1.9550323486328125e-05
1.9550323486328125e-05
1.9311904907226562e-05
1.9550323486328125e-05
1.9550323486328125e-05
1.9550323486328125e-05
1.9311904907226562e-05
2.002716064453125e-05
1.9311904907226562e-05
2.0265579223632812e-05
1.9550323486328125e-05
1.9788742065429688e-05
1.9311904907226562e-05
1.9311904907226562e-05
1.9550323486328125e-05
1.9311904907226562e-05
1.9311904907226562e-05
1.9311904907226562e-05
1.9311904907226562e-05
2.002716064453125e-05
1.9788742065429688e-05
1.9550323486328125e-05
1.9311904907226562e-05
1.9311904907226562e-05
1.9311904907226562e-05
1.9788742065429688e-05
2.0265579223632812e-05
1.9550323486328125e-05
1.9788742065429688e-05
2.0503997802734375e-05
1.9788742065429688e-05
1.9311904907226562e-05
1.9788742065429688e-05
1.9550323486328125e-05
1.9311904907226562e-05
1.9550323486328125e-05
1.9550323486328125e-05
1.9073486328125e-05
1.9073486328125e-05
2.0265579223632812e-05
1.9550323486328125e-05
1.9550323486328125e-05
1.9550323486328125e-05
1.9550323486328125e-05
1.9550323486328125e-05
1.9311904907226562e-05
1.9788742065429688e-05
1.9311904907226562e-05
1.9311904907226562e-05
1.9788742065429688e-05
1.9073486328125e-05
1.9550323486328125e-05
1.9550323486328125e-05
1.9788742065429688e-05
1.9788742065429688e-05
1.9550323486328125e-05
1.9311904907226562e-05
1.9311904907226562e-05
1.9311904907226562e-05
2.0265579223632812e-05
1.9311904907226562e-05
1.9311904907226562e-05
1.9550323486328125e-05
1.9550323486328125e-05
1.9788742065429688e-05
1.9788742065429688e-05
1.9311904907226562e-05
1.9073486328125e-05
1.9311904907226562e-05
2.002716064453125e-05
1.9550323486328125e-05
1.9550323486328125e-05
1.9311904907226562e-05
1.9073486328125e-05
1.9311904907226562e-05
1.9311904907226562e-05
1.8835067749023438e-05
1.9311904907226562e-05
1.9311904907226562e-05
6.4849853515625e-05
1.9311904907226562e-05
1.9788742065429688e-05
1.9073486328125e-05
2.002716064453125e-05
1.9550323486328125e-05
1.9550323486328125e-05
1.9550323486328125e-05
1.9550323486328125e-05
2.002716064453125e-05
2.0265579223632812e-05
1.9550323486328125e-05
1.9550323486328125e-05
1.9311904907226562e-05
1.9788742065429688e-05
1.9311904907226562e-05
1.9311904907226562e-05
1.9311904907226562e-05
1.9550323486328125e-05
1.9311904907226562e-05
2.0265579223632812e-05
1.9788742065429688e-05
1.9550323486328125e-05
1.9788742065429688e-05
1.9788742065429688e-05
1.9311904907226562e-05
1.9311904907226562e-05
1.9788742065429688e-05
1.9311904907226562e-05
1.9788742065429688e-05
2.002716064453125e-05
1.9550323486328125e-05
1.9550323486328125e-05
1.9311904907226562e-05
1.9550323486328125e-05
1.9550323486328125e-05
1.9550323486328125e-05
1.9550323486328125e-05
1.9788742065429688e-05
1.9311904907226562e-05
1.9788742065429688e-05
1.9550323486328125e-05
1.9550323486328125e-05
1.9550323486328125e-05
1.9311904907226562e-05
1.9550323486328125e-05
2.002716064453125e-05
1.9550323486328125e-05
1.9550323486328125e-05
1.9550323486328125e-05
1.9788742065429688e-05
1.9311904907226562e-05
2.002716064453125e-05
1.9550323486328125e-05
1.9073486328125e-05
1.9073486328125e-05
1.9311904907226562e-05
1.9550323486328125e-05
1.9550323486328125e-05
1.9073486328125e-05
2.002716064453125e-05
1.9550323486328125e-05
1.9550323486328125e-05
1.9311904907226562e-05
1.9311904907226562e-05
1.9073486328125e-05
1.9073486328125e-05
1.9550323486328125e-05
1.9311904907226562e-05
1.9073486328125e-05
2.0742416381835938e-05
2.002716064453125e-05
1.9550323486328125e-05
1.9550323486328125e-05
1.9311904907226562e-05
1.9788742065429688e-05
1.9550323486328125e-05
2.002716064453125e-05
5.435943603515625e-05
1.9550323486328125e-05
2.0503997802734375e-05
1.9788742065429688e-05
1.9311904907226562e-05
1.9311904907226562e-05
1.9550323486328125e-05
1.9311904907226562e-05
1.9311904907226562e-05
1.9550323486328125e-05
1.9311904907226562e-05
1.9311904907226562e-05
1.9788742065429688e-05
1.9550323486328125e-05
1.9550323486328125e-05
1.9311904907226562e-05
1.9311904907226562e-05
1.9311904907226562e-05
1.9550323486328125e-05
1.9550323486328125e-05
1.9788742065429688e-05
1.9311904907226562e-05
2.0265579223632812e-05
1.9788742065429688e-05
1.9550323486328125e-05
7.009506225585938e-05
1.9550323486328125e-05
1.9550323486328125e-05
1.9550323486328125e-05
1.9550323486328125e-05
1.9550323486328125e-05
1.9550323486328125e-05
2.0265579223632812e-05
1.9550323486328125e-05
1.9311904907226562e-05
1.9550323486328125e-05
1.9311904907226562e-05
1.9311904907226562e-05
1.9550323486328125e-05
1.9788742065429688e-05
1.9788742065429688e-05
1.9550323486328125e-05
2.0265579223632812e-05
1.9311904907226562e-05
1.9550323486328125e-05
1.9550323486328125e-05
1.9550323486328125e-05
1.9788742065429688e-05
1.9073486328125e-05
2.002716064453125e-05
1.9311904907226562e-05
1.9311904907226562e-05
2.002716064453125e-05
1.9788742065429688e-05
1.9788742065429688e-05
1.8835067749023438e-05
1.9550323486328125e-05
1.9788742065429688e-05
1.9311904907226562e-05
1.9073486328125e-05
1.9550323486328125e-05
1.9550323486328125e-05
2.0265579223632812e-05
1.9311904907226562e-05
1.9311904907226562e-05
1.9311904907226562e-05
1.9073486328125e-05
1.9550323486328125e-05
1.9311904907226562e-05
1.9311904907226562e-05
1.9311904907226562e-05
1.9550323486328125e-05
1.9788742065429688e-05
1.9550323486328125e-05
1.9073486328125e-05
1.9073486328125e-05
1.9073486328125e-05
1.9311904907226562e-05
1.9788742065429688e-05
1.9311904907226562e-05
1.9311904907226562e-05
1.9311904907226562e-05
2.0503997802734375e-05
1.9788742065429688e-05
1.9788742065429688e-05
1.9788742065429688e-05
1.9550323486328125e-05
1.9550323486328125e-05
1.9311904907226562e-05
1.9311904907226562e-05
1.9073486328125e-05
1.9788742065429688e-05
