0.05191636085510254
0.05853700637817383
0.06516003608703613
0.06473708152770996
0.06478714942932129
0.07175087928771973
0.0632622241973877
0.05982184410095215
0.0659022331237793
0.05982351303100586
0.04941058158874512
0.05213284492492676
0.053955793380737305
0.05078244209289551
0.05864357948303223
0.06019115447998047
0.056832075119018555
0.06378698348999023
0.07155442237854004
0.04937481880187988
0.06028103828430176
0.06092047691345215
0.050734758377075195
0.06870722770690918
0.0579380989074707
0.05903029441833496
0.05685901641845703
0.05927872657775879
0.0605921745300293
0.061521291732788086
0.05958151817321777
0.06943345069885254
0.05280256271362305
0.061756134033203125
0.06787109375
0.058815956115722656
0.061745643615722656
0.060407161712646484
0.05498671531677246
0.060002803802490234
0.05715680122375488
0.05765891075134277
0.055919647216796875
0.05163288116455078
0.0651559829711914
0.06106233596801758
0.060149431228637695
0.06002235412597656
0.059029579162597656
0.047736167907714844
0.06314778327941895
0.05789685249328613
0.05158638954162598
0.0704808235168457
0.06261444091796875
0.055005550384521484
0.051759958267211914
0.0614013671875
0.053380489349365234
0.05666613578796387
0.05772876739501953
0.05798053741455078
0.05786705017089844
0.06617498397827148
0.06710648536682129
0.06374192237854004
0.055922746658325195
0.05587196350097656
0.05695796012878418
0.05063986778259277
0.05360746383666992
0.06226539611816406
0.061444997787475586
0.060480356216430664
0.060277700424194336
0.05605626106262207
0.054354190826416016
0.060253143310546875
0.053081512451171875
0.062319040298461914
0.04944157600402832
0.05835604667663574
0.06168985366821289
0.057802438735961914
0.06368303298950195
0.0553288459777832
0.0597841739654541
0.05383777618408203
0.05825614929199219
0.0668172836303711
0.0637669563293457
0.07664608955383301
0.08066701889038086
0.0811460018157959
0.0807032585144043
0.06208992004394531
0.0538330078125
0.058588504791259766
0.05451321601867676
0.06694316864013672
0.05433487892150879
0.0673208236694336
0.0497441291809082
0.054633140563964844
0.058032989501953125
0.058132171630859375
0.0643916130065918
0.06619596481323242
0.06689167022705078
0.05274462699890137
0.05766487121582031
0.052880048751831055
0.06975126266479492
0.06475186347961426
0.0707850456237793
0.06187629699707031
0.05856728553771973
0.0630335807800293
0.06247973442077637
0.06759357452392578
0.05370187759399414
0.06302738189697266
0.056673526763916016
0.055387020111083984
0.06345629692077637
0.05667996406555176
0.05771207809448242
0.060492753982543945
0.05748581886291504
0.05777549743652344
0.06336164474487305
0.050980329513549805
0.04818415641784668
0.06077432632446289
0.0631558895111084
0.06252717971801758
0.06708979606628418
0.05236101150512695
0.05884265899658203
0.051236867904663086
0.05689430236816406
0.05798053741455078
0.06186556816101074
0.06056928634643555
0.06247663497924805
0.06176900863647461
0.05394315719604492
0.055211544036865234
0.05696678161621094
0.05939197540283203
0.0641787052154541
0.06593179702758789
0.06238412857055664
0.0749061107635498
0.04997372627258301
0.04740500450134277
0.06851434707641602
0.050490379333496094
0.060393571853637695
0.05223250389099121
0.0519556999206543
0.06270527839660645
0.05443239212036133
0.06593942642211914
0.06542396545410156
0.06381535530090332
0.04621005058288574
0.0623171329498291
0.0494990348815918
0.06819486618041992
0.05521416664123535
0.056160926818847656
0.06480622291564941
0.04960060119628906
0.062277793884277344
0.05786275863647461
0.06624078750610352
0.059218406677246094
0.048177242279052734
0.06588244438171387
0.055303335189819336
0.05932354927062988
0.0452725887298584
0.052634477615356445
0.06440305709838867
0.056769371032714844
0.055225372314453125
0.06645035743713379
0.05953407287597656
0.05711531639099121
0.06389284133911133
0.04834699630737305
0.05315423011779785
0.05315852165222168
0.05719804763793945
0.04629921913146973
0.05586385726928711
0.064605712890625
0.05669546127319336
0.06609606742858887
0.06750774383544922
0.058728694915771484
0.052086830139160156
0.05220222473144531
0.05961108207702637
0.06217598915100098
0.05271339416503906
0.061817169189453125
0.061051368713378906
0.053908586502075195
0.06160879135131836
0.06458210945129395
0.05323600769042969
0.06399202346801758
0.06565499305725098
0.059163570404052734
0.04744076728820801
0.07131338119506836
0.05925416946411133
0.05387616157531738
0.056268930435180664
0.045417070388793945
0.04995226860046387
0.04969906806945801
0.06070113182067871
0.058324337005615234
0.05845475196838379
0.05568885803222656
0.05310249328613281
0.051493167877197266
0.061556100845336914
0.062386512756347656
0.06264853477478027
0.06504201889038086
0.060524702072143555
0.060730695724487305
0.058660030364990234
0.04997134208679199
0.06677746772766113
0.06726408004760742
0.05355191230773926
0.050394535064697266
0.06291580200195312
0.05378890037536621
0.0704655647277832
0.06251192092895508
0.06106424331665039
0.06162381172180176
0.05518960952758789
0.06531715393066406
0.06647634506225586
0.06196713447570801
0.05857396125793457
0.0635683536529541
0.06872391700744629
0.05855536460876465
0.05941486358642578
0.05606436729431152
0.05869412422180176
0.05624723434448242
0.05915117263793945
0.06837868690490723
0.06043076515197754
0.053978919982910156
0.07022857666015625
0.05330920219421387
0.05140423774719238
0.048043012619018555
0.06661272048950195
0.055216312408447266
0.06209063529968262
0.05449867248535156
0.06467342376708984
0.05295372009277344
0.06599044799804688
0.060018062591552734
0.06537795066833496
0.06653761863708496
0.05624723434448242
0.059999942779541016
0.05745434761047363
0.054091691970825195
0.05124807357788086
0.05870795249938965
0.06004810333251953
0.06224226951599121
0.0639944076538086
0.05658721923828125
0.057363271713256836
0.06400227546691895
0.05618619918823242
0.05786442756652832
0.0518496036529541
0.05479288101196289
0.06493711471557617
0.05698513984680176
0.06220364570617676
0.055191755294799805
0.05716347694396973
0.05334877967834473
0.05573773384094238
0.05437207221984863
0.047513723373413086
0.05767250061035156
0.07197856903076172
0.058388471603393555
0.06687545776367188
0.0606231689453125
0.05610942840576172
0.06019330024719238
0.05757641792297363
0.05545520782470703
0.053884029388427734
0.06311511993408203
0.07759737968444824
0.057723045349121094
0.06708121299743652
0.05776500701904297
0.054077863693237305
0.05149531364440918
0.04828047752380371
0.05891013145446777
0.06306028366088867
0.05666017532348633
0.06353425979614258
0.0609283447265625
0.0500035285949707
0.04546809196472168
0.06511116027832031
0.0599522590637207
0.06947588920593262
0.05323052406311035
0.07227587699890137
0.06780838966369629
0.07000732421875
0.06324362754821777
0.05356121063232422
0.06735444068908691
0.05968832969665527
0.06539773941040039
0.05957341194152832
0.05662274360656738
0.06440424919128418
0.06787395477294922
0.062302589416503906
0.05620145797729492
0.06359505653381348
0.05437302589416504
0.06076526641845703
0.0633399486541748
0.06010580062866211
0.05460405349731445
0.05960440635681152
0.05657505989074707
0.05050969123840332
0.06368160247802734
0.058388471603393555
0.050409555435180664
0.04836130142211914
0.07095742225646973
0.05298638343811035
0.05494546890258789
0.05177640914916992
0.06068754196166992
0.05998110771179199
0.06494259834289551
0.06590723991394043
0.06463813781738281
0.060860395431518555
0.054482460021972656
0.05926227569580078
0.04769277572631836
0.058359622955322266
0.04870915412902832
0.06718659400939941
0.061203956604003906
0.0576016902923584
0.06911993026733398
0.0572667121887207
0.06030559539794922
0.05304718017578125
0.061061859130859375
0.052049875259399414
0.05217695236206055
0.06514811515808105
0.05615091323852539
0.055065155029296875
0.06036663055419922
0.05283689498901367
0.06423711776733398
0.06253242492675781
0.06347179412841797
0.052115678787231445
0.0547022819519043
0.0635230541229248
0.06011056900024414
0.05695796012878418
0.06221365928649902
0.06072545051574707
0.057877302169799805
0.06006312370300293
0.05626320838928223
0.06552529335021973
0.06982874870300293
0.058526039123535156
0.05733513832092285
0.05399727821350098
0.05759143829345703
0.05044293403625488
0.06308865547180176
0.054300546646118164
0.054084062576293945
0.05838274955749512
0.05584430694580078
0.0675499439239502
0.05730867385864258
0.06676959991455078
0.047445058822631836
0.06506037712097168
0.048830270767211914
0.05537557601928711
0.06976866722106934
0.06801009178161621
0.06864547729492188
0.05529451370239258
0.06290841102600098
0.05355048179626465
0.048983097076416016
0.058104515075683594
0.06256389617919922
0.05859971046447754
0.058562517166137695
0.053266048431396484
0.058449745178222656
0.06571769714355469
0.06093025207519531
0.06516647338867188
0.05559802055358887
0.060411691665649414
0.06304407119750977
0.058663129806518555
0.05023312568664551
0.0496060848236084
0.06780672073364258
0.07227277755737305
0.05440688133239746
0.0549924373626709
0.051499128341674805
0.05558037757873535
0.06651115417480469
0.0668492317199707
0.0659327507019043
0.06318783760070801
0.07905006408691406
0.07245087623596191
0.06570768356323242
0.07681536674499512
0.06593632698059082
0.06017494201660156
0.05722475051879883
0.06711483001708984
0.07589292526245117
0.07058286666870117
0.0584256649017334
0.06561732292175293
0.0650782585144043
0.11235761642456055
0.08992338180541992
0.08697247505187988
0.09013628959655762
0.08313369750976562
0.07315874099731445
0.07855963706970215
0.06501102447509766
0.06591105461120605
0.05245041847229004
0.06752991676330566
0.08403921127319336
0.07009196281433105
0.08973813056945801
0.07966160774230957
0.08574771881103516
0.07893180847167969
0.07871651649475098
0.06288647651672363
0.07003140449523926
0.07953548431396484
0.08716964721679688
0.08501625061035156
0.07413554191589355
0.0832831859588623
0.06191062927246094
0.06685948371887207
0.07003068923950195
0.06357121467590332
0.06978034973144531
0.06561088562011719
0.06607937812805176
0.07066059112548828
0.07837772369384766
