0.9741873741149902
1.0834136009216309
1.153648853302002
1.098179817199707
1.115210771560669
1.3610692024230957
1.1028687953948975
1.0955252647399902
0.9937849044799805
1.019498586654663
0.9378762245178223
0.9317543506622314
0.9547016620635986
1.0920307636260986
0.9771814346313477
1.1543354988098145
1.081178903579712
1.0704536437988281
1.0839648246765137
0.9011547565460205
1.161083698272705
1.0333683490753174
1.0846738815307617
1.0478551387786865
1.0885136127471924
1.1077377796173096
1.0297977924346924
1.124450922012329
1.0805656909942627
1.0684354305267334
1.14725661277771
1.0234107971191406
1.0743334293365479
1.0040719509124756
1.051734209060669
1.1168057918548584
1.0328824520111084
0.9153752326965332
0.9734025001525879
1.1170387268066406
1.0619711875915527
0.9215996265411377
1.1076552867889404
1.0054068565368652
0.9989912509918213
0.9465553760528564
1.2496647834777832
1.0037848949432373
0.9708256721496582
1.0662071704864502
1.1207830905914307
1.0926218032836914
0.94327712059021
1.0087532997131348
1.0588629245758057
1.056046485900879
1.0717120170593262
1.0432703495025635
1.0386295318603516
0.969804048538208
0.9128005504608154
1.0582315921783447
1.2227189540863037
1.0060606002807617
1.0935122966766357
1.0193812847137451
1.0117762088775635
1.027125597000122
1.1494529247283936
1.0592703819274902
1.0847313404083252
1.05875825881958
1.053393840789795
1.0514678955078125
0.9994800090789795
0.9612846374511719
1.2537784576416016
1.0916032791137695
1.0827312469482422
0.9240310192108154
1.0368399620056152
1.1532602310180664
1.2057862281799316
1.129150152206421
1.0565245151519775
0.919285774230957
1.1278915405273438
1.1588566303253174
0.9186580181121826
0.8815181255340576
0.9751989841461182
1.118640422821045
1.233424186706543
1.1923587322235107
1.1837162971496582
0.9101412296295166
0.883629560470581
1.1510412693023682
1.173093318939209
1.267564058303833
1.1239745616912842
1.0280392169952393
0.9651017189025879
1.1440887451171875
1.067124366760254
1.1376841068267822
1.039400339126587
1.0385653972625732
1.0016422271728516
0.9845871925354004
1.0844643115997314
0.9664974212646484
0.9621729850769043
1.190765142440796
0.9329383373260498
1.047248363494873
0.9494256973266602
1.341238260269165
1.2447869777679443
1.0452663898468018
1.1392512321472168
0.9297146797180176
1.0455505847930908
1.1059775352478027
1.1660959720611572
0.9123756885528564
1.0519654750823975
1.1046924591064453
0.9411249160766602
0.9973220825195312
1.1089873313903809
1.1780734062194824
0.9994897842407227
1.267458200454712
0.8508026599884033
1.1692633628845215
1.049405574798584
1.2419240474700928
0.9595253467559814
0.9700958728790283
1.0840585231781006
1.047759771347046
1.1231918334960938
1.0155463218688965
0.8901007175445557
1.0775659084320068
1.0025579929351807
1.1718659400939941
1.0681593418121338
1.0410211086273193
0.8685481548309326
1.0431575775146484
1.1292784214019775
1.171922206878662
0.9471333026885986
1.0581328868865967
1.0302605628967285
1.0783727169036865
0.917731523513794
1.121049165725708
1.07843017578125
1.101041555404663
1.1703813076019287
1.0668830871582031
0.9794306755065918
1.1045358180999756
0.8837482929229736
1.1664378643035889
0.9447932243347168
0.9208014011383057
1.0502960681915283
1.1643500328063965
0.9917576313018799
1.0828473567962646
1.1891002655029297
0.986518144607544
0.9084634780883789
0.8980238437652588
1.063241720199585
1.14579439163208
1.2140166759490967
0.9012434482574463
1.1023046970367432
1.1696782112121582
0.9325182437896729
1.0278832912445068
1.1524975299835205
0.8473389148712158
0.9718961715698242
0.9808809757232666
1.012458324432373
0.9371135234832764
0.9239511489868164
0.8911037445068359
1.1280333995819092
1.0071744918823242
1.0343098640441895
0.9380040168762207
0.9354918003082275
0.9256300926208496
1.1606600284576416
1.0685534477233887
1.1009392738342285
1.0671656131744385
0.9976158142089844
1.0410146713256836
1.0006723403930664
1.2222938537597656
0.9973869323730469
0.8304867744445801
1.201864242553711
0.9273109436035156
1.054638385772705
1.0939877033233643
1.1461527347564697
1.1576275825500488
1.076371669769287
1.1450343132019043
1.1188578605651855
1.0366690158843994
1.0659539699554443
1.1837279796600342
1.134077787399292
1.0271928310394287
1.063730001449585
0.9450850486755371
1.0531814098358154
1.064577341079712
0.9162304401397705
1.1836011409759521
1.0161454677581787
0.9771246910095215
0.9462912082672119
0.9959180355072021
1.1236145496368408
0.9488019943237305
1.1686410903930664
1.0165820121765137
1.056812047958374
1.1387994289398193
1.2279486656188965
0.9584903717041016
1.0880458354949951
0.9293169975280762
0.9081041812896729
0.9703114032745361
1.1704952716827393
1.190199851989746
1.133026361465454
1.1779344081878662
0.9574756622314453
1.1619467735290527
1.0024387836456299
1.1166274547576904
1.1746408939361572
1.0214734077453613
1.0508174896240234
1.0901210308074951
1.1365885734558105
1.0379884243011475
1.0496103763580322
0.8700315952301025
0.8607645034790039
1.023219108581543
1.0802958011627197
1.0795361995697021
1.1748969554901123
1.0922274589538574
0.9709362983703613
1.1283009052276611
1.0071592330932617
1.13472318649292
1.2148041725158691
1.24253511428833
1.1691930294036865
1.1083483695983887
1.0194950103759766
0.9713490009307861
0.8871665000915527
1.0634398460388184
1.1127660274505615
0.9900140762329102
0.9960525035858154
0.9556450843811035
0.9410614967346191
1.0715980529785156
1.245649814605713
0.9730899333953857
1.1318385601043701
1.1246912479400635
1.1428797245025635
1.1776771545410156
1.1844820976257324
1.007955551147461
1.2162935733795166
1.0664050579071045
0.9573662281036377
1.1494250297546387
1.1053452491760254
1.0109713077545166
1.1766424179077148
1.2281575202941895
1.1587450504302979
1.1443254947662354
1.2359800338745117
1.0609605312347412
1.1961901187896729
0.8486151695251465
1.214245319366455
1.028085708618164
0.8970742225646973
1.050511360168457
1.229264736175537
1.0558276176452637
0.9700949192047119
1.173903465270996
1.0376627445220947
1.0893189907073975
1.241147518157959
1.3196022510528564
1.4873263835906982
1.1341049671173096
0.9761254787445068
1.030256986618042
0.9039406776428223
1.0722267627716064
1.2264254093170166
1.155447244644165
1.067699909210205
1.087580919265747
0.9846611022949219
0.9755527973175049
0.993708610534668
1.0262455940246582
0.9595801830291748
1.068974256515503
1.1940667629241943
0.9614369869232178
1.006417989730835
1.187603235244751
0.9466700553894043
1.065683126449585
1.0599305629730225
1.043778419494629
1.1075055599212646
1.0579943656921387
0.9817790985107422
1.0077781677246094
1.0576181411743164
1.1841888427734375
1.0725343227386475
0.9886541366577148
1.1213290691375732
1.0247611999511719
0.9536941051483154
1.1777031421661377
0.9725754261016846
1.0386343002319336
1.1085665225982666
1.1516730785369873
1.1210646629333496
1.164987325668335
0.9164369106292725
1.2081787586212158
0.9488410949707031
1.2393312454223633
1.1172304153442383
1.2398617267608643
1.0780365467071533
1.1355564594268799
0.9220089912414551
0.9500918388366699
1.3515169620513916
1.0068352222442627
1.216505765914917
0.9838850498199463
1.1767988204956055
0.9401764869689941
1.1177878379821777
1.0366661548614502
0.9205753803253174
1.0244054794311523
1.1551587581634521
1.0191175937652588
1.0311472415924072
1.035832166671753
1.126166582107544
0.9102909564971924
0.9991981983184814
1.0212681293487549
1.2567625045776367
1.19089937210083
0.9931776523590088
1.2383780479431152
1.107405185699463
0.9230384826660156
1.0038173198699951
1.0144026279449463
1.0084364414215088
1.006298542022705
1.1137053966522217
1.168325662612915
1.0291686058044434
1.1319055557250977
0.921076774597168
1.0658037662506104
1.0878322124481201
1.2350249290466309
1.0644071102142334
1.015655755996704
1.0448529720306396
1.1051054000854492
0.9523217678070068
0.8842651844024658
1.0537817478179932
0.9391934871673584
1.1918129920959473
1.1310937404632568
1.0026471614837646
1.1375815868377686
1.1039907932281494
1.0762100219726562
1.2591190338134766
1.1680097579956055
1.2449917793273926
1.064676284790039
1.0540289878845215
0.9856927394866943
0.9990348815917969
0.9906351566314697
1.0405504703521729
0.9599242210388184
0.9543719291687012
1.0766713619232178
0.9719150066375732
1.2769758701324463
1.0533556938171387
1.0830333232879639
0.9861593246459961
1.088090181350708
0.959644079208374
1.07896089553833
0.99727463722229
1.1340277194976807
1.0016872882843018
1.0427842140197754
1.1623961925506592
1.0452218055725098
0.9831604957580566
0.9740145206451416
1.1402511596679688
0.9546911716461182
1.2460367679595947
0.9455864429473877
0.9492068290710449
0.9442422389984131
1.1026256084442139
1.0732123851776123
0.9431979656219482
0.9461619853973389
1.0744919776916504
1.0257585048675537
1.021263837814331
1.148738145828247
1.0946495532989502
1.0730218887329102
1.0541915893554688
1.1008996963500977
1.0912575721740723
1.0108485221862793
1.0808765888214111
1.1828889846801758
1.0203464031219482
1.0957732200622559
1.114175796508789
1.0995323657989502
1.266751766204834
1.2444653511047363
1.114302158355713
1.0837199687957764
1.1908013820648193
1.5611975193023682
1.3655054569244385
1.3740768432617188
1.2852976322174072
0.9672508239746094
1.281644582748413
1.2362110614776611
1.4594964981079102
1.1315810680389404
0.9927468299865723
1.0829641819000244
1.0946574211120605
0.9930973052978516
1.0463237762451172
0.9372158050537109
1.0393877029418945
0.9053642749786377
1.1118245124816895
1.162769079208374
