0.04952716827392578
0.03519797325134277
0.037832021713256836
0.0371096134185791
0.04099273681640625
0.03663969039916992
0.03641510009765625
0.035184621810913086
0.03235149383544922
0.029924392700195312
0.031033039093017578
0.03219914436340332
0.02716541290283203
0.032735586166381836
0.03721976280212402
0.03274416923522949
0.03961586952209473
0.036499738693237305
0.03784918785095215
0.0355682373046875
0.03142690658569336
0.03793144226074219
0.028405189514160156
0.035717010498046875
0.03282642364501953
0.035243988037109375
0.0399630069732666
0.038779497146606445
0.03543567657470703
0.03358316421508789
0.03551650047302246
0.03499627113342285
0.03813624382019043
0.03449869155883789
0.03295731544494629
0.03661489486694336
0.033161163330078125
0.04182553291320801
0.04058527946472168
0.029949665069580078
0.03529477119445801
0.032906293869018555
0.037216901779174805
0.0381162166595459
0.04095125198364258
0.035254716873168945
0.03989815711975098
0.03738236427307129
0.031786203384399414
0.03299450874328613
0.03426861763000488
0.03372788429260254
0.033423662185668945
0.03777194023132324
0.034313201904296875
0.03350234031677246
0.03153228759765625
0.03925490379333496
0.037447214126586914
0.03640890121459961
0.036632537841796875
0.03421425819396973
0.03187394142150879
0.02617025375366211
0.033759355545043945
0.039530277252197266
0.034351348876953125
0.038805484771728516
0.03333020210266113
0.03674006462097168
0.03232908248901367
0.0295259952545166
0.03736758232116699
0.028799772262573242
0.0347902774810791
0.03567028045654297
0.03597664833068848
0.03648662567138672
0.036099910736083984
0.03350472450256348
0.03476524353027344
0.03782486915588379
0.03974485397338867
0.028278589248657227
0.03939986228942871
0.03324103355407715
0.04453253746032715
0.03833413124084473
0.02776336669921875
0.035202741622924805
0.03391313552856445
0.033132314682006836
0.03785514831542969
0.02844834327697754
0.02926492691040039
0.03375840187072754
0.03485107421875
0.04386305809020996
0.03958487510681152
0.0386660099029541
0.03372311592102051
0.031932830810546875
0.031592369079589844
0.0396728515625
0.03995084762573242
0.03659558296203613
0.044600486755371094
0.03971219062805176
0.0334782600402832
0.04043412208557129
0.032235145568847656
0.038877010345458984
0.03433728218078613
0.03301429748535156
0.03107452392578125
0.0295407772064209
0.0325160026550293
0.03283572196960449
0.03558635711669922
0.03260350227355957
0.030654430389404297
0.03077220916748047
0.03385043144226074
0.031896352767944336
0.0338740348815918
0.03688478469848633
0.03551530838012695
0.034366607666015625
0.02783513069152832
0.03430342674255371
0.03600025177001953
0.03536033630371094
0.028740406036376953
0.03107738494873047
0.033293962478637695
0.03097367286682129
0.03670549392700195
0.036672115325927734
0.03853440284729004
0.036301374435424805
0.0355985164642334
0.030300378799438477
0.027406692504882812
0.03842663764953613
0.03193068504333496
0.03655219078063965
0.03339052200317383
0.03396153450012207
0.033846378326416016
0.033075571060180664
0.03754472732543945
0.03296232223510742
0.027108430862426758
0.03416252136230469
0.031180620193481445
0.03428792953491211
0.030019283294677734
0.03557753562927246
0.03362011909484863
0.02826213836669922
0.031368255615234375
0.03772163391113281
0.0341644287109375
0.029652118682861328
0.03686094284057617
0.02986907958984375
0.02953052520751953
0.02987194061279297
0.037198781967163086
0.030027389526367188
0.03701043128967285
0.03390002250671387
0.03218984603881836
0.03276658058166504
0.031356096267700195
0.027440547943115234
0.03304624557495117
0.03031015396118164
0.03545045852661133
0.032080650329589844
0.03440380096435547
0.0318911075592041
0.03811359405517578
0.03519415855407715
0.035106658935546875
0.03036189079284668
0.02915191650390625
0.03106236457824707
0.03705096244812012
0.03396320343017578
0.03685736656188965
0.03177165985107422
0.03560996055603027
0.038048744201660156
0.03247404098510742
0.029486656188964844
0.0349428653717041
0.0408625602722168
0.028223037719726562
0.03285026550292969
0.03760862350463867
0.031011581420898438
0.03002023696899414
0.03131103515625
0.03132295608520508
0.0369722843170166
0.0350649356842041
0.036466360092163086
0.029628276824951172
0.03160834312438965
0.030985593795776367
0.03580784797668457
0.031841278076171875
0.035863399505615234
0.033570289611816406
0.030005931854248047
0.03588271141052246
0.03608107566833496
0.03668355941772461
0.03908681869506836
0.02954244613647461
0.03150296211242676
0.03278827667236328
0.03202033042907715
0.03582191467285156
0.03468012809753418
0.03350186347961426
0.03906893730163574
0.03119182586669922
0.0369868278503418
0.03694462776184082
0.03392386436462402
0.035422563552856445
0.033858299255371094
0.03413820266723633
0.033803701400756836
0.030682802200317383
0.038454294204711914
0.031836748123168945
0.036623239517211914
0.033954620361328125
0.030795812606811523
0.03901958465576172
0.029842376708984375
0.03087162971496582
0.03065776824951172
0.032914161682128906
0.039517879486083984
0.03363370895385742
0.034275054931640625
0.032670021057128906
0.03289961814880371
0.03369855880737305
0.034584760665893555
0.033899784088134766
0.030107736587524414
0.030122756958007812
0.03930377960205078
0.031013965606689453
0.03147602081298828
0.03631281852722168
0.03407788276672363
0.034607648849487305
0.03281593322753906
0.026123762130737305
0.03694629669189453
0.03284955024719238
0.038690805435180664
0.036145925521850586
0.03299570083618164
0.03166556358337402
0.03348875045776367
0.031888484954833984
0.03522658348083496
0.029355764389038086
0.030354738235473633
0.03375101089477539
0.0341947078704834
0.03656125068664551
0.031900882720947266
0.04052925109863281
0.03747367858886719
0.03710532188415527
0.03589940071105957
0.03629183769226074
0.03216814994812012
0.036527395248413086
0.03701925277709961
0.03656578063964844
0.03500485420227051
0.03465414047241211
0.034699201583862305
0.02903914451599121
0.029045581817626953
0.030136823654174805
0.033983469009399414
0.03469085693359375
0.03503060340881348
0.03740382194519043
0.028813838958740234
0.034247398376464844
0.0322110652923584
0.03870368003845215
0.031858205795288086
0.03572344779968262
0.03555774688720703
0.041169166564941406
0.04128289222717285
0.03410458564758301
0.035803794860839844
0.034281015396118164
0.03266739845275879
0.035542964935302734
0.033066749572753906
0.04110383987426758
0.03356027603149414
0.030347585678100586
0.0410764217376709
0.030721664428710938
0.03239583969116211
0.03095841407775879
0.03625226020812988
0.034380435943603516
0.03305983543395996
0.02594733238220215
0.040228843688964844
0.03277921676635742
0.03490900993347168
0.032500505447387695
0.03646373748779297
0.02907562255859375
0.036272525787353516
0.032991647720336914
0.0329439640045166
0.03742384910583496
0.03764605522155762
0.04024696350097656
0.038152217864990234
0.03999161720275879
0.035306692123413086
0.029265403747558594
0.03227734565734863
0.030228614807128906
0.0344390869140625
0.03220367431640625
0.03527188301086426
0.03209829330444336
0.03626251220703125
0.03742575645446777
0.03306293487548828
0.03477215766906738
0.030439138412475586
0.032360076904296875
0.03283190727233887
0.030742168426513672
0.03437972068786621
0.034148454666137695
0.03358888626098633
0.03751850128173828
0.03164482116699219
0.03409242630004883
0.03521537780761719
0.030959129333496094
0.03236269950866699
0.032491445541381836
0.029769182205200195
0.03181314468383789
0.036968231201171875
0.034268856048583984
0.032648324966430664
0.0361781120300293
0.03353381156921387
0.033057451248168945
0.03395223617553711
0.027449846267700195
0.03729104995727539
0.031154632568359375
0.03396010398864746
0.03415942192077637
0.03534722328186035
0.030221223831176758
0.034773826599121094
0.03212237358093262
0.0426025390625
0.031223058700561523
0.03970932960510254
0.037225961685180664
0.04433894157409668
0.03493618965148926
0.03687691688537598
0.0378115177154541
0.029663801193237305
0.03317141532897949
0.03788137435913086
0.030449390411376953
0.032723426818847656
0.03038930892944336
0.038474321365356445
0.029527664184570312
0.03497505187988281
0.033986568450927734
0.03255510330200195
0.040857791900634766
0.04183697700500488
0.03657126426696777
0.03265094757080078
0.046205759048461914
0.03653144836425781
0.03399157524108887
0.030955791473388672
0.031262874603271484
0.032579660415649414
0.03427553176879883
0.031045913696289062
0.03303670883178711
0.03390669822692871
0.03153562545776367
0.031816720962524414
0.03507423400878906
0.03127479553222656
0.029906511306762695
0.027968883514404297
0.029373645782470703
0.03130078315734863
0.03132939338684082
0.0314640998840332
0.029709577560424805
0.04136991500854492
0.03591156005859375
0.03658127784729004
0.034873008728027344
0.031289100646972656
0.03504538536071777
0.032869815826416016
0.03647565841674805
0.033354759216308594
0.0295407772064209
0.03771638870239258
0.031768083572387695
0.03559303283691406
0.0337367057800293
0.0337674617767334
0.03491091728210449
0.03602290153503418
0.03087759017944336
0.031187772750854492
0.03863787651062012
0.04377627372741699
0.0343165397644043
0.03572678565979004
0.03070211410522461
0.03076028823852539
0.027698040008544922
0.0330967903137207
0.02904963493347168
0.029603958129882812
0.03143620491027832
0.03638410568237305
0.03403472900390625
0.04140186309814453
0.03435111045837402
0.03198409080505371
0.03254985809326172
0.03045964241027832
0.028301239013671875
0.03501081466674805
0.03427410125732422
0.03095412254333496
0.03941941261291504
0.03373360633850098
0.033127546310424805
0.03445720672607422
0.030246973037719727
0.026847124099731445
0.030367136001586914
0.03472590446472168
0.03128242492675781
0.03951263427734375
0.03395724296569824
0.027313709259033203
0.027950525283813477
0.03307199478149414
0.03324770927429199
0.02959418296813965
0.03285551071166992
0.028423070907592773
0.03304791450500488
0.03518962860107422
0.0373685359954834
0.03636765480041504
0.03486466407775879
0.0289304256439209
0.03246784210205078
0.034033775329589844
0.032517194747924805
0.03084421157836914
0.03826785087585449
0.0399632453918457
0.028432607650756836
0.03164958953857422
