0.09076619148254395
0.0971517562866211
0.10637593269348145
0.10002517700195312
0.11014866828918457
0.1011967658996582
0.1115107536315918
0.11315083503723145
0.09482479095458984
0.09370541572570801
0.09777259826660156
0.09083008766174316
0.08089947700500488
0.10884356498718262
0.11285591125488281
0.08851838111877441
0.11700010299682617
0.09836006164550781
0.10102653503417969
0.10289406776428223
0.08842921257019043
0.11600708961486816
0.09089398384094238
0.09571075439453125
0.0894012451171875
0.08657336235046387
0.0968785285949707
0.08924508094787598
0.0894937515258789
0.08589863777160645
0.09283971786499023
0.09701299667358398
0.09403800964355469
0.08342623710632324
0.08479094505310059
0.08579015731811523
0.09112000465393066
0.09885787963867188
0.09810256958007812
0.09152746200561523
0.10907363891601562
0.09473085403442383
0.11589670181274414
0.12833046913146973
0.14227032661437988
0.09743142127990723
0.11417484283447266
0.10874748229980469
0.12050843238830566
0.0951077938079834
0.09753656387329102
0.10073089599609375
0.10579419136047363
0.10559535026550293
0.08746504783630371
0.10540270805358887
0.09553766250610352
0.10480666160583496
0.09256148338317871
0.0900416374206543
0.09956979751586914
0.10220575332641602
0.09791922569274902
0.07435202598571777
0.08555126190185547
0.08906817436218262
0.07965731620788574
0.0816802978515625
0.09281539916992188
0.10202765464782715
0.0975797176361084
0.07593297958374023
0.09276676177978516
0.07282161712646484
0.08796930313110352
0.08332037925720215
0.08311200141906738
0.07680845260620117
0.08190131187438965
0.07862067222595215
0.07785964012145996
0.08487439155578613
0.09522652626037598
0.07161331176757812
0.09052371978759766
0.07361412048339844
0.0957493782043457
0.08821368217468262
0.0673360824584961
0.08454060554504395
0.08304262161254883
0.08076810836791992
0.08518338203430176
0.07345366477966309
0.06694841384887695
0.08153748512268066
0.07807588577270508
0.08846378326416016
0.0925607681274414
0.08769750595092773
0.07859373092651367
0.0779721736907959
0.08254671096801758
0.10248661041259766
0.09493875503540039
0.08147525787353516
0.09177637100219727
0.08455920219421387
0.07308387756347656
0.08966517448425293
0.07128047943115234
0.08665847778320312
0.07619690895080566
0.08306431770324707
0.07746076583862305
0.07029604911804199
0.07649946212768555
0.0680391788482666
0.08143424987792969
0.08323073387145996
0.07692432403564453
0.07153129577636719
0.07909369468688965
0.07816100120544434
0.08077716827392578
0.08722090721130371
0.0825190544128418
0.07129502296447754
0.06568074226379395
0.08287572860717773
0.07887792587280273
0.08371639251708984
0.07201218605041504
0.08327460289001465
0.08398914337158203
0.07556748390197754
0.08235931396484375
0.07672452926635742
0.08629488945007324
0.08491182327270508
0.08555912971496582
0.0719747543334961
0.06541991233825684
0.10627460479736328
0.0822439193725586
0.08409786224365234
0.07634854316711426
0.07190179824829102
0.08421659469604492
0.09271669387817383
0.09254002571105957
0.08496761322021484
0.06450247764587402
0.09143805503845215
0.07303380966186523
0.08206701278686523
0.0684804916381836
0.08187556266784668
0.0739290714263916
0.06753659248352051
0.07335090637207031
0.08495879173278809
0.08370661735534668
0.07651758193969727
0.09201908111572266
0.08230805397033691
0.07442665100097656
0.06317329406738281
0.08191871643066406
0.07381772994995117
0.08583307266235352
0.08284950256347656
0.07940173149108887
0.08636116981506348
0.08176660537719727
0.06724119186401367
0.0736837387084961
0.0662848949432373
0.07887506484985352
0.07471609115600586
0.08373713493347168
0.07724308967590332
0.08555912971496582
0.10670733451843262
0.0972287654876709
0.0834953784942627
0.08013629913330078
0.06986308097839355
0.08926153182983398
0.10227465629577637
0.11739373207092285
0.09521627426147461
0.1135244369506836
0.12291193008422852
0.09268999099731445
0.07067084312438965
0.08186554908752441
0.0864722728729248
0.06728124618530273
0.08034682273864746
0.08599591255187988
0.07399797439575195
0.06966519355773926
0.07844161987304688
0.07903265953063965
0.08869361877441406
0.07767629623413086
0.07504749298095703
0.06926488876342773
0.07164788246154785
0.07059311866760254
0.09295225143432617
0.077239990234375
0.0934746265411377
0.08389854431152344
0.07188272476196289
0.078948974609375
0.07428693771362305
0.08816075325012207
0.09380555152893066
0.07085585594177246
0.07417416572570801
0.07583022117614746
0.08569788932800293
0.08879876136779785
0.08408451080322266
0.07770323753356934
0.08174848556518555
0.07827138900756836
0.0898594856262207
0.09380674362182617
0.08314013481140137
0.08803534507751465
0.08301973342895508
0.08253049850463867
0.08101177215576172
0.07348418235778809
0.08512735366821289
0.07409310340881348
0.08591055870056152
0.0821526050567627
0.07185578346252441
0.09158468246459961
0.08434677124023438
0.07458972930908203
0.07426691055297852
0.07497334480285645
0.0857689380645752
0.07764554023742676
0.08640313148498535
0.07839584350585938
0.0804898738861084
0.08316993713378906
0.09097027778625488
0.07975411415100098
0.06954264640808105
0.07252645492553711
0.08287858963012695
0.06985616683959961
0.07553791999816895
0.08909344673156738
0.08212924003601074
0.09604978561401367
0.07978200912475586
0.0727393627166748
0.09244370460510254
0.08459591865539551
0.09502720832824707
0.0887303352355957
0.08149361610412598
0.07373166084289551
0.08242058753967285
0.07633137702941895
0.0877079963684082
0.07248950004577637
0.07663631439208984
0.07711958885192871
0.07201004028320312
0.07851099967956543
0.0703134536743164
0.08885526657104492
0.08354926109313965
0.09460949897766113
0.08148694038391113
0.08541655540466309
0.07578301429748535
0.0843043327331543
0.07706546783447266
0.09106183052062988
0.08408713340759277
0.08233404159545898
0.08175873756408691
0.07093405723571777
0.07307243347167969
0.07633781433105469
0.08448529243469238
0.07867932319641113
0.07548713684082031
0.08541607856750488
0.06726598739624023
0.08203291893005371
0.08230805397033691
0.09942245483398438
0.0773005485534668
0.08744549751281738
0.0844118595123291
0.09754753112792969
0.08947014808654785
0.08056926727294922
0.08399343490600586
0.07876968383789062
0.07991933822631836
0.09032607078552246
0.0843360424041748
0.09478425979614258
0.0801994800567627
0.0681002140045166
0.08797192573547363
0.07312536239624023
0.07590198516845703
0.0789494514465332
0.08343172073364258
0.07918381690979004
0.08672690391540527
0.06453895568847656
0.09247684478759766
0.08283424377441406
0.07554817199707031
0.07318544387817383
0.09105467796325684
0.07202816009521484
0.08141756057739258
0.07764673233032227
0.08929109573364258
0.08139276504516602
0.08520174026489258
0.08803248405456543
0.0770421028137207
0.08876371383666992
0.0826718807220459
0.06557345390319824
0.07840085029602051
0.07136297225952148
0.08486175537109375
0.08062195777893066
0.08456039428710938
0.07886123657226562
0.07941102981567383
0.08265566825866699
0.07436585426330566
0.08337163925170898
0.06980276107788086
0.07988405227661133
0.08578157424926758
0.07611393928527832
0.08007955551147461
0.0736997127532959
0.07798027992248535
0.08864045143127441
0.07921028137207031
0.08333182334899902
0.08034920692443848
0.07584238052368164
0.08440113067626953
0.07963824272155762
0.07409477233886719
0.07523083686828613
0.07802104949951172
0.0816659927368164
0.07914042472839355
0.08510446548461914
0.07516741752624512
0.08739638328552246
0.08491086959838867
0.06653285026550293
0.08630251884460449
0.06929802894592285
0.07038688659667969
0.08040189743041992
0.08828425407409668
0.07042789459228516
0.08144569396972656
0.07446551322937012
0.09446978569030762
0.0687568187713623
0.08291864395141602
0.07714486122131348
0.09704422950744629
0.07848858833312988
0.07982397079467773
0.08202290534973145
0.06856203079223633
0.08698678016662598
0.09214377403259277
0.07502484321594238
0.08066153526306152
0.06949830055236816
0.0805659294128418
0.07380533218383789
0.07997870445251465
0.07375478744506836
0.06850552558898926
0.08445143699645996
0.09552788734436035
0.07596230506896973
0.0722198486328125
0.0934906005859375
0.08783197402954102
0.07544422149658203
0.07728219032287598
0.07072257995605469
0.07593250274658203
0.08867979049682617
0.08066511154174805
0.07963800430297852
0.08314037322998047
0.0765984058380127
0.07301998138427734
0.08046579360961914
0.07705068588256836
0.07375907897949219
0.0678408145904541
0.07387804985046387
0.08156394958496094
0.06908226013183594
0.08269143104553223
0.07106542587280273
0.08919072151184082
0.0764925479888916
0.08330821990966797
0.08404803276062012
0.07696819305419922
0.09377527236938477
0.08347153663635254
0.08976268768310547
0.07934999465942383
0.0667259693145752
0.08192849159240723
0.07758712768554688
0.08963537216186523
0.08241701126098633
0.08035802841186523
0.0902862548828125
0.09511923789978027
0.0780022144317627
0.07658100128173828
0.09444999694824219
0.10379576683044434
0.09780597686767578
0.08795475959777832
0.07483220100402832
0.07666540145874023
0.06929302215576172
0.08488321304321289
0.07179021835327148
0.07537317276000977
0.07471537590026855
0.08844280242919922
0.07008194923400879
0.09653663635253906
0.0836944580078125
0.08001136779785156
0.07855892181396484
0.08674502372741699
0.07017660140991211
0.0843195915222168
0.08252620697021484
0.0707557201385498
0.08688211441040039
0.08107876777648926
0.08449745178222656
0.0810689926147461
0.07823348045349121
0.06656956672668457
0.07384037971496582
0.08421778678894043
0.07723402976989746
0.08424687385559082
0.0815274715423584
0.06692337989807129
0.06949925422668457
0.08063435554504395
0.08195734024047852
0.08003783226013184
0.08130288124084473
0.07084274291992188
0.07891583442687988
0.0785675048828125
0.08033466339111328
0.08547472953796387
0.08595108985900879
0.0707089900970459
0.08108115196228027
0.08841943740844727
0.07763123512268066
0.07407450675964355
0.08958816528320312
0.09069371223449707
0.06714606285095215
0.07438206672668457
