0.04575514793395996
0.04623746871948242
0.05033469200134277
0.04629349708557129
0.05687761306762695
0.05428600311279297
0.050679683685302734
0.049515724182128906
0.043947696685791016
0.045204877853393555
0.04488992691040039
0.0543825626373291
0.044019460678100586
0.04674029350280762
0.058107852935791016
0.05014944076538086
0.05764436721801758
0.047231435775756836
0.05723881721496582
0.055246591567993164
0.04954195022583008
0.05894875526428223
0.0421750545501709
0.049475669860839844
0.05247330665588379
0.05457615852355957
0.05628395080566406
0.0494077205657959
0.05280041694641113
0.04606771469116211
0.055731773376464844
0.057099103927612305
0.05545186996459961
0.05451321601867676
0.056199073791503906
0.05469179153442383
0.05124258995056152
0.05481910705566406
0.04744315147399902
0.044556617736816406
0.05187654495239258
0.04403185844421387
0.0530397891998291
0.05291438102722168
0.05456972122192383
0.04652523994445801
0.051130056381225586
0.0479738712310791
0.045256853103637695
0.045774221420288086
0.057398080825805664
0.047781944274902344
0.04867863655090332
0.05328178405761719
0.053121328353881836
0.05348038673400879
0.05439591407775879
0.059020042419433594
0.06325650215148926
0.06181764602661133
0.05478501319885254
0.05208945274353027
0.04997992515563965
0.037117719650268555
0.042876482009887695
0.05721402168273926
0.046814918518066406
0.04853534698486328
0.04630470275878906
0.048662662506103516
0.04651451110839844
0.04264998435974121
0.049413204193115234
0.040865421295166016
0.052471160888671875
0.05362558364868164
0.04710888862609863
0.0454709529876709
0.04874539375305176
0.04632997512817383
0.045079946517944336
0.05060124397277832
0.051621198654174805
0.040986061096191406
0.0528101921081543
0.049329519271850586
0.05860710144042969
0.05475974082946777
0.04370713233947754
0.05309319496154785
0.05394744873046875
0.05347394943237305
0.054631710052490234
0.0433802604675293
0.04134559631347656
0.05246591567993164
0.04701113700866699
0.05871772766113281
0.05849504470825195
0.056671857833862305
0.050638437271118164
0.05756831169128418
0.060654640197753906
0.07394838333129883
0.0675802230834961
0.06286215782165527
0.07193541526794434
0.0586543083190918
0.048477888107299805
0.05454564094543457
0.04168081283569336
0.050330162048339844
0.04487943649291992
0.0458064079284668
0.047745466232299805
0.04793238639831543
0.04509091377258301
0.0403289794921875
0.04865717887878418
0.04765176773071289
0.04200100898742676
0.042638540267944336
0.04670095443725586
0.04218864440917969
0.04639291763305664
0.056868791580200195
0.05263829231262207
0.04417586326599121
0.03950309753417969
0.04842519760131836
0.04699826240539551
0.04777932167053223
0.0408635139465332
0.04409050941467285
0.049134254455566406
0.04951810836791992
0.050223350524902344
0.0458371639251709
0.05088067054748535
0.05027914047241211
0.05204010009765625
0.04295849800109863
0.039345741271972656
0.05230116844177246
0.046889305114746094
0.05519700050354004
0.04499459266662598
0.04328799247741699
0.045171499252319336
0.04629707336425781
0.05399179458618164
0.04994511604309082
0.041604042053222656
0.05081295967102051
0.044222354888916016
0.05307912826538086
0.04058480262756348
0.04346466064453125
0.04349088668823242
0.04052615165710449
0.0431063175201416
0.04982900619506836
0.04770016670227051
0.04126691818237305
0.053911685943603516
0.04802298545837402
0.04146552085876465
0.03637290000915527
0.04805564880371094
0.04248785972595215
0.05121183395385742
0.048560380935668945
0.04730844497680664
0.04400300979614258
0.04726099967956543
0.04469180107116699
0.04299283027648926
0.03954601287841797
0.047174692153930664
0.043419599533081055
0.048571109771728516
0.04602980613708496
0.049378156661987305
0.050675153732299805
0.05106759071350098
0.04598689079284668
0.041149139404296875
0.0382990837097168
0.04868364334106445
0.04779338836669922
0.052564382553100586
0.041623830795288086
0.0502164363861084
0.05565786361694336
0.0510714054107666
0.041042327880859375
0.04744434356689453
0.048064470291137695
0.039693355560302734
0.04662823677062988
0.05164027214050293
0.04368472099304199
0.04109001159667969
0.042548179626464844
0.0493016242980957
0.05427193641662598
0.04663681983947754
0.04483509063720703
0.041033029556274414
0.04269075393676758
0.041144609451293945
0.05120396614074707
0.04396367073059082
0.04961705207824707
0.050104379653930664
0.05091738700866699
0.047377586364746094
0.041889190673828125
0.04974842071533203
0.05281519889831543
0.04060173034667969
0.04309844970703125
0.044339895248413086
0.045792341232299805
0.050031423568725586
0.05335378646850586
0.04613041877746582
0.04850482940673828
0.04369783401489258
0.054352521896362305
0.04991579055786133
0.048308610916137695
0.04880714416503906
0.046938180923461914
0.04950356483459473
0.05334115028381348
0.04145216941833496
0.04919099807739258
0.04380345344543457
0.05027961730957031
0.04623770713806152
0.042038917541503906
0.05399918556213379
0.04233574867248535
0.04365897178649902
0.04658246040344238
0.04506540298461914
0.0488584041595459
0.04640698432922363
0.04795980453491211
0.04534029960632324
0.046541452407836914
0.047971487045288086
0.049783945083618164
0.04790353775024414
0.044423818588256836
0.04079294204711914
0.04915308952331543
0.0408329963684082
0.044313669204711914
0.052633047103881836
0.04753613471984863
0.04973030090332031
0.04456162452697754
0.03839397430419922
0.05629754066467285
0.04583382606506348
0.048853158950805664
0.04956626892089844
0.04752945899963379
0.04363274574279785
0.04943037033081055
0.04407477378845215
0.04762434959411621
0.04372072219848633
0.04780006408691406
0.04621100425720215
0.040496826171875
0.04694700241088867
0.0413510799407959
0.05291390419006348
0.04885578155517578
0.05069565773010254
0.04803586006164551
0.04849600791931152
0.050063371658325195
0.04973435401916504
0.0455014705657959
0.05236220359802246
0.0520319938659668
0.05161619186401367
0.04825282096862793
0.04111647605895996
0.04036521911621094
0.044417381286621094
0.055304765701293945
0.04891037940979004
0.04523897171020508
0.04973483085632324
0.04075479507446289
0.049135446548461914
0.04594159126281738
0.053375244140625
0.04399824142456055
0.05301380157470703
0.0549931526184082
0.055207014083862305
0.04961037635803223
0.047052621841430664
0.050582170486450195
0.04638266563415527
0.04719877243041992
0.050482988357543945
0.043282508850097656
0.057579994201660156
0.057462215423583984
0.045273780822753906
0.06081509590148926
0.044164180755615234
0.044084787368774414
0.04484868049621582
0.04937863349914551
0.045454978942871094
0.04704570770263672
0.03860783576965332
0.06041312217712402
0.045369863510131836
0.04338192939758301
0.041748762130737305
0.05299997329711914
0.0413355827331543
0.04897642135620117
0.04425811767578125
0.0468745231628418
0.04864335060119629
0.05424928665161133
0.05380082130432129
0.04548501968383789
0.05195283889770508
0.04848837852478027
0.03870105743408203
0.04576516151428223
0.040671586990356445
0.04650759696960449
0.047034502029418945
0.0556178092956543
0.04440784454345703
0.04780912399291992
0.04897141456604004
0.04360699653625488
0.04935741424560547
0.04110360145568848
0.04555344581604004
0.04620242118835449
0.0449371337890625
0.05195927619934082
0.04184675216674805
0.04544663429260254
0.05277085304260254
0.04427504539489746
0.04760003089904785
0.04761910438537598
0.0442807674407959
0.04613184928894043
0.04659271240234375
0.048339128494262695
0.043990135192871094
0.04633808135986328
0.04684877395629883
0.046013832092285156
0.050264835357666016
0.04514026641845703
0.046217918395996094
0.0471043586730957
0.039895057678222656
0.056040287017822266
0.04260110855102539
0.041559457778930664
0.047052621841430664
0.04879403114318848
0.04166746139526367
0.048098087310791016
0.044883012771606445
0.05183887481689453
0.04052090644836426
0.053734540939331055
0.04499340057373047
0.056058645248413086
0.04487419128417969
0.04732680320739746
0.04881691932678223
0.03985953330993652
0.046597957611083984
0.054292917251586914
0.04375147819519043
0.0529482364654541
0.04248523712158203
0.046932220458984375
0.04170703887939453
0.04635930061340332
0.0425715446472168
0.04051375389099121
0.04828310012817383
0.05069231986999512
0.046212196350097656
0.04721212387084961
0.054816246032714844
0.04875302314758301
0.04392838478088379
0.04400229454040527
0.0425410270690918
0.04523634910583496
0.04834747314453125
0.04304671287536621
0.04858851432800293
0.0559237003326416
0.04612445831298828
0.042041778564453125
0.04477334022521973
0.044487714767456055
0.04285573959350586
0.040326833724975586
0.04322457313537598
0.04383230209350586
0.04060840606689453
0.050829172134399414
0.04799389839172363
0.05418992042541504
0.04529571533203125
0.052004337310791016
0.04830312728881836
0.045645713806152344
0.05186152458190918
0.04752659797668457
0.05499100685119629
0.0509791374206543
0.03938126564025879
0.0527040958404541
0.04226255416870117
0.0515744686126709
0.049033403396606445
0.05542945861816406
0.053769826889038086
0.05297350883483887
0.04475069046020508
0.05267977714538574
0.0556180477142334
0.056264638900756836
0.049387216567993164
0.05094337463378906
0.04152035713195801
0.04553723335266113
0.0398561954498291
0.04593825340270996
0.042913198471069336
0.049733638763427734
0.04648280143737793
0.04904580116271973
0.04129385948181152
0.057615041732788086
0.048772573471069336
0.04931831359863281
0.046305179595947266
0.044327735900878906
0.04142022132873535
0.05666613578796387
0.049488067626953125
0.041399478912353516
0.050324201583862305
0.048332929611206055
0.047501564025878906
0.04789614677429199
0.04357314109802246
0.03766369819641113
0.044123172760009766
0.054338693618774414
0.04600048065185547
0.04895830154418945
0.0479283332824707
0.0394895076751709
0.039971351623535156
0.048798561096191406
0.04747200012207031
0.041875600814819336
0.04919004440307617
0.045684099197387695
0.04628491401672363
0.048299551010131836
0.04792618751525879
0.050307512283325195
0.04725289344787598
0.04170107841491699
0.04766511917114258
0.04885101318359375
0.04636240005493164
0.049755096435546875
0.05105400085449219
0.05389833450317383
0.03835129737854004
0.04496407508850098
