1.3266961574554443
1.3637232780456543
1.6811246871948242
1.5880091190338135
1.516174077987671
1.6987481117248535
1.4578046798706055
1.5267090797424316
1.5381605625152588
1.442950963973999
1.5462923049926758
1.5826880931854248
1.4228596687316895
1.382420301437378
1.4293010234832764
1.4750075340270996
1.673276424407959
1.6570355892181396
1.5199177265167236
1.6403965950012207
1.5101211071014404
1.5907213687896729
1.6022746562957764
1.4280200004577637
1.5180437564849854
1.3466355800628662
1.5346295833587646
1.5082917213439941
1.2759463787078857
1.4631884098052979
1.5685570240020752
1.6983959674835205
1.5595064163208008
1.8411328792572021
1.4164838790893555
1.6640141010284424
1.6095244884490967
1.6391985416412354
1.4422452449798584
1.6742172241210938
1.54557204246521
1.6543772220611572
1.2691271305084229
1.4797205924987793
1.5456113815307617
1.2317936420440674
1.3006548881530762
1.3145647048950195
1.4231908321380615
1.4596247673034668
1.3397071361541748
1.3165318965911865
1.237337589263916
1.3802061080932617
1.3203632831573486
1.4255108833312988
1.4638690948486328
1.4161052703857422
1.4049019813537598
1.2107045650482178
1.224989891052246
1.3325872421264648
1.3594164848327637
1.374260425567627
1.584176778793335
1.5379695892333984
1.3828461170196533
1.5617849826812744
1.4954109191894531
1.5533387660980225
1.4417014122009277
1.3043522834777832
1.2512969970703125
1.2618598937988281
1.235083818435669
1.3749711513519287
1.496229887008667
1.285398244857788
1.3349616527557373
1.314192771911621
1.3576107025146484
1.0966739654541016
1.377608299255371
1.3223121166229248
1.593203067779541
1.2131361961364746
1.4122474193572998
1.2227747440338135
1.4845950603485107
1.6022143363952637
1.296494960784912
1.31522536277771
1.3844292163848877
1.3907349109649658
1.4059348106384277
1.5171871185302734
1.2070858478546143
1.414215087890625
1.3728015422821045
1.3814849853515625
1.6252329349517822
1.402982473373413
1.2217450141906738
1.1987342834472656
1.3232393264770508
1.40299391746521
1.4243228435516357
1.468459129333496
1.1919467449188232
1.0424857139587402
1.6267902851104736
1.4379568099975586
1.4828577041625977
1.8512499332427979
1.469691276550293
1.52817702293396
1.2064568996429443
1.2293801307678223
1.2804224491119385
1.6097331047058105
1.641071081161499
1.6751806735992432
1.5655367374420166
1.4798929691314697
1.344181776046753
1.48209547996521
1.5377814769744873
1.4444363117218018
1.3560352325439453
1.5073308944702148
1.378645896911621
1.3245081901550293
1.2908763885498047
1.4356772899627686
1.1058783531188965
1.2109651565551758
1.164564847946167
1.4168641567230225
1.4418096542358398
1.3083415031433105
1.202115774154663
1.2757914066314697
1.4342384338378906
1.3873846530914307
1.5585122108459473
1.583547830581665
1.339184045791626
1.3488209247589111
1.3370516300201416
1.393397331237793
1.4937403202056885
1.3576319217681885
1.5367484092712402
1.4074623584747314
1.5157301425933838
1.457188367843628
1.488579273223877
1.3811094760894775
1.542332649230957
1.4971303939819336
1.6514229774475098
1.6137845516204834
1.3752436637878418
1.7122881412506104
1.0329906940460205
1.1216468811035156
1.5689160823822021
1.2444658279418945
1.4858355522155762
1.2550854682922363
1.6425118446350098
1.1160061359405518
1.2660839557647705
1.3353145122528076
1.384932279586792
1.3630552291870117
1.337095022201538
1.062941074371338
1.6138956546783447
1.2966253757476807
1.6114239692687988
1.235891580581665
1.4769463539123535
1.3194684982299805
1.1791274547576904
1.1565325260162354
1.3316922187805176
1.3055777549743652
1.397777795791626
1.2463974952697754
1.3749234676361084
1.388833999633789
1.4201581478118896
1.17399001121521
1.1364731788635254
1.4017620086669922
1.3168134689331055
1.3161873817443848
1.2944984436035156
1.4522197246551514
1.3684303760528564
1.286686897277832
1.2698888778686523
1.2363359928131104
1.2769525051116943
1.3699564933776855
1.061765193939209
1.356480598449707
1.3507294654846191
1.4376471042633057
1.6323516368865967
1.3629746437072754
1.4509141445159912
1.7289981842041016
1.5308659076690674
1.2391488552093506
1.3061556816101074
1.2498846054077148
1.2409062385559082
1.4154291152954102
1.432755470275879
1.373105525970459
1.3065943717956543
1.5337393283843994
1.3828084468841553
1.3138864040374756
1.2510056495666504
1.2863657474517822
1.4989867210388184
1.4559295177459717
1.1371183395385742
1.5407965183258057
1.3042442798614502
1.6217100620269775
1.5119602680206299
1.499734878540039
1.5835659503936768
1.608055591583252
1.4245154857635498
1.3101990222930908
1.668949842453003
1.532130241394043
1.7353863716125488
1.5131425857543945
1.2880442142486572
1.6995694637298584
1.4520246982574463
1.41278076171875
1.42146635055542
1.498236894607544
1.3387012481689453
1.600506067276001
1.2198622226715088
1.7525017261505127
1.6670653820037842
1.3466689586639404
1.1659996509552002
1.5307345390319824
1.199659824371338
1.3899219036102295
1.4003596305847168
1.4372646808624268
1.4760003089904785
1.368525505065918
1.168424129486084
1.3478236198425293
1.6429684162139893
1.4483654499053955
1.539980173110962
1.3900527954101562
1.4435780048370361
1.3971078395843506
1.4416158199310303
1.4251117706298828
1.1520731449127197
1.4051103591918945
1.1626155376434326
1.6452734470367432
1.4209270477294922
1.6817026138305664
1.1320061683654785
1.7365705966949463
1.3870439529418945
1.146353006362915
1.5441625118255615
1.6296591758728027
1.3202173709869385
1.3788950443267822
1.2404675483703613
1.1607489585876465
1.5957989692687988
1.1511528491973877
1.3112294673919678
1.4286081790924072
1.4741342067718506
1.4896979331970215
1.52189302444458
1.2386503219604492
1.1994311809539795
1.2792088985443115
1.220618724822998
1.4801874160766602
1.618849754333496
1.6135108470916748
1.4051856994628906
1.6377627849578857
1.212620496749878
1.3469181060791016
1.5540471076965332
1.3679747581481934
1.4054639339447021
1.338226079940796
1.2614638805389404
1.3588511943817139
1.3931846618652344
1.4524493217468262
1.263611078262329
1.3769474029541016
1.215132713317871
1.3750431537628174
1.213700294494629
1.2045979499816895
1.2207376956939697
1.338498592376709
1.310549259185791
1.4756543636322021
1.504112720489502
1.3682329654693604
1.148815393447876
1.3512568473815918
1.3514482975006104
1.4560697078704834
1.398810625076294
1.6485610008239746
1.6346349716186523
1.6416096687316895
1.3825461864471436
1.491746187210083
1.6749167442321777
1.4763820171356201
1.366220235824585
1.322066068649292
1.433720588684082
1.5277795791625977
1.3609094619750977
1.1266489028930664
1.3357758522033691
1.2113475799560547
1.126844882965088
1.480806827545166
1.412243366241455
1.4108917713165283
1.2581703662872314
1.5467820167541504
1.26796293258667
1.5248141288757324
1.6731312274932861
1.8114540576934814
1.5245683193206787
1.4212086200714111
1.477130651473999
1.449268102645874
1.434706687927246
1.501509428024292
1.6917064189910889
1.580244779586792
1.496551752090454
1.335707187652588
1.7284464836120605
1.586287021636963
1.5917840003967285
1.419908046722412
1.2220492362976074
1.7903881072998047
1.2028388977050781
1.6279349327087402
1.3146252632141113
1.12335205078125
1.4906704425811768
1.304459571838379
1.1274003982543945
1.1984786987304688
1.5298595428466797
1.3649818897247314
1.3399662971496582
1.131528615951538
1.4009358882904053
1.223733901977539
1.5178501605987549
1.4861869812011719
1.5867249965667725
1.2737689018249512
1.375389814376831
1.2180070877075195
1.3992815017700195
1.0985453128814697
1.4644744396209717
1.1453275680541992
1.2039775848388672
1.3024635314941406
1.4796922206878662
1.3213634490966797
1.2380084991455078
1.5843889713287354
1.4379949569702148
1.2234375476837158
1.2076451778411865
1.313826322555542
1.2135677337646484
1.2864282131195068
1.3739173412322998
1.3248131275177002
1.3588776588439941
1.2248539924621582
1.2645556926727295
1.4138896465301514
1.4782605171203613
1.2012128829956055
1.4485948085784912
1.3405616283416748
1.2602031230926514
1.4119439125061035
1.3224906921386719
1.3137447834014893
1.3379817008972168
1.2983741760253906
1.4728708267211914
1.2902157306671143
1.552459716796875
1.483628511428833
1.461841344833374
1.456998348236084
1.6800825595855713
1.4639387130737305
1.4821443557739258
1.595470666885376
1.6347792148590088
1.4296274185180664
1.1772129535675049
1.5116496086120605
1.556612491607666
1.298429250717163
1.5107662677764893
1.6213505268096924
1.1961941719055176
1.5438311100006104
1.1626014709472656
1.3833966255187988
1.810603141784668
1.5234358310699463
1.6745660305023193
1.308814287185669
1.608755111694336
1.5743756294250488
1.321047067642212
1.3038089275360107
1.6429955959320068
1.2516906261444092
1.3420400619506836
1.4298758506774902
1.2985742092132568
1.3497953414916992
1.6206417083740234
1.5406255722045898
1.315969705581665
1.1626577377319336
1.3438777923583984
1.5466902256011963
1.4952669143676758
1.4063153266906738
1.26004958152771
1.4673516750335693
1.5252056121826172
1.417245626449585
1.3477389812469482
1.661639928817749
1.406421422958374
1.4344336986541748
1.6706945896148682
1.4146418571472168
1.3212559223175049
1.6343059539794922
1.7278988361358643
1.5164287090301514
1.3958756923675537
1.4992420673370361
1.5839929580688477
1.661165714263916
1.6493370532989502
1.9964051246643066
2.869208335876465
2.971569776535034
3.7401795387268066
1.4795122146606445
1.8059070110321045
1.5969574451446533
2.025604248046875
2.121649742126465
2.1081531047821045
1.9496943950653076
