3.266334533691406e-05
2.6941299438476562e-05
2.7179718017578125e-05
2.574920654296875e-05
2.6702880859375e-05
2.5987625122070312e-05
2.5987625122070312e-05
2.6226043701171875e-05
2.5987625122070312e-05
2.5272369384765625e-05
4.076957702636719e-05
2.574920654296875e-05
2.574920654296875e-05
2.574920654296875e-05
2.6464462280273438e-05
2.5987625122070312e-05
2.5987625122070312e-05
2.5510787963867188e-05
2.574920654296875e-05
2.5272369384765625e-05
4.029273986816406e-05
2.5987625122070312e-05
2.6226043701171875e-05
2.5510787963867188e-05
2.6226043701171875e-05
2.6226043701171875e-05
2.6226043701171875e-05
2.6226043701171875e-05
2.5987625122070312e-05
5.602836608886719e-05
4.029273986816406e-05
2.6226043701171875e-05
2.6226043701171875e-05
2.5987625122070312e-05
2.5987625122070312e-05
2.5987625122070312e-05
2.5272369384765625e-05
2.5510787963867188e-05
2.5510787963867188e-05
2.574920654296875e-05
4.029273986816406e-05
2.6226043701171875e-05
2.574920654296875e-05
2.5987625122070312e-05
2.5510787963867188e-05
2.5033950805664062e-05
2.5510787963867188e-05
2.5510787963867188e-05
2.5987625122070312e-05
2.574920654296875e-05
4.0531158447265625e-05
2.6226043701171875e-05
2.574920654296875e-05
2.5272369384765625e-05
2.574920654296875e-05
2.5272369384765625e-05
2.574920654296875e-05
2.5272369384765625e-05
2.5510787963867188e-05
2.5272369384765625e-05
2.86102294921875e-05
3.886222839355469e-05
2.574920654296875e-05
2.5510787963867188e-05
2.5272369384765625e-05
2.574920654296875e-05
2.5510787963867188e-05
2.574920654296875e-05
2.5510787963867188e-05
2.574920654296875e-05
4.00543212890625e-05
2.574920654296875e-05
2.5510787963867188e-05
2.5510787963867188e-05
2.5987625122070312e-05
2.5510787963867188e-05
2.574920654296875e-05
2.5987625122070312e-05
2.5987625122070312e-05
2.5987625122070312e-05
4.00543212890625e-05
2.574920654296875e-05
2.574920654296875e-05
2.5510787963867188e-05
2.5510787963867188e-05
2.574920654296875e-05
2.574920654296875e-05
2.5272369384765625e-05
2.574920654296875e-05
2.5272369384765625e-05
3.9577484130859375e-05
2.5510787963867188e-05
2.574920654296875e-05
2.5510787963867188e-05
2.5510787963867188e-05
2.5272369384765625e-05
2.574920654296875e-05
2.5510787963867188e-05
2.5987625122070312e-05
2.47955322265625e-05
4.00543212890625e-05
2.5987625122070312e-05
2.574920654296875e-05
2.5987625122070312e-05
2.5987625122070312e-05
2.5033950805664062e-05
2.574920654296875e-05
2.5510787963867188e-05
2.5033950805664062e-05
2.574920654296875e-05
2.86102294921875e-05
2.7418136596679688e-05
2.7179718017578125e-05
7.605552673339844e-05
2.5987625122070312e-05
2.5510787963867188e-05
2.574920654296875e-05
2.5510787963867188e-05
2.5510787963867188e-05
2.574920654296875e-05
3.9577484130859375e-05
2.5272369384765625e-05
2.574920654296875e-05
2.574920654296875e-05
2.574920654296875e-05
2.5510787963867188e-05
2.5272369384765625e-05
2.574920654296875e-05
2.574920654296875e-05
2.5510787963867188e-05
3.981590270996094e-05
2.574920654296875e-05
2.574920654296875e-05
2.5272369384765625e-05
2.5272369384765625e-05
2.5272369384765625e-05
2.5510787963867188e-05
2.5510787963867188e-05
2.5272369384765625e-05
2.5272369384765625e-05
3.981590270996094e-05
2.574920654296875e-05
2.5510787963867188e-05
2.5272369384765625e-05
2.5272369384765625e-05
2.574920654296875e-05
2.574920654296875e-05
2.5272369384765625e-05
2.5272369384765625e-05
2.5510787963867188e-05
3.933906555175781e-05
2.574920654296875e-05
2.5510787963867188e-05
2.5987625122070312e-05
2.574920654296875e-05
2.5510787963867188e-05
2.5033950805664062e-05
2.5987625122070312e-05
2.5272369384765625e-05
2.5033950805664062e-05
2.8133392333984375e-05
3.8623809814453125e-05
2.574920654296875e-05
2.574920654296875e-05
2.574920654296875e-05
2.5272369384765625e-05
2.574920654296875e-05
2.5272369384765625e-05
2.5510787963867188e-05
2.5033950805664062e-05
3.9577484130859375e-05
2.574920654296875e-05
2.574920654296875e-05
2.5510787963867188e-05
2.574920654296875e-05
2.5272369384765625e-05
2.5510787963867188e-05
2.5272369384765625e-05
2.5510787963867188e-05
2.5510787963867188e-05
3.981590270996094e-05
2.574920654296875e-05
2.6464462280273438e-05
2.574920654296875e-05
2.5987625122070312e-05
2.5272369384765625e-05
2.5510787963867188e-05
2.5272369384765625e-05
2.574920654296875e-05
2.5510787963867188e-05
3.981590270996094e-05
2.6226043701171875e-05
2.574920654296875e-05
2.5987625122070312e-05
2.5987625122070312e-05
2.574920654296875e-05
2.574920654296875e-05
2.5510787963867188e-05
2.5510787963867188e-05
6.365776062011719e-05
4.00543212890625e-05
2.5987625122070312e-05
2.5272369384765625e-05
2.574920654296875e-05
2.5272369384765625e-05
2.5510787963867188e-05
2.5510787963867188e-05
2.574920654296875e-05
2.574920654296875e-05
2.5510787963867188e-05
4.1961669921875e-05
2.574920654296875e-05
2.5510787963867188e-05
2.5510787963867188e-05
2.5272369384765625e-05
2.5510787963867188e-05
2.5510787963867188e-05
2.5510787963867188e-05
2.574920654296875e-05
2.5510787963867188e-05
2.6464462280273438e-05
2.5987625122070312e-05
2.574920654296875e-05
2.5987625122070312e-05
2.5987625122070312e-05
2.574920654296875e-05
2.5987625122070312e-05
2.5987625122070312e-05
2.5510787963867188e-05
2.5510787963867188e-05
3.9577484130859375e-05
2.5510787963867188e-05
2.5272369384765625e-05
2.5272369384765625e-05
2.5272369384765625e-05
2.574920654296875e-05
2.5272369384765625e-05
2.5510787963867188e-05
2.5033950805664062e-05
2.5510787963867188e-05
3.981590270996094e-05
2.5987625122070312e-05
2.574920654296875e-05
2.5510787963867188e-05
2.5272369384765625e-05
2.5272369384765625e-05
2.5510787963867188e-05
2.5033950805664062e-05
2.5272369384765625e-05
2.574920654296875e-05
3.981590270996094e-05
2.5987625122070312e-05
2.5272369384765625e-05
2.5272369384765625e-05
2.5033950805664062e-05
2.5272369384765625e-05
2.5272369384765625e-05
2.5510787963867188e-05
2.5272369384765625e-05
2.5510787963867188e-05
4.00543212890625e-05
2.574920654296875e-05
2.5987625122070312e-05
2.6226043701171875e-05
2.574920654296875e-05
2.5510787963867188e-05
2.574920654296875e-05
2.5510787963867188e-05
2.5272369384765625e-05
2.5510787963867188e-05
4.00543212890625e-05
2.5987625122070312e-05
2.5272369384765625e-05
2.574920654296875e-05
2.5510787963867188e-05
2.5272369384765625e-05
2.574920654296875e-05
2.5033950805664062e-05
2.5272369384765625e-05
2.5033950805664062e-05
3.910064697265625e-05
2.6226043701171875e-05
2.5987625122070312e-05
3.147125244140625e-05
7.915496826171875e-05
2.5033950805664062e-05
2.5510787963867188e-05
2.5510787963867188e-05
2.6226043701171875e-05
2.574920654296875e-05
4.029273986816406e-05
2.5987625122070312e-05
2.5987625122070312e-05
2.5510787963867188e-05
2.574920654296875e-05
2.5033950805664062e-05
2.5987625122070312e-05
2.5510787963867188e-05
2.5510787963867188e-05
2.5510787963867188e-05
3.981590270996094e-05
2.574920654296875e-05
2.5987625122070312e-05
2.574920654296875e-05
2.5272369384765625e-05
2.5987625122070312e-05
2.5510787963867188e-05
2.5510787963867188e-05
2.5510787963867188e-05
2.574920654296875e-05
2.8371810913085938e-05
3.8623809814453125e-05
2.5272369384765625e-05
2.5272369384765625e-05
2.574920654296875e-05
2.574920654296875e-05
2.5033950805664062e-05
2.5510787963867188e-05
2.5987625122070312e-05
2.5510787963867188e-05
4.0531158447265625e-05
2.574920654296875e-05
2.574920654296875e-05
2.5272369384765625e-05
2.5272369384765625e-05
2.5272369384765625e-05
2.5510787963867188e-05
2.574920654296875e-05
2.574920654296875e-05
2.574920654296875e-05
3.9577484130859375e-05
2.5987625122070312e-05
2.5510787963867188e-05
2.5510787963867188e-05
2.5510787963867188e-05
2.5510787963867188e-05
2.5987625122070312e-05
2.5272369384765625e-05
2.5510787963867188e-05
2.5272369384765625e-05
4.00543212890625e-05
2.574920654296875e-05
2.5510787963867188e-05
2.5510787963867188e-05
2.5272369384765625e-05
2.574920654296875e-05
2.574920654296875e-05
2.5033950805664062e-05
2.5510787963867188e-05
2.5510787963867188e-05
4.029273986816406e-05
2.5987625122070312e-05
2.5987625122070312e-05
2.574920654296875e-05
2.574920654296875e-05
2.5272369384765625e-05
2.574920654296875e-05
2.5987625122070312e-05
2.574920654296875e-05
2.574920654296875e-05
4.029273986816406e-05
2.6226043701171875e-05
2.5987625122070312e-05
2.574920654296875e-05
2.5987625122070312e-05
2.5272369384765625e-05
2.574920654296875e-05
2.5510787963867188e-05
8.082389831542969e-05
3.838539123535156e-05
3.981590270996094e-05
2.574920654296875e-05
2.574920654296875e-05
2.5510787963867188e-05
2.5272369384765625e-05
2.5510787963867188e-05
2.574920654296875e-05
2.5272369384765625e-05
2.574920654296875e-05
2.5033950805664062e-05
5.269050598144531e-05
2.5510787963867188e-05
2.574920654296875e-05
2.574920654296875e-05
2.574920654296875e-05
2.5272369384765625e-05
2.5510787963867188e-05
2.5510787963867188e-05
2.5510787963867188e-05
2.5033950805664062e-05
3.933906555175781e-05
2.5272369384765625e-05
2.5510787963867188e-05
2.5272369384765625e-05
2.5510787963867188e-05
2.5510787963867188e-05
2.574920654296875e-05
2.5272369384765625e-05
2.5272369384765625e-05
2.5272369384765625e-05
3.933906555175781e-05
2.5987625122070312e-05
2.5033950805664062e-05
2.5272369384765625e-05
2.5272369384765625e-05
2.5510787963867188e-05
2.5510787963867188e-05
2.5510787963867188e-05
2.5272369384765625e-05
2.5033950805664062e-05
3.9577484130859375e-05
2.574920654296875e-05
2.6226043701171875e-05
2.5987625122070312e-05
2.574920654296875e-05
2.5510787963867188e-05
2.5272369384765625e-05
2.5272369384765625e-05
2.5272369384765625e-05
2.5510787963867188e-05
4.00543212890625e-05
2.5510787963867188e-05
2.574920654296875e-05
2.5987625122070312e-05
2.5510787963867188e-05
2.5272369384765625e-05
2.5510787963867188e-05
2.5510787963867188e-05
2.5510787963867188e-05
2.574920654296875e-05
4.00543212890625e-05
2.574920654296875e-05
4.482269287109375e-05
5.91278076171875e-05
5.6743621826171875e-05
4.57763671875e-05
6.198883056640625e-05
2.8848648071289062e-05
2.956390380859375e-05
4.1484832763671875e-05
6.437301635742188e-05
4.5299530029296875e-05
4.220008850097656e-05
4.601478576660156e-05
7.724761962890625e-05
2.7894973754882812e-05
4.029273986816406e-05
3.910064697265625e-05
2.574920654296875e-05
2.5272369384765625e-05
3.9577484130859375e-05
2.5510787963867188e-05
2.574920654296875e-05
2.574920654296875e-05
2.5987625122070312e-05
2.5510787963867188e-05
2.5510787963867188e-05
2.5987625122070312e-05
2.5510787963867188e-05
2.5272369384765625e-05
3.910064697265625e-05
2.5510787963867188e-05
2.5510787963867188e-05
2.574920654296875e-05
2.5987625122070312e-05
2.574920654296875e-05
2.5510787963867188e-05
2.5510787963867188e-05
2.5987625122070312e-05
2.5510787963867188e-05
3.933906555175781e-05
2.5272369384765625e-05
2.5510787963867188e-05
2.574920654296875e-05
2.574920654296875e-05
2.5987625122070312e-05
2.574920654296875e-05
2.5272369384765625e-05
2.5033950805664062e-05
2.5272369384765625e-05
4.00543212890625e-05
2.574920654296875e-05
2.5987625122070312e-05
2.5510787963867188e-05
2.5510787963867188e-05
2.5272369384765625e-05
2.5510787963867188e-05
2.5272369384765625e-05
2.574920654296875e-05
2.5272369384765625e-05
3.9577484130859375e-05
2.6226043701171875e-05
2.574920654296875e-05
2.5987625122070312e-05
2.5987625122070312e-05
2.5272369384765625e-05
2.5510787963867188e-05
2.5272369384765625e-05
2.574920654296875e-05
2.574920654296875e-05
