0.05157041549682617
0.05617260932922363
0.058569908142089844
0.05889582633972168
0.06989407539367676
0.06587076187133789
0.05811333656311035
0.05756688117980957
0.052138328552246094
0.05737805366516113
0.0480501651763916
0.04931926727294922
0.05226564407348633
0.05821943283081055
0.056029319763183594
0.06191277503967285
0.05747103691101074
0.05852460861206055
0.06058311462402344
0.04752540588378906
0.06608033180236816
0.058374881744384766
0.06084799766540527
0.062067270278930664
0.05725550651550293
0.0627586841583252
0.05925130844116211
0.06621313095092773
0.06231045722961426
0.07802820205688477
0.08195757865905762
0.07365179061889648
0.07177090644836426
0.06194353103637695
0.06776213645935059
0.07820487022399902
0.07297348976135254
0.06030559539794922
0.05294990539550781
0.07149338722229004
0.07460451126098633
0.06375718116760254
0.07454538345336914
0.059186458587646484
0.055345773696899414
0.050536155700683594
0.06563973426818848
0.05459022521972656
0.05237126350402832
0.05751371383666992
0.06251215934753418
0.06921911239624023
0.06702613830566406
0.07151556015014648
0.07599854469299316
0.07616615295410156
0.0768742561340332
0.06463432312011719
0.054807424545288086
0.05140566825866699
0.045923709869384766
0.05656790733337402
0.05492353439331055
0.05373024940490723
0.06298446655273438
0.05505824089050293
0.05991101264953613
0.05521082878112793
0.05956387519836426
0.05529928207397461
0.0580899715423584
0.05590200424194336
0.05528998374938965
0.056478023529052734
0.05940651893615723
0.05076146125793457
0.06212329864501953
0.057235002517700195
0.060629844665527344
0.055521249771118164
0.061063528060913086
0.06738877296447754
0.06508469581604004
0.0633237361907959
0.06246447563171387
0.05579638481140137
0.06546926498413086
0.06663680076599121
0.053412437438964844
0.05067181587219238
0.05126810073852539
0.0557096004486084
0.06364130973815918
0.0620274543762207
0.06873965263366699
0.04903817176818848
0.0468287467956543
0.061734676361083984
0.06152033805847168
0.0644841194152832
0.056893110275268555
0.06373047828674316
0.05824637413024902
0.0668494701385498
0.05660891532897949
0.05868363380432129
0.05391263961791992
0.05351066589355469
0.051677703857421875
0.05248689651489258
0.054776668548583984
0.05136251449584961
0.05030059814453125
0.06331920623779297
0.0549321174621582
0.05563521385192871
0.05072331428527832
0.05881237983703613
0.05915236473083496
0.052243709564208984
0.051648616790771484
0.04648709297180176
0.05573749542236328
0.055294036865234375
0.06848883628845215
0.05037713050842285
0.06059980392456055
0.05992460250854492
0.04890036582946777
0.05195450782775879
0.05718493461608887
0.06909036636352539
0.05359387397766113
0.07200813293457031
0.05197763442993164
0.059311628341674805
0.05498909950256348
0.05905604362487793
0.04943037033081055
0.051789283752441406
0.05723905563354492
0.054294586181640625
0.05868268013000488
0.05460238456726074
0.05677437782287598
0.05838918685913086
0.05313277244567871
0.06129932403564453
0.06275534629821777
0.054859161376953125
0.0508115291595459
0.06083226203918457
0.06418943405151367
0.07407093048095703
0.058691978454589844
0.06287312507629395
0.06986594200134277
0.07428693771362305
0.06166672706604004
0.06969356536865234
0.059386491775512695
0.06011652946472168
0.06107211112976074
0.057111501693725586
0.058986663818359375
0.05878043174743652
0.04734683036804199
0.061799049377441406
0.049230098724365234
0.04739713668823242
0.054679155349731445
0.06119370460510254
0.05891251564025879
0.06446504592895508
0.07244348526000977
0.057144880294799805
0.05048942565917969
0.04719400405883789
0.06220054626464844
0.0654754638671875
0.06800174713134766
0.04940366744995117
0.058553218841552734
0.06330704689025879
0.058718204498291016
0.055541038513183594
0.06682729721069336
0.050243377685546875
0.0597074031829834
0.05792117118835449
0.059134721755981445
0.05481767654418945
0.05440831184387207
0.05260419845581055
0.06447124481201172
0.06004500389099121
0.05903458595275879
0.056832313537597656
0.053589820861816406
0.05409049987792969
0.06686544418334961
0.06159329414367676
0.06378555297851562
0.06477689743041992
0.060906171798706055
0.061274051666259766
0.056355953216552734
0.06297826766967773
0.051770687103271484
0.04308485984802246
0.06066632270812988
0.054885149002075195
0.06776213645935059
0.07383871078491211
0.07270956039428711
0.07078862190246582
0.0694892406463623
0.07412457466125488
0.07253646850585938
0.06775283813476562
0.0710909366607666
0.07175707817077637
0.06604790687561035
0.060317277908325195
0.0595850944519043
0.05378389358520508
0.05347776412963867
0.05390214920043945
0.04863286018371582
0.07042908668518066
0.053516387939453125
0.05648660659790039
0.057033538818359375
0.06254839897155762
0.06649374961853027
0.05560731887817383
0.06802797317504883
0.059670448303222656
0.056929588317871094
0.06265425682067871
0.06458592414855957
0.05176186561584473
0.05657243728637695
0.050546884536743164
0.056348562240600586
0.05511808395385742
0.06021571159362793
0.06379199028015137
0.06074237823486328
0.0637967586517334
0.05363965034484863
0.06742215156555176
0.05588936805725098
0.05978250503540039
0.06822729110717773
0.058861732482910156
0.05924201011657715
0.06108427047729492
0.061438798904418945
0.06044936180114746
0.07458949089050293
0.06184029579162598
0.05823326110839844
0.06485652923583984
0.07591414451599121
0.07646298408508301
0.07679104804992676
0.07602095603942871
0.0667562484741211
0.0760202407836914
0.06664419174194336
0.05810880661010742
0.06517887115478516
0.07311415672302246
0.06325817108154297
0.0595700740814209
0.059166669845581055
0.06799697875976562
0.0641164779663086
0.07491421699523926
0.07358241081237793
0.0712587833404541
0.07074642181396484
0.07054018974304199
0.0623624324798584
0.06208038330078125
0.06820130348205566
0.0560762882232666
0.06708955764770508
0.06572437286376953
0.061615943908691406
0.0633091926574707
0.08228683471679688
0.07331442832946777
0.08643937110900879
0.06945562362670898
0.05041909217834473
0.06055760383605957
0.0568234920501709
0.05129718780517578
0.05888485908508301
0.05391359329223633
0.05538058280944824
0.07010459899902344
0.07898283004760742
0.07180452346801758
0.06163597106933594
0.04324030876159668
0.060288429260253906
0.05379009246826172
0.04548239707946777
0.047768354415893555
0.05999755859375
0.05242419242858887
0.04932451248168945
0.06407403945922852
0.05673050880432129
0.06046295166015625
0.058144330978393555
0.07050418853759766
0.08584809303283691
0.06205010414123535
0.06247401237487793
0.07466506958007812
0.0648341178894043
0.06930041313171387
0.0788121223449707
0.06628561019897461
0.055242061614990234
0.057814836502075195
0.05445122718811035
0.053238630294799805
0.052449941635131836
0.05932021141052246
0.0591123104095459
0.06065845489501953
0.06689238548278809
0.0506289005279541
0.05273914337158203
0.06032252311706543
0.05208563804626465
0.07549691200256348
0.07682490348815918
0.07223010063171387
0.06113791465759277
0.055884599685668945
0.050554513931274414
0.06007194519042969
0.057335615158081055
0.06129145622253418
0.05666041374206543
0.05281376838684082
0.06058621406555176
0.0574336051940918
0.05908799171447754
0.06410098075866699
0.05317068099975586
0.06001734733581543
0.06041979789733887
0.05806469917297363
0.055970191955566406
0.060820579528808594
0.047116994857788086
0.0624239444732666
0.05321955680847168
0.06584978103637695
0.05750918388366699
0.06412291526794434
0.05244851112365723
0.059888601303100586
0.04774165153503418
0.04976511001586914
0.06872320175170898
0.05150747299194336
0.06710386276245117
0.053766489028930664
0.06206512451171875
0.04918789863586426
0.06135439872741699
0.05425429344177246
0.04760456085205078
0.05187368392944336
0.058425188064575195
0.05432605743408203
0.057641029357910156
0.057036638259887695
0.06315302848815918
0.048291683197021484
0.05022692680358887
0.05149197578430176
0.061704158782958984
0.06434106826782227
0.05780816078186035
0.0698399543762207
0.05777716636657715
0.049431562423706055
0.05693221092224121
0.07083320617675781
0.06648898124694824
0.06199526786804199
0.058646202087402344
0.06906723976135254
0.06781744956970215
0.0794832706451416
0.05170750617980957
0.05570554733276367
0.05609130859375
0.06571578979492188
0.05466461181640625
0.05156373977661133
0.057988643646240234
0.06099700927734375
0.06183815002441406
0.06334471702575684
0.07391238212585449
0.06799769401550293
0.07013154029846191
0.05771613121032715
0.0537106990814209
0.06311869621276855
0.05634927749633789
0.06100749969482422
0.06705665588378906
0.06273555755615234
0.06927061080932617
0.05551314353942871
0.052374839782714844
0.05061078071594238
0.051758527755737305
0.05528569221496582
0.060164690017700195
0.0678567886352539
0.06661772727966309
0.07703161239624023
0.0674581527709961
0.0843651294708252
0.055288076400756836
0.07046246528625488
0.0687096118927002
0.07007122039794922
0.05406498908996582
0.05483746528625488
0.055719614028930664
0.06379127502441406
0.05735373497009277
0.056009531021118164
0.0590052604675293
0.05752754211425781
0.049707889556884766
0.05065345764160156
0.05849790573120117
0.04756045341491699
0.06305718421936035
0.04852175712585449
0.05400991439819336
0.05131721496582031
0.05861186981201172
0.05963253974914551
0.0522921085357666
0.04933929443359375
0.055399179458618164
0.05750131607055664
0.05337190628051758
0.061196327209472656
0.06234312057495117
0.05722784996032715
0.054585933685302734
0.056731462478637695
0.05719709396362305
0.057885169982910156
0.057488203048706055
0.06190776824951172
0.05829429626464844
0.05893540382385254
0.06444621086120605
0.05621480941772461
0.06008100509643555
0.05313849449157715
0.051654815673828125
0.04621076583862305
0.04775524139404297
0.06401753425598145
0.05948615074157715
0.05668354034423828
0.06083798408508301
0.05128669738769531
0.05719733238220215
0.060750722885131836
0.06479310989379883
0.05494952201843262
0.05212235450744629
0.060372114181518555
0.05681562423706055
0.05248594284057617
0.06219005584716797
0.049918174743652344
0.05804896354675293
0.04804396629333496
0.05375218391418457
0.06075716018676758
