0.0005240440368652344
0.0004897117614746094
0.00046372413635253906
0.000560760498046875
0.0006008148193359375
0.00031280517578125
0.000652313232421875
0.0005044937133789062
0.0006101131439208984
0.0011639595031738281
0.00046181678771972656
0.0006663799285888672
0.0005102157592773438
0.0004982948303222656
0.0004980564117431641
0.0004782676696777344
0.00047326087951660156
0.0006935596466064453
0.0005931854248046875
0.0006670951843261719
0.0004680156707763672
0.0005562305450439453
0.0005970001220703125
0.0005960464477539062
0.0004553794860839844
0.0006144046783447266
0.0004277229309082031
0.0003712177276611328
0.0005066394805908203
0.0009908676147460938
0.0003459453582763672
0.0003752708435058594
0.0005218982696533203
0.0005784034729003906
0.0005443096160888672
0.0007846355438232422
0.00044155120849609375
0.0004534721374511719
0.0005340576171875
0.0004985332489013672
0.0005297660827636719
0.0006558895111083984
0.00045609474182128906
0.0006628036499023438
0.0004258155822753906
0.0004258155822753906
0.0005741119384765625
0.0005269050598144531
0.0008153915405273438
0.0005664825439453125
0.0005500316619873047
0.00036716461181640625
0.0006022453308105469
0.0004830360412597656
0.0006680488586425781
0.0005171298980712891
0.0004050731658935547
0.0005855560302734375
0.0005550384521484375
0.0007839202880859375
0.0003829002380371094
0.0003464221954345703
0.000621795654296875
0.0004811286926269531
0.0004475116729736328
0.0005524158477783203
0.00029397010803222656
0.00047397613525390625
0.0004470348358154297
0.00040078163146972656
0.00046324729919433594
0.0004687309265136719
0.0004885196685791016
0.0004343986511230469
0.0005826950073242188
0.0006301403045654297
0.0006186962127685547
0.0003654956817626953
0.0005037784576416016
0.0004961490631103516
0.00058746337890625
0.00048041343688964844
0.00041937828063964844
0.00043582916259765625
0.0004532337188720703
0.00037026405334472656
0.0005061626434326172
0.0004317760467529297
0.0004127025604248047
0.0003387928009033203
0.00045561790466308594
0.0002932548522949219
0.0004134178161621094
0.000492095947265625
0.0004017353057861328
0.0003552436828613281
0.00045418739318847656
0.0004467964172363281
0.00031566619873046875
0.0003676414489746094
0.0006465911865234375
0.0003552436828613281
0.0004937648773193359
0.0004589557647705078
0.0004668235778808594
0.0004966259002685547
0.0004413127899169922
0.0005862712860107422
0.000499725341796875
0.00047135353088378906
0.0005245208740234375
0.0004935264587402344
0.0003688335418701172
0.0005764961242675781
0.0004546642303466797
0.00041985511779785156
0.0006263256072998047
0.0004515647888183594
0.0005626678466796875
0.0007793903350830078
0.0005819797515869141
0.0005881786346435547
0.00054931640625
0.00032067298889160156
0.00046515464782714844
0.00040078163146972656
0.0003273487091064453
0.0005092620849609375
0.0003905296325683594
0.0005738735198974609
0.0003211498260498047
0.00035834312438964844
0.0003459453582763672
0.0003447532653808594
0.0004038810729980469
0.0005006790161132812
0.0005867481231689453
0.00029158592224121094
0.00048422813415527344
0.0003859996795654297
0.0005133152008056641
0.0003514289855957031
0.0005671977996826172
0.0004799365997314453
0.000392913818359375
0.00043702125549316406
0.0004818439483642578
0.0003707408905029297
0.0005338191986083984
0.0003619194030761719
0.0003376007080078125
0.0005059242248535156
0.0004811286926269531
0.0005044937133789062
0.00037026405334472656
0.0005261898040771484
0.0003364086151123047
0.0005185604095458984
0.0003845691680908203
0.00036644935607910156
0.0003407001495361328
0.0005891323089599609
0.0005867481231689453
0.0003733634948730469
0.00038433074951171875
0.00044083595275878906
0.000347137451171875
0.0005176067352294922
0.0003249645233154297
0.00034999847412109375
0.0005605220794677734
0.0005388259887695312
0.00042939186096191406
0.00047659873962402344
0.0004436969757080078
0.0004935264587402344
0.00048470497131347656
0.00030350685119628906
0.00034546852111816406
0.00036978721618652344
0.0006270408630371094
0.0005323886871337891
0.0003509521484375
0.0003273487091064453
0.0004239082336425781
0.000347137451171875
0.00025272369384765625
0.00038743019104003906
0.0003483295440673828
0.00041961669921875
0.0004696846008300781
0.0004489421844482422
0.0005624294281005859
0.0003573894500732422
0.0003237724304199219
0.0005173683166503906
0.0006072521209716797
0.00042128562927246094
0.0004334449768066406
0.0005333423614501953
0.0003304481506347656
0.0003819465637207031
0.0003676414489746094
0.00044226646423339844
0.0003707408905029297
0.0003330707550048828
0.00037860870361328125
0.0004074573516845703
0.0005304813385009766
0.0004336833953857422
0.0004718303680419922
0.0003371238708496094
0.0003275871276855469
0.00040912628173828125
0.00027298927307128906
0.0003528594970703125
0.0005490779876708984
0.0004487037658691406
0.0003600120544433594
0.0003123283386230469
0.0005018711090087891
0.0005829334259033203
0.00040435791015625
0.0004220008850097656
0.0004687309265136719
0.0003261566162109375
0.0005207061767578125
0.0004553794860839844
0.0004055500030517578
0.00037789344787597656
0.0004858970642089844
0.0005660057067871094
0.000518798828125
0.00044608116149902344
0.00048661231994628906
0.00030875205993652344
0.00037407875061035156
0.000423431396484375
0.0005145072937011719
0.0004017353057861328
0.0004858970642089844
0.0006132125854492188
0.0005171298980712891
0.0003790855407714844
0.000423431396484375
0.000446319580078125
0.00036406517028808594
0.0004794597625732422
0.0004863739013671875
0.0003516674041748047
0.00040030479431152344
0.0004410743713378906
0.00042629241943359375
0.0003783702850341797
0.0003795623779296875
0.0005328655242919922
0.00034737586975097656
0.0005595684051513672
0.0004258155822753906
0.0004246234893798828
0.0003178119659423828
0.0005438327789306641
0.00048804283142089844
0.0004162788391113281
0.0003883838653564453
0.00038361549377441406
0.0005266666412353516
0.00036263465881347656
0.0003991127014160156
0.0004246234893798828
0.0005085468292236328
0.0004029273986816406
0.00034332275390625
0.0003256797790527344
0.00036835670471191406
0.00043320655822753906
0.0005421638488769531
0.0005395412445068359
0.000545501708984375
0.00038361549377441406
0.0004849433898925781
0.00047326087951660156
0.00033783912658691406
0.0004127025604248047
0.00029277801513671875
0.0002541542053222656
0.000492095947265625
0.00031065940856933594
0.0004513263702392578
0.0003027915954589844
0.0005366802215576172
0.00042939186096191406
0.00041222572326660156
0.0003387928009033203
0.0004200935363769531
0.000415802001953125
0.0005235671997070312
0.0003552436828613281
0.000484466552734375
0.0003478527069091797
0.00039315223693847656
0.00046133995056152344
0.0004031658172607422
0.0005152225494384766
0.00030517578125
0.0003948211669921875
0.0003898143768310547
0.000392913818359375
0.0004661083221435547
0.0003790855407714844
0.0004839897155761719
0.00048065185546875
0.0003845691680908203
0.000415802001953125
0.000415802001953125
0.0002799034118652344
0.00042128562927246094
0.00036835670471191406
0.0002789497375488281
0.00037407875061035156
0.0004868507385253906
0.000537872314453125
0.0005645751953125
0.0004112720489501953
0.0005118846893310547
0.0005762577056884766
0.0003364086151123047
0.0004315376281738281
0.00045990943908691406
0.0004279613494873047
0.0005693435668945312
0.0003490447998046875
0.00043654441833496094
0.00037479400634765625
0.0005042552947998047
0.000301361083984375
0.0004949569702148438
0.0004253387451171875
0.0003559589385986328
0.00039076805114746094
0.00047516822814941406
0.0003674030303955078
0.0005781650543212891
0.00049591064453125
0.00039076805114746094
0.0004665851593017578
0.00038886070251464844
0.0004496574401855469
0.00032639503479003906
0.0003898143768310547
0.0005350112915039062
0.0004115104675292969
0.00043129920959472656
0.00044274330139160156
0.0005295276641845703
0.00043511390686035156
0.0005002021789550781
0.0003962516784667969
0.0004024505615234375
0.00033974647521972656
0.0004775524139404297
0.00036072731018066406
0.00039505958557128906
0.0003294944763183594
0.0003170967102050781
0.0003490447998046875
0.0004887580871582031
0.00043463706970214844
0.0003402233123779297
0.0003275871276855469
0.0004849433898925781
0.0005290508270263672
0.0003383159637451172
0.0004150867462158203
0.00034308433532714844
0.00028705596923828125
0.0005080699920654297
0.0003311634063720703
0.0005769729614257812
0.0004260540008544922
0.0004305839538574219
0.0003581047058105469
0.00036597251892089844
0.00045418739318847656
0.00032138824462890625
0.00041961669921875
0.0002930164337158203
0.0003349781036376953
0.0002887248992919922
0.0004200935363769531
0.0006046295166015625
0.0003628730773925781
0.0003802776336669922
0.00031876564025878906
0.0003681182861328125
0.00035881996154785156
0.00041103363037109375
0.00041556358337402344
0.0004138946533203125
0.0003037452697753906
0.0005497932434082031
0.0004050731658935547
0.00043320655822753906
0.00035572052001953125
0.0004849433898925781
0.0003936290740966797
0.00039196014404296875
0.0003781318664550781
0.0002644062042236328
0.00041937828063964844
0.0005269050598144531
0.000408172607421875
0.0004134178161621094
0.0003528594970703125
0.0004630088806152344
0.00042247772216796875
0.00039577484130859375
0.0002753734588623047
0.0005595684051513672
0.00042748451232910156
0.0004937648773193359
0.00041604042053222656
0.00033593177795410156
0.00037550926208496094
0.00030422210693359375
0.0006196498870849609
0.00040984153747558594
0.0006084442138671875
0.0005342960357666016
0.0004189014434814453
0.0005564689636230469
0.00038909912109375
0.0003349781036376953
0.0004947185516357422
0.0004951953887939453
0.0006227493286132812
0.00039267539978027344
0.0005071163177490234
0.0003902912139892578
0.00040721893310546875
0.0005645751953125
0.0005295276641845703
0.0003917217254638672
0.0005881786346435547
0.0004000663757324219
0.000347137451171875
0.00051116943359375
0.00028824806213378906
0.0004134178161621094
0.0003783702850341797
0.0004782676696777344
0.0002949237823486328
0.0006835460662841797
0.0005185604095458984
0.0003135204315185547
0.000270843505859375
0.0003097057342529297
0.0005099773406982422
0.0003266334533691406
0.00024437904357910156
0.0004794597625732422
0.0004923343658447266
0.0003864765167236328
0.00037670135498046875
0.0004165172576904297
0.0005381107330322266
0.0004291534423828125
0.000370025634765625
0.0005676746368408203
0.00038743019104003906
0.0005497932434082031
0.0005660057067871094
0.00034236907958984375
0.0004737377166748047
0.00035309791564941406
0.00034427642822265625
0.0005636215209960938
0.00040650367736816406
0.0004341602325439453
0.0005974769592285156
0.0005435943603515625
0.0003914833068847656
0.000476837158203125
0.00044035911560058594
0.00026345252990722656
0.0005156993865966797
0.0005090236663818359
0.0003962516784667969
0.0005898475646972656
0.00039649009704589844
0.00043892860412597656
0.0004982948303222656
0.0004715919494628906
0.0003571510314941406
0.000530242919921875
0.0004220008850097656
0.0003845691680908203
0.0003275871276855469
0.0004482269287109375
0.0003962516784667969
