0.01495051383972168
0.0233917236328125
0.01681828498840332
0.025594234466552734
0.03083181381225586
0.010478734970092773
0.023820161819458008
0.014752864837646484
0.024565696716308594
0.017554521560668945
0.010626792907714844
0.0215299129486084
0.030205726623535156
0.025179147720336914
0.01912999153137207
0.02024054527282715
0.0219118595123291
0.03647470474243164
0.0288240909576416
0.022930622100830078
0.017070293426513672
0.014567852020263672
0.0234830379486084
0.02471613883972168
0.017370223999023438
0.026096820831298828
0.01566028594970703
0.017006397247314453
0.013214349746704102
0.02822279930114746
0.01735234260559082
0.015136957168579102
0.02543926239013672
0.030672073364257812
0.026526689529418945
0.03217124938964844
0.02056884765625
0.019273042678833008
0.025644779205322266
0.013492345809936523
0.020145893096923828
0.03050994873046875
0.012412309646606445
0.028408288955688477
0.01907181739807129
0.016611099243164062
0.017113208770751953
0.027400732040405273
0.03189444541931152
0.0305330753326416
0.02484750747680664
0.01652240753173828
0.0358738899230957
0.02537393569946289
0.020320892333984375
0.03355717658996582
0.02467179298400879
0.035809993743896484
0.03105783462524414
0.014737129211425781
0.02351689338684082
0.018563270568847656
0.03121209144592285
0.020911216735839844
0.019366979598999023
0.028957366943359375
0.016826152801513672
0.01715850830078125
0.017754793167114258
0.0243375301361084
0.020482778549194336
0.025569438934326172
0.023983240127563477
0.020446062088012695
0.025907278060913086
0.015868186950683594
0.033423423767089844
0.011561393737792969
0.014501094818115234
0.021472692489624023
0.02811455726623535
0.014477014541625977
0.01505279541015625
0.025488615036010742
0.025354385375976562
0.020156145095825195
0.01924872398376465
0.02567315101623535
0.023246288299560547
0.019588232040405273
0.025191307067871094
0.014313220977783203
0.02401900291442871
0.02404618263244629
0.023040771484375
0.018764019012451172
0.026039600372314453
0.02144026756286621
0.018571138381958008
0.012098550796508789
0.033255577087402344
0.02369070053100586
0.025839567184448242
0.02183985710144043
0.019695758819580078
0.023578166961669922
0.02044081687927246
0.028585195541381836
0.02629375457763672
0.017661333084106445
0.02691817283630371
0.013542890548706055
0.019377946853637695
0.020807743072509766
0.024469375610351562
0.019774436950683594
0.03482508659362793
0.024410724639892578
0.0153350830078125
0.02745795249938965
0.0332944393157959
0.03936958312988281
0.02882695198059082
0.018436670303344727
0.026954174041748047
0.013634681701660156
0.0170748233795166
0.011473417282104492
0.021615028381347656
0.017769813537597656
0.019481897354125977
0.011954069137573242
0.02525639533996582
0.024514198303222656
0.0144195556640625
0.030765056610107422
0.024367570877075195
0.018364906311035156
0.03032231330871582
0.025844097137451172
0.03191995620727539
0.011504173278808594
0.028198957443237305
0.021608829498291016
0.02418804168701172
0.01903390884399414
0.025443077087402344
0.023530244827270508
0.01888585090637207
0.016415834426879883
0.01865553855895996
0.020938634872436523
0.02695155143737793
0.02451920509338379
0.01438450813293457
0.0325925350189209
0.020087242126464844
0.032834529876708984
0.011942625045776367
0.022090435028076172
0.009980440139770508
0.021094560623168945
0.023627281188964844
0.021375179290771484
0.020628690719604492
0.025315284729003906
0.0196077823638916
0.01925206184387207
0.014563560485839844
0.02211165428161621
0.03260517120361328
0.020430564880371094
0.021104097366333008
0.03267073631286621
0.02913641929626465
0.031622886657714844
0.022034406661987305
0.013767004013061523
0.012732982635498047
0.019041061401367188
0.029464244842529297
0.0348207950592041
0.014851808547973633
0.020807743072509766
0.025791168212890625
0.02181696891784668
0.015239477157592773
0.0232241153717041
0.017358064651489258
0.0220797061920166
0.025213241577148438
0.026330232620239258
0.02394843101501465
0.01755070686340332
0.019153356552124023
0.029024839401245117
0.019431591033935547
0.021802186965942383
0.01941394805908203
0.0358271598815918
0.01963520050048828
0.024552106857299805
0.020726919174194336
0.027380943298339844
0.013837575912475586
0.02104973793029785
0.021168947219848633
0.01743316650390625
0.02733612060546875
0.028117656707763672
0.02644658088684082
0.024033784866333008
0.01792168617248535
0.024766921997070312
0.016261577606201172
0.017431020736694336
0.024098873138427734
0.021503925323486328
0.022463321685791016
0.01971578598022461
0.026871442794799805
0.03356361389160156
0.023020505905151367
0.018893718719482422
0.02508258819580078
0.019031763076782227
0.014513969421386719
0.028267383575439453
0.023818016052246094
0.02318859100341797
0.02634453773498535
0.03368377685546875
0.028522014617919922
0.02672410011291504
0.014948129653930664
0.013289451599121094
0.02265024185180664
0.023161649703979492
0.017354965209960938
0.024627685546875
0.026210784912109375
0.023351669311523438
0.026684284210205078
0.02175593376159668
0.022355079650878906
0.02350139617919922
0.02363896369934082
0.026154041290283203
0.021126985549926758
0.022466182708740234
0.016573429107666016
0.027470111846923828
0.020196914672851562
0.020215749740600586
0.023800373077392578
0.027303218841552734
0.013631582260131836
0.030959606170654297
0.026984691619873047
0.025577306747436523
0.016016006469726562
0.028895139694213867
0.031555891036987305
0.0249481201171875
0.016710519790649414
0.019225358963012695
0.031325340270996094
0.0235750675201416
0.021649837493896484
0.021754980087280273
0.021645307540893555
0.025213003158569336
0.02157282829284668
0.01330256462097168
0.023058652877807617
0.025957822799682617
0.02780294418334961
0.019989013671875
0.03226876258850098
0.021589040756225586
0.024616003036499023
0.021295785903930664
0.02008962631225586
0.029381513595581055
0.016194820404052734
0.01804041862487793
0.01708364486694336
0.018434524536132812
0.018230915069580078
0.017224788665771484
0.026330947875976562
0.030415773391723633
0.01545262336730957
0.025721311569213867
0.02815699577331543
0.015001296997070312
0.035124778747558594
0.018355369567871094
0.022093772888183594
0.0181119441986084
0.015258550643920898
0.026875972747802734
0.02322077751159668
0.03171110153198242
0.01669168472290039
0.025510549545288086
0.02353215217590332
0.020931243896484375
0.025294065475463867
0.023677349090576172
0.023518800735473633
0.02915048599243164
0.023717164993286133
0.02550673484802246
0.023134946823120117
0.015683889389038086
0.01770925521850586
0.016422271728515625
0.01583075523376465
0.02097606658935547
0.024767637252807617
0.030759572982788086
0.03569293022155762
0.018906116485595703
0.01289057731628418
0.03088521957397461
0.01273965835571289
0.022946834564208984
0.01731419563293457
0.01061701774597168
0.02172255516052246
0.01809549331665039
0.020282268524169922
0.019544363021850586
0.018494606018066406
0.015030622482299805
0.029057979583740234
0.0216519832611084
0.010518550872802734
0.010424137115478516
0.024904489517211914
0.021780729293823242
0.027329206466674805
0.01860952377319336
0.013222932815551758
0.03087615966796875
0.021895885467529297
0.02285003662109375
0.015400171279907227
0.013663768768310547
0.025829076766967773
0.024489164352416992
0.015457630157470703
0.02701568603515625
0.02691483497619629
0.025256633758544922
0.020476102828979492
0.011387825012207031
0.025070905685424805
0.0182950496673584
0.028012990951538086
0.01852250099182129
0.025279998779296875
0.018715381622314453
0.017374515533447266
0.014758825302124023
0.02902054786682129
0.0246124267578125
0.01880478858947754
0.01444864273071289
0.023820877075195312
0.016839265823364258
0.02141594886779785
0.020447254180908203
0.014379024505615234
0.016158342361450195
0.02591395378112793
0.019344329833984375
0.024728775024414062
0.01785135269165039
0.02124786376953125
0.016435623168945312
0.022890567779541016
0.027635812759399414
0.019701480865478516
0.02432107925415039
0.0173647403717041
0.020853519439697266
0.016416072845458984
0.027169466018676758
0.02592301368713379
0.021437644958496094
0.025538206100463867
0.01954174041748047
0.019021272659301758
0.021651506423950195
0.02413010597229004
0.01920294761657715
0.014050006866455078
0.010970354080200195
0.03138422966003418
0.02667856216430664
0.027158021926879883
0.014898061752319336
0.028157949447631836
0.01638317108154297
0.020197153091430664
0.02254009246826172
0.015774250030517578
0.018428802490234375
0.03505396842956543
0.0273590087890625
0.025322675704956055
0.02492499351501465
0.02764892578125
0.028184175491333008
0.026129961013793945
0.01654791831970215
0.025157928466796875
0.025606393814086914
0.030796289443969727
0.02276921272277832
0.01892375946044922
0.02023029327392578
0.019185543060302734
0.026859045028686523
0.015488624572753906
0.03394484519958496
0.032430410385131836
0.03418993949890137
0.037435054779052734
0.027524471282958984
0.023713350296020508
0.03229165077209473
0.036095380783081055
0.04401898384094238
0.019941329956054688
0.023650407791137695
0.03312516212463379
0.017280101776123047
0.0321812629699707
0.026381254196166992
0.020855426788330078
0.027808189392089844
0.02226877212524414
0.02085423469543457
0.024590492248535156
0.016323328018188477
0.01959061622619629
0.014842987060546875
0.029732227325439453
0.01723504066467285
0.018175363540649414
0.02959918975830078
0.01710820198059082
0.015932321548461914
0.017423629760742188
0.011947393417358398
0.0197906494140625
0.015436887741088867
0.02394247055053711
0.024677038192749023
0.019164323806762695
0.01943039894104004
0.025830507278442383
0.017639875411987305
0.014302968978881836
0.02609848976135254
0.02481389045715332
0.022868633270263672
0.02445697784423828
0.026972055435180664
0.009286880493164062
0.026189327239990234
0.02060532569885254
0.021530866622924805
0.03655529022216797
0.013521671295166016
0.010129451751708984
0.02514815330505371
0.03321433067321777
0.023822307586669922
0.030307531356811523
0.02636575698852539
0.01888751983642578
0.015500307083129883
0.036277055740356445
0.03013157844543457
0.034425973892211914
0.030022382736206055
0.017718791961669922
0.03165268898010254
0.020121097564697266
0.026234865188598633
0.029125213623046875
0.02798628807067871
0.018860340118408203
0.021154165267944336
0.022796154022216797
0.02562427520751953
