0.008264303207397461
0.00963902473449707
0.003394603729248047
0.0047092437744140625
0.00682830810546875
0.004343509674072266
0.003399372100830078
0.0035066604614257812
0.003662109375
0.0030965805053710938
0.009071588516235352
0.004909992218017578
0.0010349750518798828
0.0020034313201904297
0.0038912296295166016
0.00228118896484375
0.008375883102416992
0.0035390853881835938
0.002378225326538086
0.003822803497314453
0.006509304046630859
0.003335237503051758
0.003221750259399414
0.0026137828826904297
0.0029449462890625
0.0035598278045654297
0.0033791065216064453
0.004390239715576172
0.006513118743896484
0.005339145660400391
0.002744436264038086
0.002599477767944336
0.0050127506256103516
0.0037696361541748047
0.002360105514526367
0.0007557868957519531
0.0048296451568603516
0.005054473876953125
0.003545522689819336
0.003926753997802734
0.0049898624420166016
0.0032830238342285156
0.0019516944885253906
0.00792551040649414
0.0032401084899902344
0.0012247562408447266
0.0016477108001708984
0.004769086837768555
0.0036470890045166016
0.003993034362792969
0.0022995471954345703
0.002772092819213867
0.0025336742401123047
0.006003141403198242
0.004591226577758789
0.0060272216796875
0.006601572036743164
0.006649971008300781
0.005774974822998047
0.006729841232299805
0.0026290416717529297
0.0046350955963134766
0.003397703170776367
0.002704143524169922
0.0035114288330078125
0.0037577152252197266
0.0044956207275390625
0.0003268718719482422
0.003960132598876953
0.0028100013732910156
0.0070648193359375
0.0020873546600341797
0.01060175895690918
0.0027341842651367188
0.0032939910888671875
0.004251241683959961
0.005456209182739258
0.0033750534057617188
0.0024056434631347656
0.004456520080566406
0.0028846263885498047
0.003471851348876953
0.0060520172119140625
0.002572774887084961
0.009574413299560547
0.007069587707519531
0.0034821033477783203
0.003520488739013672
0.00399327278137207
0.003988027572631836
0.002302885055541992
0.003754138946533203
0.002601146697998047
0.003473520278930664
0.007905006408691406
0.002447843551635742
0.00474858283996582
0.0034461021423339844
0.002735614776611328
0.009891748428344727
0.0027561187744140625
0.008958816528320312
0.005275726318359375
0.004041910171508789
0.003257274627685547
0.003938436508178711
0.004286527633666992
0.005281686782836914
0.0034313201904296875
0.0010690689086914062
0.002280712127685547
0.0021729469299316406
0.0030972957611083984
0.0052111148834228516
0.003002166748046875
0.0044248104095458984
0.006253957748413086
0.006578683853149414
0.0036818981170654297
0.00712132453918457
0.0006530284881591797
0.005026578903198242
0.003911256790161133
0.0022466182708740234
0.0029296875
0.0032320022583007812
0.005333900451660156
0.003331422805786133
0.0033965110778808594
0.0029456615447998047
0.004940509796142578
0.0030922889709472656
0.003086566925048828
0.003358125686645508
0.007657289505004883
0.0039942264556884766
0.004240751266479492
0.0031075477600097656
0.004308462142944336
0.003421783447265625
0.0026514530181884766
0.009394168853759766
0.0026559829711914062
0.0019259452819824219
0.003432750701904297
0.0061724185943603516
0.005303859710693359
0.004134178161621094
0.002994537353515625
0.005851268768310547
0.002644777297973633
0.00735783576965332
0.008704662322998047
0.002209901809692383
0.008205413818359375
0.007568836212158203
0.009813547134399414
0.005776882171630859
0.006493091583251953
0.00475311279296875
0.0031816959381103516
0.003951311111450195
0.005196332931518555
0.006090641021728516
0.006016969680786133
0.00359344482421875
0.0038580894470214844
0.0021371841430664062
0.0025572776794433594
0.0067653656005859375
0.008220911026000977
0.0036089420318603516
0.004864931106567383
0.004296302795410156
0.0031440258026123047
0.0026483535766601562
0.007723808288574219
0.0025997161865234375
0.0029616355895996094
0.0038275718688964844
0.005521059036254883
0.002681255340576172
0.004078388214111328
0.008941173553466797
0.00534820556640625
0.004430532455444336
0.008129119873046875
0.0027489662170410156
0.008615255355834961
0.0032546520233154297
0.0038874149322509766
0.005229473114013672
0.005467891693115234
0.004045963287353516
0.0026679039001464844
0.00483250617980957
0.0058138370513916016
0.0026123523712158203
0.003856658935546875
0.006875753402709961
0.009028196334838867
0.0033140182495117188
0.007350921630859375
0.009083032608032227
0.0045719146728515625
0.0032770633697509766
0.009010791778564453
0.004228353500366211
0.003187894821166992
0.005680561065673828
0.0037889480590820312
0.0034995079040527344
0.005890369415283203
0.005728006362915039
4.00543212890625e-05
0.0053043365478515625
0.00861048698425293
0.005702972412109375
0.0035300254821777344
0.0046541690826416016
0.008040428161621094
0.004909038543701172
0.0037260055541992188
0.0048542022705078125
0.010288476943969727
0.0061037540435791016
0.0040438175201416016
0.007322788238525391
0.0036749839782714844
0.008812665939331055
0.0034122467041015625
0.007544517517089844
0.004408359527587891
0.0033605098724365234
0.003554105758666992
0.004111766815185547
0.002427339553833008
0.007604360580444336
0.0068302154541015625
0.005461215972900391
0.003663778305053711
0.0034601688385009766
0.006120920181274414
0.004142045974731445
0.003298044204711914
0.005465030670166016
0.0027048587799072266
0.005831003189086914
0.0049724578857421875
0.007210731506347656
0.006440877914428711
0.0039784908294677734
0.006682872772216797
0.0065805912017822266
0.004862785339355469
0.008614778518676758
0.0021724700927734375
0.003162860870361328
0.005876302719116211
0.005882978439331055
0.004192352294921875
0.007309436798095703
0.01097726821899414
0.00418543815612793
0.0026655197143554688
0.002599000930786133
0.006161689758300781
0.004912137985229492
0.009578466415405273
0.0038764476776123047
0.010690927505493164
0.005488157272338867
0.0028438568115234375
0.003049135208129883
0.0058269500732421875
0.0038704872131347656
0.006392478942871094
0.0033788681030273438
0.004282474517822266
0.004685640335083008
0.003119230270385742
0.003648996353149414
0.007968425750732422
0.0037641525268554688
0.003643512725830078
0.002057790756225586
0.006341695785522461
0.008124828338623047
0.004967451095581055
0.0017311573028564453
0.0032873153686523438
0.0038886070251464844
0.0034644603729248047
0.007229804992675781
0.0054132938385009766
0.0001442432403564453
