0.0014064311981201172
0.0013735294342041016
0.0007071495056152344
0.0010502338409423828
0.0011744499206542969
0.0007309913635253906
0.0006566047668457031
0.0006816387176513672
0.0007510185241699219
0.0005469322204589844
0.001722574234008789
0.00086212158203125
0.00013399124145507812
0.0003457069396972656
0.0007622241973876953
0.00040984153747558594
0.001958608627319336
0.0006916522979736328
0.0005013942718505859
0.0007126331329345703
0.0012252330780029297
0.0006091594696044922
0.0006127357482910156
0.0005636215209960938
0.0005629062652587891
0.0006971359252929688
0.0006287097930908203
0.001087188720703125
0.0014646053314208984
0.0010328292846679688
0.0004630088806152344
0.0004210472106933594
0.0009660720825195312
0.0007765293121337891
0.0004227161407470703
0.00011205673217773438
0.0008962154388427734
0.001207590103149414
0.0006165504455566406
0.0008339881896972656
0.0009620189666748047
0.0005586147308349609
0.0003445148468017578
0.0016012191772460938
0.0006175041198730469
0.00017952919006347656
0.0003161430358886719
0.0011019706726074219
0.0006699562072753906
0.0008761882781982422
0.0004379749298095703
0.0005097389221191406
0.0004773139953613281
0.0011434555053710938
0.0009758472442626953
0.001190185546875
0.0013473033905029297
0.001047372817993164
0.0009658336639404297
0.0008845329284667969
0.000438690185546875
0.0008189678192138672
0.000553131103515625
0.0004954338073730469
0.0006754398345947266
0.0006592273712158203
0.0007982254028320312
2.9802322387695312e-05
0.0008912086486816406
0.0005059242248535156
0.001251220703125
0.0003867149353027344
0.001981973648071289
0.0005023479461669922
0.0006415843963623047
0.0009949207305908203
0.001043558120727539
0.0007445812225341797
0.0004494190216064453
0.0008859634399414062
0.000545501708984375
0.0005831718444824219
0.0011849403381347656
0.0004627704620361328
0.0019266605377197266
0.00162506103515625
0.0006415843963623047
0.0006058216094970703
0.0006837844848632812
0.0006985664367675781
0.0004551410675048828
0.0006690025329589844
0.0004456043243408203
0.0006215572357177734
0.001470327377319336
0.00043201446533203125
0.0010488033294677734
0.0006668567657470703
0.0005202293395996094
0.001964092254638672
0.0005171298980712891
0.0018155574798583984
0.0009965896606445312
0.0007741451263427734
0.000576019287109375
0.0008647441864013672
0.0007295608520507812
0.000904083251953125
0.0006248950958251953
0.00015854835510253906
0.0004570484161376953
0.0003883838653564453
0.0005087852478027344
0.0009698867797851562
0.0004913806915283203
0.0006639957427978516
0.0006985664367675781
0.0013353824615478516
0.0006160736083984375
0.0012431144714355469
9.989738464355469e-05
0.0008542537689208984
0.0006899833679199219
0.00041747093200683594
0.0005311965942382812
0.0006008148193359375
0.0009739398956298828
0.0006487369537353516
0.0008115768432617188
0.0005748271942138672
0.0009186267852783203
0.0005252361297607422
0.0005564689636230469
0.0006201267242431641
0.0015413761138916016
0.0007588863372802734
0.0009181499481201172
0.0005846023559570312
0.0008242130279541016
0.0006244182586669922
0.000514984130859375
0.0015838146209716797
0.0005125999450683594
0.0003387928009033203
0.0006928443908691406
0.0011785030364990234
0.0011513233184814453
0.0007920265197753906
0.0006115436553955078
0.0011053085327148438
0.00048470497131347656
0.00145721435546875
0.0018699169158935547
0.00038909912109375
0.0017976760864257812
0.0015702247619628906
0.0012860298156738281
0.0008680820465087891
0.0010786056518554688
0.0006451606750488281
0.0005488395690917969
0.000560760498046875
0.0007750988006591797
0.0008034706115722656
0.0008919239044189453
0.0004985332489013672
0.0006315708160400391
0.0005376338958740234
0.00044345855712890625
0.0011837482452392578
0.0014486312866210938
0.0006697177886962891
0.0010075569152832031
0.0008032321929931641
0.0006134510040283203
0.0007412433624267578
0.0014774799346923828
0.0004730224609375
0.0006048679351806641
0.0007379055023193359
0.0010464191436767578
0.0004684925079345703
0.0007376670837402344
0.0016918182373046875
0.0010247230529785156
0.0008499622344970703
0.0016629695892333984
0.0005240440368652344
0.0016047954559326172
0.0006728172302246094
0.00083160400390625
0.0008141994476318359
0.0010209083557128906
0.0007648468017578125
0.0006449222564697266
0.0010559558868408203
0.001177072525024414
0.00043845176696777344
0.0006577968597412109
0.0008554458618164062
0.0016515254974365234
0.0005807876586914062
0.0013208389282226562
0.0017130374908447266
0.0008015632629394531
0.0005757808685302734
0.001630544662475586
0.0006964206695556641
0.0006024837493896484
0.0009987354278564453
0.0006611347198486328
0.0005934238433837891
0.001039266586303711
0.0008776187896728516
2.6941299438476562e-05
0.0007963180541992188
0.0015506744384765625
0.0007939338684082031
0.0005681514739990234
0.0007925033569335938
0.001361846923828125
0.0008759498596191406
0.0006709098815917969
0.0007998943328857422
0.0019414424896240234
0.0013275146484375
0.0008575916290283203
0.0013759136199951172
0.0007219314575195312
0.0021293163299560547
0.0007600784301757812
0.0017476081848144531
0.0008296966552734375
0.0007677078247070312
0.0008921623229980469
0.0010457038879394531
0.00055694580078125
0.0015406608581542969
0.0016658306121826172
0.001773834228515625
0.0007503032684326172
0.0007455348968505859
0.0011906623840332031
0.0008265972137451172
0.0006420612335205078
0.0012135505676269531
0.0004601478576660156
0.001020193099975586
0.0010540485382080078
0.0013742446899414062
0.001283407211303711
0.0007565021514892578
0.001249074935913086
0.0013489723205566406
0.0011262893676757812
0.0014505386352539062
0.00042724609375
0.00061798095703125
0.0009334087371826172
0.0010073184967041016
0.0008606910705566406
0.00122833251953125
0.002324342727661133
0.0008759498596191406
0.0004470348358154297
0.0005645751953125
0.0010199546813964844
0.0008118152618408203
0.0016703605651855469
0.0006191730499267578
0.0019042491912841797
0.0009932518005371094
0.0004999637603759766
0.00048160552978515625
0.0009946823120117188
0.0008349418640136719
0.001222848892211914
0.0005662441253662109
0.0007622241973876953
0.0008084774017333984
0.0005548000335693359
0.0007634162902832031
0.0015020370483398438
0.0006265640258789062
0.0006821155548095703
0.0003731250762939453
0.0014598369598388672
0.0015478134155273438
0.0009348392486572266
0.0003261566162109375
0.0007879734039306641
0.0007283687591552734
0.000629425048828125
0.0013861656188964844
0.00115203857421875
3.0517578125e-05
