0.01637411117553711
0.022090911865234375
0.009080171585083008
0.011196136474609375
0.021459341049194336
0.03474879264831543
0.018738269805908203
0.020927906036376953
0.031193971633911133
0.01107645034790039
0.01680588722229004
0.012369155883789062
0.014147281646728516
0.01691293716430664
0.022861957550048828
0.023759841918945312
0.016591310501098633
0.006799459457397461
0.03214311599731445
0.015944480895996094
0.013417959213256836
0.01346445083618164
0.008466720581054688
0.00842142105102539
0.012679338455200195
0.007367134094238281
0.028377532958984375
0.01291203498840332
0.020032405853271484
0.02448725700378418
0.025575876235961914
0.019623279571533203
0.02447652816772461
0.011250734329223633
0.011339187622070312
0.021288394927978516
0.010550737380981445
0.007456779479980469
0.019037723541259766
0.018988847732543945
0.012623310089111328
0.011639595031738281
0.03325653076171875
0.003793001174926758
0.01681685447692871
0.016597986221313477
0.022446393966674805
0.023997783660888672
0.03249478340148926
0.010548114776611328
0.029517412185668945
0.022507429122924805
0.02492547035217285
0.018680095672607422
0.03497505187988281
0.018181800842285156
0.012171745300292969
0.018393754959106445
0.022603750228881836
0.018569231033325195
0.010326147079467773
0.011065244674682617
0.015686511993408203
0.013058662414550781
0.01722884178161621
0.022623300552368164
0.011827230453491211
0.012044906616210938
0.014966487884521484
0.012051820755004883
0.013416528701782227
0.02723979949951172
0.017768144607543945
0.018313884735107422
0.015916109085083008
0.013933181762695312
0.011180400848388672
0.02590155601501465
0.017061948776245117
0.01566028594970703
0.022935152053833008
0.017302989959716797
0.01786494255065918
0.007853031158447266
0.015947580337524414
0.013303518295288086
0.019108295440673828
0.011878490447998047
0.012561559677124023
0.010533809661865234
0.007602691650390625
0.022228479385375977
0.007180690765380859
0.02565312385559082
0.015094280242919922
0.010460853576660156
0.006518125534057617
0.020288705825805664
0.009771585464477539
0.012656688690185547
0.031441450119018555
0.03513383865356445
0.01948094367980957
0.013318061828613281
0.007836580276489258
0.03220963478088379
0.015604496002197266
0.024492502212524414
0.016302824020385742
0.007106304168701172
0.01446533203125
0.01087045669555664
0.010060310363769531
0.009465217590332031
0.008710145950317383
0.018083572387695312
0.011454582214355469
0.028514862060546875
0.02345895767211914
0.014484167098999023
0.02446269989013672
0.029311418533325195
0.02985095977783203
0.02466130256652832
0.009881734848022461
0.015308141708374023
0.01999354362487793
0.03355073928833008
0.024705886840820312
0.0023429393768310547
0.013114690780639648
0.015525102615356445
0.005885601043701172
0.005443096160888672
0.019732952117919922
0.01465606689453125
0.03177332878112793
0.011415243148803711
0.011041402816772461
0.015344858169555664
0.01654052734375
0.020236730575561523
0.007942438125610352
0.008069515228271484
0.0144805908203125
0.013642072677612305
0.01306915283203125
0.01357579231262207
0.012292861938476562
0.016072750091552734
0.01137232780456543
0.011980533599853516
0.009792327880859375
0.014837265014648438
