0.00010633468627929688
3.647804260253906e-05
0.00018548965454101562
0.0001926422119140625
6.794929504394531e-05
2.5272369384765625e-05
5.793571472167969e-05
9.417533874511719e-05
2.4080276489257812e-05
0.0008118152618408203
4.935264587402344e-05
0.00027179718017578125
4.6253204345703125e-05
5.1021575927734375e-05
3.170967102050781e-05
3.4809112548828125e-05
4.124641418457031e-05
0.006860971450805664
3.981590270996094e-05
0.0005300045013427734
0.00016188621520996094
0.00018906593322753906
0.00047516822814941406
7.796287536621094e-05
0.0005154609680175781
0.00024008750915527344
3.361701965332031e-05
2.4080276489257812e-05
4.673004150390625e-05
2.193450927734375e-05
2.0742416381835938e-05
6.318092346191406e-05
4.8160552978515625e-05
7.486343383789062e-05
1.5974044799804688e-05
2.384185791015625e-05
3.314018249511719e-05
0.0004763603210449219
3.1948089599609375e-05
3.266334533691406e-05
0.0003421306610107422
0.0003981590270996094
6.318092346191406e-05
3.62396240234375e-05
7.796287536621094e-05
0.0006434917449951172
2.6226043701171875e-05
2.0503997802734375e-05
2.6941299438476562e-05
0.0002913475036621094
3.910064697265625e-05
2.6702880859375e-05
4.315376281738281e-05
5.4836273193359375e-05
3.361701965332031e-05
9.632110595703125e-05
5.221366882324219e-05
0.00011420249938964844
6.29425048828125e-05
0.00032448768615722656
0.0022335052490234375
0.0005934238433837891
0.0002796649932861328
2.6226043701171875e-05
0.00023984909057617188
0.00010895729064941406
0.0003917217254638672
8.988380432128906e-05
0.00048732757568359375
0.00013446807861328125
0.000293731689453125
0.00010538101196289062
3.075599670410156e-05
2.9325485229492188e-05
0.0002872943878173828
1.8596649169921875e-05
2.0265579223632812e-05
2.2411346435546875e-05
7.62939453125e-05
5.745887756347656e-05
7.891654968261719e-05
0.00010156631469726562
2.765655517578125e-05
3.337860107421875e-05
3.910064697265625e-05
5.030632019042969e-05
5.030632019042969e-05
0.0002834796905517578
0.00011897087097167969
0.0003352165222167969
0.0044782161712646484
3.647804260253906e-05
0.001800537109375
3.337860107421875e-05
0.0001595020294189453
6.937980651855469e-05
0.0010967254638671875
5.3882598876953125e-05
0.00033855438232421875
0.00018835067749023438
3.147125244140625e-05
2.3603439331054688e-05
2.956390380859375e-05
2.4557113647460938e-05
0.0003631114959716797
1.6927719116210938e-05
9.083747863769531e-05
1.9550323486328125e-05
2.5033950805664062e-05
0.00016045570373535156
0.00032591819763183594
8.7738037109375e-05
0.0004782676696777344
0.0007152557373046875
0.00011944770812988281
5.364418029785156e-05
0.00036263465881347656
8.440017700195312e-05
4.506111145019531e-05
0.0001163482666015625
1.9311904907226562e-05
3.647804260253906e-05
3.361701965332031e-05
2.2411346435546875e-05
0.000110626220703125
5.555152893066406e-05
2.9802322387695312e-05
2.0503997802734375e-05
3.266334533691406e-05
1.6450881958007812e-05
5.5789947509765625e-05
7.772445678710938e-05
0.0009920597076416016
7.534027099609375e-05
0.00015401840209960938
0.00028514862060546875
2.574920654296875e-05
6.4849853515625e-05
0.0002655982971191406
0.0002257823944091797
8.821487426757812e-05
5.698204040527344e-05
0.0002224445343017578
0.0017135143280029297
0.00017070770263671875
0.0001647472381591797
6.389617919921875e-05
1.71661376953125e-05
9.584426879882812e-05
2.3365020751953125e-05
0.0001933574676513672
0.0014286041259765625
0.0008389949798583984
2.7179718017578125e-05
