0.025563955307006836
0.036423444747924805
0.04243302345275879
0.03296351432800293
0.024423599243164062
0.04627203941345215
0.025345563888549805
0.014606237411499023
0.049001455307006836
0.02277350425720215
0.025949716567993164
0.04145455360412598
0.040741920471191406
0.023273468017578125
0.0503695011138916
0.05363798141479492
0.039286136627197266
0.03636312484741211
0.042353153228759766
0.023598670959472656
0.02172708511352539
0.022459745407104492
0.023848772048950195
0.03295326232910156
0.03691720962524414
0.021221160888671875
0.045926809310913086
0.025876522064208984
0.01710057258605957
0.03768754005432129
0.03096604347229004
0.018795490264892578
0.019159317016601562
0.024016857147216797
0.023671865463256836
0.027938365936279297
0.03859972953796387
0.02529120445251465
0.0161893367767334
0.006499528884887695
0.04090571403503418
0.006261348724365234
0.035680294036865234
0.04734516143798828
0.035402536392211914
0.026244640350341797
0.02169656753540039
