0.0025548934936523438
0.016994476318359375
0.019627094268798828
0.010664224624633789
0.0032210350036621094
0.005417585372924805
0.00683283805847168
0.008487701416015625
0.006134748458862305
0.01323699951171875
0.007490634918212891
7.581710815429688e-05
0.009610891342163086
0.004422426223754883
0.011324167251586914
0.017642974853515625
0.01512002944946289
0.016721725463867188
0.011198043823242188
0.010795354843139648
0.013349294662475586
0.011322498321533203
0.015106916427612305
0.009385108947753906
0.012680768966674805
0.004313945770263672
0.0036821365356445312
0.009833097457885742
0.0176088809967041
0.018544673919677734
0.006126880645751953
0.0050504207611083984
0.00942540168762207
0.010313987731933594
0.013006210327148438
0.0067195892333984375
0.0053517818450927734
0.012665271759033203
0.00939178466796875
0.008234262466430664
0.011141300201416016
0.01435089111328125
0.017932891845703125
0.005642414093017578
0.0005109310150146484
0.009268045425415039
0.01133418083190918
0.0023412704467773438
0.005244255065917969
0.016748905181884766
0.008008718490600586
0.006074428558349609
0.01389169692993164
0.016420841217041016
0.013142108917236328
0.009569883346557617
0.012582540512084961
0.009929895401000977
0.013804912567138672
0.009684085845947266
0.009651899337768555
0.013054847717285156
0.012630701065063477
0.013228893280029297
0.006480693817138672
0.0077877044677734375
0.011243343353271484
0.008237361907958984
0.005467653274536133
0.022363662719726562
0.0076863765716552734
0.00800776481628418
0.02514195442199707
0.0076334476470947266
0.01588296890258789
0.00574493408203125
0.008844852447509766
0.010354042053222656
0.010716915130615234
