0.03708076477050781
0.2514162063598633
0.31375908851623535
0.1833188533782959
0.05811452865600586
0.09231162071228027
0.11728262901306152
0.14027643203735352
0.09915637969970703
0.21428680419921875
0.11777377128601074
0.006628513336181641
0.15846467018127441
0.08012676239013672
0.17828941345214844
0.30268168449401855
0.2810020446777344
0.36772751808166504
0.1999955177307129
0.18350481986999512
0.21187782287597656
0.19516897201538086
0.24680733680725098
0.1426229476928711
0.16207027435302734
0.07668161392211914
0.06376004219055176
0.15940237045288086
0.2751200199127197
0.32005786895751953
0.1054379940032959
0.0929415225982666
0.17845773696899414
0.17700672149658203
0.2230391502380371
0.11746001243591309
0.09267258644104004
0.2198479175567627
0.16254639625549316
0.14914846420288086
0.18980026245117188
0.25127315521240234
0.3036384582519531
0.09903860092163086
0.0168154239654541
0.16544771194458008
0.19806337356567383
0.04532217979431152
0.09830427169799805
0.29282164573669434
0.12249207496643066
0.10039663314819336
0.252946138381958
0.23231911659240723
0.20018959045410156
0.1482689380645752
0.17575931549072266
0.14725160598754883
0.22308850288391113
0.176177978515625
0.1690056324005127
0.24007844924926758
0.17406320571899414
0.17954611778259277
0.09067201614379883
0.10587644577026367
0.15848970413208008
0.11749458312988281
0.07659029960632324
0.29541587829589844
0.10635757446289062
0.1007382869720459
0.3499763011932373
0.0998685359954834
0.2114241123199463
0.08768033981323242
0.12246322631835938
0.14418935775756836
0.13874602317810059
