0.07628488540649414
0.10910367965698242
0.13657927513122559
0.09955024719238281
0.07323527336120605
0.14188218116760254
0.07599472999572754
0.04198741912841797
0.12948894500732422
0.06852102279663086
0.07879114151000977
0.12474942207336426
0.13197946548461914
0.07039928436279297
0.1521587371826172
0.16055035591125488
0.10144186019897461
0.10777735710144043
0.12462782859802246
0.06662201881408691
0.06380772590637207
0.06964588165283203
0.07529711723327637
0.10536670684814453
0.11153793334960938
0.06445050239562988
0.13364624977111816
0.07483768463134766
0.05092215538024902
0.09734654426574707
0.09156179428100586
0.05695056915283203
0.05781698226928711
0.08181190490722656
0.07497954368591309
0.08497190475463867
0.11563944816589355
0.07381939888000488
0.048398733139038086
0.01980876922607422
0.1104733943939209
0.019719362258911133
0.10304641723632812
0.15009284019470215
0.14781427383422852
0.10686159133911133
0.08610820770263672
