0.0003299713134765625
0.005311012268066406
3.8623809814453125e-05
0.0002758502960205078
0.00044035911560058594
0.09642338752746582
5.507469177246094e-05
0.00018644332885742188
4.267692565917969e-05
0.00040984153747558594
0.00018906593322753906
4.458427429199219e-05
6.175041198730469e-05
0.00016117095947265625
0.0004248619079589844
4.935264587402344e-05
7.2479248046875e-05
5.91278076171875e-05
4.792213439941406e-05
0.00032138824462890625
0.0001087188720703125
0.00019025802612304688
4.124641418457031e-05
3.695487976074219e-05
6.127357482910156e-05
6.866455078125e-05
0.0007545948028564453
4.410743713378906e-05
6.508827209472656e-05
4.0531158447265625e-05
8.463859558105469e-05
0.0007081031799316406
0.00011944770812988281
0.00012230873107910156
4.649162292480469e-05
0.0010180473327636719
7.05718994140625e-05
0.01993560791015625
0.00014472007751464844
0.00014209747314453125
0.0026786327362060547
0.0001163482666015625
4.124641418457031e-05
0.01597285270690918
0.0003173351287841797
3.8623809814453125e-05
7.414817810058594e-05
4.5299530029296875e-05
0.0026869773864746094
0.002321958541870117
0.0006036758422851562
5.221366882324219e-05
0.00017118453979492188
2.8848648071289062e-05
0.002764463424682617
6.270408630371094e-05
0.002355813980102539
6.890296936035156e-05
