0.003903627395629883
0.025702953338623047
0.03307843208312988
0.020404338836669922
0.006062746047973633
0.008997440338134766
0.011482000350952148
0.014002799987792969
0.01245570182800293
0.024308443069458008
0.01231837272644043
0.0002684593200683594
0.014756441116333008
0.007554054260253906
0.016763687133789062
0.028438091278076172
0.030304908752441406
0.034090518951416016
0.024827241897583008
0.023598432540893555
0.02782154083251953
0.02417612075805664
0.03248167037963867
0.01789116859436035
0.020650148391723633
0.008029460906982422
0.0074367523193359375
0.019017934799194336
0.03520321846008301
0.040932655334472656
0.01281428337097168
0.010842084884643555
0.021144866943359375
0.02310967445373535
0.025896549224853516
0.013928651809692383
0.00982522964477539
0.02281975746154785
0.01594400405883789
0.014284133911132812
0.018680095672607422
0.024670124053955078
0.035971641540527344
0.00993800163269043
0.0011532306671142578
0.016159534454345703
0.01970219612121582
0.004115104675292969
0.00934600830078125
0.0288543701171875
0.011632442474365234
0.009527206420898438
0.023565053939819336
0.020119190216064453
0.01843404769897461
0.012957572937011719
0.020720243453979492
0.016837120056152344
0.023503541946411133
0.016788959503173828
0.01601862907409668
0.022499799728393555
0.02167963981628418
0.022780895233154297
0.011059284210205078
0.013068914413452148
0.019660472869873047
0.014112234115600586
0.009262561798095703
0.03128957748413086
0.010942697525024414
0.009638071060180664
0.03515148162841797
0.00962972640991211
0.02129387855529785
0.008966922760009766
0.011733770370483398
0.014127969741821289
0.013633489608764648
