0.1709306240081787
0.337646484375
0.17166709899902344
0.2559351921081543
0.1325361728668213
0.3920302391052246
0.21545958518981934
0.32654809951782227
0.07875752449035645
0.1703488826751709
0.2972095012664795
0.20531272888183594
0.09159398078918457
0.12969136238098145
0.18590211868286133
0.21433758735656738
0.1864299774169922
0.22245454788208008
0.10399198532104492
0.09717392921447754
0.4250943660736084
0.12476587295532227
0.16077589988708496
0.09477782249450684
0.1520528793334961
0.29608869552612305
0.16962671279907227
0.09859347343444824
0.3523709774017334
0.282848596572876
0.2123570442199707
0.17038273811340332
0.25960302352905273
