2.6486573219299316
3.42197847366333
2.953073740005493
3.5082216262817383
2.6466948986053467
2.990492820739746
3.2869772911071777
2.8456172943115234
3.458754301071167
3.4914753437042236
2.7208268642425537
3.5413296222686768
2.6924660205841064
3.290367841720581
3.090252161026001
2.6736526489257812
3.3037896156311035
2.8082592487335205
2.4277937412261963
3.828885316848755
3.4411942958831787
2.824481725692749
2.9939966201782227
2.9975638389587402
2.9672622680664062
3.035681962966919
3.4834537506103516
2.5689640045166016
3.0341317653656006
2.5348153114318848
3.3264787197113037
3.2574288845062256
2.3088390827178955
