0.5177240371704102
0.15495562553405762
0.33345937728881836
0.0756688117980957
0.3433113098144531
0.4176788330078125
0.3750159740447998
0.6639175415039062
0.5221292972564697
0.41730833053588867
0.6883194446563721
0.9579160213470459
0.24428844451904297
0.20804738998413086
0.41295456886291504
0.20990538597106934
0.1191093921661377
1.0453388690948486
0.5846338272094727
1.0281763076782227
0.504997968673706
0.3842170238494873
0.4672081470489502
0.7252597808837891
0.2875790596008301
0.37482714653015137
0.915398359298706
0.2292332649230957
0.33396124839782715
0.6418490409851074
0.9117722511291504
0.515906810760498
0.7195425033569336
0.359372615814209
0.2890660762786865
0.2620656490325928
0.6014480590820312
0.46637821197509766
0.5292103290557861
0.6141567230224609
0.04881477355957031
