0.240586519241333
0.13804411888122559
0.0461883544921875
0.18012595176696777
0.18721461296081543
0.09926509857177734
0.1213674545288086
0.0669553279876709
0.08707332611083984
0.26701855659484863
0.1201319694519043
0.21689081192016602
0.3187568187713623
0.28954267501831055
0.1391432285308838
0.10288357734680176
0.058799028396606445
0.10507798194885254
0.2360987663269043
0.11714577674865723
0.08330011367797852
0.22394275665283203
0.10717225074768066
0.10836982727050781
0.07329225540161133
0.08398628234863281
0.2745246887207031
0.16211962699890137
0.11303305625915527
0.13306021690368652
0.24836301803588867
0.17419815063476562
0.06966686248779297
0.21608185768127441
0.11581969261169434
0.08635091781616211
0.28514862060546875
