7.82012939453125e-05
0.0002384185791015625
3.5762786865234375e-05
5.364418029785156e-05
0.00014281272888183594
0.00010085105895996094
0.00016641616821289062
0.01117086410522461
0.08549308776855469
6.389617919921875e-05
0.00020599365234375
0.0001461505889892578
4.506111145019531e-05
5.340576171875e-05
0.00014162063598632812
0.0005064010620117188
6.222724914550781e-05
0.0001475811004638672
0.00036025047302246094
0.00012254714965820312
0.0002498626708984375
4.553794860839844e-05
0.0007352828979492188
0.002869129180908203
0.008121252059936523
0.0014543533325195312
4.291534423828125e-05
0.0001499652862548828
0.002718687057495117
0.0007505416870117188
0.00019979476928710938
0.0002262592315673828
0.0976862907409668
0.00015664100646972656
0.0016908645629882812
0.0008230209350585938
2.9802322387695312e-05
