0.1559007167816162
0.04349064826965332
0.10729146003723145
0.021302223205566406
0.10226154327392578
0.1268622875213623
0.11928915977478027
0.2692227363586426
0.18029189109802246
0.11762762069702148
0.19838833808898926
0.27112603187561035
0.0642087459564209
0.05701446533203125
0.1123967170715332
0.05257439613342285
0.024364709854125977
0.2325749397277832
0.1589367389678955
0.2604210376739502
0.15012335777282715
0.118927001953125
0.13825702667236328
0.18117976188659668
0.07517600059509277
0.08443832397460938
0.21213603019714355
0.06570816040039062
0.07388830184936523
0.15753173828125
0.19357013702392578
0.1193382740020752
0.16707539558410645
0.10124325752258301
0.08183693885803223
0.06763815879821777
0.17219042778015137
0.12482833862304688
0.13563156127929688
0.13695859909057617
0.012894630432128906
