0.0002300739288330078
8.535385131835938e-05
0.0002789497375488281
4.792213439941406e-05
0.0003364086151123047
0.00031113624572753906
0.0003705024719238281
5.3882598876953125e-05
4.3392181396484375e-05
0.0004038810729980469
0.0002295970916748047
5.745887756347656e-05
0.011101484298706055
0.018450021743774414
0.0002193450927734375
0.026046276092529297
4.863739013671875e-05
7.2479248046875e-05
0.00011515617370605469
0.0001518726348876953
0.0002079010009765625
0.0001354217529296875
5.125999450683594e-05
6.151199340820312e-05
0.00029754638671875
0.0011878013610839844
5.1975250244140625e-05
0.03477740287780762
4.887580871582031e-05
9.870529174804688e-05
0.00019121170043945312
5.6743621826171875e-05
0.00018358230590820312
0.00020360946655273438
0.0030965805053710938
0.00011730194091796875
5.030632019042969e-05
0.00028967857360839844
0.000148773193359375
0.000240325927734375
8.0108642578125e-05
