0.0005686283111572266
0.00044035911560058594
0.0005424022674560547
0.00019478797912597656
0.00048065185546875
0.0004398822784423828
0.00039076805114746094
0.0004944801330566406
0.0002646446228027344
0.0006470680236816406
0.00014090538024902344
0.00033664703369140625
0.00010704994201660156
0.00034046173095703125
0.00011706352233886719
0.000457763671875
0.0002562999725341797
0.00036525726318359375
0.0002770423889160156
0.0005972385406494141
0.00026798248291015625
0.00027632713317871094
0.0002033710479736328
0.00043272972106933594
0.0002651214599609375
0.00041484832763671875
0.0003311634063720703
2.384185791015625e-05
0.00042057037353515625
0.0001964569091796875
0.0003197193145751953
0.0004410743713378906
0.0006287097930908203
0.0002720355987548828
0.0003216266632080078
0.0002665519714355469
0.0003559589385986328
0.00012540817260742188
0.0003528594970703125
0.00039577484130859375
0.0002422332763671875
0.0005323886871337891
0.00014543533325195312
0.0003635883331298828
0.00038361549377441406
0.0002853870391845703
0.0003898143768310547
0.0003674030303955078
0.0004239082336425781
0.00043487548828125
0.00019049644470214844
0.0004546642303466797
0.00031638145446777344
0.00011324882507324219
0.0003292560577392578
0.0002810955047607422
0.0004730224609375
0.0005996227264404297
0.0003802776336669922
0.0004336833953857422
0.00037026405334472656
0.00029659271240234375
0.0005102157592773438
0.0004627704620361328
0.0002570152282714844
0.00016760826110839844
0.00041103363037109375
0.0001461505889892578
0.0005576610565185547
0.00014710426330566406
0.00041365623474121094
0.00041174888610839844
0.000331878662109375
0.0004069805145263672
0.00031685829162597656
0.00030875205993652344
0.0004458427429199219
0.0004429817199707031
0.0004870891571044922
0.0003209114074707031
0.0005283355712890625
0.00014543533325195312
0.0005314350128173828
0.0007205009460449219
0.0005669593811035156
6.914138793945312e-05
0.0005419254302978516
0.000736236572265625
0.00028967857360839844
0.00024700164794921875
0.00044345855712890625
0.0005385875701904297
0.00034356117248535156
0.0007119178771972656
0.0003879070281982422
0.00020551681518554688
0.0006160736083984375
0.00072479248046875
0.0005495548248291016
0.0007560253143310547
0.000362396240234375
0.0004010200500488281
0.0004775524139404297
0.0004074573516845703
0.0007488727569580078
0.00022339820861816406
0.0004703998565673828
0.000156402587890625
0.0005450248718261719
0.0005340576171875
0.0003559589385986328
0.0003905296325683594
2.0503997802734375e-05
0.0003380775451660156
0.00028586387634277344
0.0005269050598144531
0.00033974647521972656
0.00039386749267578125
0.00021791458129882812
0.00024247169494628906
0.0004010200500488281
0.00015306472778320312
0.0004885196685791016
0.00015878677368164062
0.0005383491516113281
9.369850158691406e-05
0.0003662109375
0.0002224445343017578
0.00025582313537597656
0.0002346038818359375
0.0002448558807373047
0.00039839744567871094
0.00030684471130371094
0.00041294097900390625
0.0006136894226074219
0.0003056526184082031
0.00026798248291015625
0.0002810955047607422
0.0004954338073730469
0.0003211498260498047
0.00041937828063964844
0.00036454200744628906
0.0002753734588623047
0.0005574226379394531
0.0004105567932128906
0.0003807544708251953
0.0003566741943359375
0.000308990478515625
0.0005192756652832031
0.0007817745208740234
0.0003752708435058594
0.0003688335418701172
0.0003476142883300781
0.00029850006103515625
0.0003032684326171875
0.0002872943878173828
0.00030922889709472656
0.00022673606872558594
0.0005512237548828125
0.0002830028533935547
0.00047516822814941406
0.00022649765014648438
0.000640869140625
0.00034809112548828125
0.0003509521484375
5.888938903808594e-05
0.00045418739318847656
0.0003497600555419922
0.0003612041473388672
1.7642974853515625e-05
0.00037789344787597656
0.0003638267517089844
0.0005900859832763672
0.00041794776916503906
0.00032711029052734375
0.0003924369812011719
0.0003104209899902344
0.00033736228942871094
0.0003573894500732422
0.0002968311309814453
0.0002872943878173828
0.0003414154052734375
0.00037550926208496094
8.463859558105469e-05
0.0004372596740722656
0.00048232078552246094
0.00022125244140625
1.8835067749023438e-05
0.0003323554992675781
0.0003330707550048828
0.0002999305725097656
0.00045371055603027344
0.0003504753112792969
0.000400543212890625
0.0005857944488525391
0.00019502639770507812
0.0003771781921386719
0.0002315044403076172
0.00020837783813476562
0.000408172607421875
0.00036835670471191406
0.0005707740783691406
0.0002841949462890625
0.00026702880859375
0.00020837783813476562
0.00013685226440429688
0.0003566741943359375
0.00029277801513671875
0.00036144256591796875
0.0002655982971191406
0.00032711029052734375
0.0002770423889160156
0.0002853870391845703
0.0003008842468261719
0.0002448558807373047
0.0003643035888671875
0.0002009868621826172
0.0003676414489746094
0.0006744861602783203
0.0002655982971191406
0.0003495216369628906
0.0002529621124267578
0.0004019737243652344
0.0002567768096923828
0.0003020763397216797
0.00021529197692871094
0.000377655029296875
0.00036907196044921875
0.00020623207092285156
0.0002732276916503906
0.00039768218994140625
0.00032210350036621094
0.000362396240234375
0.0002675056457519531
0.00011444091796875
0.0005781650543212891
0.0004017353057861328
0.00043892860412597656
0.00032019615173339844
0.0002779960632324219
0.00033354759216308594
0.0003044605255126953
0.00018167495727539062
0.0004470348358154297
0.0002384185791015625
0.00032520294189453125
0.0003209114074707031
0.0005116462707519531
0.00015425682067871094
0.0002455711364746094
0.00039958953857421875
0.0002512931823730469
0.0003979206085205078
0.00041413307189941406
0.00035881996154785156
0.00045609474182128906
0.0003237724304199219
0.00010895729064941406
0.0003142356872558594
0.0002942085266113281
0.00041484832763671875
0.0002999305725097656
0.0003619194030761719
5.245208740234375e-05
0.0004246234893798828
6.699562072753906e-05
0.0003218650817871094
0.00023937225341796875
0.0003504753112792969
0.00013780593872070312
0.0003528594970703125
9.250640869140625e-05
0.0001277923583984375
0.0001862049102783203
0.00032138824462890625
0.00015091896057128906
0.000194549560546875
0.0003707408905029297
0.00040221214294433594
6.961822509765625e-05
0.00013446807861328125
0.0004818439483642578
9.870529174804688e-05
0.0005140304565429688
0.0004947185516357422
0.0003173351287841797
0.00011014938354492188
0.00019049644470214844
0.00011277198791503906
0.0004210472106933594
0.00048422813415527344
0.00015354156494140625
0.00030422210693359375
0.0009019374847412109
9.417533874511719e-05
0.0005905628204345703
0.00033283233642578125
0.0002727508544921875
0.000476837158203125
0.0007600784301757812
0.0010538101196289062
0.0007636547088623047
0.0002887248992919922
0.0003008842468261719
0.00040912628173828125
0.0008375644683837891
0.0003445148468017578
0.0002732276916503906
0.0006377696990966797
0.0019180774688720703
0.0002639293670654297
0.00036835670471191406
0.0004088878631591797
0.0003199577331542969
0.00024890899658203125
0.00033783912658691406
0.0004165172576904297
0.0003848075866699219
0.00025653839111328125
0.00034999847412109375
0.0002315044403076172
0.0003483295440673828
0.0004444122314453125
0.0001227855682373047
0.0004944801330566406
0.00045037269592285156
0.0004107952117919922
0.00039124488830566406
0.00038909912109375
0.0003216266632080078
0.0002675056457519531
0.00022864341735839844
0.0002529621124267578
0.00026416778564453125
0.0004565715789794922
0.000408172607421875
0.0004494190216064453
0.0002765655517578125
0.0001304149627685547
0.0004940032958984375
0.0004360675811767578
0.0006153583526611328
0.0006978511810302734
0.0001990795135498047
0.0005097389221191406
0.0004105567932128906
0.00034356117248535156
0.00030040740966796875
0.0003380775451660156
0.0002751350402832031
1.7881393432617188e-05
0.0004062652587890625
0.000118255615234375
0.00031280517578125
2.3126602172851562e-05
3.504753112792969e-05
0.00045013427734375
0.0003914833068847656
2.384185791015625e-05
0.0004589557647705078
0.00022554397583007812
0.0003371238708496094
0.0003848075866699219
0.00037741661071777344
0.00035309791564941406
0.0003571510314941406
0.0002796649932861328
0.0006663799285888672
0.0001513957977294922
0.0002942085266113281
0.0004382133483886719
5.91278076171875e-05
0.0002751350402832031
0.00024819374084472656
0.00026988983154296875
0.0002722740173339844
0.000324249267578125
0.00046753883361816406
0.0002720355987548828
0.00024890899658203125
0.00033926963806152344
0.00022172927856445312
0.0003490447998046875
0.00035691261291503906
0.000637054443359375
0.00031375885009765625
0.0002770423889160156
0.0003876686096191406
0.0002644062042236328
0.0003123283386230469
0.00029754638671875
0.0003287792205810547
0.0004241466522216797
0.00041604042053222656
0.0003910064697265625
0.0003273487091064453
0.0002677440643310547
0.0003910064697265625
0.00029850006103515625
3.24249267578125e-05
0.00048422813415527344
0.00040221214294433594
0.00039386749267578125
0.00030994415283203125
0.0001442432403564453
0.0006549358367919922
0.00031685829162597656
0.0004391670227050781
0.0003368854522705078
0.0003571510314941406
0.0002899169921875
0.00016927719116210938
0.0003285408020019531
0.0002911090850830078
0.00043392181396484375
0.0006597042083740234
0.0004878044128417969
0.00018596649169921875
0.00015401840209960938
0.0002315044403076172
0.0003902912139892578
0.0003058910369873047
0.0003609657287597656
0.00019598007202148438
0.00038909912109375
0.0004875659942626953
0.0002913475036621094
0.00018739700317382812
0.00035691261291503906
0.0003097057342529297
0.00038504600524902344
0.0002956390380859375
0.0002987384796142578
0.00025081634521484375
0.00033211708068847656
0.00033283233642578125
0.0003502368927001953
0.00031876564025878906
0.00018334388732910156
0.0003795623779296875
0.00045943260192871094
0.00015664100646972656
0.0003180503845214844
0.0005276203155517578
0.00023412704467773438
0.00025010108947753906
0.000301361083984375
0.0003814697265625
0.00026798248291015625
0.00045013427734375
0.0003256797790527344
0.00024962425231933594
0.00029754638671875
0.0001773834228515625
0.0004582405090332031
0.0003330707550048828
0.0004687309265136719
0.0004432201385498047
0.0004305839538574219
0.0002694129943847656
8.749961853027344e-05
0.0002522468566894531
0.00031566619873046875
0.00023674964904785156
0.0004658699035644531
0.00022745132446289062
0.00032901763916015625
0.00023603439331054688
0.000274658203125
0.00035452842712402344
0.00021958351135253906
0.00025582313537597656
0.000579833984375
0.0005590915679931641
0.00030517578125
9.489059448242188e-05
0.0004634857177734375
0.00032067298889160156
0.0003662109375
0.0002090930938720703
0.0003032684326171875
0.00019860267639160156
0.00035691261291503906
0.0003199577331542969
8.988380432128906e-05
0.00027632713317871094
0.00030231475830078125
0.00029277801513671875
0.0003452301025390625
0.0005791187286376953
0.00045013427734375
0.0005769729614257812
0.00022554397583007812
0.00039505958557128906
0.0002486705780029297
0.0003809928894042969
0.0002994537353515625
0.00016570091247558594
0.0005896091461181641
0.0003216266632080078
0.0004203319549560547
0.0001876354217529297
0.00034809112548828125
0.00011658668518066406
0.00022649765014648438
0.000286102294921875
0.00043272972106933594
0.0003955364227294922
0.00028896331787109375
4.172325134277344e-05
0.00036835670471191406
0.0005033016204833984
0.0002181529998779297
0.00014925003051757812
6.651878356933594e-05
0.0002434253692626953
0.000408172607421875
0.0003437995910644531
0.0002384185791015625
0.00035881996154785156
0.0003654956817626953
0.00016951560974121094
0.0002903938293457031
0.00039696693420410156
0.0003979206085205078
0.00040411949157714844
0.0004241466522216797
0.00033545494079589844
0.0002617835998535156
0.00013017654418945312
0.000244140625
0.0003483295440673828
0.0003218650817871094
0.0002722740173339844
0.0003719329833984375
0.0002923011779785156
4.410743713378906e-05
9.202957153320312e-05
0.0001773834228515625
0.0003173351287841797
0.000469207763671875
0.00030732154846191406
0.0004982948303222656
0.00018739700317382812
0.0003256797790527344
0.0003707408905029297
0.00029015541076660156
0.0002377033233642578
0.0003612041473388672
4.649162292480469e-05
0.0003387928009033203
2.765655517578125e-05
0.0003120899200439453
0.0002608299255371094
0.00021910667419433594
0.00026679039001464844
0.000415802001953125
0.0003139972686767578
0.0004928112030029297
0.0003752708435058594
0.0005762577056884766
0.0003120899200439453
0.0001804828643798828
0.00043010711669921875
0.0003223419189453125
0.0002684593200683594
0.0004513263702392578
0.0003075599670410156
0.00035762786865234375
0.0002837181091308594
0.0002512931823730469
0.00028634071350097656
0.00028204917907714844
0.0004563331604003906
0.00025153160095214844
0.0006837844848632812
0.00034737586975097656
0.0004343986511230469
0.00042128562927246094
0.00044035911560058594
0.00020647048950195312
0.00025391578674316406
0.00027108192443847656
0.00039005279541015625
0.0004909038543701172
0.00026988983154296875
0.0004379749298095703
0.0001933574676513672
0.00025653839111328125
0.000270843505859375
0.0002906322479248047
0.0002932548522949219
0.000400543212890625
0.00028777122497558594
0.00027751922607421875
0.00027561187744140625
0.0001583099365234375
0.00044274330139160156
0.0006124973297119141
0.00025963783264160156
0.0007648468017578125
0.00014543533325195312
0.00040531158447265625
0.0004711151123046875
0.0003437995910644531
0.0002803802490234375
0.0003509521484375
0.0003542900085449219
0.0001971721649169922
0.0002028942108154297
0.00040650367736816406
0.0003311634063720703
0.00038623809814453125
0.0002396106719970703
0.00034737586975097656
0.00030684471130371094
0.0003466606140136719
0.0004115104675292969
0.0007081031799316406
0.0003247261047363281
0.00033020973205566406
0.00037288665771484375
0.00043010711669921875
0.00034117698669433594
0.0003604888916015625
0.00033354759216308594
0.0004990100860595703
0.0004165172576904297
0.0006492137908935547
0.0003046989440917969
0.0004792213439941406
0.00023245811462402344
0.00021910667419433594
0.00022077560424804688
0.0002636909484863281
7.510185241699219e-05
9.679794311523438e-05
0.0003528594970703125
0.0002224445343017578
0.00033545494079589844
0.00021839141845703125
4.7206878662109375e-05
0.0004830360412597656
0.00041604042053222656
0.0002791881561279297
0.0003578662872314453
0.00031065940856933594
6.365776062011719e-05
1.4781951904296875e-05
0.0001399517059326172
0.00035381317138671875
0.00030922889709472656
0.0001895427703857422
0.00041604042053222656
0.00020503997802734375
0.0005128383636474609
0.00039887428283691406
0.0005855560302734375
0.00025963783264160156
1.71661376953125e-05
0.0003783702850341797
0.00040650367736816406
0.0003337860107421875
0.00045561790466308594
0.0003643035888671875
0.0002052783966064453
0.00038433074951171875
0.00035381317138671875
0.00021314620971679688
0.0003666877746582031
0.0005700588226318359
0.00037789344787597656
0.0005211830139160156
0.00035881996154785156
0.0002968311309814453
0.00013017654418945312
0.0003490447998046875
0.000270843505859375
0.0006613731384277344
0.0005853176116943359
0.0002002716064453125
0.0004904270172119141
0.0003559589385986328
0.0003077983856201172
0.0006318092346191406
0.00033283233642578125
0.0003192424774169922
0.0004582405090332031
0.0003674030303955078
0.00034737586975097656
0.0002684593200683594
0.0002567768096923828
0.0005049705505371094
0.0002491474151611328
0.00017690658569335938
0.0003387928009033203
0.0005545616149902344
0.0005769729614257812
0.0003001689910888672
7.534027099609375e-05
0.0004086494445800781
0.0002682209014892578
0.0003693103790283203
0.0004031658172607422
0.0005993843078613281
0.00046181678771972656
0.00033211708068847656
0.0003104209899902344
0.0005612373352050781
0.00046181678771972656
0.00044417381286621094
0.0003039836883544922
0.0001087188720703125
0.0003669261932373047
0.00030612945556640625
0.00027561187744140625
0.00047469139099121094
0.00039315223693847656
0.0003256797790527344
9.512901306152344e-05
0.0002498626708984375
0.0005664825439453125
0.00016617774963378906
0.00027871131896972656
0.0004277229309082031
0.0003266334533691406
0.00026702880859375
0.0002987384796142578
0.00034308433532714844
0.00025582313537597656
8.916854858398438e-05
0.00032329559326171875
0.0003437995910644531
0.0002357959747314453
0.00021886825561523438
0.00024437904357910156
0.00029468536376953125
0.00022268295288085938
0.00033545494079589844
0.00026035308837890625
0.0003440380096435547
6.771087646484375e-05
0.00014400482177734375
0.0007464885711669922
0.0001347064971923828
0.00013589859008789062
0.0005364418029785156
0.00014901161193847656
0.0002486705780029297
0.0004723072052001953
0.00038242340087890625
0.00031256675720214844
0.00022411346435546875
0.00044465065002441406
0.0006418228149414062
0.0002694129943847656
0.0002605915069580078
0.0002512931823730469
0.00021195411682128906
0.00029730796813964844
0.0003504753112792969
0.00034308433532714844
0.0002872943878173828
0.0004153251647949219
0.0003693103790283203
0.0002815723419189453
0.00021338462829589844
0.00038433074951171875
0.0002892017364501953
0.0002410411834716797
0.0003757476806640625
0.0002627372741699219
0.0001316070556640625
0.0001983642578125
0.0003199577331542969
0.0003819465637207031
0.00038242340087890625
0.0003066062927246094
0.00036454200744628906
0.00032448768615722656
0.00019025802612304688
0.00022554397583007812
0.00070953369140625
0.0003650188446044922
0.0002315044403076172
0.0004379749298095703
0.0002970695495605469
0.00016379356384277344
0.0004112720489501953
0.0003681182861328125
0.0005035400390625
0.0003104209899902344
0.00047206878662109375
0.0003197193145751953
0.00025582313537597656
0.00030040740966796875
0.00025343894958496094
0.00018978118896484375
0.0002181529998779297
0.00049591064453125
0.00025391578674316406
0.00026917457580566406
0.0006258487701416016
1.6689300537109375e-05
0.0005588531494140625
0.0003826618194580078
0.00024127960205078125
0.0006327629089355469
0.00033736228942871094
0.00024890899658203125
0.0002865791320800781
0.00038743019104003906
0.00037288665771484375
4.792213439941406e-05
0.00027179718017578125
0.00032138824462890625
0.000156402587890625
0.00027871131896972656
0.0002589225769042969
0.0004024505615234375
0.0003921985626220703
0.0003421306610107422
0.0002810955047607422
0.00026869773864746094
0.0003724098205566406
0.00022125244140625
0.00028586387634277344
0.0003409385681152344
0.00020623207092285156
0.00044798851013183594
0.00038743019104003906
0.000347137451171875
0.00026345252990722656
0.0004177093505859375
0.00034999847412109375
0.0003247261047363281
0.00032329559326171875
0.000324249267578125
0.0002532005310058594
9.846687316894531e-05
0.00041794776916503906
0.0002868175506591797
0.0006122589111328125
0.00028204917907714844
0.0002288818359375
0.00044798851013183594
0.0005178451538085938
0.0002791881561279297
0.0003566741943359375
0.00044226646423339844
0.0003142356872558594
0.0004189014434814453
0.0003714561462402344
0.0002791881561279297
0.00020074844360351562
0.0002739429473876953
0.00031685829162597656
0.0002722740173339844
0.000293731689453125
0.0003383159637451172
0.00020265579223632812
0.0004930496215820312
0.000347137451171875
0.0002834796905517578
0.00035381317138671875
0.00018596649169921875
9.775161743164062e-05
5.888938903808594e-05
0.00044226646423339844
0.0007047653198242188
0.0002484321594238281
0.0003390312194824219
0.00012636184692382812
0.00026297569274902344
0.0005810260772705078
0.0005393028259277344
0.00031113624572753906
0.0002925395965576172
0.00018143653869628906
0.00018477439880371094
0.0002589225769042969
0.00022840499877929688
0.00039505958557128906
0.00039458274841308594
5.0067901611328125e-05
0.0001068115234375
0.0002524852752685547
0.0002288818359375
0.0006544589996337891
0.0004980564117431641
0.0004220008850097656
0.00034308433532714844
0.0003437995910644531
0.0001590251922607422
0.00032901763916015625
0.0002155303955078125
0.00019359588623046875
0.00028204917907714844
0.0004520416259765625
0.00021266937255859375
0.0002205371856689453
0.00037169456481933594
0.00027871131896972656
4.2438507080078125e-05
0.0003807544708251953
0.00018715858459472656
0.0003116130828857422
0.0004322528839111328
0.0004425048828125
0.0002605915069580078
0.00041866302490234375
0.0003864765167236328
0.0001647472381591797
0.0004265308380126953
0.0004012584686279297
0.00024318695068359375
0.00039505958557128906
0.00040340423583984375
0.0003502368927001953
0.0005197525024414062
0.0004978179931640625
0.0002987384796142578
0.0003139972686767578
0.00021696090698242188
0.0005953311920166016
0.0004911422729492188
0.00038695335388183594
0.0004928112030029297
0.000553131103515625
0.000396728515625
0.0001232624053955078
0.00020003318786621094
0.0005452632904052734
0.00031876564025878906
0.0006518363952636719
0.00020837783813476562
0.0002818107604980469
1.71661376953125e-05
0.0002911090850830078
0.0003628730773925781
0.0003955364227294922
0.00036072731018066406
0.0002751350402832031
0.0004413127899169922
2.6941299438476562e-05
0.0006978511810302734
4.8160552978515625e-05
0.00020742416381835938
0.0008459091186523438
0.00033164024353027344
0.0006520748138427734
0.0003688335418701172
0.0003566741943359375
0.0002849102020263672
