2.4557113647460938e-05
6.198883056640625e-06
5.0067901611328125e-06
4.5299530029296875e-06
4.5299530029296875e-06
4.5299530029296875e-06
4.5299530029296875e-06
5.0067901611328125e-06
4.0531158447265625e-06
4.5299530029296875e-06
6.198883056640625e-06
5.245208740234375e-06
5.0067901611328125e-06
4.5299530029296875e-06
4.291534423828125e-06
4.76837158203125e-06
4.291534423828125e-06
4.76837158203125e-06
4.0531158447265625e-06
4.76837158203125e-06
5.245208740234375e-06
4.76837158203125e-06
4.5299530029296875e-06
4.5299530029296875e-06
1.239776611328125e-05
5.9604644775390625e-06
4.291534423828125e-06
4.291534423828125e-06
4.5299530029296875e-06
4.0531158447265625e-06
5.245208740234375e-06
4.5299530029296875e-06
4.0531158447265625e-06
4.5299530029296875e-06
4.5299530029296875e-06
4.0531158447265625e-06
4.291534423828125e-06
4.0531158447265625e-06
4.5299530029296875e-06
4.291534423828125e-06
5.0067901611328125e-06
4.5299530029296875e-06
4.291534423828125e-06
4.291534423828125e-06
4.0531158447265625e-06
4.291534423828125e-06
4.291534423828125e-06
4.5299530029296875e-06
4.291534423828125e-06
4.0531158447265625e-06
1.0728836059570312e-05
5.7220458984375e-06
5.0067901611328125e-06
4.5299530029296875e-06
4.291534423828125e-06
4.291534423828125e-06
4.5299530029296875e-06
4.0531158447265625e-06
4.291534423828125e-06
4.291534423828125e-06
5.4836273193359375e-06
4.291534423828125e-06
3.814697265625e-06
4.291534423828125e-06
4.291534423828125e-06
4.5299530029296875e-06
4.0531158447265625e-06
4.0531158447265625e-06
4.0531158447265625e-06
4.291534423828125e-06
5.245208740234375e-06
4.291534423828125e-06
4.0531158447265625e-06
4.5299530029296875e-06
4.0531158447265625e-06
4.291534423828125e-06
4.0531158447265625e-06
4.291534423828125e-06
4.291534423828125e-06
4.0531158447265625e-06
4.5299530029296875e-06
4.0531158447265625e-06
4.0531158447265625e-06
4.0531158447265625e-06
4.0531158447265625e-06
4.0531158447265625e-06
4.291534423828125e-06
4.0531158447265625e-06
4.0531158447265625e-06
4.291534423828125e-06
4.76837158203125e-06
4.291534423828125e-06
4.0531158447265625e-06
4.291534423828125e-06
4.76837158203125e-06
4.0531158447265625e-06
4.0531158447265625e-06
4.0531158447265625e-06
4.5299530029296875e-06
4.0531158447265625e-06
4.291534423828125e-06
4.291534423828125e-06
4.291534423828125e-06
4.291534423828125e-06
4.291534423828125e-06
4.0531158447265625e-06
4.291534423828125e-06
4.291534423828125e-06
4.5299530029296875e-06
4.0531158447265625e-06
4.76837158203125e-06
4.5299530029296875e-06
4.76837158203125e-06
4.76837158203125e-06
4.291534423828125e-06
4.0531158447265625e-06
4.291534423828125e-06
4.0531158447265625e-06
4.5299530029296875e-06
4.291534423828125e-06
5.4836273193359375e-06
4.0531158447265625e-06
4.0531158447265625e-06
4.0531158447265625e-06
4.291534423828125e-06
4.0531158447265625e-06
4.291534423828125e-06
4.0531158447265625e-06
4.291534423828125e-06
3.814697265625e-06
5.0067901611328125e-06
4.291534423828125e-06
4.291534423828125e-06
4.5299530029296875e-06
4.0531158447265625e-06
4.0531158447265625e-06
4.291534423828125e-06
4.76837158203125e-06
4.291534423828125e-06
3.814697265625e-06
4.5299530029296875e-06
4.5299530029296875e-06
4.291534423828125e-06
3.814697265625e-06
4.291534423828125e-06
3.814697265625e-06
4.0531158447265625e-06
4.0531158447265625e-06
4.5299530029296875e-06
5.0067901611328125e-06
4.5299530029296875e-06
4.0531158447265625e-06
4.76837158203125e-06
4.0531158447265625e-06
3.814697265625e-06
4.291534423828125e-06
4.0531158447265625e-06
4.0531158447265625e-06
4.0531158447265625e-06
4.0531158447265625e-06
4.76837158203125e-06
4.0531158447265625e-06
4.0531158447265625e-06
4.5299530029296875e-06
4.0531158447265625e-06
4.291534423828125e-06
4.5299530029296875e-06
4.291534423828125e-06
4.0531158447265625e-06
4.0531158447265625e-06
4.76837158203125e-06
4.0531158447265625e-06
4.0531158447265625e-06
4.291534423828125e-06
4.0531158447265625e-06
4.0531158447265625e-06
4.5299530029296875e-06
4.291534423828125e-06
4.5299530029296875e-06
4.5299530029296875e-06
4.5299530029296875e-06
4.291534423828125e-06
4.291534423828125e-06
4.291534423828125e-06
4.0531158447265625e-06
4.5299530029296875e-06
4.0531158447265625e-06
4.0531158447265625e-06
4.76837158203125e-06
4.0531158447265625e-06
5.0067901611328125e-06
4.0531158447265625e-06
4.0531158447265625e-06
4.0531158447265625e-06
4.5299530029296875e-06
4.291534423828125e-06
4.291534423828125e-06
4.291534423828125e-06
4.5299530029296875e-06
3.814697265625e-06
4.5299530029296875e-06
4.291534423828125e-06
4.0531158447265625e-06
4.291534423828125e-06
3.814697265625e-06
4.291534423828125e-06
4.291534423828125e-06
4.5299530029296875e-06
3.814697265625e-06
4.5299530029296875e-06
4.76837158203125e-06
4.0531158447265625e-06
4.291534423828125e-06
4.0531158447265625e-06
4.0531158447265625e-06
4.5299530029296875e-06
4.291534423828125e-06
4.0531158447265625e-06
3.814697265625e-06
4.291534423828125e-06
4.76837158203125e-06
4.291534423828125e-06
4.291534423828125e-06
4.0531158447265625e-06
4.0531158447265625e-06
4.0531158447265625e-06
4.5299530029296875e-06
4.291534423828125e-06
4.0531158447265625e-06
4.5299530029296875e-06
4.76837158203125e-06
4.291534423828125e-06
4.0531158447265625e-06
4.5299530029296875e-06
4.0531158447265625e-06
4.291534423828125e-06
4.5299530029296875e-06
4.0531158447265625e-06
4.291534423828125e-06
4.291534423828125e-06
4.76837158203125e-06
4.291534423828125e-06
4.291534423828125e-06
4.0531158447265625e-06
4.291534423828125e-06
4.291534423828125e-06
4.0531158447265625e-06
3.814697265625e-06
4.0531158447265625e-06
4.291534423828125e-06
4.76837158203125e-06
4.5299530029296875e-06
4.0531158447265625e-06
4.291534423828125e-06
4.5299530029296875e-06
4.0531158447265625e-06
4.0531158447265625e-06
4.0531158447265625e-06
4.5299530029296875e-06
4.291534423828125e-06
1.3828277587890625e-05
5.9604644775390625e-06
5.0067901611328125e-06
5.245208740234375e-06
4.291534423828125e-06
4.5299530029296875e-06
4.5299530029296875e-06
4.291534423828125e-06
4.76837158203125e-06
4.5299530029296875e-06
5.245208740234375e-06
4.291534423828125e-06
4.291534423828125e-06
4.291534423828125e-06
4.0531158447265625e-06
4.291534423828125e-06
4.291534423828125e-06
4.291534423828125e-06
4.0531158447265625e-06
4.291534423828125e-06
5.245208740234375e-06
4.0531158447265625e-06
4.0531158447265625e-06
4.291534423828125e-06
4.0531158447265625e-06
4.0531158447265625e-06
4.0531158447265625e-06
4.5299530029296875e-06
3.814697265625e-06
4.291534423828125e-06
5.0067901611328125e-06
4.291534423828125e-06
4.76837158203125e-06
4.0531158447265625e-06
4.0531158447265625e-06
4.0531158447265625e-06
4.291534423828125e-06
4.0531158447265625e-06
4.0531158447265625e-06
3.814697265625e-06
4.291534423828125e-06
4.291534423828125e-06
4.0531158447265625e-06
4.0531158447265625e-06
4.291534423828125e-06
3.814697265625e-06
4.0531158447265625e-06
4.0531158447265625e-06
3.814697265625e-06
3.814697265625e-06
4.5299530029296875e-06
4.5299530029296875e-06
4.5299530029296875e-06
4.0531158447265625e-06
4.0531158447265625e-06
4.5299530029296875e-06
4.5299530029296875e-06
3.814697265625e-06
3.814697265625e-06
4.0531158447265625e-06
4.76837158203125e-06
4.5299530029296875e-06
4.0531158447265625e-06
4.291534423828125e-06
3.814697265625e-06
3.814697265625e-06
4.291534423828125e-06
4.291534423828125e-06
4.0531158447265625e-06
3.814697265625e-06
5.245208740234375e-06
4.291534423828125e-06
4.0531158447265625e-06
4.5299530029296875e-06
4.0531158447265625e-06
4.0531158447265625e-06
4.291534423828125e-06
4.0531158447265625e-06
4.0531158447265625e-06
4.0531158447265625e-06
5.0067901611328125e-06
4.0531158447265625e-06
4.0531158447265625e-06
4.5299530029296875e-06
4.291534423828125e-06
3.814697265625e-06
4.291534423828125e-06
4.0531158447265625e-06
4.0531158447265625e-06
4.0531158447265625e-06
4.5299530029296875e-06
4.291534423828125e-06
3.814697265625e-06
3.814697265625e-06
3.814697265625e-06
3.814697265625e-06
3.814697265625e-06
4.0531158447265625e-06
4.0531158447265625e-06
3.814697265625e-06
4.76837158203125e-06
3.814697265625e-06
3.814697265625e-06
3.814697265625e-06
4.0531158447265625e-06
4.0531158447265625e-06
3.814697265625e-06
3.5762786865234375e-06
3.5762786865234375e-06
4.0531158447265625e-06
7.152557373046875e-06
4.5299530029296875e-06
4.5299530029296875e-06
3.814697265625e-06
4.5299530029296875e-06
4.0531158447265625e-06
4.0531158447265625e-06
4.0531158447265625e-06
3.814697265625e-06
4.291534423828125e-06
4.76837158203125e-06
3.814697265625e-06
3.814697265625e-06
4.291534423828125e-06
3.814697265625e-06
3.814697265625e-06
3.814697265625e-06
3.814697265625e-06
4.0531158447265625e-06
4.0531158447265625e-06
5.0067901611328125e-06
4.0531158447265625e-06
4.0531158447265625e-06
3.814697265625e-06
3.814697265625e-06
3.814697265625e-06
3.814697265625e-06
4.0531158447265625e-06
3.814697265625e-06
4.0531158447265625e-06
4.5299530029296875e-06
4.291534423828125e-06
4.291534423828125e-06
3.814697265625e-06
4.291534423828125e-06
3.814697265625e-06
4.0531158447265625e-06
3.814697265625e-06
4.291534423828125e-06
4.0531158447265625e-06
5.0067901611328125e-06
4.291534423828125e-06
4.291534423828125e-06
4.0531158447265625e-06
4.291534423828125e-06
4.291534423828125e-06
4.0531158447265625e-06
4.291534423828125e-06
4.0531158447265625e-06
4.291534423828125e-06
5.7220458984375e-06
4.291534423828125e-06
4.291534423828125e-06
3.814697265625e-06
3.814697265625e-06
3.814697265625e-06
3.814697265625e-06
3.5762786865234375e-06
3.5762786865234375e-06
4.0531158447265625e-06
4.5299530029296875e-06
4.0531158447265625e-06
4.291534423828125e-06
3.814697265625e-06
4.0531158447265625e-06
4.0531158447265625e-06
3.5762786865234375e-06
4.0531158447265625e-06
3.814697265625e-06
4.291534423828125e-06
4.291534423828125e-06
3.814697265625e-06
4.0531158447265625e-06
3.814697265625e-06
4.0531158447265625e-06
3.814697265625e-06
3.814697265625e-06
4.0531158447265625e-06
3.5762786865234375e-06
4.291534423828125e-06
4.291534423828125e-06
3.814697265625e-06
3.814697265625e-06
3.814697265625e-06
3.814697265625e-06
3.814697265625e-06
3.5762786865234375e-06
3.5762786865234375e-06
3.5762786865234375e-06
4.291534423828125e-06
4.291534423828125e-06
4.291534423828125e-06
4.291534423828125e-06
4.0531158447265625e-06
3.814697265625e-06
4.0531158447265625e-06
3.814697265625e-06
3.814697265625e-06
4.0531158447265625e-06
3.814697265625e-06
4.291534423828125e-06
3.814697265625e-06
3.814697265625e-06
3.814697265625e-06
4.291534423828125e-06
4.0531158447265625e-06
3.5762786865234375e-06
4.0531158447265625e-06
4.0531158447265625e-06
4.0531158447265625e-06
4.5299530029296875e-06
4.0531158447265625e-06
4.0531158447265625e-06
4.0531158447265625e-06
3.814697265625e-06
4.0531158447265625e-06
3.814697265625e-06
4.0531158447265625e-06
3.814697265625e-06
3.814697265625e-06
4.291534423828125e-06
4.0531158447265625e-06
4.0531158447265625e-06
3.814697265625e-06
4.291534423828125e-06
4.0531158447265625e-06
4.0531158447265625e-06
3.814697265625e-06
3.814697265625e-06
4.0531158447265625e-06
4.76837158203125e-06
4.5299530029296875e-06
4.291534423828125e-06
3.814697265625e-06
4.291534423828125e-06
3.814697265625e-06
3.814697265625e-06
3.5762786865234375e-06
4.291534423828125e-06
4.291534423828125e-06
4.291534423828125e-06
4.0531158447265625e-06
4.291534423828125e-06
4.0531158447265625e-06
4.0531158447265625e-06
4.0531158447265625e-06
3.814697265625e-06
3.814697265625e-06
4.0531158447265625e-06
4.0531158447265625e-06
4.5299530029296875e-06
4.0531158447265625e-06
4.0531158447265625e-06
3.814697265625e-06
3.814697265625e-06
4.0531158447265625e-06
3.814697265625e-06
4.0531158447265625e-06
4.291534423828125e-06
4.5299530029296875e-06
4.5299530029296875e-06
4.0531158447265625e-06
4.291534423828125e-06
3.814697265625e-06
4.291534423828125e-06
4.291534423828125e-06
3.814697265625e-06
3.814697265625e-06
3.5762786865234375e-06
4.0531158447265625e-06
4.291534423828125e-06
3.814697265625e-06
3.814697265625e-06
3.814697265625e-06
4.0531158447265625e-06
4.0531158447265625e-06
3.814697265625e-06
4.0531158447265625e-06
4.0531158447265625e-06
3.814697265625e-06
4.5299530029296875e-06
3.814697265625e-06
4.0531158447265625e-06
5.054473876953125e-05
4.0531158447265625e-06
4.291534423828125e-06
3.814697265625e-06
3.814697265625e-06
4.0531158447265625e-06
4.0531158447265625e-06
4.76837158203125e-06
4.0531158447265625e-06
4.0531158447265625e-06
3.814697265625e-06
4.5299530029296875e-06
4.76837158203125e-06
4.291534423828125e-06
4.291534423828125e-06
4.0531158447265625e-06
4.0531158447265625e-06
4.76837158203125e-06
4.291534423828125e-06
3.814697265625e-06
3.814697265625e-06
4.0531158447265625e-06
3.814697265625e-06
3.814697265625e-06
4.0531158447265625e-06
3.814697265625e-06
3.814697265625e-06
4.5299530029296875e-06
4.76837158203125e-06
3.814697265625e-06
4.0531158447265625e-06
4.0531158447265625e-06
4.291534423828125e-06
3.814697265625e-06
3.814697265625e-06
4.0531158447265625e-06
4.0531158447265625e-06
4.76837158203125e-06
4.0531158447265625e-06
3.814697265625e-06
4.5299530029296875e-06
4.0531158447265625e-06
3.814697265625e-06
3.814697265625e-06
3.814697265625e-06
3.814697265625e-06
4.0531158447265625e-06
6.9141387939453125e-06
4.5299530029296875e-06
3.814697265625e-06
4.0531158447265625e-06
3.814697265625e-06
4.0531158447265625e-06
3.814697265625e-06
3.814697265625e-06
3.814697265625e-06
4.0531158447265625e-06
4.76837158203125e-06
4.0531158447265625e-06
4.0531158447265625e-06
4.5299530029296875e-06
4.0531158447265625e-06
4.0531158447265625e-06
3.814697265625e-06
4.291534423828125e-06
3.814697265625e-06
4.291534423828125e-06
5.4836273193359375e-06
4.0531158447265625e-06
4.0531158447265625e-06
4.291534423828125e-06
4.0531158447265625e-06
4.0531158447265625e-06
4.291534423828125e-06
4.0531158447265625e-06
4.0531158447265625e-06
3.814697265625e-06
4.291534423828125e-06
3.814697265625e-06
3.814697265625e-06
3.814697265625e-06
3.814697265625e-06
3.814697265625e-06
3.814697265625e-06
4.291534423828125e-06
4.0531158447265625e-06
4.0531158447265625e-06
4.5299530029296875e-06
4.0531158447265625e-06
3.814697265625e-06
4.0531158447265625e-06
3.814697265625e-06
3.5762786865234375e-06
3.814697265625e-06
3.814697265625e-06
3.814697265625e-06
3.814697265625e-06
4.5299530029296875e-06
4.0531158447265625e-06
4.0531158447265625e-06
4.0531158447265625e-06
3.814697265625e-06
3.5762786865234375e-06
3.814697265625e-06
3.814697265625e-06
3.814697265625e-06
3.814697265625e-06
4.0531158447265625e-06
3.814697265625e-06
3.814697265625e-06
3.814697265625e-06
4.5299530029296875e-06
3.814697265625e-06
3.814697265625e-06
3.814697265625e-06
4.0531158447265625e-06
3.814697265625e-06
4.291534423828125e-06
4.0531158447265625e-06
4.0531158447265625e-06
3.814697265625e-06
4.291534423828125e-06
4.0531158447265625e-06
3.814697265625e-06
3.814697265625e-06
3.814697265625e-06
3.814697265625e-06
4.5299530029296875e-06
3.814697265625e-06
4.0531158447265625e-06
4.0531158447265625e-06
4.0531158447265625e-06
4.0531158447265625e-06
3.814697265625e-06
3.814697265625e-06
3.814697265625e-06
3.814697265625e-06
5.7220458984375e-06
4.291534423828125e-06
4.0531158447265625e-06
4.291534423828125e-06
4.291534423828125e-06
3.814697265625e-06
3.814697265625e-06
3.5762786865234375e-06
4.291534423828125e-06
3.814697265625e-06
4.5299530029296875e-06
4.0531158447265625e-06
4.0531158447265625e-06
3.814697265625e-06
3.814697265625e-06
3.5762786865234375e-06
3.814697265625e-06
3.814697265625e-06
4.0531158447265625e-06
4.291534423828125e-06
4.291534423828125e-06
4.291534423828125e-06
4.0531158447265625e-06
3.814697265625e-06
3.814697265625e-06
3.814697265625e-06
3.814697265625e-06
3.814697265625e-06
4.291534423828125e-06
4.0531158447265625e-06
4.76837158203125e-06
5.9604644775390625e-06
4.0531158447265625e-06
4.0531158447265625e-06
4.0531158447265625e-06
3.5762786865234375e-06
4.0531158447265625e-06
3.5762786865234375e-06
4.0531158447265625e-06
3.814697265625e-06
5.0067901611328125e-06
4.291534423828125e-06
4.0531158447265625e-06
3.814697265625e-06
3.814697265625e-06
4.0531158447265625e-06
4.0531158447265625e-06
4.291534423828125e-06
4.0531158447265625e-06
3.5762786865234375e-06
4.291534423828125e-06
4.5299530029296875e-06
4.291534423828125e-06
3.814697265625e-06
3.814697265625e-06
4.0531158447265625e-06
3.814697265625e-06
3.814697265625e-06
4.76837158203125e-06
3.814697265625e-06
4.291534423828125e-06
4.291534423828125e-06
4.0531158447265625e-06
4.0531158447265625e-06
3.814697265625e-06
4.291534423828125e-06
4.5299530029296875e-06
3.5762786865234375e-06
4.0531158447265625e-06
4.0531158447265625e-06
5.0067901611328125e-06
4.76837158203125e-06
4.0531158447265625e-06
3.814697265625e-06
3.814697265625e-06
3.814697265625e-06
4.0531158447265625e-06
4.0531158447265625e-06
4.0531158447265625e-06
4.0531158447265625e-06
4.76837158203125e-06
4.0531158447265625e-06
4.0531158447265625e-06
4.0531158447265625e-06
4.0531158447265625e-06
3.814697265625e-06
3.814697265625e-06
3.814697265625e-06
4.0531158447265625e-06
4.291534423828125e-06
4.76837158203125e-06
4.5299530029296875e-06
4.291534423828125e-06
3.5762786865234375e-06
4.291534423828125e-06
4.0531158447265625e-06
4.291534423828125e-06
3.814697265625e-06
3.814697265625e-06
3.814697265625e-06
4.5299530029296875e-06
4.5299530029296875e-06
4.0531158447265625e-06
3.814697265625e-06
4.291534423828125e-06
4.0531158447265625e-06
3.814697265625e-06
3.814697265625e-06
3.814697265625e-06
3.5762786865234375e-06
1.2159347534179688e-05
6.198883056640625e-06
4.76837158203125e-06
4.291534423828125e-06
4.291534423828125e-06
4.291534423828125e-06
4.291534423828125e-06
4.0531158447265625e-06
4.0531158447265625e-06
4.5299530029296875e-06
4.76837158203125e-06
4.76837158203125e-06
4.0531158447265625e-06
4.0531158447265625e-06
4.291534423828125e-06
3.814697265625e-06
4.5299530029296875e-06
4.0531158447265625e-06
4.0531158447265625e-06
3.814697265625e-06
4.291534423828125e-06
4.0531158447265625e-06
4.0531158447265625e-06
3.814697265625e-06
4.0531158447265625e-06
4.0531158447265625e-06
4.0531158447265625e-06
3.814697265625e-06
3.814697265625e-06
3.5762786865234375e-06
4.5299530029296875e-06
4.0531158447265625e-06
4.0531158447265625e-06
3.814697265625e-06
4.0531158447265625e-06
4.0531158447265625e-06
4.291534423828125e-06
4.0531158447265625e-06
3.5762786865234375e-06
4.0531158447265625e-06
5.0067901611328125e-06
4.0531158447265625e-06
4.0531158447265625e-06
4.0531158447265625e-06
4.0531158447265625e-06
3.814697265625e-06
4.291534423828125e-06
4.291534423828125e-06
3.814697265625e-06
3.814697265625e-06
5.9604644775390625e-06
4.291534423828125e-06
4.5299530029296875e-06
3.814697265625e-06
3.814697265625e-06
3.5762786865234375e-06
3.814697265625e-06
3.814697265625e-06
4.0531158447265625e-06
3.5762786865234375e-06
4.76837158203125e-06
4.5299530029296875e-06
4.0531158447265625e-06
4.0531158447265625e-06
3.814697265625e-06
3.814697265625e-06
4.0531158447265625e-06
4.0531158447265625e-06
3.814697265625e-06
4.0531158447265625e-06
4.5299530029296875e-06
4.0531158447265625e-06
4.291534423828125e-06
3.814697265625e-06
3.814697265625e-06
3.814697265625e-06
3.814697265625e-06
3.814697265625e-06
3.814697265625e-06
3.5762786865234375e-06
4.5299530029296875e-06
4.291534423828125e-06
4.0531158447265625e-06
3.814697265625e-06
4.0531158447265625e-06
3.814697265625e-06
3.814697265625e-06
4.0531158447265625e-06
3.814697265625e-06
3.814697265625e-06
5.0067901611328125e-06
4.0531158447265625e-06
3.814697265625e-06
3.814697265625e-06
3.814697265625e-06
3.814697265625e-06
4.291534423828125e-06
4.0531158447265625e-06
3.814697265625e-06
4.0531158447265625e-06
5.4836273193359375e-06
4.291534423828125e-06
4.0531158447265625e-06
3.814697265625e-06
3.814697265625e-06
4.291534423828125e-06
4.0531158447265625e-06
3.5762786865234375e-06
4.0531158447265625e-06
4.0531158447265625e-06
4.76837158203125e-06
4.0531158447265625e-06
3.814697265625e-06
3.814697265625e-06
4.0531158447265625e-06
4.0531158447265625e-06
4.0531158447265625e-06
3.814697265625e-06
4.291534423828125e-06
3.5762786865234375e-06
4.5299530029296875e-06
3.814697265625e-06
4.0531158447265625e-06
4.0531158447265625e-06
3.814697265625e-06
3.814697265625e-06
4.291534423828125e-06
4.0531158447265625e-06
3.814697265625e-06
3.814697265625e-06
4.76837158203125e-06
4.0531158447265625e-06
4.0531158447265625e-06
4.0531158447265625e-06
3.814697265625e-06
4.291534423828125e-06
4.0531158447265625e-06
4.0531158447265625e-06
4.0531158447265625e-06
3.814697265625e-06
4.291534423828125e-06
4.291534423828125e-06
4.76837158203125e-06
4.0531158447265625e-06
3.814697265625e-06
3.814697265625e-06
4.0531158447265625e-06
4.0531158447265625e-06
3.5762786865234375e-06
4.0531158447265625e-06
4.291534423828125e-06
4.0531158447265625e-06
3.814697265625e-06
3.814697265625e-06
