4.792213439941406e-05
2.3603439331054688e-05
2.0265579223632812e-05
1.7881393432617188e-05
1.7642974853515625e-05
1.811981201171875e-05
1.8358230590820312e-05
1.8358230590820312e-05
1.621246337890625e-05
1.7404556274414062e-05
2.1457672119140625e-05
1.811981201171875e-05
1.7881393432617188e-05
1.6689300537109375e-05
1.6927719116210938e-05
1.6689300537109375e-05
1.5974044799804688e-05
1.6927719116210938e-05
1.5974044799804688e-05
1.71661376953125e-05
2.0265579223632812e-05
1.7404556274414062e-05
1.71661376953125e-05
1.8358230590820312e-05
1.6927719116210938e-05
1.7642974853515625e-05
1.71661376953125e-05
1.7404556274414062e-05
1.71661376953125e-05
1.5974044799804688e-05
2.0742416381835938e-05
1.7404556274414062e-05
1.6689300537109375e-05
1.7642974853515625e-05
1.621246337890625e-05
1.8835067749023438e-05
1.71661376953125e-05
1.71661376953125e-05
1.7642974853515625e-05
1.7404556274414062e-05
2.3126602172851562e-05
1.8596649169921875e-05
1.6450881958007812e-05
1.71661376953125e-05
1.5735626220703125e-05
1.621246337890625e-05
1.7404556274414062e-05
1.811981201171875e-05
1.6689300537109375e-05
1.6450881958007812e-05
2.002716064453125e-05
1.6450881958007812e-05
1.8358230590820312e-05
1.6689300537109375e-05
1.6927719116210938e-05
1.6450881958007812e-05
1.71661376953125e-05
1.6450881958007812e-05
1.5974044799804688e-05
1.71661376953125e-05
2.002716064453125e-05
1.71661376953125e-05
1.5974044799804688e-05
1.71661376953125e-05
1.6927719116210938e-05
1.5974044799804688e-05
1.6689300537109375e-05
1.621246337890625e-05
1.621246337890625e-05
1.6689300537109375e-05
2.0503997802734375e-05
1.6689300537109375e-05
1.6450881958007812e-05
1.7642974853515625e-05
1.6450881958007812e-05
1.7642974853515625e-05
1.621246337890625e-05
1.6689300537109375e-05
1.5974044799804688e-05
1.71661376953125e-05
2.0503997802734375e-05
1.6927719116210938e-05
1.7404556274414062e-05
1.5735626220703125e-05
1.5974044799804688e-05
1.5974044799804688e-05
1.6927719116210938e-05
1.621246337890625e-05
1.5974044799804688e-05
1.621246337890625e-05
1.9550323486328125e-05
1.5974044799804688e-05
1.5974044799804688e-05
1.5974044799804688e-05
3.3855438232421875e-05
1.6689300537109375e-05
1.621246337890625e-05
1.5497207641601562e-05
1.6450881958007812e-05
1.6450881958007812e-05
1.7881393432617188e-05
1.5497207641601562e-05
1.5735626220703125e-05
1.71661376953125e-05
1.5497207641601562e-05
1.6927719116210938e-05
1.5974044799804688e-05
1.6450881958007812e-05
1.5497207641601562e-05
1.5497207641601562e-05
1.7642974853515625e-05
1.6927719116210938e-05
1.6689300537109375e-05
1.6689300537109375e-05
1.5735626220703125e-05
1.6450881958007812e-05
1.52587890625e-05
1.5735626220703125e-05
1.621246337890625e-05
1.6689300537109375e-05
2.0265579223632812e-05
1.6450881958007812e-05
1.621246337890625e-05
1.6689300537109375e-05
1.6450881958007812e-05
1.6450881958007812e-05
1.6450881958007812e-05
1.430511474609375e-05
1.4781951904296875e-05
1.430511474609375e-05
1.9073486328125e-05
1.5735626220703125e-05
1.621246337890625e-05
1.5497207641601562e-05
1.5497207641601562e-05
1.5497207641601562e-05
1.5735626220703125e-05
1.6450881958007812e-05
1.5497207641601562e-05
1.4543533325195312e-05
1.8358230590820312e-05
1.621246337890625e-05
1.5020370483398438e-05
1.4781951904296875e-05
1.52587890625e-05
1.4781951904296875e-05
1.4543533325195312e-05
1.4781951904296875e-05
1.5020370483398438e-05
1.430511474609375e-05
1.811981201171875e-05
1.5497207641601562e-05
1.621246337890625e-05
1.5497207641601562e-05
1.5020370483398438e-05
1.4543533325195312e-05
1.5497207641601562e-05
1.5020370483398438e-05
1.4781951904296875e-05
1.430511474609375e-05
1.8835067749023438e-05
1.5497207641601562e-05
1.4781951904296875e-05
1.621246337890625e-05
1.430511474609375e-05
1.4066696166992188e-05
1.5735626220703125e-05
1.4781951904296875e-05
1.5020370483398438e-05
1.4066696166992188e-05
1.811981201171875e-05
1.5974044799804688e-05
1.4543533325195312e-05
1.6450881958007812e-05
1.4781951904296875e-05
1.4781951904296875e-05
1.5497207641601562e-05
1.52587890625e-05
1.4781951904296875e-05
1.4781951904296875e-05
1.7881393432617188e-05
1.52587890625e-05
1.5020370483398438e-05
1.4781951904296875e-05
1.52587890625e-05
1.4781951904296875e-05
1.5020370483398438e-05
1.5735626220703125e-05
1.5974044799804688e-05
1.4781951904296875e-05
2.002716064453125e-05
1.5497207641601562e-05
1.5497207641601562e-05
1.4066696166992188e-05
1.4781951904296875e-05
1.52587890625e-05
1.52587890625e-05
1.4781951904296875e-05
1.5974044799804688e-05
1.4781951904296875e-05
1.811981201171875e-05
1.5020370483398438e-05
1.4781951904296875e-05
1.5735626220703125e-05
1.430511474609375e-05
1.430511474609375e-05
1.5497207641601562e-05
1.430511474609375e-05
1.4781951904296875e-05
1.4781951904296875e-05
1.811981201171875e-05
1.52587890625e-05
1.5497207641601562e-05
1.4543533325195312e-05
1.5020370483398438e-05
1.4781951904296875e-05
1.5020370483398438e-05
1.5020370483398438e-05
1.621246337890625e-05
1.4781951904296875e-05
1.811981201171875e-05
1.5497207641601562e-05
1.4781951904296875e-05
1.4781951904296875e-05
1.4781951904296875e-05
1.52587890625e-05
1.5497207641601562e-05
1.4543533325195312e-05
1.430511474609375e-05
1.5974044799804688e-05
1.7404556274414062e-05
1.5497207641601562e-05
1.5735626220703125e-05
1.5735626220703125e-05
1.621246337890625e-05
1.4781951904296875e-05
1.5974044799804688e-05
1.4781951904296875e-05
1.5735626220703125e-05
1.5497207641601562e-05
1.811981201171875e-05
1.621246337890625e-05
1.52587890625e-05
1.4781951904296875e-05
1.52587890625e-05
1.5497207641601562e-05
1.621246337890625e-05
1.4066696166992188e-05
1.4543533325195312e-05
1.621246337890625e-05
2.8848648071289062e-05
1.1205673217773438e-05
1.0728836059570312e-05
1.049041748046875e-05
1.0967254638671875e-05
1.0728836059570312e-05
1.049041748046875e-05
1.0251998901367188e-05
1.0728836059570312e-05
1.0967254638671875e-05
1.2636184692382812e-05
1.2874603271484375e-05
1.1205673217773438e-05
1.0728836059570312e-05
1.049041748046875e-05
1.0728836059570312e-05
1.0967254638671875e-05
1.0728836059570312e-05
1.1920928955078125e-05
1.1205673217773438e-05
1.2874603271484375e-05
1.0728836059570312e-05
1.0967254638671875e-05
1.0728836059570312e-05
1.1205673217773438e-05
1.049041748046875e-05
1.1205673217773438e-05
1.0251998901367188e-05
1.049041748046875e-05
1.0967254638671875e-05
1.2636184692382812e-05
1.0728836059570312e-05
1.0967254638671875e-05
1.0728836059570312e-05
1.0967254638671875e-05
1.0967254638671875e-05
1.049041748046875e-05
1.049041748046875e-05
1.0013580322265625e-05
1.0967254638671875e-05
1.2874603271484375e-05
1.1205673217773438e-05
1.1920928955078125e-05
1.049041748046875e-05
1.049041748046875e-05
1.049041748046875e-05
1.1682510375976562e-05
1.0967254638671875e-05
1.0967254638671875e-05
1.0728836059570312e-05
1.2159347534179688e-05
1.0728836059570312e-05
1.1444091796875e-05
1.0728836059570312e-05
1.1920928955078125e-05
1.049041748046875e-05
1.0967254638671875e-05
1.0967254638671875e-05
1.0251998901367188e-05
1.0728836059570312e-05
1.2159347534179688e-05
1.1205673217773438e-05
1.1444091796875e-05
1.049041748046875e-05
1.0728836059570312e-05
1.1444091796875e-05
1.1444091796875e-05
1.0251998901367188e-05
1.0251998901367188e-05
1.0251998901367188e-05
1.1444091796875e-05
1.0728836059570312e-05
1.0251998901367188e-05
1.0728836059570312e-05
1.0013580322265625e-05
1.0013580322265625e-05
1.0251998901367188e-05
1.049041748046875e-05
1.0967254638671875e-05
1.0013580322265625e-05
1.8596649169921875e-05
1.0013580322265625e-05
9.059906005859375e-06
9.059906005859375e-06
8.821487426757812e-06
8.106231689453125e-06
9.059906005859375e-06
8.344650268554688e-06
8.344650268554688e-06
8.106231689453125e-06
1.049041748046875e-05
8.344650268554688e-06
8.344650268554688e-06
8.821487426757812e-06
8.58306884765625e-06
7.867813110351562e-06
8.344650268554688e-06
8.58306884765625e-06
8.344650268554688e-06
8.106231689453125e-06
9.5367431640625e-06
9.775161743164062e-06
8.106231689453125e-06
8.106231689453125e-06
8.58306884765625e-06
8.106231689453125e-06
8.106231689453125e-06
8.344650268554688e-06
7.867813110351562e-06
8.106231689453125e-06
9.5367431640625e-06
8.106231689453125e-06
8.106231689453125e-06
7.867813110351562e-06
8.58306884765625e-06
8.106231689453125e-06
8.106231689453125e-06
7.867813110351562e-06
7.867813110351562e-06
8.58306884765625e-06
9.5367431640625e-06
8.58306884765625e-06
9.298324584960938e-06
8.106231689453125e-06
8.58306884765625e-06
8.106231689453125e-06
8.58306884765625e-06
8.106231689453125e-06
8.106231689453125e-06
8.821487426757812e-06
9.5367431640625e-06
8.106231689453125e-06
8.344650268554688e-06
8.344650268554688e-06
7.62939453125e-06
8.106231689453125e-06
8.106231689453125e-06
7.62939453125e-06
7.867813110351562e-06
8.58306884765625e-06
1.0251998901367188e-05
8.58306884765625e-06
8.58306884765625e-06
8.106231689453125e-06
8.106231689453125e-06
8.344650268554688e-06
8.344650268554688e-06
8.58306884765625e-06
8.106231689453125e-06
8.106231689453125e-06
9.5367431640625e-06
8.821487426757812e-06
8.344650268554688e-06
7.867813110351562e-06
8.821487426757812e-06
8.106231689453125e-06
8.58306884765625e-06
8.58306884765625e-06
8.58306884765625e-06
8.344650268554688e-06
9.298324584960938e-06
8.344650268554688e-06
8.58306884765625e-06
8.58306884765625e-06
8.344650268554688e-06
7.867813110351562e-06
8.344650268554688e-06
8.58306884765625e-06
8.344650268554688e-06
8.58306884765625e-06
9.298324584960938e-06
8.58306884765625e-06
8.106231689453125e-06
7.867813110351562e-06
7.867813110351562e-06
7.867813110351562e-06
8.344650268554688e-06
7.62939453125e-06
7.867813110351562e-06
8.344650268554688e-06
9.298324584960938e-06
8.106231689453125e-06
8.106231689453125e-06
8.344650268554688e-06
8.58306884765625e-06
9.059906005859375e-06
8.58306884765625e-06
8.344650268554688e-06
8.106231689453125e-06
8.106231689453125e-06
9.775161743164062e-06
8.106231689453125e-06
8.106231689453125e-06
8.106231689453125e-06
8.58306884765625e-06
8.821487426757812e-06
8.344650268554688e-06
8.821487426757812e-06
8.58306884765625e-06
8.344650268554688e-06
1.0251998901367188e-05
8.344650268554688e-06
8.821487426757812e-06
8.344650268554688e-06
7.867813110351562e-06
8.344650268554688e-06
8.106231689453125e-06
8.344650268554688e-06
8.106231689453125e-06
8.58306884765625e-06
9.5367431640625e-06
8.344650268554688e-06
9.059906005859375e-06
8.58306884765625e-06
8.58306884765625e-06
8.344650268554688e-06
8.344650268554688e-06
8.344650268554688e-06
8.58306884765625e-06
8.344650268554688e-06
8.821487426757812e-06
8.344650268554688e-06
8.344650268554688e-06
8.106231689453125e-06
8.821487426757812e-06
7.867813110351562e-06
7.867813110351562e-06
8.58306884765625e-06
8.344650268554688e-06
8.344650268554688e-06
1.0013580322265625e-05
8.58306884765625e-06
8.821487426757812e-06
9.059906005859375e-06
8.106231689453125e-06
8.58306884765625e-06
8.106231689453125e-06
8.58306884765625e-06
7.867813110351562e-06
8.106231689453125e-06
9.059906005859375e-06
8.106231689453125e-06
8.58306884765625e-06
8.58306884765625e-06
8.344650268554688e-06
8.106231689453125e-06
8.344650268554688e-06
9.059906005859375e-06
8.106231689453125e-06
9.298324584960938e-06
9.775161743164062e-06
9.059906005859375e-06
8.821487426757812e-06
8.344650268554688e-06
8.106231689453125e-06
8.821487426757812e-06
8.106231689453125e-06
7.867813110351562e-06
8.58306884765625e-06
8.344650268554688e-06
9.5367431640625e-06
8.58306884765625e-06
8.821487426757812e-06
8.58306884765625e-06
8.344650268554688e-06
8.821487426757812e-06
8.106231689453125e-06
7.867813110351562e-06
8.821487426757812e-06
8.106231689453125e-06
9.775161743164062e-06
8.821487426757812e-06
8.106231689453125e-06
8.344650268554688e-06
8.344650268554688e-06
8.344650268554688e-06
8.344650268554688e-06
8.821487426757812e-06
8.821487426757812e-06
8.821487426757812e-06
1.7642974853515625e-05
8.821487426757812e-06
8.821487426757812e-06
8.344650268554688e-06
8.58306884765625e-06
8.821487426757812e-06
8.821487426757812e-06
8.58306884765625e-06
8.106231689453125e-06
8.344650268554688e-06
1.0013580322265625e-05
8.344650268554688e-06
8.821487426757812e-06
8.58306884765625e-06
8.58306884765625e-06
8.58306884765625e-06
8.106231689453125e-06
8.344650268554688e-06
8.58306884765625e-06
8.821487426757812e-06
8.106231689453125e-06
7.152557373046875e-06
6.9141387939453125e-06
6.9141387939453125e-06
6.4373016357421875e-06
7.3909759521484375e-06
6.4373016357421875e-06
6.67572021484375e-06
6.67572021484375e-06
7.152557373046875e-06
8.106231689453125e-06
7.3909759521484375e-06
6.9141387939453125e-06
6.67572021484375e-06
7.3909759521484375e-06
6.9141387939453125e-06
6.9141387939453125e-06
7.152557373046875e-06
6.67572021484375e-06
6.4373016357421875e-06
7.867813110351562e-06
6.9141387939453125e-06
6.9141387939453125e-06
6.67572021484375e-06
6.67572021484375e-06
6.9141387939453125e-06
6.9141387939453125e-06
6.67572021484375e-06
6.67572021484375e-06
6.67572021484375e-06
8.58306884765625e-06
7.3909759521484375e-06
6.9141387939453125e-06
6.9141387939453125e-06
6.9141387939453125e-06
7.3909759521484375e-06
6.9141387939453125e-06
6.9141387939453125e-06
6.9141387939453125e-06
6.67572021484375e-06
7.867813110351562e-06
6.9141387939453125e-06
6.9141387939453125e-06
7.152557373046875e-06
8.344650268554688e-06
6.9141387939453125e-06
6.67572021484375e-06
7.152557373046875e-06
6.4373016357421875e-06
7.3909759521484375e-06
7.62939453125e-06
6.9141387939453125e-06
7.152557373046875e-06
7.3909759521484375e-06
7.3909759521484375e-06
7.152557373046875e-06
6.9141387939453125e-06
7.152557373046875e-06
7.152557373046875e-06
6.67572021484375e-06
8.344650268554688e-06
7.152557373046875e-06
6.9141387939453125e-06
7.152557373046875e-06
7.62939453125e-06
6.9141387939453125e-06
6.67572021484375e-06
7.152557373046875e-06
7.152557373046875e-06
7.152557373046875e-06
7.867813110351562e-06
7.152557373046875e-06
7.152557373046875e-06
6.9141387939453125e-06
6.9141387939453125e-06
7.152557373046875e-06
6.9141387939453125e-06
6.67572021484375e-06
6.67572021484375e-06
6.67572021484375e-06
7.62939453125e-06
6.4373016357421875e-06
6.4373016357421875e-06
6.4373016357421875e-06
6.67572021484375e-06
6.67572021484375e-06
6.4373016357421875e-06
7.152557373046875e-06
6.9141387939453125e-06
6.9141387939453125e-06
7.867813110351562e-06
6.9141387939453125e-06
6.67572021484375e-06
6.67572021484375e-06
6.67572021484375e-06
6.4373016357421875e-06
6.4373016357421875e-06
6.4373016357421875e-06
6.9141387939453125e-06
6.67572021484375e-06
7.3909759521484375e-06
7.152557373046875e-06
6.9141387939453125e-06
6.9141387939453125e-06
6.67572021484375e-06
6.4373016357421875e-06
6.4373016357421875e-06
6.67572021484375e-06
6.198883056640625e-06
6.9141387939453125e-06
7.152557373046875e-06
6.4373016357421875e-06
6.9141387939453125e-06
6.67572021484375e-06
7.152557373046875e-06
6.67572021484375e-06
6.9141387939453125e-06
7.152557373046875e-06
7.152557373046875e-06
6.9141387939453125e-06
7.867813110351562e-06
7.152557373046875e-06
6.9141387939453125e-06
7.152557373046875e-06
7.3909759521484375e-06
7.152557373046875e-06
6.9141387939453125e-06
6.67572021484375e-06
6.9141387939453125e-06
6.67572021484375e-06
7.867813110351562e-06
6.9141387939453125e-06
6.67572021484375e-06
7.152557373046875e-06
6.4373016357421875e-06
8.821487426757812e-06
6.67572021484375e-06
6.9141387939453125e-06
6.198883056640625e-06
6.67572021484375e-06
7.867813110351562e-06
7.152557373046875e-06
6.67572021484375e-06
6.9141387939453125e-06
6.9141387939453125e-06
6.9141387939453125e-06
6.67572021484375e-06
6.4373016357421875e-06
7.152557373046875e-06
6.4373016357421875e-06
7.62939453125e-06
6.9141387939453125e-06
6.9141387939453125e-06
6.9141387939453125e-06
6.67572021484375e-06
6.67572021484375e-06
6.9141387939453125e-06
6.9141387939453125e-06
6.67572021484375e-06
6.9141387939453125e-06
7.62939453125e-06
6.9141387939453125e-06
6.9141387939453125e-06
6.67572021484375e-06
6.4373016357421875e-06
6.4373016357421875e-06
6.9141387939453125e-06
6.67572021484375e-06
7.3909759521484375e-06
6.67572021484375e-06
8.344650268554688e-06
6.9141387939453125e-06
7.152557373046875e-06
6.9141387939453125e-06
7.152557373046875e-06
6.4373016357421875e-06
7.152557373046875e-06
6.4373016357421875e-06
6.67572021484375e-06
6.4373016357421875e-06
9.059906005859375e-06
7.152557373046875e-06
7.3909759521484375e-06
6.4373016357421875e-06
6.67572021484375e-06
6.9141387939453125e-06
6.9141387939453125e-06
6.9141387939453125e-06
6.9141387939453125e-06
6.4373016357421875e-06
7.867813110351562e-06
7.3909759521484375e-06
7.62939453125e-06
6.67572021484375e-06
6.9141387939453125e-06
7.152557373046875e-06
6.67572021484375e-06
6.67572021484375e-06
7.62939453125e-06
6.9141387939453125e-06
8.344650268554688e-06
7.3909759521484375e-06
7.152557373046875e-06
6.9141387939453125e-06
6.67572021484375e-06
7.152557373046875e-06
6.9141387939453125e-06
6.4373016357421875e-06
6.67572021484375e-06
6.9141387939453125e-06
7.867813110351562e-06
7.3909759521484375e-06
7.152557373046875e-06
6.9141387939453125e-06
6.9141387939453125e-06
6.9141387939453125e-06
6.9141387939453125e-06
7.152557373046875e-06
7.3909759521484375e-06
6.4373016357421875e-06
7.62939453125e-06
6.9141387939453125e-06
6.9141387939453125e-06
6.9141387939453125e-06
6.9141387939453125e-06
6.67572021484375e-06
6.9141387939453125e-06
6.9141387939453125e-06
7.152557373046875e-06
7.152557373046875e-06
7.62939453125e-06
7.152557373046875e-06
6.67572021484375e-06
6.67572021484375e-06
6.9141387939453125e-06
6.67572021484375e-06
7.62939453125e-06
6.9141387939453125e-06
6.198883056640625e-06
6.67572021484375e-06
1.7881393432617188e-05
8.58306884765625e-06
6.9141387939453125e-06
6.4373016357421875e-06
6.67572021484375e-06
6.67572021484375e-06
6.198883056640625e-06
6.198883056640625e-06
5.9604644775390625e-06
5.7220458984375e-06
7.867813110351562e-06
6.4373016357421875e-06
6.198883056640625e-06
6.198883056640625e-06
5.9604644775390625e-06
6.198883056640625e-06
6.4373016357421875e-06
5.9604644775390625e-06
6.4373016357421875e-06
6.4373016357421875e-06
6.9141387939453125e-06
6.4373016357421875e-06
6.198883056640625e-06
6.198883056640625e-06
6.4373016357421875e-06
5.9604644775390625e-06
6.031990051269531e-05
7.867813110351562e-06
7.867813110351562e-06
6.67572021484375e-06
7.867813110351562e-06
7.152557373046875e-06
7.152557373046875e-06
6.9141387939453125e-06
6.9141387939453125e-06
6.9141387939453125e-06
6.9141387939453125e-06
6.9141387939453125e-06
6.9141387939453125e-06
6.67572021484375e-06
7.62939453125e-06
7.152557373046875e-06
6.9141387939453125e-06
6.4373016357421875e-06
6.67572021484375e-06
6.4373016357421875e-06
6.198883056640625e-06
6.4373016357421875e-06
5.9604644775390625e-06
6.198883056640625e-06
6.9141387939453125e-06
5.9604644775390625e-06
5.7220458984375e-06
5.9604644775390625e-06
6.67572021484375e-06
5.9604644775390625e-06
6.198883056640625e-06
5.9604644775390625e-06
5.4836273193359375e-06
5.7220458984375e-06
7.152557373046875e-06
6.4373016357421875e-06
6.67572021484375e-06
5.4836273193359375e-06
5.9604644775390625e-06
5.4836273193359375e-06
5.9604644775390625e-06
5.7220458984375e-06
6.198883056640625e-06
5.4836273193359375e-06
7.152557373046875e-06
6.198883056640625e-06
5.7220458984375e-06
5.9604644775390625e-06
5.9604644775390625e-06
5.7220458984375e-06
5.7220458984375e-06
5.7220458984375e-06
5.4836273193359375e-06
5.7220458984375e-06
6.67572021484375e-06
6.198883056640625e-06
6.198883056640625e-06
5.9604644775390625e-06
5.4836273193359375e-06
5.4836273193359375e-06
6.198883056640625e-06
5.9604644775390625e-06
5.9604644775390625e-06
5.4836273193359375e-06
6.9141387939453125e-06
5.9604644775390625e-06
6.67572021484375e-06
5.9604644775390625e-06
6.9141387939453125e-06
6.4373016357421875e-06
6.198883056640625e-06
6.9141387939453125e-06
6.67572021484375e-06
6.198883056640625e-06
7.152557373046875e-06
5.9604644775390625e-06
5.7220458984375e-06
5.245208740234375e-06
5.245208740234375e-06
5.9604644775390625e-06
6.4373016357421875e-06
5.9604644775390625e-06
5.9604644775390625e-06
5.7220458984375e-06
6.67572021484375e-06
5.7220458984375e-06
5.9604644775390625e-06
5.7220458984375e-06
6.4373016357421875e-06
6.4373016357421875e-06
6.4373016357421875e-06
7.3909759521484375e-06
6.9141387939453125e-06
6.67572021484375e-06
6.67572021484375e-06
6.198883056640625e-06
5.9604644775390625e-06
6.4373016357421875e-06
5.4836273193359375e-06
5.9604644775390625e-06
5.9604644775390625e-06
6.4373016357421875e-06
6.198883056640625e-06
5.9604644775390625e-06
6.67572021484375e-06
5.9604644775390625e-06
5.9604644775390625e-06
5.9604644775390625e-06
5.4836273193359375e-06
5.7220458984375e-06
7.867813110351562e-06
5.245208740234375e-06
5.4836273193359375e-06
5.245208740234375e-06
6.4373016357421875e-06
6.198883056640625e-06
5.4836273193359375e-06
5.7220458984375e-06
5.4836273193359375e-06
5.9604644775390625e-06
6.198883056640625e-06
5.7220458984375e-06
5.9604644775390625e-06
5.7220458984375e-06
6.198883056640625e-06
6.67572021484375e-06
6.67572021484375e-06
5.7220458984375e-06
6.198883056640625e-06
5.4836273193359375e-06
5.4836273193359375e-06
6.198883056640625e-06
5.7220458984375e-06
6.198883056640625e-06
6.198883056640625e-06
6.198883056640625e-06
5.9604644775390625e-06
5.7220458984375e-06
