0.009775876998901367
0.0003857612609863281
0.01159977912902832
0.005113363265991211
0.004639625549316406
0.005733489990234375
0.0025177001953125
0.0013136863708496094
0.002651214599609375
0.016012907028198242
0.002721548080444336
0.006177186965942383
0.0016186237335205078
0.006416797637939453
0.0025577545166015625
0.002270936965942383
0.0038971900939941406
0.0047833919525146484
0.005510807037353516
0.02200913429260254
0.005978107452392578
0.0057485103607177734
0.005308628082275391
0.00047707557678222656
0.0013499259948730469
0.002782106399536133
0.004986763000488281
0.0068323612213134766
0.0013701915740966797
0.005684375762939453
0.009813785552978516
0.019768476486206055
0.0027420520782470703
0.003072500228881836
0.006426811218261719
0.043448448181152344
0.001943826675415039
0.019054174423217773
0.01829218864440918
0.0072438716888427734
0.0021140575408935547
0.013242483139038086
0.0018546581268310547
0.0034384727478027344
0.005320310592651367
0.016318321228027344
0.020052671432495117
0.0013031959533691406
0.017082929611206055
0.0039043426513671875
0.0023202896118164062
0.016764402389526367
0.0036635398864746094
0.011383056640625
0.00690007209777832
0.010967254638671875
0.0023794174194335938
0.002189159393310547
0.0024628639221191406
0.005956411361694336
0.01860666275024414
0.00537872314453125
0.0028905868530273438
0.09633255004882812
0.0013766288757324219
0.03744626045227051
0.012374639511108398
0.017402172088623047
0.01582956314086914
0.0034754276275634766
0.005280494689941406
0.006500959396362305
0.05552220344543457
0.015902996063232422
0.014798402786254883
0.01177072525024414
0.007339954376220703
0.0017633438110351562
0.03354620933532715
0.012219429016113281
0.008757352828979492
0.02178359031677246
0.002762317657470703
0.004052400588989258
0.002637624740600586
0.004518270492553711
0.005980491638183594
0.009766817092895508
0.008147239685058594
0.0053670406341552734
0.001504659652709961
0.002118349075317383
0.0033197402954101562
0.02340102195739746
0.005280017852783203
0.0014388561248779297
0.006855010986328125
0.011745452880859375
0.0023376941680908203
0.01303863525390625