0.05414080619812012
0.0021076202392578125
0.015521764755249023
0.007639884948730469
0.04098677635192871
0.011047840118408203
0.003650188446044922
0.031755924224853516
0.08538532257080078
0.03780674934387207
0.05514717102050781
0.024448871612548828
0.0062351226806640625
0.002534151077270508
0.0650937557220459
0.004850864410400391
0.059165239334106445
0.022890567779541016
0.044852256774902344
0.01179957389831543
0.026256084442138672
0.009602069854736328
0.004593849182128906
0.03899645805358887
0.004826068878173828
0.014219284057617188
0.013086318969726562
0.026679515838623047
0.01397395133972168
0.029137372970581055
0.0699758529663086
0.009750127792358398
0.0028810501098632812
0.12071633338928223
0.006707191467285156
0.07003474235534668
0.010059833526611328
0.019239425659179688
0.0024428367614746094
0.006993770599365234
0.007407426834106445
0.04791426658630371
0.014881134033203125
0.0029540061950683594
0.022933006286621094
0.016722679138183594
0.032646894454956055
0.016383886337280273
0.004134416580200195
0.03968238830566406
0.04227089881896973
0.0015523433685302734
0.013926029205322266
0.00608372688293457
0.11269330978393555
0.004845142364501953
0.031132936477661133
0.11308908462524414
0.030997514724731445
0.0049152374267578125
0.01464223861694336
0.00915980339050293
0.013469934463500977
0.044658660888671875
0.03153371810913086
0.0036139488220214844
0.01336216926574707
0.023192167282104492
0.025724411010742188
0.016551494598388672
0.006173610687255859
0.0042836666107177734
0.02716803550720215
0.025443077087402344
0.010759115219116211
0.04045367240905762
0.023057222366333008
0.005068778991699219
0.006786823272705078
0.01712322235107422
0.019937515258789062
0.020207643508911133
0.009715795516967773
0.00400853157043457
0.0022115707397460938
0.12834739685058594
0.016944408416748047
0.008392810821533203
0.0419611930847168
0.009438037872314453
0.003283977508544922
0.008394479751586914
0.028653621673583984
0.06943416595458984
0.011750459671020508
0.0014681816101074219
0.014264345169067383
0.019148826599121094
0.011530876159667969
0.02968764305114746