0.07968926429748535
0.05985236167907715
0.0898885726928711
0.07709193229675293
0.05974578857421875
0.05765247344970703
0.05889892578125
0.06744146347045898
0.09395647048950195
0.052863359451293945
0.055413007736206055
0.07031989097595215
0.07813096046447754
0.08711528778076172
0.09586262702941895
0.054062843322753906
0.0690920352935791
0.07963395118713379
0.05058169364929199
0.06545829772949219
0.05568122863769531
0.05308127403259277
0.04794454574584961
0.04306745529174805
0.07932591438293457
0.07342171669006348
0.0693213939666748
0.07133603096008301
0.0712594985961914
0.08837461471557617
0.06133008003234863
0.07013487815856934
0.07487988471984863
0.05730462074279785
0.061074256896972656
0.1444990634918213
0.08110213279724121
0.10215234756469727
0.06606292724609375
0.09628653526306152
0.06710553169250488
0.07578539848327637
0.08513879776000977
0.10407137870788574
0.07677674293518066
0.07587575912475586
0.0520322322845459
0.0623629093170166
0.10933041572570801
0.07591867446899414
0.07498621940612793
0.06799817085266113
0.07387971878051758
0.0646216869354248
0.0727996826171875
0.06686592102050781
0.05207061767578125
0.07756495475769043
0.06389164924621582
0.0741887092590332
0.05591130256652832
0.08587050437927246
0.07121920585632324
0.09778070449829102
0.08112835884094238
0.07355928421020508
0.07153797149658203
0.06222033500671387
0.050436973571777344
0.06492781639099121
0.06262636184692383
0.1052701473236084
0.07808303833007812
0.06470561027526855
0.06472635269165039
0.05697941780090332
0.08532357215881348
0.06368851661682129
0.05462026596069336
0.0657038688659668
0.10831952095031738
0.0870966911315918
0.09317469596862793
0.05890345573425293
0.0673990249633789
0.07550454139709473
0.0789194107055664
0.07256340980529785
0.044259071350097656
0.04752945899963379
0.045187950134277344
0.06907248497009277
0.07386422157287598
0.06141924858093262
0.07981395721435547
0.06021261215209961
0.06381416320800781
0.11490702629089355
0.057909250259399414
0.08398652076721191