0.22583937644958496
0.28137707710266113
0.23726725578308105
0.21450495719909668
0.25003838539123535
0.17275738716125488
0.26771068572998047
0.2864384651184082
0.19642353057861328
0.23969125747680664
0.19111347198486328
0.19896721839904785
0.15115070343017578
0.24442267417907715
0.21097779273986816
0.2355337142944336
0.2121434211730957
0.24476957321166992
0.2098078727722168
0.2070322036743164
0.20386266708374023
0.20331859588623047
0.23006129264831543
0.2775387763977051
0.24614310264587402
0.21788740158081055
0.2358248233795166
0.21243023872375488
0.2207634449005127
0.21863150596618652
0.18060088157653809
0.2472364902496338
0.19366073608398438
0.25470900535583496
0.27521800994873047
0.2509908676147461
0.21316194534301758
0.21330499649047852
0.23479366302490234
0.1931157112121582
0.20626163482666016
0.2316749095916748
0.24606776237487793
0.22507119178771973
0.25100111961364746
0.18569660186767578
0.24207401275634766
0.21032285690307617
0.16627740859985352
0.2601451873779297
0.22998976707458496
0.28090810775756836
0.21957039833068848
0.22475647926330566
0.291567325592041
0.23311924934387207
0.19945430755615234
0.15284276008605957
0.22472167015075684
0.20630097389221191
0.2455909252166748
0.24796700477600098
0.2411668300628662
0.272780179977417
0.24891424179077148
0.20875906944274902
0.20325469970703125
0.19017767906188965
0.2501654624938965
0.2681112289428711
0.21889042854309082
0.24115800857543945
0.21239089965820312
0.22466444969177246
0.20769143104553223
0.23616313934326172
0.1925804615020752
0.1998600959777832
0.2276153564453125
0.2068958282470703
0.2189466953277588
0.21283483505249023
0.2354412078857422
0.21906113624572754
0.21826648712158203
0.19474148750305176
0.2110753059387207
0.22360801696777344
0.29385876655578613
0.2429971694946289
0.15645503997802734
0.21888113021850586
0.27797365188598633
0.2824122905731201
0.23327350616455078
0.23028564453125
0.23546838760375977
0.21254324913024902
0.24396872520446777
0.2215890884399414