1.33514404296875e-05
9.775161743164062e-06
8.58306884765625e-06
8.344650268554688e-06
8.344650268554688e-06
8.106231689453125e-06
7.867813110351562e-06
7.867813110351562e-06
7.867813110351562e-06
8.106231689453125e-06
3.0040740966796875e-05
2.6941299438476562e-05
8.821487426757812e-06
7.867813110351562e-06
8.106231689453125e-06
8.106231689453125e-06
8.106231689453125e-06
7.867813110351562e-06
7.867813110351562e-06
8.106231689453125e-06
7.867813110351562e-06
8.106231689453125e-06
8.106231689453125e-06
7.62939453125e-06
7.867813110351562e-06
7.62939453125e-06
7.867813110351562e-06
7.867813110351562e-06
7.62939453125e-06
7.62939453125e-06
8.106231689453125e-06
7.867813110351562e-06
7.867813110351562e-06
7.62939453125e-06
8.106231689453125e-06
7.867813110351562e-06
7.867813110351562e-06
8.106231689453125e-06
7.62939453125e-06
7.867813110351562e-06
8.106231689453125e-06
7.62939453125e-06
8.106231689453125e-06
7.62939453125e-06
7.62939453125e-06
7.867813110351562e-06
7.867813110351562e-06
7.62939453125e-06
8.344650268554688e-06
7.867813110351562e-06
7.62939453125e-06
8.106231689453125e-06
7.867813110351562e-06
8.344650268554688e-06
7.867813110351562e-06
7.867813110351562e-06
8.106231689453125e-06
8.58306884765625e-06
8.344650268554688e-06
7.867813110351562e-06
8.106231689453125e-06
7.867813110351562e-06
8.106231689453125e-06
7.867813110351562e-06
7.62939453125e-06
8.344650268554688e-06
8.106231689453125e-06
8.106231689453125e-06
8.106231689453125e-06
8.106231689453125e-06
7.867813110351562e-06
8.344650268554688e-06
7.867813110351562e-06
7.867813110351562e-06
7.867813110351562e-06
8.106231689453125e-06
7.867813110351562e-06
8.106231689453125e-06
7.62939453125e-06
8.106231689453125e-06
7.867813110351562e-06
7.867813110351562e-06
7.867813110351562e-06
7.867813110351562e-06
7.62939453125e-06
8.106231689453125e-06
7.62939453125e-06
7.62939453125e-06
7.867813110351562e-06
8.106231689453125e-06
8.106231689453125e-06
7.62939453125e-06
7.3909759521484375e-06
7.62939453125e-06
8.106231689453125e-06
7.867813110351562e-06
7.62939453125e-06
7.62939453125e-06
8.106231689453125e-06
7.62939453125e-06