1.1682510375976562e-05
5.0067901611328125e-06
4.0531158447265625e-06
3.814697265625e-06
3.814697265625e-06
3.5762786865234375e-06
3.5762786865234375e-06
3.814697265625e-06
3.5762786865234375e-06
3.5762786865234375e-06
3.5762786865234375e-06
3.814697265625e-06
3.337860107421875e-06
3.337860107421875e-06
3.337860107421875e-06
3.5762786865234375e-06
3.814697265625e-06
3.5762786865234375e-06
4.0531158447265625e-06
3.814697265625e-06
3.337860107421875e-06
3.5762786865234375e-06
3.337860107421875e-06
3.337860107421875e-06
3.337860107421875e-06
3.5762786865234375e-06
3.337860107421875e-06
3.5762786865234375e-06
3.337860107421875e-06
3.5762786865234375e-06
3.337860107421875e-06
3.5762786865234375e-06
3.337860107421875e-06
3.5762786865234375e-06
3.337860107421875e-06
3.5762786865234375e-06
3.5762786865234375e-06
3.337860107421875e-06
3.5762786865234375e-06
3.337860107421875e-06
3.814697265625e-06
3.337860107421875e-06
3.337860107421875e-06
3.5762786865234375e-06
3.337860107421875e-06
3.337860107421875e-06
3.5762786865234375e-06
3.5762786865234375e-06
3.5762786865234375e-06
3.337860107421875e-06
3.5762786865234375e-06
3.0994415283203125e-06
3.5762786865234375e-06
3.337860107421875e-06
3.5762786865234375e-06
3.337860107421875e-06
3.337860107421875e-06
3.337860107421875e-06
3.337860107421875e-06
3.5762786865234375e-06
3.337860107421875e-06
3.5762786865234375e-06
3.5762786865234375e-06
3.5762786865234375e-06
3.5762786865234375e-06
3.5762786865234375e-06
3.337860107421875e-06
3.337860107421875e-06
2.1457672119140625e-05
1.71661376953125e-05
3.5762786865234375e-06
3.5762786865234375e-06
3.814697265625e-06
3.5762786865234375e-06
3.814697265625e-06
3.814697265625e-06
3.814697265625e-06
3.814697265625e-06
3.5762786865234375e-06
3.337860107421875e-06
3.5762786865234375e-06
3.5762786865234375e-06
3.5762786865234375e-06
3.814697265625e-06
3.337860107421875e-06
3.337860107421875e-06
3.337860107421875e-06
3.337860107421875e-06
3.5762786865234375e-06
3.337860107421875e-06
3.337860107421875e-06
3.337860107421875e-06
3.337860107421875e-06
3.5762786865234375e-06
3.337860107421875e-06
3.337860107421875e-06
3.337860107421875e-06
3.337860107421875e-06
3.337860107421875e-06
3.337860107421875e-06