5.4836273193359375e-05
0.00010633468627929688
8.249282836914062e-05
0.00010371208190917969
0.0001506805419921875
0.00027108192443847656
0.0004799365997314453
0.0001575946807861328
6.29425048828125e-05
0.0001049041748046875
0.000171661376953125
0.00015616416931152344
0.0003504753112792969
7.367134094238281e-05
0.00010371208190917969
0.00022721290588378906
0.00017952919006347656
0.0002429485321044922
0.00014829635620117188
7.843971252441406e-05
6.175041198730469e-05
6.532669067382812e-05
7.581710815429688e-05
0.00011730194091796875
0.00015234947204589844
0.00011587142944335938
9.870529174804688e-05
0.00015282630920410156
0.00021409988403320312
5.507469177246094e-05
0.00010395050048828125
0.0001552104949951172
0.00017404556274414062
2.5987625122070312e-05
5.14984130859375e-05
0.0001068115234375
8.511543273925781e-05
0.0001671314239501953
0.00010943412780761719
6.890296936035156e-05
0.00037598609924316406
0.0005025863647460938
0.0001289844512939453
6.699562072753906e-05
0.00015211105346679688
5.316734313964844e-05
5.650520324707031e-05
4.458427429199219e-05
0.00012874603271484375
0.0001430511474609375
0.000156402587890625
9.417533874511719e-05
0.0001437664031982422
5.936622619628906e-05
0.00022125244140625
0.0001087188720703125
8.20159912109375e-05
0.00011992454528808594
8.606910705566406e-05
0.000133514404296875
0.00019669532775878906
0.00011610984802246094
0.00010347366333007812
0.00012111663818359375
0.00011110305786132812
0.00012755393981933594
0.00019168853759765625
0.00010323524475097656
0.000164031982421875
9.489059448242188e-05
0.00017762184143066406
0.0004985332489013672
3.7670135498046875e-05
0.00010132789611816406
9.632110595703125e-05
9.751319885253906e-05
0.00018525123596191406
0.00016236305236816406
0.00013780593872070312
0.0001347064971923828
0.00017952919006347656
0.00015306472778320312
0.000133514404296875
0.0002567768096923828
0.00013375282287597656
0.00024771690368652344
0.00010132789611816406
7.987022399902344e-05
0.00010919570922851562
5.340576171875e-05
0.0002200603485107422
7.43865966796875e-05
0.00012087821960449219
6.29425048828125e-05
0.0003139972686767578
0.0001990795135498047
9.298324584960938e-05
0.00017023086547851562
0.0001857280731201172
0.00017023086547851562