0.24903178215026855
0.24814271926879883
0.17876529693603516
0.19042634963989258
0.15724420547485352
0.1561129093170166
0.2049999237060547
0.17780613899230957
0.1511366367340088
0.12470316886901855
0.14048099517822266
0.10590720176696777
0.13374996185302734
0.15421557426452637
0.1823444366455078
0.16274690628051758
0.16097164154052734
0.190993070602417
0.13686203956604004
0.13900184631347656
0.16102099418640137
0.1700458526611328
0.1585218906402588
0.1439199447631836
0.1941680908203125
0.1390397548675537
0.15017008781433105
0.18440532684326172
0.1804192066192627
0.13683772087097168
0.1893465518951416
0.17850041389465332
0.17990875244140625
0.18686914443969727
0.12627959251403809
0.20952725410461426
0.16154074668884277
0.15907883644104004
0.17378854751586914
0.20512747764587402
0.17456650733947754
0.1108553409576416
0.15607714653015137
0.1300489902496338
0.13390445709228516
0.1474614143371582
0.16350746154785156
0.17825055122375488
0.13350391387939453
0.23020172119140625
0.18149328231811523
0.1547248363494873
0.12435722351074219
0.16489839553833008
0.16840100288391113
0.1656627655029297
0.17530298233032227
0.15844154357910156
0.15523099899291992
0.15964150428771973
0.14558887481689453
0.16885948181152344
0.1938917636871338
0.19046688079833984
0.15386199951171875
0.14910602569580078
0.18836212158203125
0.21903014183044434
0.23287630081176758
0.26473188400268555
0.1792454719543457
0.2350022792816162
0.2052597999572754
0.19449400901794434
0.1761305332183838
0.20187091827392578
0.23475313186645508
0.20038604736328125
0.15755677223205566
0.17417335510253906
0.2277665138244629
0.20982933044433594
0.15096640586853027
0.18746399879455566
0.14257025718688965
0.23493313789367676
0.180619478225708
0.17015743255615234
0.13771605491638184
0.1924114227294922
0.18157339096069336
0.15901708602905273
0.18859267234802246
0.20920014381408691
0.20472121238708496
0.21325445175170898
0.20850491523742676
0.19444608688354492
0.23889660835266113
0.180283784866333