1 25 6043
2 25 6934
3 25 5930
4 25 5145
5 25 7221
6 25 5122
7 25 6657
8 25 6471
9 25 7166
10 25 5361
11 25 4247
12 25 4519
13 25 5872
14 25 6104
15 25 5716
16 25 4975
17 25 5745
18 25 6033
19 25 6481
20 25 5227
21 25 5512
22 25 4910
23 25 5905
24 25 6442
25 25 5559
26 25 5813
27 25 5604
28 25 7323
29 25 5186
30 25 5296
31 25 5692
32 25 6288
33 25 5919
34 25 6228
35 25 5466
36 25 5875
37 25 6173
38 25 6061
39 25 6139
40 25 6907
41 25 5075
42 25 6196
43 25 5775
44 25 6801
45 25 5726
46 25 5599
47 25 6641
48 25 4703
49 25 5316
50 25 5677
51 25 7133
52 25 5320
53 25 6637
54 25 6165
55 25 6409
56 25 7654
57 25 4420
58 25 5765
59 25 6078
60 25 5966
61 25 5964
62 25 5582
63 25 6357
64 25 5437
65 25 5823
66 25 5952
67 25 6839
68 25 5618
69 25 5784
70 25 5498
71 25 5536
72 25 5585
73 25 6099
74 25 7249
75 25 5626
76 25 5160
77 25 6221
78 25 5563
79 25 5258
80 25 6728
81 25 5336
82 25 6902
83 25 5618
84 25 5629
85 25 6348
86 25 5797
87 25 6178
88 25 5273
89 25 5553
90 25 7128
91 25 6213
92 25 6993
93 25 6371
94 25 6254
95 25 5754
96 25 6193
97 25 5723
98 25 5479
99 25 6063
100 25 6195