1 30 7346
2 30 8250
3 30 6461
4 30 7283
5 30 7247
6 30 7354
7 30 8308
8 30 7189
9 30 5658
10 30 5884
11 30 7022
12 30 7695
13 30 6810
14 30 7066
15 30 6891
16 30 6999
17 30 6480
18 30 6164
19 30 6929
20 30 7913
21 30 7026
22 30 5969
23 30 8379
24 30 6811
25 30 7031
26 30 7324
27 30 7606
28 30 6969
29 30 6746
30 30 6927
31 30 7342
32 30 6829
33 30 8116
34 30 6681
35 30 6946
36 30 5908
37 30 8797
38 30 5991
39 30 7442
40 30 6230
41 30 6558
42 30 6496
43 30 8127
44 30 6884
45 30 7859
46 30 7893
47 30 7818
48 30 5812
49 30 7669
50 30 6739
51 30 7108
52 30 6976
53 30 6814
54 30 7366
55 30 6539
56 30 7882
57 30 7152
58 30 6617
59 30 6622
60 30 6668
61 30 7343
62 30 8456
63 30 6650
64 30 6646
65 30 7038
66 30 6076
67 30 8421
68 30 6505
69 30 7786
70 30 6859
71 30 7036
72 30 6844
73 30 7387
74 30 6432
75 30 7521
76 30 7813
77 30 8022
78 30 7699
79 30 7013
80 30 7607
81 30 6782
82 30 7248
83 30 6894
84 30 6986
85 30 8027
86 30 7731
87 30 7365
88 30 8461
89 30 7205
90 30 7139
91 30 8697
92 30 5102
93 30 7656
94 30 6811
95 30 6491
96 30 5719
97 30 6437
98 30 7691
99 30 7606
100 30 7000