1 30 6061
2 30 8294
3 30 7475
4 30 7623
5 30 7869
6 30 6505
7 30 7724
8 30 6370
9 30 7640
10 30 6968
11 30 7048
12 30 7465
13 30 7809
14 30 7295
15 30 8339
16 30 7504
17 30 7044
18 30 7906
19 30 7106
20 30 6826
21 30 6847
22 30 7043
23 30 6832
24 30 5884
25 30 7360
26 30 6425
27 30 6676
28 30 7457
29 30 6970
30 30 5742
31 30 6332
32 30 8400
33 30 7330
34 30 7572
35 30 7320
36 30 7930
37 30 7305
38 30 5477
39 30 6961
40 30 6995
41 30 6524
42 30 7301
43 30 6690
44 30 5907
45 30 7622
46 30 8306
47 30 7979
48 30 7082
49 30 7819
50 30 5837
51 30 7449
52 30 8862
53 30 5811
54 30 6846
55 30 7164
56 30 6038
57 30 7161
58 30 7400
59 30 8350
60 30 6482
61 30 7488
62 30 8295
63 30 7798
64 30 7532
65 30 7658
66 30 8686
67 30 7189
68 30 6542
69 30 6373
70 30 6842
71 30 7627
72 30 5828
73 30 6165
74 30 7627
75 30 7575
76 30 6275
77 30 7798
78 30 7167
79 30 6928
80 30 7039
81 30 7442
82 30 7580
83 30 7726
84 30 7837
85 30 8000
86 30 7139
87 30 6721
88 30 6635
89 30 6897
90 30 7069
91 30 5602
92 30 7157
93 30 7327
94 30 6496
95 30 7155
96 30 8362
97 30 7319
98 30 7381
99 30 6569
100 30 7027