1.8596649169921875e-05
1.5020370483398438e-05
1.3828277587890625e-05
1.33514404296875e-05
1.2874603271484375e-05
1.2874603271484375e-05
1.2874603271484375e-05
1.2636184692382812e-05
1.2636184692382812e-05
1.239776611328125e-05
1.239776611328125e-05
1.239776611328125e-05
1.2636184692382812e-05
1.239776611328125e-05
1.2636184692382812e-05
1.33514404296875e-05
1.2874603271484375e-05
1.2874603271484375e-05
1.2874603271484375e-05
1.2636184692382812e-05
1.2636184692382812e-05
3.0994415283203125e-05
1.33514404296875e-05
1.33514404296875e-05
1.33514404296875e-05
1.2874603271484375e-05
1.33514404296875e-05
2.5272369384765625e-05
1.239776611328125e-05
1.239776611328125e-05
1.239776611328125e-05
1.2874603271484375e-05
1.239776611328125e-05
1.239776611328125e-05
1.239776611328125e-05
1.2874603271484375e-05
1.2159347534179688e-05
1.2874603271484375e-05
1.2874603271484375e-05
1.2874603271484375e-05
1.2636184692382812e-05
1.2636184692382812e-05
1.2636184692382812e-05
1.2636184692382812e-05
1.239776611328125e-05
1.239776611328125e-05
1.2636184692382812e-05
1.2159347534179688e-05
1.239776611328125e-05
1.2636184692382812e-05
1.239776611328125e-05
1.2874603271484375e-05
3.24249267578125e-05
2.8848648071289062e-05
1.239776611328125e-05
1.2636184692382812e-05
1.2636184692382812e-05
1.239776611328125e-05
1.2874603271484375e-05
1.239776611328125e-05
1.2636184692382812e-05
1.2159347534179688e-05
1.2636184692382812e-05
1.2874603271484375e-05
1.239776611328125e-05
1.2159347534179688e-05
1.2636184692382812e-05
1.2636184692382812e-05
1.239776611328125e-05
1.2874603271484375e-05
1.2636184692382812e-05
1.239776611328125e-05
1.239776611328125e-05
1.2159347534179688e-05
1.2159347534179688e-05
1.33514404296875e-05
1.239776611328125e-05
1.2874603271484375e-05
1.2159347534179688e-05
1.2636184692382812e-05
1.2874603271484375e-05
1.2636184692382812e-05
1.2636184692382812e-05
1.2636184692382812e-05
1.239776611328125e-05
1.2636184692382812e-05
1.2636184692382812e-05
1.2636184692382812e-05
1.2874603271484375e-05
1.2636184692382812e-05
1.2636184692382812e-05
1.2159347534179688e-05
1.2159347534179688e-05
1.2636184692382812e-05
1.239776611328125e-05
1.2636184692382812e-05
1.2159347534179688e-05
1.239776611328125e-05
1.239776611328125e-05
1.239776611328125e-05