4.172325134277344e-05
3.814697265625e-05
3.6716461181640625e-05
3.62396240234375e-05
3.552436828613281e-05
3.528594970703125e-05
3.504753112792969e-05
3.504753112792969e-05
3.528594970703125e-05
3.743171691894531e-05
3.4809112548828125e-05
3.4809112548828125e-05
3.4809112548828125e-05
3.457069396972656e-05
3.4809112548828125e-05
3.504753112792969e-05
3.4809112548828125e-05
3.4809112548828125e-05
3.4809112548828125e-05
3.4809112548828125e-05
3.528594970703125e-05
3.504753112792969e-05
3.504753112792969e-05
3.4809112548828125e-05
3.457069396972656e-05
3.4809112548828125e-05
3.4809112548828125e-05
3.4809112548828125e-05
3.4809112548828125e-05
3.457069396972656e-05
3.457069396972656e-05
3.4809112548828125e-05
3.4809112548828125e-05
3.4332275390625e-05
3.4809112548828125e-05
3.504753112792969e-05
3.4809112548828125e-05
3.4809112548828125e-05
3.4809112548828125e-05
3.4809112548828125e-05
3.4809112548828125e-05
5.3882598876953125e-05
5.078315734863281e-05
6.723403930664062e-05
3.719329833984375e-05
6.723403930664062e-05
3.719329833984375e-05
3.743171691894531e-05
5.14984130859375e-05
5.316734313964844e-05
5.030632019042969e-05
3.719329833984375e-05
3.695487976074219e-05
3.719329833984375e-05
3.719329833984375e-05
3.719329833984375e-05
3.6716461181640625e-05
3.695487976074219e-05
3.719329833984375e-05
3.6716461181640625e-05
3.6716461181640625e-05
3.695487976074219e-05
3.6716461181640625e-05
3.6716461181640625e-05
3.719329833984375e-05
9.298324584960938e-05
5.364418029785156e-05
3.743171691894531e-05
6.4849853515625e-05
3.695487976074219e-05
3.6716461181640625e-05
3.647804260253906e-05
3.695487976074219e-05
3.6716461181640625e-05
3.6716461181640625e-05
3.695487976074219e-05
3.695487976074219e-05
3.695487976074219e-05
3.62396240234375e-05
3.62396240234375e-05
3.647804260253906e-05
3.647804260253906e-05
3.62396240234375e-05
3.62396240234375e-05
3.6716461181640625e-05
3.647804260253906e-05
3.719329833984375e-05
3.6716461181640625e-05
3.647804260253906e-05
3.6716461181640625e-05
3.695487976074219e-05
3.6716461181640625e-05
3.695487976074219e-05
3.695487976074219e-05
3.647804260253906e-05
3.6716461181640625e-05
3.647804260253906e-05
5.745887756347656e-05
3.695487976074219e-05
5.173683166503906e-05