1.33514404296875e-05
8.344650268554688e-06
6.9141387939453125e-06
6.4373016357421875e-06
6.198883056640625e-06
6.198883056640625e-06
5.7220458984375e-06
5.9604644775390625e-06
6.198883056640625e-06
6.198883056640625e-06
5.7220458984375e-06
5.9604644775390625e-06
5.9604644775390625e-06
5.9604644775390625e-06
5.9604644775390625e-06
6.4373016357421875e-06
5.9604644775390625e-06
6.198883056640625e-06
5.9604644775390625e-06
5.7220458984375e-06
5.9604644775390625e-06
5.4836273193359375e-06
6.4373016357421875e-06
5.7220458984375e-06
5.9604644775390625e-06
5.7220458984375e-06
5.9604644775390625e-06
5.9604644775390625e-06
5.9604644775390625e-06
5.4836273193359375e-06
6.4373016357421875e-06
5.9604644775390625e-06
2.2649765014648438e-05
5.7220458984375e-06
5.7220458984375e-06
5.9604644775390625e-06
5.7220458984375e-06
5.9604644775390625e-06
6.198883056640625e-06
5.9604644775390625e-06
5.9604644775390625e-06
5.7220458984375e-06
5.7220458984375e-06
6.198883056640625e-06
5.9604644775390625e-06
5.7220458984375e-06
5.4836273193359375e-06
5.9604644775390625e-06
5.9604644775390625e-06
5.7220458984375e-06
5.9604644775390625e-06
5.9604644775390625e-06
5.9604644775390625e-06
6.198883056640625e-06
5.7220458984375e-06
5.7220458984375e-06
5.7220458984375e-06
5.7220458984375e-06
5.7220458984375e-06
5.7220458984375e-06
5.7220458984375e-06
5.9604644775390625e-06
5.9604644775390625e-06
5.7220458984375e-06
5.9604644775390625e-06
5.9604644775390625e-06
5.4836273193359375e-06
5.9604644775390625e-06
5.7220458984375e-06
5.7220458984375e-06
5.9604644775390625e-06
5.7220458984375e-06
5.4836273193359375e-06
5.7220458984375e-06
5.7220458984375e-06
5.7220458984375e-06
5.9604644775390625e-06
5.4836273193359375e-06
5.9604644775390625e-06
5.7220458984375e-06
5.9604644775390625e-06
5.7220458984375e-06
5.7220458984375e-06
5.7220458984375e-06
5.7220458984375e-06
5.7220458984375e-06
5.4836273193359375e-06
5.4836273193359375e-06
5.7220458984375e-06
6.4373016357421875e-06
5.9604644775390625e-06
5.9604644775390625e-06
5.7220458984375e-06
5.9604644775390625e-06
5.7220458984375e-06
2.288818359375e-05
5.245208740234375e-06
5.245208740234375e-06
5.245208740234375e-06
5.245208740234375e-06