0.03477883338928223
0.02615189552307129
0.02578592300415039
0.024648189544677734
0.03139352798461914
0.026639699935913086
0.033365488052368164
0.03466367721557617
0.028525590896606445
0.0316314697265625
0.028192520141601562
0.0342404842376709
0.030584096908569336
0.02739262580871582
0.03653669357299805
0.03668379783630371
0.0323028564453125
0.0362391471862793
0.028240442276000977
0.03459620475769043
0.031737327575683594
0.030797958374023438
0.032267093658447266
0.02952265739440918
0.024143695831298828
0.02475142478942871
0.03238725662231445
0.02281928062438965
0.029714107513427734
0.029767274856567383
0.033451080322265625
0.02269148826599121
0.02501845359802246
0.031595706939697266
0.02530956268310547
0.026105403900146484
0.03575730323791504
0.031225204467773438
0.03260922431945801
0.028088808059692383
0.029399394989013672
0.028078317642211914
0.03247642517089844
0.02727341651916504
0.03180432319641113
0.034864187240600586
0.0324254035949707
0.024674654006958008
0.03191947937011719
0.035118818283081055
0.03125333786010742
0.02715778350830078
0.025363445281982422
0.030209779739379883
0.021396875381469727
0.02992844581604004
0.02846217155456543
0.031578779220581055
0.025452852249145508
0.026674985885620117
0.028063535690307617
0.029805898666381836
0.026445388793945312
0.03183317184448242
0.03069138526916504
0.027278900146484375
0.030178070068359375
0.029239654541015625
0.0292356014251709
0.03466629981994629
0.029335737228393555
0.0319364070892334
0.02989959716796875
0.028404712677001953
0.02504253387451172
0.025958538055419922
0.027077198028564453
0.021164655685424805
0.03095555305480957
0.03319907188415527
0.02831292152404785
0.03369283676147461
0.03099989891052246
0.030690670013427734
0.027378082275390625
0.027878284454345703
0.028854846954345703
0.0258181095123291
0.0279085636138916
0.02880120277404785
0.029867887496948242
0.030348777770996094
0.0269167423248291
0.02496194839477539
0.025716543197631836
0.02601456642150879
0.026897430419921875
0.03788471221923828
0.029310226440429688
0.027934551239013672