0.09529352188110352
0.09169745445251465
0.09882426261901855
0.08635306358337402
0.0680241584777832
0.08880734443664551
0.09371328353881836
0.0863194465637207
0.0985872745513916
0.09150958061218262
0.08683371543884277
0.12100577354431152
0.07891225814819336
0.08332967758178711
0.08457207679748535
0.08150076866149902
0.07913494110107422
0.10020828247070312
0.09302163124084473
0.0925297737121582
0.09009146690368652
0.0863492488861084
0.0929875373840332
0.09493541717529297
0.09352970123291016
0.07892298698425293
0.08465743064880371
0.08722090721130371
0.08632516860961914
0.09066295623779297
0.06728029251098633
0.08289527893066406
0.08227157592773438
0.08301854133605957
0.08069396018981934
0.08856391906738281
0.0604860782623291
0.08525943756103516
0.08551597595214844
0.07498502731323242
0.07973051071166992
0.0816502571105957
0.08814549446105957
0.09432649612426758
0.08620452880859375
0.0698390007019043
0.09379005432128906
0.08550834655761719
0.08646583557128906
0.08864521980285645
0.0770561695098877
0.06842517852783203
0.10209131240844727
0.08377218246459961
0.07565784454345703
0.08822488784790039
0.08070969581604004
0.09212779998779297
0.07824015617370605
0.08200407028198242
0.08909034729003906
0.10447025299072266
0.08254480361938477
0.08473873138427734
0.08573365211486816
0.0830373764038086
0.08600735664367676
0.08893680572509766
0.08200645446777344
0.08151817321777344
0.0809326171875
0.08356142044067383
0.0829322338104248
0.08851504325866699
0.08778834342956543
0.0897665023803711
0.07921409606933594
0.09284639358520508
0.08547806739807129
0.08310675621032715
0.08035802841186523
0.09120798110961914
0.0758976936340332
0.08033537864685059
0.08117103576660156
0.07394981384277344
0.0915982723236084
0.08516907691955566
0.07642436027526855
0.08300137519836426
0.08386921882629395
0.09194803237915039
0.08265161514282227
0.0844273567199707
0.09912776947021484
0.08781552314758301
0.08257031440734863
0.09354615211486816
0.09287309646606445
0.08622217178344727