0.00046944618225097656
0.00023436546325683594
0.00033926963806152344
0.00041937828063964844
0.00039005279541015625
0.0002582073211669922
0.0003123283386230469
0.0002562999725341797
0.0003190040588378906
0.0003154277801513672
0.00023102760314941406
0.00031685829162597656
0.00041294097900390625
0.0002701282501220703
0.00022912025451660156
0.0005307197570800781
0.0002815723419189453
0.0002586841583251953
0.00025177001953125
0.0004115104675292969
0.0004112720489501953
0.00026488304138183594
0.00022745132446289062
0.0004115104675292969
0.0002562999725341797
0.0003066062927246094
0.0003085136413574219
0.0005087852478027344
0.00024199485778808594
0.0004227161407470703
0.00022840499877929688
0.0004124641418457031
0.00026416778564453125
0.0003483295440673828
0.000423431396484375
0.00026297569274902344
0.0002636909484863281
0.0004124641418457031
0.0003192424774169922
0.0004105567932128906
0.00041604042053222656
0.00041365623474121094
0.0002536773681640625
0.00023865699768066406
0.0002582073211669922
0.0002639293670654297
0.00026917457580566406
0.00025725364685058594
0.00041413307189941406
0.00030350685119628906
0.0002636909484863281
0.00025200843811035156
0.0002627372741699219
0.000415802001953125
0.00022649765014648438
0.00040841102600097656
0.0002579689025878906
0.0002543926239013672
0.00030994415283203125
0.00025177001953125
0.00025653839111328125
0.00041413307189941406
0.0003039836883544922
0.0002505779266357422
0.00022983551025390625
0.00023698806762695312
0.00022673606872558594
0.00026297569274902344
0.0003020763397216797
0.0002639293670654297
0.0002627372741699219
0.0002357959747314453
0.0004093647003173828
0.00022554397583007812
0.0004057884216308594
0.00023651123046875
0.00030350685119628906
0.0002758502960205078
0.00025773048400878906
0.00026488304138183594
0.00034737586975097656
0.0003037452697753906
0.00023102760314941406
0.00022649765014648438
0.00028014183044433594
0.0004115104675292969
0.00041484832763671875
0.0003058910369873047
0.00026488304138183594
0.0002257823944091797
0.0002300739288330078
0.00026297569274902344
0.000316619873046875
0.00026297569274902344
0.0003058910369873047
0.000263214111328125
0.0002541542053222656
0.00023746490478515625
0.00022840499877929688
0.0002281665802001953