4.839897155761719e-05
2.5510787963867188e-05
2.5510787963867188e-05
2.47955322265625e-05
2.5033950805664062e-05
3.7670135498046875e-05
2.47955322265625e-05
2.5510787963867188e-05
2.4080276489257812e-05
2.384185791015625e-05
2.4080276489257812e-05
2.4080276489257812e-05
2.3365020751953125e-05
2.384185791015625e-05
2.4080276489257812e-05
2.3365020751953125e-05
2.384185791015625e-05
2.384185791015625e-05
2.4080276489257812e-05
2.4080276489257812e-05
2.4080276489257812e-05
2.3603439331054688e-05
2.4080276489257812e-05
2.384185791015625e-05
2.384185791015625e-05
4.267692565917969e-05
4.00543212890625e-05
2.384185791015625e-05
2.4080276489257812e-05
2.384185791015625e-05
2.4080276489257812e-05
2.4080276489257812e-05
4.291534423828125e-05
2.4080276489257812e-05
2.4318695068359375e-05
2.384185791015625e-05
2.384185791015625e-05
2.4318695068359375e-05
2.4080276489257812e-05
2.384185791015625e-05
2.3603439331054688e-05
2.4318695068359375e-05
2.384185791015625e-05
2.384185791015625e-05
2.4080276489257812e-05
2.4080276489257812e-05
2.384185791015625e-05
2.384185791015625e-05
2.384185791015625e-05
2.4318695068359375e-05
2.384185791015625e-05
2.3365020751953125e-05
2.4080276489257812e-05
2.384185791015625e-05
2.4318695068359375e-05
2.4080276489257812e-05
2.3603439331054688e-05
2.4318695068359375e-05
2.4080276489257812e-05
2.4080276489257812e-05
2.4080276489257812e-05
2.384185791015625e-05
2.4080276489257812e-05
2.3603439331054688e-05
2.4080276489257812e-05
2.4318695068359375e-05
2.4080276489257812e-05
2.3603439331054688e-05
2.384185791015625e-05
2.384185791015625e-05
2.384185791015625e-05
2.4318695068359375e-05
2.384185791015625e-05
2.3603439331054688e-05
2.4318695068359375e-05
2.4080276489257812e-05
2.3603439331054688e-05
2.4318695068359375e-05
2.384185791015625e-05
2.3603439331054688e-05
4.1484832763671875e-05
3.790855407714844e-05
2.4080276489257812e-05
2.4080276489257812e-05
2.4080276489257812e-05
2.4318695068359375e-05
2.384185791015625e-05
3.695487976074219e-05
2.3365020751953125e-05
2.3126602172851562e-05
2.3365020751953125e-05
2.3365020751953125e-05
2.3126602172851562e-05
2.3126602172851562e-05
2.288818359375e-05
2.3365020751953125e-05
2.3365020751953125e-05
2.3126602172851562e-05
2.3365020751953125e-05
4.291534423828125e-05