0.061809539794921875
0.049260854721069336
0.0572817325592041
0.05936431884765625
0.06247568130493164
0.05620932579040527
0.07246661186218262
0.06254100799560547
0.07097411155700684
0.06188845634460449
0.06702041625976562
0.0697171688079834
0.050786495208740234
0.061974287033081055
0.062432289123535156
0.06485557556152344
0.0584111213684082
0.059861183166503906
0.06675291061401367
0.05645322799682617
0.05981874465942383
0.05628156661987305
0.0637962818145752
0.05786585807800293
0.05295920372009277
0.06270503997802734
0.06409072875976562
0.057917118072509766
0.05924797058105469
0.06131887435913086
0.06067633628845215
0.06155681610107422
0.05457758903503418
0.05768322944641113
0.06004595756530762
0.0593564510345459
0.06611347198486328
0.061269521713256836
0.05351376533508301
0.05338287353515625
0.06158709526062012
0.05753326416015625
0.06236004829406738
0.0599062442779541
0.05773353576660156
0.0530545711517334
0.0717613697052002
0.0646824836730957
0.05304574966430664
0.05286574363708496
0.05040311813354492
0.06529569625854492
0.05409955978393555
0.0635218620300293
0.05127120018005371
0.05553936958312988
0.06313443183898926
0.05638289451599121
0.05585956573486328
0.058310508728027344
0.05997610092163086
0.058554887771606445
0.05801582336425781
0.05224871635437012
0.06154918670654297
0.059183597564697266
0.05739879608154297
0.06160712242126465
0.06014418601989746
0.05747628211975098
0.051108360290527344
0.05663490295410156
0.05130887031555176
0.05851244926452637
0.06474113464355469
0.06447529792785645
0.06238222122192383
0.059249162673950195
0.05876660346984863
0.06771397590637207
0.06574511528015137
0.050894975662231445
0.05495452880859375
0.05594778060913086
0.0634768009185791
0.06919264793395996
0.06274104118347168
0.06219053268432617
0.06696105003356934
0.06310057640075684
0.06343460083007812
0.05586385726928711
0.06749510765075684
0.06832265853881836
0.06478047370910645
0.06162571907043457
0.05120062828063965
0.05920720100402832
0.059519290924072266
0.05779290199279785