2.193450927734375e-05
1.8596649169921875e-05
1.7881393432617188e-05
1.7404556274414062e-05
1.7642974853515625e-05
1.71661376953125e-05
1.7404556274414062e-05
1.6927719116210938e-05
1.7404556274414062e-05
1.6927719116210938e-05
1.6927719116210938e-05
1.71661376953125e-05
1.6927719116210938e-05
1.71661376953125e-05
1.71661376953125e-05
1.6927719116210938e-05
1.6689300537109375e-05
1.7404556274414062e-05
1.71661376953125e-05
1.71661376953125e-05
4.601478576660156e-05
1.9073486328125e-05
1.71661376953125e-05
1.6927719116210938e-05
1.6927719116210938e-05
1.71661376953125e-05
1.71661376953125e-05
1.7642974853515625e-05
1.6927719116210938e-05
1.6450881958007812e-05
1.6689300537109375e-05
1.6689300537109375e-05
1.6927719116210938e-05
1.6927719116210938e-05
1.6927719116210938e-05
1.6689300537109375e-05
1.6927719116210938e-05
1.71661376953125e-05
1.6927719116210938e-05
1.6689300537109375e-05
1.71661376953125e-05
1.6927719116210938e-05
1.6927719116210938e-05
1.6689300537109375e-05
1.6927719116210938e-05
1.71661376953125e-05
1.6927719116210938e-05
1.6927719116210938e-05
1.6689300537109375e-05
1.6927719116210938e-05
1.71661376953125e-05
1.6927719116210938e-05
1.71661376953125e-05
1.7404556274414062e-05
1.6927719116210938e-05
1.71661376953125e-05
1.6689300537109375e-05
1.6927719116210938e-05
1.7404556274414062e-05
1.71661376953125e-05
1.71661376953125e-05
1.7404556274414062e-05
1.71661376953125e-05
1.6927719116210938e-05
1.71661376953125e-05
1.6927719116210938e-05
1.6689300537109375e-05
1.6927719116210938e-05
1.6927719116210938e-05
1.6689300537109375e-05
1.71661376953125e-05
1.6927719116210938e-05
1.6689300537109375e-05
1.6927719116210938e-05
1.6927719116210938e-05
1.6689300537109375e-05
1.71661376953125e-05
1.6927719116210938e-05
1.6689300537109375e-05
1.6689300537109375e-05
1.6689300537109375e-05
1.6689300537109375e-05
1.6927719116210938e-05
1.6689300537109375e-05
1.6689300537109375e-05
1.6689300537109375e-05
1.6450881958007812e-05
1.6689300537109375e-05
1.6689300537109375e-05
1.6927719116210938e-05
1.6927719116210938e-05
1.6927719116210938e-05
1.6689300537109375e-05
1.6689300537109375e-05
1.6927719116210938e-05
1.6689300537109375e-05
1.6927719116210938e-05
1.6927719116210938e-05
1.6927719116210938e-05
1.6927719116210938e-05