2.3603439331054688e-05
7.62939453125e-06
4.291534423828125e-06
4.291534423828125e-06
4.0531158447265625e-06
4.0531158447265625e-06
3.5762786865234375e-06
3.5762786865234375e-06
3.814697265625e-06
4.0531158447265625e-06
3.814697265625e-06
4.0531158447265625e-06
3.814697265625e-06
3.5762786865234375e-06
3.337860107421875e-06
3.5762786865234375e-06
3.5762786865234375e-06
3.337860107421875e-06
3.5762786865234375e-06
3.5762786865234375e-06
3.5762786865234375e-06
3.5762786865234375e-06
3.5762786865234375e-06
3.337860107421875e-06
3.814697265625e-06
3.814697265625e-06
3.814697265625e-06
3.5762786865234375e-06
3.5762786865234375e-06
3.5762786865234375e-06
3.5762786865234375e-06
3.5762786865234375e-06
3.5762786865234375e-06
3.814697265625e-06
3.337860107421875e-06
3.5762786865234375e-06
3.5762786865234375e-06
3.5762786865234375e-06
3.5762786865234375e-06
3.337860107421875e-06
3.5762786865234375e-06
3.814697265625e-06
3.814697265625e-06
3.5762786865234375e-06
3.814697265625e-06
3.5762786865234375e-06
3.337860107421875e-06
3.5762786865234375e-06
3.5762786865234375e-06
3.5762786865234375e-06
3.814697265625e-06
3.5762786865234375e-06
3.5762786865234375e-06
3.5762786865234375e-06
3.814697265625e-06
4.0531158447265625e-06
3.5762786865234375e-06
4.0531158447265625e-06
3.814697265625e-06
3.814697265625e-06
3.814697265625e-06
3.814697265625e-06
3.814697265625e-06
3.814697265625e-06
3.814697265625e-06
3.814697265625e-06
3.5762786865234375e-06
3.814697265625e-06
3.5762786865234375e-06
3.814697265625e-06
4.0531158447265625e-06
3.5762786865234375e-06
3.814697265625e-06
3.814697265625e-06
3.5762786865234375e-06
3.814697265625e-06
3.814697265625e-06
3.814697265625e-06
3.814697265625e-06
3.814697265625e-06
3.5762786865234375e-06
3.814697265625e-06
3.814697265625e-06
3.814697265625e-06
3.337860107421875e-06
3.814697265625e-06
3.5762786865234375e-06
3.5762786865234375e-06
3.337860107421875e-06
3.337860107421875e-06
3.814697265625e-06
3.5762786865234375e-06
3.337860107421875e-06
3.5762786865234375e-06
3.5762786865234375e-06
3.0994415283203125e-06
3.337860107421875e-06
3.5762786865234375e-06
3.5762786865234375e-06
3.5762786865234375e-06