2.47955322265625e-05
2.0265579223632812e-05
4.744529724121094e-05
3.504753112792969e-05
1.8596649169921875e-05
1.8596649169921875e-05
1.8596649169921875e-05
1.8358230590820312e-05
1.8596649169921875e-05
1.811981201171875e-05
1.8596649169921875e-05
1.7881393432617188e-05
1.7881393432617188e-05
1.7881393432617188e-05
1.7881393432617188e-05
1.8596649169921875e-05
1.811981201171875e-05
1.7642974853515625e-05
1.811981201171875e-05
1.8358230590820312e-05
1.811981201171875e-05
1.7881393432617188e-05
1.7881393432617188e-05
1.811981201171875e-05
1.7881393432617188e-05
1.811981201171875e-05
1.7881393432617188e-05
1.811981201171875e-05
1.811981201171875e-05
1.811981201171875e-05
1.7881393432617188e-05
1.811981201171875e-05
1.811981201171875e-05
1.811981201171875e-05
1.811981201171875e-05
1.8358230590820312e-05
1.811981201171875e-05
1.7881393432617188e-05
1.811981201171875e-05
1.7642974853515625e-05
1.7881393432617188e-05
1.811981201171875e-05
1.7881393432617188e-05
1.811981201171875e-05
1.7881393432617188e-05
1.811981201171875e-05
1.811981201171875e-05
1.7881393432617188e-05
1.811981201171875e-05
1.8358230590820312e-05
1.8358230590820312e-05
1.7881393432617188e-05
1.7881393432617188e-05
1.811981201171875e-05
1.811981201171875e-05
1.8596649169921875e-05
1.7881393432617188e-05
1.7642974853515625e-05
1.811981201171875e-05
1.7881393432617188e-05
1.7881393432617188e-05
1.811981201171875e-05
1.7881393432617188e-05
1.811981201171875e-05
1.7881393432617188e-05
1.811981201171875e-05
1.7881393432617188e-05
1.7881393432617188e-05
1.8358230590820312e-05
1.811981201171875e-05
1.7642974853515625e-05
1.7642974853515625e-05
1.7881393432617188e-05
1.7881393432617188e-05
1.811981201171875e-05
1.8596649169921875e-05
1.7642974853515625e-05
1.8596649169921875e-05
1.7642974853515625e-05
1.8358230590820312e-05
1.811981201171875e-05
1.7881393432617188e-05
1.811981201171875e-05
1.7881393432617188e-05
1.7881393432617188e-05
1.811981201171875e-05
1.7881393432617188e-05
1.7881393432617188e-05
1.811981201171875e-05
1.7881393432617188e-05
1.811981201171875e-05
1.8358230590820312e-05
1.7881393432617188e-05
1.7881393432617188e-05
1.7881393432617188e-05
1.811981201171875e-05
1.8358230590820312e-05
1.7881393432617188e-05
1.7881393432617188e-05
1.7642974853515625e-05