3.933906555175781e-05
9.512901306152344e-05
3.361701965332031e-05
3.314018249511719e-05
3.266334533691406e-05
3.24249267578125e-05
3.075599670410156e-05
4.9114227294921875e-05
5.078315734863281e-05
6.67572021484375e-05
5.1021575927734375e-05
7.987022399902344e-05
4.601478576660156e-05
4.601478576660156e-05
3.314018249511719e-05
4.3392181396484375e-05
3.0040740966796875e-05
3.0040740966796875e-05
2.9802322387695312e-05
3.0279159545898438e-05
3.0040740966796875e-05
3.0517578125e-05
2.9802322387695312e-05
3.0517578125e-05
3.0040740966796875e-05
3.0040740966796875e-05
3.0040740966796875e-05
3.0040740966796875e-05
2.956390380859375e-05
4.9114227294921875e-05
6.532669067382812e-05
3.361701965332031e-05
6.031990051269531e-05
4.5299530029296875e-05
3.218650817871094e-05
4.38690185546875e-05
3.0279159545898438e-05
2.9802322387695312e-05
3.0040740966796875e-05
3.0279159545898438e-05
3.0040740966796875e-05
3.0517578125e-05
3.0040740966796875e-05
3.0279159545898438e-05
3.0040740966796875e-05
3.0517578125e-05
3.0279159545898438e-05
3.0279159545898438e-05
3.075599670410156e-05
2.9802322387695312e-05
3.0517578125e-05
3.0040740966796875e-05
4.792213439941406e-05
3.1948089599609375e-05
3.0040740966796875e-05
3.0040740966796875e-05
3.0279159545898438e-05
2.9802322387695312e-05
3.0040740966796875e-05
3.0279159545898438e-05
2.9802322387695312e-05
3.0279159545898438e-05
3.0040740966796875e-05
3.0040740966796875e-05
3.0040740966796875e-05
2.9802322387695312e-05
3.0040740966796875e-05
2.9802322387695312e-05
3.0279159545898438e-05
6.318092346191406e-05
3.0040740966796875e-05
2.9802322387695312e-05
2.9802322387695312e-05
7.081031799316406e-05
4.7206878662109375e-05
2.9802322387695312e-05
3.0040740966796875e-05
3.0040740966796875e-05
2.9802322387695312e-05
2.956390380859375e-05
3.0279159545898438e-05
2.9802322387695312e-05
3.0040740966796875e-05
3.0517578125e-05
2.956390380859375e-05
3.075599670410156e-05
3.0040740966796875e-05
3.0279159545898438e-05
3.0040740966796875e-05
3.0279159545898438e-05
5.221366882324219e-05
6.437301635742188e-05
5.1975250244140625e-05
3.0040740966796875e-05
3.0040740966796875e-05
3.0040740966796875e-05
3.0040740966796875e-05
3.0517578125e-05
3.0040740966796875e-05
3.0040740966796875e-05