1.3589859008789062e-05
7.152557373046875e-06
6.198883056640625e-06
5.9604644775390625e-06
6.198883056640625e-06
5.245208740234375e-06
5.245208740234375e-06
5.4836273193359375e-06
5.7220458984375e-06
5.7220458984375e-06
5.4836273193359375e-06
5.4836273193359375e-06
5.7220458984375e-06
5.7220458984375e-06
5.9604644775390625e-06
5.4836273193359375e-06
5.245208740234375e-06
5.245208740234375e-06
5.245208740234375e-06
5.0067901611328125e-06
5.245208740234375e-06
5.0067901611328125e-06
5.4836273193359375e-06
5.4836273193359375e-06
5.245208740234375e-06
5.4836273193359375e-06
5.4836273193359375e-06
5.7220458984375e-06
5.4836273193359375e-06
5.4836273193359375e-06
5.4836273193359375e-06
5.4836273193359375e-06
5.245208740234375e-06
5.245208740234375e-06
5.0067901611328125e-06
5.4836273193359375e-06
5.4836273193359375e-06
5.4836273193359375e-06
5.4836273193359375e-06
5.4836273193359375e-06
5.4836273193359375e-06
6.198883056640625e-06
5.7220458984375e-06
5.4836273193359375e-06
5.4836273193359375e-06
5.0067901611328125e-06
5.245208740234375e-06
5.245208740234375e-06
5.4836273193359375e-06
5.7220458984375e-06
5.4836273193359375e-06
5.4836273193359375e-06
5.4836273193359375e-06
5.0067901611328125e-06
5.4836273193359375e-06
5.4836273193359375e-06
5.245208740234375e-06
5.7220458984375e-06
5.4836273193359375e-06
5.9604644775390625e-06
5.7220458984375e-06
5.4836273193359375e-06
5.4836273193359375e-06
2.6464462280273438e-05
5.4836273193359375e-06
2.6464462280273438e-05
5.7220458984375e-06
5.0067901611328125e-06
5.0067901611328125e-06
5.245208740234375e-06
5.4836273193359375e-06
4.76837158203125e-06
5.0067901611328125e-06
5.0067901611328125e-06
5.0067901611328125e-06
4.76837158203125e-06
4.76837158203125e-06
5.0067901611328125e-06
4.5299530029296875e-06
4.5299530029296875e-06
5.0067901611328125e-06
4.76837158203125e-06
4.5299530029296875e-06
5.245208740234375e-06
4.76837158203125e-06
2.1457672119140625e-05
5.4836273193359375e-06
5.7220458984375e-06
5.0067901611328125e-06
4.76837158203125e-06
5.0067901611328125e-06
5.0067901611328125e-06
4.76837158203125e-06
4.76837158203125e-06
4.76837158203125e-06
4.76837158203125e-06
4.76837158203125e-06
5.0067901611328125e-06
4.5299530029296875e-06
4.76837158203125e-06