0.0
0.03570980687233509
0.024457394576240077
0.0
0.0017305953764690687
0.0
0.004857367475292003
0.0
0.0
0.0
0.009886107417471238
0.0
0.03788151395204292
0.0063189747241011035
0.0
0.004466087330840216
0.0
0.00378492039651547
0.0
0.0
0.0
0.0
0.0122862480241414
0.0
0.0
0.009415087678004001
0.08444844259529967
0.0
0.015875292880026776
0.0
0.0
0.008238983681496836
0.0
0.02765546543066821
0.004432051658350455
0.0
9.004952723998198e-05
0.0
0.059962781721689985
0.0
0.0
0.05654417184374013
0.015949734171097147
0.0
0.0
0.03526924288092132
0.0
0.0
0.042048339035426555
0.0
0.0
0.0
0.02294602607318361
0.0038054319472149763
0.030863305888583947
0.02042737456462393
0.0
0.0
0.0025699041872678007
0.0
0.0
0.0
0.027520069971574048
0.0
0.032948554808216686
0.0
0.004437299035369775
0.02651353167572851
0.0
0.02863336013704856
0.0
0.0
0.0
0.01972774482991734
0.06421027927716498
0.002566324490067991
0.015793505804702693
0.007511007511007511
0.00798806179775281
0.0
0.0
0.0
0.026124129195693478
0.0
0.023381356806381735
0.0
0.004520729197294913
0.0
0.0
0.023065582346506873
0.0
0.0
0.010052042489484566
0.01011729614252892
0.0
0.029482386553600196
0.0
0.0
0.006606990622335891
0.0
0.0
0.009340417611425091
0.03285549858742283
0.0
0.0
0.0
0.0
0.0
0.02198426218869149
0.0
0.0
0.0
0.0
0.0
0.0
0.004826405106647984
0.022041862451943613
0.0
0.014637523489269113
0.0
0.007795424741366749
0.0
0.006343713956170703
0.012973404520732498
0.006715997747928899
0.03200901427259828
0.0
0.006307498230823667
0.0
0.0
0.0
0.0
0.0
0.021439080781895888
0.03766160764474424
0.018861512319456243
0.0
0.0
0.0
0.0
0.0
0.0
0.0
0.0
0.0
0.0
0.060827977880735316
0.04039757699854961
0.0
0.0
0.016044493622968958
0.0
0.0
0.0
0.0
0.0021623082640718967
0.0
0.0
0.02021258058895278
0.0036787457883517842
0.0
0.0
0.0
0.01772593299846403
0.0
0.0
0.0
0.0006899988500019167
0.00960563023078874
0.014812078057300239
0.0
0.0
0.00017960845357121476
0.05766263821033685
0.0
0.0
0.0
0.026938801381802047
0.006353570632384633
0.0
2.9658629178159384e-05
0.019366083532373637
0.016570008285004142
0.005213252238298515
0.0
0.021195440162975164
0.0019326544265219653
0.009946392817929342
0.02860789908394654
0.02344086864489828
0.05318487537444187
0.0010473235065942591
0.022788161502820942
0.0
0.0
0.0
0.0
0.003383773097102882
0.07663440647837251
0.0072090112640801
0.0
0.0
0.0
0.03218825010821233
0.009829072147119016
0.0
5.6695770495521035e-05
0.0
0.024581948620562327
0.004938185129408469
0.0
0.0
0.013572890333453713
0.030420323829253665
0.01862174325942442
0.0
0.0041299858711009675
0.0038576473784297746
0.006025466120964075
0.008620689655172414
0.0
0.003171110535852964
0.0
0.0
0.0
0.0
0.0
0.016115200457371543
0.0
0.001574298125419084
0.0
0.03705509507557289
0.010106397911344432
0.027308711914878162
0.0
0.030312371557747637
0.03852889667250438
0.0
0.0
0.0
0.0029459106508336625
0.0
0.02906350914962325
0.020827557527030773
0.0
0.0
0.010225015467778176
0.047809442790302
0.007420266176520644
0.028410051746879966
0.02082607180202161
0.0
0.0
0.0
0.0
0.0
0.0
0.0
0.013325533021320854
0.0
0.0
0.0
0.03678117998506348
0.05320888676159707
0.0
0.0
0.0
0.0
0.026860906006785073
0.0
0.0
0.002980555424137768
0.035216559639294986
0.02292377954152441
0.010299385875127944
0.0
0.022810590631364563
0.0
0.05952479168385447
0.0
0.007949769608587776
0.0
0.0
0.0
0.016207584830339322
0.0
0.030278670953912113
0.012108062709966406
0.0
0.007825514275752527
0.02974844060593598
0.0
0.024122973898485656
0.0071791334879929775
0.0
0.0
0.020301166824345632
0.0
0.0
0.0
0.013549771934531794
0.0
0.0
0.0
0.0
0.0
0.04233493446226492
0.0
0.0058568583811643435
0.015045166015625
0.0
0.018069306930693068
0.025415113520840395
0.01438888431227174
0.0
0.0
0.024085935414998667
0.004525536958551828
0.0
0.009262893476725018
0.0
0.0
0.002702954609003635
0.0
0.03850621839551729
0.0
0.0
0.0
0.0
0.04941683451215514
0.0
0.006195473511189784
0.0
0.006393161144193183
0.044903257210075855
0.02261389178224878
0.006211618550151761
0.0
0.027683927463283457
0.013663535439795047
0.0
0.0016123031129852412
0.0015539747220111885
0.0
0.01237080103359173
0.0
0.0
0.0
0.00509191058733107
0.0
0.0
0.0
0.0
0.01816113264790157
0.0
0.03191582639193336
0.004399706686220918
0.0
0.04682140863045386
0.0
0.04423002701659591
0.00205981080256332
0.0
0.0156970784213224
0.0
0.0
0.0
0.009894659928149547
0.0
0.0
0.0
0.0
0.004757179547046463
0.0
0.0
0.006886942675159236
0.03607235504452079
0.018858753766890248
0.0
0.0
0.010142734448488814
0.025544267053701015
0.016276121539279435
0.0
0.0
0.013232879358640008
0.0
0.0
0.0015246604971102366
0.0
0.0
0.0
0.003863801014247766
0.0520474423535648
0.0
0.012725658478839894
0.0
0.04702996320308393
0.03774401763224181
0.0
8.678044547295343e-05
0.0
0.0
0.020152354570637118
0.0
0.043036020007385274
0.0
0.0
0.005492053684824769
0.0
0.0
0.0
0.012215755278830537
0.0571689497716895
0.0
0.0
0.0
0.0
0.03268868731815848
0.06284153005464481
0.0020870793732340096
0.010112191473448018
0.0
0.0
0.007307992829893827
0.024239770737143767
0.020024239869315487
0.0
0.0
0.0
0.0
0.0
0.0
0.0
0.030049433653808726
0.01558160016259061
0.006364434411838475
0.0
0.0
0.0
0.0
0.0
0.0
0.0
0.0291676738377246
0.0
0.0
0.005627588690797767
0.0
0.0
0.01528692380056444
0.0008847600088476001
0.011489763369462617
0.004120645709430756
0.0
0.0
0.021155587755841334
0.0
0.007120444122616461
0.0
0.008424463345484001
0.010443625734555309
0.023817221683371054
0.004541910992102498
0.005301668010169281
0.0
0.0
0.0
0.0020336144506250373
0.0016064543766957018
0.0
0.0
0.020432692307692308
0.02386651647423261
0.027153861091332773
0.0
0.006621991355723859
0.02548094709581946
0.004150334332487895
0.003068017366136035
0.019262220606941667
0.0
0.0008884011392438139
0.0024783147459727386
0.0
0.0
0.0
0.0
0.033501671527135644
0.0009476676845319575
0.005259573179960648
0.0
0.05403187628215244
0.0
0.010043290043290043
0.04133779264214047
0.036555891238670694
0.018379451671206373
0.03967813540510544
0.0