0.0
0.0
0.0008779857972885732
0.0
0.0
0.0
0.016528262526577606
0.018607442977190875
0.0
0.0
0.004701292055775873
0.0
0.0
0.017386251899526237
0.012629522380769634
0.0
0.0
0.0
0.025662746661351404
0.0075771875421329375
0.0
0.010287198932659223
0.0
0.0
0.0
0.00579361303143105
0.0
0.052129794826048174
0.04171779141104295
0.00023137436372049977
0.0021645021645021645
0.0017145196785915348
0.005247678911250793
0.0
2.8289343404339585e-05
0.0
0.03584772291224882
0.0
0.0
0.0
0.03246935905163753
0.011873881115048774
0.0
0.02042185037389759
0.0
0.0
0.020136363636363636
0.04070207293085187
0.0
0.009436727038274428
0.0
0.0
0.00859162235767086
0.0007378712414683637
0.0061888789152926725
0.04468528553563985
0.0
0.05130009937065253
0.0
0.009426511426460473
0.027191940701912446
0.003097075548334687
0.0
0.0
0.006856359273225917
0.0339265850945495
0.0
0.007950028392958546
0.0
0.023614989485296653
0.016798104466527568
0.0025727911646586344
0.0
0.034603918228279386
0.021668389418475556
0.0
0.0
0.0061905382510100354
0.0
0.0
0.0
0.01391193363114231
0.009359894945656729
0.030169209916488127
0.0
0.015776630157198795
0.0
0.009405501330967169
0.026334519572953737
0.0035663544898373394
0.0
0.0
0.008767512810639495
0.0
0.0
0.0
0.011672236080387819
0.0
0.0
0.0
0.010364137854177695
0.06113758063836067
0.037990104671688917
0.06750566322678077
0.028386510730101056
0.007448302120267473
0.0
0.0
0.009108725054514339
0.0
0.0
0.0
0.0
0.02875
0.0
0.026311475409836065
0.0
0.0
0.0
0.0
0.0
0.0
0.0
0.024726412304052054
0.0
0.0
0.0062825248739450485
0.0
0.0
0.0
0.0
0.0
0.0
0.04061286598803652
0.04960835509138381
0.0
0.019282511210762333
0.0015800335354056495
0.05901963205333992
0.0
0.0
0.0
0.0
0.02289027926140699
0.010852713178294573
0.057882192713653385
0.019798998757857494
0.0
0.0
0.03376448182828123
0.0
0.0
0.02049753939229762
0.0
0.03666766397393704
0.0
0.017097452386841454
0.0
0.031375703942075624
0.036728009981285094
0.030460895245047616
0.0
0.0
0.033557698530839425
0.004453040662108672
0.0077945677123182865
0.008839908096109662
0.0
0.005521736178687004
0.020442988293914884
0.0
0.0
0.040855639573330264
0.0012958304748837564
0.0
0.0018131270397679197
0.04914253584481305
0.01943740577990185
0.022100129637631954
0.0
0.0
0.020055913455694664
0.010319025365352927
0.0
0.0
0.029544896312151302
0.04110161619914546
0.0
0.0
0.035091879075281565
0.012316849816849816
0.0
0.0
0.01972430796817214
0.0
0.0
0.0
0.0
0.0
0.008740807637724165
0.0
0.0
0.0
0.017957202735495257
0.0
0.008733430864033338
0.0
0.0
0.0
0.011991117690599556
0.0
0.0
0.007345670292414183
0.0
0.0007330164810479771
0.0
0.020604838709677418
0.001582630628848389
0.001887763857902866
0.01585103108648815
0.017041745404569663
0.0
0.0
0.0
0.0
0.0
0.006504019651630192
0.0
0.016409468612527057
0.004409942415627961
0.007602027207255268
0.006752492742647987
0.0
0.0
0.012540125401254012
0.006260189109879361
0.03476462149267674
0.0
0.0
0.0
0.0
0.0
0.0
0.0
0.02256218357913273
0.0
0.006530978955734476
0.007861271676300578
0.016477884943891092
0.002906507347004683
0.016171925537267304
0.050195403535190565
0.018192914644424425
0.023152454780361757
0.0
0.0
0.002381474634161627
0.0
0.023985710640469508
0.0
0.04839137519420971
0.0
0.03895870736086176
0.02290715372907154
0.08280302745038973
0.0
0.005083410897114627
0.0
0.0
0.0
0.002467718794835007
0.0
0.050059952038369306
0.01661312826503131
0.0025482448605623318
0.01576195802013161
0.0
0.0
0.0075559506379418535
0.0
0.0
0.0
0.0
0.00038193118294503663
0.0
0.008087706685837527
0.0
0.02965536745990061
0.003907451849116977
0.006303273404483919
0.05851197982345523
0.0
0.0
0.0
0.0038670791551098783
0.0
0.009833968499320417
0.0005364976173194055
0.0
0.0473994246312617
0.0
0.0
0.0020261263663023193
0.006992070295756537
0.018117831074035452
0.0
0.007180301826846704
0.02762019131226966
0.0
0.0
0.008684721746086161
0.06807912012959332
0.0
0.014594630782620339
0.0
0.0
0.0032082922013820336
0.0505558093497792
0.0
0.062209577999051684
0.0
0.0
0.0
0.0
0.02655566924007069
0.046237511066143926
0.0
0.004143595761064867
0.02143150725148259
0.0
0.0
0.019942838996506826
0.0
0.0
0.014402917046490429
0.027649155534827944
0.011146854193162265
0.03545778715283009
0.017771782163699814
0.08329923901481057
0.0
0.0
0.0
0.007741068559577016
0.025434068512435477
0.0
0.010153815220669549
0.006870188195038494
0.04403649059578781
0.0031548198636806232
0.0
0.020223010643689813
0.003714667131000058
0.0
0.0
0.0011997960346741053
0.03133720930232558
0.03134989408819565
0.0
0.0
0.0
0.001258947519873386
0.0
0.0015158624174396362
0.0
0.0
0.0
0.0
0.003379547087469065
0.02318529862174579
0.0
0.0011097606087829626
0.0
0.0
0.0
0.0
0.0026961210645329624
0.0
0.02803312629399586
0.0
0.003169492378125472
0.029926384295316334
0.0
0.0
0.0005316986207112251
0.0394334807146195
0.0
0.0
0.051011378002528446
0.0
0.03174887250340039
0.01401659564924871
0.0
0.0
0.019459218446447338
0.0
0.0
0.041013379925513814
0.03656860049491339
0.0040442919699885645
0.0
0.020535629790858333
0.0
0.03833700297888874
0.0
0.0
0.04441276455751727
0.0
0.0
0.0
0.0
0.03632285230805557
0.0
0.0
0.0
0.006089992242048099
0.009404071727113389
0.005282444201208775
0.0
0.039104976997072355
0.0
0.022754832727013338
0.005762014283984989
0.00892237846018034
0.024163568773234202
0.027226271257434865
0.0
0.0
0.01525061219429032
0.0292904877008389
0.004395372551777489
0.011176078750647621
0.0
0.0
0.026786025288237137
0.0
0.0
0.0611957796014068
0.0
0.03981587258920771
0.00533876058165944
0.014255922874431644
0.0
0.0
0.0015519274939474828
0.009456124178536382
0.008009382419405589
0.0
0.0030496950304969503
0.0023677979479084454
0.0
0.007503455538734944
0.0
0.0
0.0
0.02446038618335809
0.02705681170435113
0.0
0.0
0.01048951048951049
0.07708755345487284
0.0
0.04368886818816954
0.0023238400165250844
0.0012157185254049415
0.005590879193159395
0.0
0.0013979272113762353
0.004724601457006127
0.0
0.0
0.028759335637052727
0.042356012400065264
0.0
0.018238177623990773
0.0
0.0
0.0
0.0
0.021037130535394973
0.0
0.02402107111501317
0.04453521312339416
0.0
0.006875788274543309
0.05250804721030043
0.056023434639326256
0.007225525928767824
0.04045387271830291
0.0
0.03189508300645826
0.0
0.0
0.0
0.01763611647706947
0.0
0.0016586342867872567
0.0
0.012694941042221377
0.0