0.017663640830682493
0.049510450663148395
0.04137835911818119
0.02340002740852405
0.004278516201893841
0.02634094880163518
0.05101992522125988
0.0023697175047290415
0.008328375966686495
0.019449019652083663
0.0587976471678014
0.0020846591033771475
0.020065613794155796
0.013969147279031204
0.0
0.0
0.02943034340186057
0.01364271736091697
0.04495530012771392
0.0013301285790959794
0.0
0.005583836028076155
0.0
0.0
0.012509555910765168
0.0
0.026183685111237878
0.016904666577694738
0.0
0.025339609952925352
0.0014979573309123922
0.007447096124069113
0.013047672234350409
0.008088020985135528
0.0
0.0
0.042416161412865735
0.014678899082568808
0.004457586724335776
0.0187747571761897
0.0036632377057908973
0.00148043254376931
0.042119773319038135
0.0
0.04624972054549519
0.00014007564084605686
0.0
0.01007298248886609
0.0
0.0028599066324599405
0.0
0.0
0.03184867347555448
0.05090260753287274
0.05284994291760644
0.02256055079709848
0.01960328078645803
0.054640999517400396
0.0
0.0
0.0
0.03760589794994503
0.015762708430415138
0.0
0.0384635902907442
0.011174387442572742
0.0011767222935387248
0.04930360486891386
0.04945571305505521
0.044571843837054384
0.007590714139832528
0.0
0.003133136225232779
0.033008418254319896
0.010676156583629894
0.0
0.027183420804736912
0.001393121462777536
0.022140600518840058
0.0
0.04321058032151408
0.0
0.0415383017757624
0.0
0.0
0.04365479038146796
0.028345866423032773
0.0
0.025703794369645042
0.026432824945350385
0.036461992412533374
0.04268687976861318
0.02812824294063029
0.017226008684899204
0.030296296296296297
0.0
0.022114660019709003
0.024139891002708216
0.0
0.0
0.0
0.022784456248252725
0.002567735080573756
0.0027960656777980485
0.0
0.012787136294027565
0.0
0.0
0.03316379643675084
0.0
0.002938318448938041
0.01564667961662433
0.0
0.011838467230032321
0.0
0.041555389381476335
0.0
0.0
0.02903891509433962
0.010447597052677884
0.037287239157611306
0.0003223437975680951
0.018938442211055277
0.003245925204609214
0.03661179627431756
0.0
0.0
0.0
0.0
0.0
0.033921463791362204
0.0
0.004706642364395635
0.0
0.0
0.03561140717269192
0.0
0.0
0.0
0.0
0.03891402714932127
0.020189748929769755
0.023997190572810988
0.0
0.023284607396756928
0.04768910138531323
0.0
0.00111391409756577
0.03311107497154009
0.03663673209886355
0.04839561600422554
0.027498234463276837
0.0
0.05191822597040774
0.03385677692393362
0.03732975254172262
0.0
0.016060713025061773
0.037821683546405443
0.0
0.020739726842622073
0.045897445543809486
0.0
0.0
0.024286095543101148
0.01343466682624697
0.04073707992092629
0.013337285121517486
0.03892505424803872
0.0
0.035052640169754345
0.04540299716484407
0.00014251104460595695
0.0
0.008485519276886183
0.0027286796448643806
0.008414956907277128
0.0031228530385360065
0.0016120128077729934
0.00016852850539291218
0.0008891118001094292
0.01445335508132844
0.016361750282912108
0.0
0.00967113756208564
0.0
0.0070040668775417985
0.01855263157894737
0.007499123934119846
0.0
0.0
0.0
0.0
0.0
0.028183448629259544
0.0
0.013142251907571926
0.0
0.0
0.0
0.03987379644236523
0.0
0.0639807064831891
0.0017013730799645347
0.013232007152436298
0.0105094813799406
0.0015235929505400796
0.0013439956992137626
0.02023238532729852
0.007685025338308181
0.014112432936785631
0.040290620871862616
0.004295604303945283
0.009355914583965001
0.0
0.0
0.0
0.0
0.0
0.029460084092111493
0.0
0.0
0.0
0.01795337072473331
0.0
0.0
0.013952008725686239
0.0
0.00018811529377338378
0.0
0.021710114702815433
0.021189894050529748
0.0
0.0016702095353780747
0.014540592487360548
0.025266146202980837
0.0
0.08565244279529993
0.011351744847354293
0.04682926829268293
0.0037826489890870575
0.04909782284521324
0.010430811010986299
0.0
0.005487822965797514
0.0022469784053549043
0.010442200215707423
0.01239255612117166
0.0004884330180720217
0.0
0.0462779235742175
0.019169643957127017
0.0
0.0040824534942182
0.0032096462883043093
0.008834073062478662
0.020706423697351563
0.025139445360986723
0.03465860238963503
0.0
0.0
0.023989957692128878
0.022810637322329207
0.0
0.0
0.03086328348105684
0.009098567818028643
0.031056404707155417
0.0311767799933056
0.0
0.0
0.00717756183745583
0.0
0.0
0.009389832840338447
0.0
0.0
0.009156550858099624
0.03371934604904632
0.0
0.0
0.058844215215097875
0.0
0.0
0.007285107629228291
0.06087591240875912
0.018667055563657577
0.00031932940824269034
0.0021993795434551095
0.017115095316777233
0.0
0.0051651835941495345
0.0
0.010662947382628844
0.022030843180452633
0.0
0.0
0.008890120666865646
0.008427638237188334
0.02036104908602354
0.026455026455026454
0.03754878509379328
0.04934791468550469
0.0354496529131893
0.0
0.0
0.009146990002127207
0.015225733986459081
0.03397757755003783
0.039112193801596966
0.024892367906066536
0.004372316539961398
0.043753746039900676
0.0
0.0
0.03742285855344359
0.0012505120631292987
0.06340972437287086
0.0
0.0
0.018692026609200788
0.008014410275152718
0.036807278742762614
0.0
0.013060047378720775
0.0025871790902859165
0.03447731340141068
0.0
0.0
0.03967819141267049
0.0
0.040426508491332135
0.04420368901229671
0.01970046082949309
0.06387513751375137
0.0
0.006517503191560841
0.0017938913279516593
0.0
0.0
0.03994033808418959
0.05309645689049483
0.0
0.021456436931079324
0.024582872853715732
0.004969016719279785
0.0
0.029995229944723478
0.0013383192284983272
0.05472660087001263
0.03591411841249187
0.0014657944824870376
0.0
0.0
0.0
0.00721497341235447
0.0
0.008288754335430016
0.0
0.0047734731279035075
0.026336705978389295
0.0
0.0
0.0
0.010811607011341876
0.0
0.0
0.010680447889750215
0.004382310279912354
0.0
0.013047699963587815
0.027797325826882477
0.03667583562557306
0.0188054308551407
0.0
0.010034706503696996
0.0310855940344938
0.0
0.006288623308741459
0.0
0.012436744146153186
0.0
0.004832925122463261
0.009069714545661321
0.0
0.030740298723373475
0.0452577084622147
0.0
0.004446303185049856
0.03727467155514818
0.0
0.0032886954052903043
0.0
0.006531381007351601
0.0
0.0
0.028190096045902457
0.013961883527100918
0.0
0.017604041013268998
0.0
0.013849092645654251
0.0
0.0595640884412621
0.00418545496589201
0.0
0.03887393018559477
0.015371306893798243
0.0
0.0
0.00806230870679573
0.02665043640413354
0.030167168385319926
0.05774589976700626
0.018584825234441604
0.0
0.049757928142880305
0.0
0.018239597470952364
0.0
0.048482490272373543
0.009092098377812663
0.0037910428580607853
0.04102891835756511
0.027066053259008026
0.018674898589177744
0.0
0.0032155839314008763
0.03633605908731206
0.02335818884197287
0.02404953020969448
0.04145077720207254
0.0
0.05617730158147727
0.03140147523709168
0.02449398093646755
0.006273234200743495
0.033799182971403996
0.02210107954240292
0.0
0.009949086832640478
0.0
0.0560980341438179
0.011588259687600792
0.024484964279780693
0.0
0.0
0.0
0.026929496143263114
0.0013950614823524722
0.05590226359213032
0.016632462400833155
0.0016596512327119663
0.02826034745016412
0.0035289706433754603
0.0
0.0
0.0
0.0
0.0013450574158837228
0.0
0.02018751246758428
0.004778868711443218
0.010866241738598677
0.0
0.020506634499396863
0.019594030473805053
0.006186022534796377
0.015611561416768746
0.061971930568812526
0.027116159765481863
0.02752568066221203
0.02921643040517915
0.07737588652482269
0.0
0.0
0.04382457375003999
0.0005276859213396187
0.008743146702109985
0.054217269451488054
0.016644971889107376
0.038102113664621184
0.011892551892551893
0.04327268600824602
0.0
0.031776216912554056
0.02224039247751431
0.028580603725112397
0.020673465266558964
0.03989022836420661
0.00928838318802643
0.0
0.04780927017944328
0.004056655665566557
0.050534100246507806
0.0
0.000470267346986762
0.0
0.0
0.03753462603878116