0.00018072128295898438
1.8835067749023438e-05
1.71661376953125e-05
3.218650817871094e-05
1.5735626220703125e-05
1.5735626220703125e-05
1.52587890625e-05
1.52587890625e-05
1.52587890625e-05
4.839897155761719e-05
3.2901763916015625e-05
1.5020370483398438e-05
1.5020370483398438e-05
1.52587890625e-05
1.52587890625e-05
1.5020370483398438e-05
1.52587890625e-05
1.5020370483398438e-05
1.4781951904296875e-05
1.5497207641601562e-05
1.5497207641601562e-05
1.5497207641601562e-05
1.52587890625e-05
3.647804260253906e-05
1.5497207641601562e-05
1.5735626220703125e-05
2.2411346435546875e-05
1.52587890625e-05
1.4781951904296875e-05
1.5020370483398438e-05
1.4781951904296875e-05
1.52587890625e-05
1.4781951904296875e-05
1.4781951904296875e-05
1.52587890625e-05
1.4781951904296875e-05
1.5020370483398438e-05
1.5020370483398438e-05
1.5020370483398438e-05
1.52587890625e-05
1.52587890625e-05
1.5497207641601562e-05
1.5020370483398438e-05
1.5497207641601562e-05
1.5020370483398438e-05
1.5020370483398438e-05
1.52587890625e-05
1.5020370483398438e-05
1.5497207641601562e-05
1.5020370483398438e-05
1.5497207641601562e-05
1.5497207641601562e-05
1.4781951904296875e-05
1.52587890625e-05
1.5020370483398438e-05
1.4781951904296875e-05
1.5020370483398438e-05
1.5497207641601562e-05
1.52587890625e-05
1.5020370483398438e-05
1.4781951904296875e-05
1.52587890625e-05
1.4781951904296875e-05
1.5020370483398438e-05
1.5020370483398438e-05
1.52587890625e-05
1.5020370483398438e-05
1.52587890625e-05
1.5020370483398438e-05
1.621246337890625e-05
1.6450881958007812e-05
1.621246337890625e-05
1.71661376953125e-05
1.5974044799804688e-05
1.5735626220703125e-05
1.5735626220703125e-05
1.6689300537109375e-05
1.5974044799804688e-05
1.5497207641601562e-05
1.621246337890625e-05
1.6450881958007812e-05
1.5974044799804688e-05
1.5735626220703125e-05
1.5974044799804688e-05
1.6450881958007812e-05
1.621246337890625e-05
1.811981201171875e-05
1.5497207641601562e-05
1.5974044799804688e-05
1.5735626220703125e-05
1.5974044799804688e-05
1.5735626220703125e-05
1.5497207641601562e-05
1.621246337890625e-05
1.5497207641601562e-05
1.5974044799804688e-05
1.621246337890625e-05
1.5974044799804688e-05
1.621246337890625e-05
1.5735626220703125e-05