2.4080276489257812e-05
1.9073486328125e-05
1.8358230590820312e-05
1.8358230590820312e-05
1.7404556274414062e-05
1.811981201171875e-05
1.811981201171875e-05
1.7642974853515625e-05
1.71661376953125e-05
1.7404556274414062e-05
1.7404556274414062e-05
3.910064697265625e-05
1.71661376953125e-05
2.0503997802734375e-05
4.839897155761719e-05
1.8835067749023438e-05
3.719329833984375e-05
1.8835067749023438e-05
3.528594970703125e-05
1.9073486328125e-05
1.8596649169921875e-05
1.7642974853515625e-05
3.647804260253906e-05
1.6689300537109375e-05
1.6927719116210938e-05
3.337860107421875e-05
1.7404556274414062e-05
1.7404556274414062e-05
1.6927719116210938e-05
1.7404556274414062e-05
1.71661376953125e-05
1.8358230590820312e-05
1.7404556274414062e-05
1.6689300537109375e-05
1.71661376953125e-05
1.71661376953125e-05
1.71661376953125e-05
1.71661376953125e-05
1.6927719116210938e-05
1.7404556274414062e-05
1.6927719116210938e-05
1.6927719116210938e-05
1.6927719116210938e-05
1.6927719116210938e-05
1.6927719116210938e-05
1.71661376953125e-05
1.7404556274414062e-05
1.71661376953125e-05
1.71661376953125e-05
1.7404556274414062e-05
1.6927719116210938e-05
1.71661376953125e-05
1.71661376953125e-05
1.71661376953125e-05
1.6927719116210938e-05
1.71661376953125e-05
1.7642974853515625e-05
1.71661376953125e-05
1.71661376953125e-05
1.71661376953125e-05
1.6927719116210938e-05
1.6927719116210938e-05
1.6927719116210938e-05
1.71661376953125e-05
1.6927719116210938e-05
1.7404556274414062e-05
1.71661376953125e-05
1.71661376953125e-05
1.6927719116210938e-05
1.7404556274414062e-05
1.6927719116210938e-05
1.6689300537109375e-05
1.6927719116210938e-05
1.6927719116210938e-05
1.71661376953125e-05
1.7404556274414062e-05
1.6927719116210938e-05
1.6927719116210938e-05
1.7404556274414062e-05
1.71661376953125e-05
1.71661376953125e-05
1.71661376953125e-05
1.7404556274414062e-05
1.71661376953125e-05
1.71661376953125e-05
1.6927719116210938e-05
1.71661376953125e-05
1.71661376953125e-05
1.7404556274414062e-05
1.6927719116210938e-05
3.075599670410156e-05
1.6927719116210938e-05
1.71661376953125e-05
1.71661376953125e-05
1.7404556274414062e-05
1.71661376953125e-05
1.6927719116210938e-05
1.7404556274414062e-05
1.71661376953125e-05
2.9325485229492188e-05