0.0001480579376220703
0.0002536773681640625
0.00038743019104003906
0.0004630088806152344
0.0001723766326904297
0.0005385875701904297
0.0004966259002685547
0.00034236907958984375
0.00016188621520996094
0.003318309783935547
0.00029659271240234375
0.0005729198455810547
0.0005099773406982422
0.0014770030975341797
0.0002582073211669922
0.0001380443572998047
0.0002586841583251953
0.0007619857788085938
0.00033736228942871094
0.0002803802490234375
0.0003533363342285156
0.0004353523254394531
0.00042819976806640625
0.00047898292541503906
0.000179290771484375
0.00021219253540039062
0.0004718303680419922
0.0006682872772216797
0.00014591217041015625
0.0003974437713623047
0.0007665157318115234
0.00302886962890625
0.0001659393310546875
0.0006530284881591797
0.0004024505615234375
0.0001380443572998047
0.0007576942443847656
0.0006880760192871094
0.0004775524139404297
0.00034046173095703125
0.00047016143798828125
0.00047016143798828125
0.0007331371307373047
0.0006089210510253906
0.0002970695495605469
8.177757263183594e-05
0.00025200843811035156
0.0005276203155517578
0.0006208419799804688
0.00036978721618652344
0.0003807544708251953
0.0014262199401855469
0.0007054805755615234
0.001149892807006836
0.0002701282501220703
0.00036644935607910156
0.0001456737518310547
0.0003566741943359375
0.0010178089141845703
0.0014178752899169922
0.0002512931823730469
0.0008928775787353516
0.0008931159973144531
0.0003285408020019531
0.0016644001007080078
0.0002796649932861328
0.0004646778106689453
0.0003070831298828125
0.00035119056701660156
0.0002493858337402344
0.0010673999786376953
0.0006926059722900391
0.0006465911865234375
0.0006346702575683594
0.0008676052093505859
0.0002503395080566406
0.0006425380706787109
0.000255584716796875
0.003448486328125
0.0005817413330078125
0.0005602836608886719
0.00027060508728027344
8.392333984375e-05
0.0002543926239013672
0.0005116462707519531
0.0004985332489013672
0.00048470497131347656
0.001100301742553711
0.00012373924255371094
0.0010933876037597656
0.0006349086761474609
0.00030517578125
0.0006618499755859375
0.000148773193359375
0.0013802051544189453
0.0005629062652587891
0.0005428791046142578
0.00028133392333984375
0.0015861988067626953
0.0010628700256347656