0.004536518977771057
0.010391459074733097
0.0
0.0
0.004449388209121246
0.0
0.010514665190924184
0.0196078431372549
0.0
0.0
0.0
0.0
0.0
0.0023458445040214475
0.000330742516950554
0.0
0.0
0.0
0.0
0.0
0.005259697567389875
0.0
0.004722756690571978
0.0036044507130543802
0.003626867836936022
0.0
0.005339716442644081
0.008364629566404916
0.002733485193621868
0.011052937754508435
0.0
0.004899777282850779
0.0
0.002891844997108155
0.0
0.003880546650919521
0.0
0.001096147823363608
0.00016116035455278002
0.0
0.00491849353569421
0.0
0.002987172728870146
0.0
0.0
0.0
0.0
0.006993006993006993
0.006827643630308077
0.0069514844315713255
0.0
0.0004981940465811433
0.0
0.0
0.0029082448742184094
0.002747696783578471
0.002289077828646174
0.0
0.0
0.0
0.018316753513342807
0.0026327336551118913
0.0
0.0
0.0
0.004047217537942664
0.0
0.0
0.0
0.0
0.0
0.0
0.0057097541633624104
0.0
0.011069076642847136
0.0
0.0067344513402878645
0.0
0.0
0.0
0.0
0.01483820047355959
0.0
0.0
0.0
0.0
0.0
0.016821868428957644
0.0
0.0
0.0
0.0
0.0
0.006345590628050765
0.0
0.00930922827846735
0.0
0.0036435403066646423
0.0026919475655430712
0.0