2.8133392333984375e-05
7.152557373046875e-06
6.198883056640625e-06
5.7220458984375e-06
5.9604644775390625e-06
2.193450927734375e-05
5.245208740234375e-06
5.4836273193359375e-06
5.7220458984375e-06
5.7220458984375e-06
5.4836273193359375e-06
5.7220458984375e-06
2.384185791015625e-05
5.245208740234375e-06
5.245208740234375e-06
5.4836273193359375e-06
5.4836273193359375e-06
5.4836273193359375e-06
5.4836273193359375e-06
5.4836273193359375e-06
5.4836273193359375e-06
5.4836273193359375e-06
5.4836273193359375e-06
5.4836273193359375e-06
5.245208740234375e-06
2.7418136596679688e-05
2.3126602172851562e-05
5.4836273193359375e-06
5.245208740234375e-06
5.245208740234375e-06
5.4836273193359375e-06
5.4836273193359375e-06
5.4836273193359375e-06
5.245208740234375e-06
5.245208740234375e-06
5.7220458984375e-06
5.4836273193359375e-06
5.245208740234375e-06
5.245208740234375e-06
4.76837158203125e-06
2.5987625122070312e-05
2.3603439331054688e-05
5.245208740234375e-06
2.6226043701171875e-05
2.3365020751953125e-05
5.245208740234375e-06
5.0067901611328125e-06
5.0067901611328125e-06
4.76837158203125e-06
5.0067901611328125e-06
5.0067901611328125e-06
2.5987625122070312e-05
2.193450927734375e-05
5.4836273193359375e-06
5.245208740234375e-06
5.245208740234375e-06
5.0067901611328125e-06
5.4836273193359375e-06
5.4836273193359375e-06
5.4836273193359375e-06
5.4836273193359375e-06
4.76837158203125e-06
5.0067901611328125e-06
5.0067901611328125e-06
4.5299530029296875e-06
5.0067901611328125e-06
4.76837158203125e-06
4.5299530029296875e-06
5.0067901611328125e-06
4.5299530029296875e-06
5.0067901611328125e-06
4.76837158203125e-06
4.76837158203125e-06
4.76837158203125e-06
5.0067901611328125e-06
4.76837158203125e-06
5.245208740234375e-06
5.245208740234375e-06
4.76837158203125e-06
4.5299530029296875e-06
4.76837158203125e-06
5.0067901611328125e-06
4.76837158203125e-06
4.76837158203125e-06
4.76837158203125e-06
4.76837158203125e-06
5.0067901611328125e-06
4.76837158203125e-06
4.76837158203125e-06
4.76837158203125e-06
4.76837158203125e-06
4.5299530029296875e-06
4.5299530029296875e-06
4.76837158203125e-06
4.5299530029296875e-06
4.5299530029296875e-06
4.5299530029296875e-06
5.0067901611328125e-06
4.5299530029296875e-06
5.0067901611328125e-06