0.0
0.004277769855981748
0.0051644468605599346
0.002257935980873954
0.004711962304301566
0.0023446658851113715
0.0
0.000784313725490196
0.0
0.0
0.0
0.0034423407917383822
0.0
0.0
0.0
0.0033978431082877826
0.0
0.0
0.0
0.009821698398307646
0.0028228652081863093
0.0006732873253661
0.0034129692832764505
0.0016405667412378823
0.0
0.0006820119352088661
0.0
0.0
0.0016401508938822373
0.001389854065323141
0.0
0.0
0.0
0.0
0.0009541984732824427
0.0027038565532944356
0.00159846547314578
0.004239854633555421
0.0
0.001832900565144341
0.0
0.0
0.0
0.0
0.0019447685725398677
0.0
0.00541109274011724
0.0
0.0
0.0015512621633055987
0.0037883912867000408
0.00038336208548974505
0.0
0.0008938832843825821
0.0
0.004265859364249346
0.0002898130705694827
0.0
0.0
0.0
0.0068634179821551134
0.0
0.0
0.0
0.0010639914880680955
0.0
0.004445641923750505
0.0001511030522816561
0.0
0.004140072451267897
0.005861010326542004
0.003867640739149119
0.0021346235947061333
0.0
0.0
0.0
0.009186546154985924
0.0
0.0
0.0
0.0
0.0
0.003950415474730963
0.0005822416302765648
0.005291005291005291
0.0
0.0
0.0
0.0
0.0002991772625280479
0.0
0.0005425200054252
0.007450454477723141
0.0010082097076191847
0.0
0.0018820577164366374
0.0
0.0
0.0
0.0019799179748267574