3.62396240234375e-05
3.123283386230469e-05
3.0517578125e-05
3.0040740966796875e-05
3.0040740966796875e-05
2.9325485229492188e-05
2.9802322387695312e-05
2.9325485229492188e-05
2.956390380859375e-05
2.9325485229492188e-05
2.956390380859375e-05
2.9087066650390625e-05
3.0279159545898438e-05
2.8848648071289062e-05
2.9325485229492188e-05
2.9087066650390625e-05
2.8848648071289062e-05
2.956390380859375e-05
2.9325485229492188e-05
3.528594970703125e-05
6.0558319091796875e-05
2.9325485229492188e-05
2.9325485229492188e-05
2.8848648071289062e-05
2.9325485229492188e-05
2.8848648071289062e-05
2.8848648071289062e-05
2.8848648071289062e-05
2.8371810913085938e-05
2.9087066650390625e-05
2.9087066650390625e-05
2.86102294921875e-05
2.86102294921875e-05
2.9087066650390625e-05
2.86102294921875e-05
2.9325485229492188e-05
2.9325485229492188e-05
2.8848648071289062e-05
2.8848648071289062e-05
2.9325485229492188e-05
2.8848648071289062e-05
2.8848648071289062e-05
2.86102294921875e-05
2.8848648071289062e-05
2.9087066650390625e-05
2.9325485229492188e-05
2.9087066650390625e-05
2.86102294921875e-05
2.8848648071289062e-05
2.8848648071289062e-05
2.9087066650390625e-05
2.9087066650390625e-05
4.553794860839844e-05
2.8848648071289062e-05
2.9087066650390625e-05
2.9802322387695312e-05
2.9087066650390625e-05
2.956390380859375e-05
2.9087066650390625e-05
2.86102294921875e-05
2.9325485229492188e-05
2.9087066650390625e-05
2.8848648071289062e-05
2.86102294921875e-05
2.9087066650390625e-05
2.8848648071289062e-05
2.9087066650390625e-05
2.9087066650390625e-05
2.86102294921875e-05
2.8371810913085938e-05
2.8848648071289062e-05
2.86102294921875e-05
2.9087066650390625e-05
2.9325485229492188e-05
2.8848648071289062e-05
2.9087066650390625e-05
2.9325485229492188e-05
2.9087066650390625e-05
2.86102294921875e-05
2.8371810913085938e-05
2.9087066650390625e-05
2.8848648071289062e-05
2.9087066650390625e-05
2.8848648071289062e-05
2.8848648071289062e-05
2.86102294921875e-05
2.9087066650390625e-05
2.86102294921875e-05
2.8848648071289062e-05
2.8848648071289062e-05
2.9087066650390625e-05
2.9325485229492188e-05
2.86102294921875e-05
2.8848648071289062e-05
2.8848648071289062e-05
2.8848648071289062e-05
2.86102294921875e-05
3.504753112792969e-05
4.172325134277344e-05
2.8133392333984375e-05