0.0
0.0
0.0
0.0
0.0
0.0
0.0
0.0
0.0
0.0
0.0
0.0
0.0
0.0
0.0
0.0
0.0
0.0
0.0
0.0
0.0
0.0
0.0
0.0
0.0
0.0
0.0
0.0
0.04984423676012461
0.0
0.01662049861495845
0.0
0.0
0.0
0.0718232044198895
0.0
0.0
0.0
0.0
0.0
0.0
0.15254237288135594
0.0
0.0
0.0
0.0
0.0
0.11004784688995216
0.0
0.0
0.0
0.0
0.0
0.0
0.05755395683453238
0.0
0.0
0.0
0.0
0.0
0.0
0.02066115702479339
0.0
0.0
0.0
0.0
0.0
0.0
0.0
0.0
0.0
0.0
0.0
0.0
0.0
0.0
0.0
0.0
0.0
0.025477707006369428
0.0
0.0
0.0
0.0
0.0
0.0
0.0
0.0
0.0
0.054945054945054944
0.0
0.0
0.0
0.0
0.0
0.0
0.0
0.0
0.0
0.0