1.811981201171875e-05
1.3589859008789062e-05
1.2636184692382812e-05
1.1920928955078125e-05
1.1682510375976562e-05
1.1920928955078125e-05
1.1682510375976562e-05
1.2636184692382812e-05
1.1920928955078125e-05
2.4557113647460938e-05
1.1920928955078125e-05
1.1682510375976562e-05
1.1205673217773438e-05
1.1444091796875e-05
1.1444091796875e-05
1.2159347534179688e-05
1.1444091796875e-05
1.1682510375976562e-05
1.1444091796875e-05
1.0967254638671875e-05
1.1682510375976562e-05
1.1682510375976562e-05
1.1205673217773438e-05
1.1444091796875e-05
1.1444091796875e-05
1.1682510375976562e-05
1.1444091796875e-05
1.1682510375976562e-05
1.3589859008789062e-05
1.2159347534179688e-05
1.1920928955078125e-05
2.5987625122070312e-05
1.1920928955078125e-05
1.1444091796875e-05
1.0967254638671875e-05
1.1444091796875e-05
1.1444091796875e-05
1.1205673217773438e-05
1.1682510375976562e-05
1.1444091796875e-05
1.1205673217773438e-05
1.1920928955078125e-05
1.2159347534179688e-05
1.1682510375976562e-05
1.1444091796875e-05
1.1444091796875e-05
1.1205673217773438e-05
1.1444091796875e-05
1.1444091796875e-05
1.1444091796875e-05
1.1682510375976562e-05
1.1682510375976562e-05
1.1920928955078125e-05
1.1682510375976562e-05
1.1444091796875e-05
1.1205673217773438e-05
1.1682510375976562e-05
1.1920928955078125e-05
1.3589859008789062e-05
1.1920928955078125e-05
3.4332275390625e-05
1.2159347534179688e-05
1.1682510375976562e-05
1.1444091796875e-05
1.1444091796875e-05
1.1205673217773438e-05
1.1205673217773438e-05
1.0967254638671875e-05
1.1205673217773438e-05
1.1205673217773438e-05
1.1444091796875e-05
2.7894973754882812e-05
1.0967254638671875e-05
1.1205673217773438e-05
1.1205673217773438e-05
1.0967254638671875e-05
1.0967254638671875e-05
1.1444091796875e-05
1.1205673217773438e-05
1.0967254638671875e-05
2.5272369384765625e-05
1.1682510375976562e-05
1.1682510375976562e-05
1.1444091796875e-05
1.1205673217773438e-05
1.1205673217773438e-05
1.1205673217773438e-05
1.33514404296875e-05
1.1682510375976562e-05
3.0279159545898438e-05
3.0279159545898438e-05
1.1920928955078125e-05
1.1205673217773438e-05
1.2159347534179688e-05
1.1444091796875e-05
1.1682510375976562e-05
1.1920928955078125e-05
1.2159347534179688e-05
1.1444091796875e-05
1.1444091796875e-05