2.9087066650390625e-05
2.3126602172851562e-05
2.1457672119140625e-05
2.1696090698242188e-05
2.1696090698242188e-05
2.09808349609375e-05
2.09808349609375e-05
2.0503997802734375e-05
2.09808349609375e-05
2.1457672119140625e-05
2.0503997802734375e-05
2.0503997802734375e-05
2.0742416381835938e-05
2.0742416381835938e-05
2.0742416381835938e-05
2.0503997802734375e-05
2.0503997802734375e-05
2.09808349609375e-05
2.0503997802734375e-05
2.1457672119140625e-05
2.0265579223632812e-05
2.0503997802734375e-05
2.0742416381835938e-05
2.0503997802734375e-05
2.0503997802734375e-05
2.1219253540039062e-05
2.09808349609375e-05
2.0503997802734375e-05
2.0742416381835938e-05
2.09808349609375e-05
2.0503997802734375e-05
2.09808349609375e-05
2.09808349609375e-05
2.09808349609375e-05
2.0503997802734375e-05
2.4080276489257812e-05
2.1219253540039062e-05
2.0265579223632812e-05
2.0503997802734375e-05
2.0265579223632812e-05
2.0742416381835938e-05
2.002716064453125e-05
2.0503997802734375e-05
2.1696090698242188e-05
2.0742416381835938e-05
2.0503997802734375e-05
2.0742416381835938e-05
2.09808349609375e-05
2.0265579223632812e-05
2.0742416381835938e-05
2.0742416381835938e-05
2.09808349609375e-05
2.0503997802734375e-05
2.0503997802734375e-05
2.0265579223632812e-05
2.0503997802734375e-05
2.0503997802734375e-05
2.0265579223632812e-05
2.09808349609375e-05
2.0503997802734375e-05
2.002716064453125e-05
2.0503997802734375e-05
2.0265579223632812e-05
4.363059997558594e-05
2.0742416381835938e-05
2.0503997802734375e-05
2.0265579223632812e-05
2.1219253540039062e-05
2.0503997802734375e-05
2.1219253540039062e-05
2.0265579223632812e-05
3.6716461181640625e-05
3.814697265625e-05
2.0265579223632812e-05
1.9788742065429688e-05
2.0742416381835938e-05
2.002716064453125e-05
2.0503997802734375e-05
2.1696090698242188e-05
2.2411346435546875e-05
2.1457672119140625e-05
2.0503997802734375e-05
2.0265579223632812e-05
2.09808349609375e-05
2.2649765014648438e-05
2.288818359375e-05
2.288818359375e-05
2.09808349609375e-05
2.4557113647460938e-05
3.6716461181640625e-05
2.4080276489257812e-05
2.09808349609375e-05
2.0742416381835938e-05
2.0742416381835938e-05
2.09808349609375e-05
2.0742416381835938e-05
2.002716064453125e-05
2.0265579223632812e-05
2.0503997802734375e-05
3.0279159545898438e-05