1 25 4849 45 201 86 226 108 148 476 309 298 417 404 19 329 468 31 284 14 388 55 130 15 45 366 100 274 257 272 45 72 1 400 351 330 235 243 305 253 149 293 60 489 283 345 16 428 229 135 451 301 121
2 25 4748 415 35 99 338 336 85 175 95 286 274 167 65 265 118 327 371 477 478 427 275 108 476 301 489 171 149 431 268 15 426 81 439 177 147 472 315 30 417 214 296 34 173 320 395 417 100 107 294 83 469
3 25 5252 370 51 310 175 453 158 88 384 239 304 372 227 391 376 54 165 23 224 361 270 347 390 351 124 69 272 354 407 166 99 233 434 135 325 372 76 475 333 346 154 43 481 69 236 341 409 317 354 286 153
4 25 5721 464 464 309 242 51 388 472 483 258 219 314 81 420 114 104 101 190 398 387 69 433 320 161 491 453 48 385 387 443 387 205 277 366 34 131 467 92 130 252 157 288 401 110 50 322 196 206 81 336 319
5 25 5681 132 398 264 460 142 218 293 32 319 227 238 94 444 396 330 86 134 191 392 317 452 279 436 200 338 22 367 385 346 238 162 28 133 63 116 318 398 303 445 323 33 50 192 474 288 289 323 439 385 66
6 25 5697 456 438 496 93 353 133 277 212 300 251 172 57 217 472 232 112 329 121 113 150 425 84 376 321 97 495 252 485 259 199 290 467 490 229 155 349 432 490 188 215 93 116 413 236 171 141 427 293 109 389
7 25 4447 280 166 256 141 181 267 123 472 395 42 316 270 160 332 351 49 38 455 5 34 62 393 148 265 102 491 151 194 144 225 92 355 463 177 83 40 84 245 459 430 404 52 316 79 413 190 421 230 112 224
8 25 5448 423 59 240 26 249 156 87 31 255 403 395 220 308 222 202 407 44 137 227 429 128 119 495 356 464 445 351 401 249 212 183 149 405 411 75 60 193 360 201 234 113 192 435 163 412 36 203 122 474 335
9 25 4748 311 231 473 284 129 497 290 459 47 29 464 122 117 440 71 142 174 339 467 85 170 159 455 148 426 27 135 165 189 470 222 495 145 409 150 287 321 160 330 4 193 481 302 201 55 132 250 21 49 2
10 25 5304 316 49 130 105 162 3 300 8 166 215 428 1 387 158 373 401 162 491 279 174 36 75 482 178 394 215 104 464 157 196 330 4 391 420 267 353 34 482 269 245 448 500 138 96 301 60 127 488 449 190
11 25 4895 82 479 241 329 279 76 251 111 224 76 418 236 188 500 151 478 296 441 434 487 452 237 442 327 438 236 42 337 94 114 193 139 316 448 71 323 161 383 365 97 88 296 125 262 86 247 298 318 384 295
12 25 5435 349 317 146 105 188 348 395 208 26 426 452 399 413 268 220 449 237 77 2 376 215 211 220 60 390 461 448 400 193 456 85 449 253 297 408 181 75 368 480 58 439 82 362 197 204 50 384 60 210 83
13 25 4736 197 118 30 395 466 38 149 149 394 84 206 149 205 208 420 298 99 329 434 6 81 390 100 452 458 159 158 344 119 356 430 2 470 468 167 410 188 117 20 100 208 433 463 83 28 207 225 391 206 46
14 25 5479 315 247 344 231 96 282 467 201 288 19 226 10 101 91 158 431 150 369 377 71 455 257 447 309 429 436 179 272 230 432 484 175 358 264 233 376 137 313 435 397 68 215 8 399 490 140 67 283 307 17
15 25 4683 142 108 466 159 226 46 463 265 71 311 375 178 38 297 88 65 59 384 331 463 72 253 284 256 310 261 20 435 183 256 390 284 362 53 263 94 263 67 454 478 206 137 410 229 235 425 22 489 121 17
16 25 4128 186 453 29 191 188 182 154 258 379 285 160 229 473 406 131 115 417 457 360 118 71 392 65 333 303 215 347 253 131 218 253 233 2 236 115 33 457 182 251 134 22 438 93 386 114 279 442 452 18 264
17 25 4600 265 347 119 79 498 344 495 328 62 232 437 372 243 166 34 124 286 449 306 61 487 131 140 285 475 300 247 367 155 83 78 214 440 425 123 270 39 326 29 337 408 474 80 330 210 434 59 419 36 423
18 25 5640 496 41 172 326 162 216 450 298 276 12 10 388 483 265 128 260 406 441 47 377 484 4 10 410 347 284 358 458 186 147 319 2 327 485 231 41 134 304 484 115 344 40 125 59 354 320 338 28 379 179
19 25 5400 5 258 294 150 158 357 310 242 287 496 38 16 204 289 388 56 472 141 50 450 466 338 193 316 205 361 67 265 371 67 188 470 490 66 368 435 357 245 144 368 446 384 315 312 324 248 382 12 229 463
20 25 5082 438 454 263 61 248 163 50 374 84 483 60 429 101 499 68 203 386 65 281 271 7 191 266 160 276 213 377 341 298 19 119 196 467 149 462 414 420 225 485 270 269 247 165 240 199 185 408 488 156 397
21 25 5564 10 270 233 321 83 128 185 45 67 152 399 109 434 396 432 381 419 41 144 70 226 182 168 42 467 78 195 8 410 256 383 436 442 489 121 496 455 195 19 471 62 224 392 395 486 58 224 433 500 414
22 25 5344 237 90 496 290 229 450 337 109 455 82 169 445 318 194 12 268 197 145 250 337 99 252 107 429 466 229 378 9 7 383 492 206 462 71 32 424 360 230 174 199 392 358 210 147 78 248 395 360 329 417
23 25 5624 476 28 436 39 319 45 450 42 201 420 227 70 215 41 100 455 65 339 448 56 203 220 254 418 473 265 353 426 151 458 63 178 234 369 242 59 150 329 175 171 425 333 460 483 464 327 27 457 420 192
24 25 5355 261 302 227 461 432 42 64 252 495 195 368 151 111 241 313 474 270 348 466 54 352 226 260 4 479 267 158 353 274 179 173 79 337 289 51 111 75 214 69 457 364 136 428 229 213 38 167 386 287 149
25 25 5602 278 292 195 420 339 322 497 220 402 250 403 323 94 11 350 167 244 241 150 211 413 186 235 320 238 484 428 113 71 137 362 55 57 496 57 58 473 308 299 376 488 59 394 37 191 180 91 368 254 183
26 25 4902 126 392 122 317 94 456 16 1 3 191 311 448 464 376 329 348 79 297 500 384 460 293 353 460 112 26 323 324 258 281 318 78 395 413 18 278 269 109 173 161 377 303 245 13 201 6 290 299 292 390
27 25 4548 404 375 497 499 152 274 258 26 365 353 55 77 312 91 90 378 136 392 124 132 100 380 48 257 216 23 90 127 233 158 341 448 186 242 488 335 440 296 279 111 484 196 50 490 94 19 45 419 199 84
28 25 5647 364 453 365 158 343 236 240 237 258 41 98 379 255 269 489 338 362 232 397 4 440 158 198 40 27 386 417 213 299 183 173 272 495 284 360 425 63 129 230 185 90 398 302 475 355 42 105 123 334 173
29 25 4202 20 274 459 458 63 197 474 189 124 400 322 130 33 378 94 266 104 139 163 339 185 228 357 278 234 105 369 487 182 287 335 290 73 180 11 188 94 224 293 153 396 489 122 319 259 412 2 224 485 82
30 25 5590 371 185 28 245 67 263 266 440 314 323 115 437 421 284 412 110 247 85 369 8 302 327 152 85 123 192 375 94 99 231 303 9 318 472 128 274 352 150 329 352 451 498 120 54 473 466 453 234 400 82
31 25 4296 35 469 406 186 407 211 116 270 138 480 352 245 273 476 178 487 321 439 88 488 183 19 78 482 27 423 479 307 206 401 163 313 30 206 481 175 375 275 457 214 135 322 21 74 52 5 8 315 361 316
32 25 4700 99 206 184 114 169 442 233 346 262 200 210 459 250 395 467 459 436 440 470 196 174 138 425 122 151 146 247 103 353 90 79 297 92 331 256 271 184 434 420 19 17 21 1 277 128 59 199 244 369 43
33 25 5084 356 167 76 316 90 285 204 277 492 70 458 491 400 190 312 316 405 76 443 187 25 130 227 107 401 218 106 359 11 274 320 363 162 338 259 308 66 97 164 26 382 491 344 109 367 70 217 319 69 249
34 25 5080 285 303 490 188 142 214 343 152 403 29 476 407 77 471 463 273 199 155 5 279 373 499 325 115 388 10 331 128 101 115 402 361 51 443 8 133 342 108 193 280 126 208 309 440 232 481 101 318 185 433
35 25 4801 407 454 6 191 16 449 175 255 311 90 58 202 363 23 224 186 237 16 457 372 25 246 250 291 308 427 245 298 371 106 468 171 197 380 157 421 109 350 282 471 377 190 42 269 386 352 292 412 239 225
36 25 5848 426 402 269 127 304 3 432 81 107 12 80 184 489 31 464 300 35 359 66 101 462 226 200 90 324 25 71 499 193 235 438 414 383 76 215 166 386 166 353 385 233 301 100 22 461 470 400 128 420 205
37 25 4475 302 187 399 270 165 136 396 253 326 158 11 189 317 408 305 320 141 130 214 442 5 224 4 327 23 171 145 161 449 62 425 213 123 295 258 170 412 303 35 293 198 238 140 199 202 184 217 248 382 95
38 25 4301 78 185 50 486 308 351 371 160 20 163 231 31 363 452 496 218 251 256 332 185 61 374 357 131 169 163 50 464 482 423 282 452 33 277 210 412 3 140 134 433 49 395 222 310 389 413 23 47 413 194
39 25 4811 80 75 380 187 108 422 333 314 289 349 486 97 6 237 261 93 147 351 308 80 5 173 96 364 495 326 48 479 447 299 108 422 420 279 65 481 92 54 448 289 172 271 331 383 319 57 435 254 135 26
40 25 4366 81 253 316 151 358 458 90 4 265 214 73 143 357 36 41 228 390 42 432 215 5 272 28 6 401 267 258 87 109 267 91 237 204 356 359 232 204 332 217 26 343 224 326 275 161 313 279 456 70 225
41 25 5629 327 337 269 37 19 420 48 129 496 109 403 492 480 324 174 84 180 381 406 151 147 106 46 355 195 445 199 368 100 16 129 304 425 38 349 400 481 369 440 124 30 63 469 60 324 294 433 405 468 372
42 25 5048 344 354 320 180 465 100 221 334 208 402 422 140 417 405 121 207 39 403 53 100 231 331 245 117 350 477 334 412 321 147 303 313 278 367 36 336 140 87 173 204 168 422 282 237 241 426 399 113 199 171
43 25 5254 388 293 289 130 101 72 181 62 165 421 5 228 191 283 213 193 280 467 491 445 275 415 408 5 273 160 376 292 61 271 384 17 179 290 408 283 215 293 407 9 437 440 282 431 356 420 2 467 201 158
44 25 4892 75 66 59 1 64 19 429 273 372 336 247 472 44 365 29 445 348 175 373 197 75 252 194 105 299 360 353 398 338 349 341 233 338 204 259 378 386 439 355 156 362 137 180 407 240 144 285 81 71 103
45 25 4236 275 476 10 182 345 63 359 93 156 75 330 432 279 258 473 264 169 187 47 79 53 148 169 442 212 166 299 347 194 101 70 89 493 424 32 487 125 285 312 430 25 398 310 196 124 257 309 73 126 444
46 25 4416 143 167 88 87 170 251 477 75 180 76 335 239 326 203 110 498 195 414 78 256 153 311 194 248 199 372 181 267 138 242 247 180 158 89 430 165 265 371 56 33 253 223 1 334 221 439 493 47 429 167
47 25 5271 228 215 293 357 10 224 422 382 325 188 397 182 221 453 88 324 460 182 172 61 250 69 487 357 62 159 286 109 406 19 498 311 355 428 149 189 189 91 1 78 468 469 355 348 285 427 42 111 140 272
48 25 5276 35 411 162 236 498 496 149 261 422 151 179 116 146 314 231 119 173 123 328 239 337 448 335 249 444 126 429 302 425 82 181 452 247 51 452 447 12 125 61 207 210 306 397 216 259 387 376 290 108 382
49 25 4935 119 161 350 409 213 145 152 325 444 37 71 218 482 217 155 293 235 235 300 4 379 139 268 20 453 319 202 168 152 322 1 45 123 92 127 413 462 492 359 125 217 319 447 103 107 371 79 244 272 444
50 25 4792 175 473 80 215 474 144 488 378 345 385 28 90 499 454 369 390 368 322 190 356 327 187 495 404 16 466 177 445 430 82 131 198 180 173 133 286 15 61 63 61 239 213 41 390 412 429 117 223 198 116
51 25 4872 257 468 261 116 142 497 138 14 333 55 89 111 431 381 21 479 210 242 223 6 333 426 182 123 188 67 58 281 325 129 268 363 354 321 82 91 285 280 440 294 409 212 9 39 490 115 238 133 324 303
52 25 5829 232 195 447 268 371 196 165 453 478 63 134 243 451 156 180 439 386 10 92 73 254 462 330 387 341 178 223 338 229 299 390 112 276 92 309 368 236 222 316 290 325 191 347 6 211 347 464 296 100 272
53 25 3688 169 51 205 217 331 315 92 145 405 424 26 392 180 379 110 79 77 296 167 218 107 78 62 416 251 50 343 419 309 17 153 227 244 412 113 425 273 169 238 289 338 67 62 49 156 116 61 37 138 212
54 25 5265 457 315 180 365 5 374 472 396 451 75 42 409 467 401 139 442 15 189 48 62 386 343 339 93 191 487 82 185 459 369 338 297 321 408 315 398 216 74 324 383 317 230 296 117 33 499 225 412 464 35
55 25 5431 37 66 355 28 187 71 361 78 196 362 379 246 176 49 51 401 42 235 177 165 433 131 450 240 418 308 251 117 201 249 416 392 472 495 148 213 497 402 486 218 50 69 102 480 133 429 298 168 473 380
56 25 5589 90 136 238 177 454 242 33 29 438 45 52 413 399 149 378 278 29 312 50 404 46 221 148 437 476 461 498 31 83 158 408 75 133 106 205 481 310 52 399 6 455 475 489 42 425 255 318 499 433 67
57 25 4448 116 126 206 197 194 467 128 446 381 186 345 67 170 53 144 270 450 160 348 334 98 279 408 94 261 318 374 57 279 478 410 119 172 445 176 164 134 13 323 24 3 359 30 382 313 333 74 244 23 331
58 25 5353 396 477 205 269 372 251 211 490 371 4 384 212 279 475 416 352 188 433 100 256 117 141 485 481 169 292 401 25 28 140 73 145 486 301 150 139 78 190 174 288 329 443 360 335 158 68 427 417 335 291
59 25 4894 197 121 227 20 387 483 226 243 37 68 296 336 75 35 183 9 382 108 268 386 38 329 428 251 488 52 407 481 141 319 121 197 20 142 437 324 385 472 105 58 275 298 16 138 490 471 235 93 254 453
60 25 6525 445 184 452 20 148 227 395 105 310 468 393 405 3 203 471 353 356 79 432 321 299 483 105 169 467 48 354 314 251 121 243 66 489 377 347 429 270 107 457 89 438 260 210 67 298 94 117 118 407 7
61 25 5216 202 73 175 282 347 362 20 67 93 309 350 498 244 64 240 445 289 380 62 349 354 197 308 400 144 78 453 164 452 310 474 324 337 314 91 34 78 67 388 394 404 303 48 182 412 148 285 245 270 269
62 25 4372 66 452 446 393 40 315 319 390 224 180 230 405 307 405 104 256 204 399 477 264 124 260 283 216 285 442 8 253 408 455 12 222 174 359 284 296 169 391 283 346 59 368 62 453 205 393 273 351 419 209
63 25 5271 393 113 405 385 22 74 280 273 7 200 201 49 442 363 150 150 130 233 192 104 83 51 156 441 201 408 242 140 348 74 324 62 82 21 380 216 466 191 355 262 470 253 221 40 275 180 485 2 279 332
64 25 4554 142 151 480 226 201 48 116 350 215 58 77 423 338 285 437 129 279 412 293 34 136 230 390 67 177 478 117 155 239 308 64 395 327 200 401 231 212 279 453 201 230 194 1 311 99 306 40 42 229 301
65 25 4981 159 80 96 260 341 356 374 86 164 213 476 12 116 139 328 126 236 160 123 139 365 109 349 436 57 456 16 230 479 143 362 162 205 322 243 192 433 384 346 451 332 343 171 245 237 318 177 478 42 324
66 25 5290 95 490 155 308 286 453 393 253 2 300 398 380 456 156 198 401 28 71 320 35 335 305 332 65 496 348 398 400 364 266 238 372 21 420 143 387 487 433 116 475 369 318 72 235 184 60 347 124 380 62
67 25 4053 22 154 500 41 57 89 142 500 329 335 470 289 389 4 396 43 304 478 120 493 57 132 25 199 433 153 14 130 119 175 112 230 247 90 395 206 184 57 22 374 19 32 392 302 2 63 137 30 180 415
68 25 4944 200 476 103 252 403 464 339 411 383 482 24 61 144 399 349 304 355 154 275 81 124 17 405 390 119 259 297 119 374 78 275 135 158 377 498 220 345 126 286 102 243 213 82 389 217 333 22 325 160 109
69 25 5607 347 45 430 458 307 168 364 412 429 365 5 383 203 451 487 145 419 99 363 223 380 96 176 379 97 25 139 160 154 257 311 185 88 390 330 477 102 283 224 284 163 192 172 40 451 350 458 383 410 379
70 25 6191 318 52 299 102 55 233 43 491 165 460 483 399 391 318 108 429 38 80 348 479 404 141 492 47 408 292 73 340 420 337 228 338 29 357 440 484 465 118 263 401 469 217 447 163 456 55 437 261 460 38
71 25 5448 255 431 366 402 433 254 455 476 189 265 278 289 339 24 437 216 78 30 124 255 89 382 2 342 322 269 295 146 329 319 434 472 383 402 409 268 299 42 360 249 228 368 253 55 384 85 16 416 53 286
72 25 4209 419 13 211 39 272 323 369 79 102 238 69 218 177 101 139 228 267 185 129 322 426 104 374 450 24 84 42 231 202 188 457 131 83 158 294 100 128 207 3 414 210 313 34 243 52 360 403 309 376 312
73 25 4706 54 407 451 356 27 480 165 30 469 348 161 474 47 237 92 353 149 190 106 68 300 331 415 120 453 414 474 302 401 231 430 77 120 120 150 450 303 424 115 316 80 334 109 451 253 27 413 357 146 74
74 25 5487 485 40 205 93 43 299 283 375 76 400 273 197 337 374 144 350 70 111 400 77 96 285 221 442 305 464 421 73 242 393 298 236 438 267 424 367 221 213 327 216 394 448 102 481 435 230 148 353 471 204
75 25 5560 436 465 189 498 442 137 58 458 74 197 189 360 100 255 316 311 386 405 455 129 490 357 489 285 475 481 423 118 470 200 332 33 95 334 436 216 162 308 12 366 372 487 5 2 375 93 137 195 33 331
76 25 4702 110 477 92 24 119 186 164 256 402 326 78 435 161 294 32 307 224 228 399 5 68 143 299 374 76 306 471 450 457 43 136 405 259 350 267 450 345 152 26 132 467 304 281 400 81 159 423 118 441 10
77 25 5608 400 256 110 379 206 17 333 25 311 353 385 37 418 244 223 318 211 158 229 289 298 115 84 335 479 419 467 409 471 136 79 483 173 391 392 386 132 117 212 217 236 300 499 152 50 141 499 266 113 90
78 25 5176 299 398 267 239 451 44 391 23 374 126 383 350 452 280 201 465 9 439 247 294 342 441 91 137 202 356 139 259 136 447 180 351 403 408 305 445 386 131 303 367 86 43 39 177 263 189 460 52 62 408
79 25 5862 453 312 318 39 201 493 411 328 342 370 268 128 307 51 317 487 423 30 397 232 38 171 431 51 334 53 355 404 64 39 409 223 237 324 238 124 114 127 494 149 424 477 231 413 149 438 26 344 347 180
80 25 4853 331 330 367 401 316 306 272 360 190 78 456 426 219 362 211 115 198 310 134 286 63 475 440 448 217 305 147 307 366 84 474 410 488 347 6 250 1 95 146 11 92 314 66 435 406 251 186 375 275 21
81 25 4100 24 278 340 309 224 82 61 252 27 403 200 363 24 462 198 243 469 117 17 460 310 490 91 50 247 173 138 236 267 228 40 40 60 430 115 74 187 163 391 412 500 187 322 383 186 379 270 401 418 196
82 25 4627 413 342 114 425 326 134 380 89 185 448 436 483 159 51 84 416 90 123 447 159 442 181 72 184 464 469 50 452 11 25 86 284 252 148 417 265 142 98 33 437 366 319 328 149 244 480 166 153 77 38
83 25 4405 394 171 84 99 292 396 66 427 213 150 93 41 48 34 44 306 384 63 307 278 144 183 139 354 49 249 197 456 171 143 452 435 459 58 129 226 324 407 249 94 424 285 280 161 45 259 343 422 177 222
84 25 5062 386 199 55 48 180 311 65 34 428 70 84 308 330 347 24 178 372 35 459 430 379 400 186 246 489 476 444 42 277 474 279 253 161 420 387 450 58 166 464 452 70 33 325 183 109 26 257 181 60 283
85 25 5236 236 383 144 179 180 315 191 483 269 276 290 275 467 5 326 444 312 183 389 24 411 118 195 472 324 127 204 470 43 320 169 56 66 276 38 400 357 109 285 90 317 379 133 219 318 188 471 377 410 289
86 25 3971 105 34 190 204 45 148 377 262 345 89 429 72 87 262 268 45 119 193 44 403 80 425 129 73 425 80 422 43 107 239 95 175 459 64 327 498 75 216 59 407 213 137 281 418 127 317 48 103 108 89
87 25 4999 498 190 416 71 39 149 284 311 3 32 31 212 389 156 108 291 391 386 46 217 278 488 84 62 451 238 40 237 290 132 405 308 405 432 393 354 230 280 321 40 358 392 341 59 101 129 302 94 45 189
88 25 5104 15 213 310 381 444 34 108 414 470 115 302 223 117 43 172 35 266 429 52 291 408 479 465 451 287 363 93 265 104 173 260 263 409 118 433 105 85 439 5 35 321 96 180 326 298 286 303 318 473 345
89 25 5692 383 276 237 175 345 338 305 225 110 19 410 324 195 61 210 287 373 419 500 132 307 211 39 366 231 332 463 322 137 403 193 173 105 349 322 447 291 67 482 428 419 137 493 45 273 51 105 466 188 232
90 25 5067 200 67 484 486 57 121 461 374 428 484 226 315 393 323 343 460 132 492 352 125 432 341 65 38 187 292 423 131 377 181 145 49 290 253 48 165 467 154 89 426 239 68 183 198 139 3 70 234 104 231
91 25 4021 118 173 166 3 264 494 177 364 83 305 193 7 56 41 326 328 297 479 196 150 489 463 202 458 144 277 163 179 238 234 60 157 19 90 472 50 42 172 385 335 396 156 67 48 240 203 148 341 86 53
92 25 5652 249 220 164 378 416 365 333 16 294 444 129 357 391 51 286 439 457 17 204 109 283 468 172 148 192 474 500 58 494 92 256 330 215 88 277 223 423 306 107 394 118 180 423 212 270 270 227 134 185 94
93 25 5247 258 408 228 65 202 495 206 122 105 352 191 496 209 314 52 268 487 22 261 485 408 222 491 447 33 374 472 101 395 437 421 124 217 76 255 164 85 493 126 244 495 439 132 162 204 365 277 89 349 305
94 25 4559 134 274 287 157 410 25 384 345 238 309 489 259 443 162 473 492 232 292 141 13 345 196 94 487 73 30 322 72 3 157 23 342 440 403 196 70 18 400 7 458 8 85 336 382 102 266 266 385 235 173
95 25 5237 243 362 475 42 289 283 291 479 381 19 401 290 168 142 35 399 68 59 12 396 333 344 437 49 75 358 73 160 71 489 446 391 253 200 421 10 325 86 160 140 466 244 148 42 483 219 38 270 455 316
96 25 5191 400 129 493 265 170 316 400 117 287 311 245 19 153 229 228 258 366 473 277 309 333 51 458 261 299 379 297 475 200 199 405 27 358 15 247 17 48 351 56 286 399 26 151 328 175 176 14 419 30 101
97 25 4945 310 69 380 428 428 342 48 405 99 489 361 20 57 488 341 309 123 366 436 433 217 6 159 272 119 296 197 335 395 126 460 158 41 327 119 226 427 26 87 34 101 387 339 136 261 238 401 183 276 368
98 25 5308 276 123 329 327 481 210 484 462 113 42 462 106 456 324 354 145 90 258 235 417 43 305 73 417 32 445 356 429 333 56 214 449 324 189 245 24 204 264 376 58 162 292 446 486 53 80 361 310 133 97
99 25 5638 262 276 49 301 110 421 63 162 296 417 109 208 480 224 300 479 416 246 460 142 67 32 408 435 306 243 162 49 257 142 241 433 240 342 380 12 378 236 419 120 221 353 416 456 479 375 33 481 496 497
100 25 5336 252 259 464 303 201 18 202 15 482 495 434 477 26 255 430 223 457 233 162 327 476 476 307 288 97 31 22 110 141 466 219 66 279 346 82 331 178 199 321 451 340 253 379 497 241 46 250 298 228 101
101