0.00015091896057128906
7.891654968261719e-05
0.0001895427703857422
0.00010991096496582031
0.00031566619873046875
0.00014543533325195312
0.0001811981201171875
0.00021600723266601562
0.000331878662109375
0.0001957416534423828
6.961822509765625e-05
0.00011658668518066406
0.00015020370483398438
0.00018358230590820312
0.00032639503479003906
0.00010085105895996094
0.00019669532775878906
0.00024008750915527344
7.009506225585938e-05
5.078315734863281e-05
3.409385681152344e-05
0.00011539459228515625
7.176399230957031e-05
0.0001308917999267578
0.00011324882507324219
0.0002033710479736328
0.00010633468627929688
0.000110626220703125
0.00015044212341308594
0.00012826919555664062
0.00010371208190917969
0.00011563301086425781
8.463859558105469e-05
3.5762786865234375e-05
0.0001494884490966797
7.462501525878906e-05
0.0001671314239501953
4.458427429199219e-05
4.3392181396484375e-05
7.486343383789062e-05
7.891654968261719e-05
0.0005545616149902344
7.700920104980469e-05
0.00010251998901367188
0.0004305839538574219
0.00011134147644042969
8.0108642578125e-05
7.796287536621094e-05
0.0001461505889892578
0.00022792816162109375
5.316734313964844e-05
9.822845458984375e-05
5.888938903808594e-05
0.0001628398895263672
0.00012612342834472656
7.200241088867188e-05
9.298324584960938e-05
0.00013566017150878906
0.00018858909606933594
0.0001327991485595703
0.00011754035949707031
0.0001418590545654297
0.00010275840759277344
6.842613220214844e-05
0.00015282630920410156
0.00015783309936523438
0.0001842975616455078
8.463859558105469e-05
0.00022840499877929688
0.0003361701965332031
0.00012350082397460938
0.000179290771484375
4.00543212890625e-05
0.00011515617370605469
3.5762786865234375e-05
0.0001266002655029297
0.0003008842468261719
7.05718994140625e-05
0.0001323223114013672
0.000274658203125
0.0003962516784667969
7.2479248046875e-05
9.679794311523438e-05
4.363059997558594e-05
0.000453948974609375
0.00022912025451660156
0.0004229545593261719
0.00013709068298339844
0.00011610984802246094
0.00011014938354492188
0.00010204315185546875
0.0002810955047607422
0.0001361370086669922
0.00010704994201660156
0.0002899169921875
0.0002765655517578125
4.839897155761719e-05
0.00014972686767578125
0.00010251998901367188
0.0001766681671142578