1.621246337890625e-05
1.2159347534179688e-05
1.0967254638671875e-05
1.0728836059570312e-05
1.0728836059570312e-05
1.0728836059570312e-05
1.049041748046875e-05
1.0251998901367188e-05
1.049041748046875e-05
1.049041748046875e-05
1.0967254638671875e-05
1.049041748046875e-05
1.0728836059570312e-05
1.0728836059570312e-05
1.0967254638671875e-05
1.0728836059570312e-05
1.0728836059570312e-05
1.049041748046875e-05
1.0728836059570312e-05
1.049041748046875e-05
1.049041748046875e-05
1.049041748046875e-05
1.049041748046875e-05
1.0728836059570312e-05
1.0251998901367188e-05
1.0728836059570312e-05
1.0728836059570312e-05
1.0728836059570312e-05
1.0728836059570312e-05
1.049041748046875e-05
1.049041748046875e-05
1.049041748046875e-05
1.049041748046875e-05
1.0728836059570312e-05
1.049041748046875e-05
1.0251998901367188e-05
1.0728836059570312e-05
1.0728836059570312e-05
1.049041748046875e-05
1.049041748046875e-05
1.049041748046875e-05
1.049041748046875e-05
1.049041748046875e-05
1.0728836059570312e-05
1.049041748046875e-05
1.049041748046875e-05
1.049041748046875e-05
1.049041748046875e-05
1.0728836059570312e-05
1.049041748046875e-05
1.049041748046875e-05
1.049041748046875e-05
1.0251998901367188e-05
1.0728836059570312e-05
1.049041748046875e-05
1.049041748046875e-05
1.049041748046875e-05
1.049041748046875e-05
1.0728836059570312e-05
1.049041748046875e-05
1.0251998901367188e-05
1.0251998901367188e-05
1.049041748046875e-05
1.049041748046875e-05
1.049041748046875e-05
1.049041748046875e-05
1.0728836059570312e-05
1.0251998901367188e-05
1.0728836059570312e-05
1.049041748046875e-05
1.049041748046875e-05
1.049041748046875e-05
1.049041748046875e-05
1.0251998901367188e-05
1.0251998901367188e-05
3.4809112548828125e-05
2.6702880859375e-05
1.0728836059570312e-05
1.049041748046875e-05
1.049041748046875e-05
1.049041748046875e-05
1.0728836059570312e-05
1.049041748046875e-05
1.0251998901367188e-05
1.049041748046875e-05
1.049041748046875e-05
1.049041748046875e-05
1.0728836059570312e-05
1.049041748046875e-05
1.049041748046875e-05
1.0251998901367188e-05
1.049041748046875e-05
1.049041748046875e-05
1.0728836059570312e-05
1.049041748046875e-05
1.049041748046875e-05
1.049041748046875e-05
1.049041748046875e-05
1.049041748046875e-05
1.049041748046875e-05