0.14548182487487793
0.19530916213989258
0.16920804977416992
0.18397116661071777
0.19713568687438965
0.18918061256408691
0.21437883377075195
0.2027726173400879
0.20673632621765137
0.19470810890197754
0.20766377449035645
0.1608738899230957
0.21703505516052246
0.18931150436401367
0.14648127555847168
0.18365263938903809
0.20089435577392578
0.19328594207763672
0.16722607612609863
0.17377209663391113
0.16004085540771484
0.15975737571716309
0.1997373104095459
0.2088460922241211
0.17743515968322754
0.14940237998962402
0.1965656280517578
0.15642809867858887
0.17747712135314941
0.14702463150024414
0.17581462860107422
0.19682955741882324
0.2231740951538086
0.13657116889953613
0.1504819393157959
0.1516420841217041
0.17058467864990234
0.21400141716003418
0.20544695854187012
0.19577670097351074
0.1669316291809082
0.12692046165466309
0.16665959358215332
0.18893694877624512
0.1564645767211914
0.20297503471374512
0.16033649444580078
0.17220067977905273
0.1980268955230713
0.22254514694213867
0.17583942413330078
0.17202258110046387
0.15571832656860352
0.18948745727539062
0.18059778213500977
0.16170191764831543
0.19724774360656738
0.24595046043395996
0.14626741409301758
0.17772841453552246
0.20703673362731934
0.13248443603515625
0.16779518127441406
0.2276904582977295
0.20226836204528809
0.20486998558044434
0.17672443389892578
0.199662446975708
0.20482492446899414
0.18400025367736816
0.16901516914367676
0.19645261764526367
0.13042998313903809
0.18903064727783203
0.19955921173095703
0.18041276931762695
0.1676490306854248
0.16478705406188965
0.1547391414642334
0.17784786224365234
0.15925312042236328
0.20351862907409668
0.21919894218444824
0.15830206871032715
0.1963646411895752
0.1501634120941162
0.1607065200805664
0.18265891075134277
0.1856844425201416
0.17421293258666992
0.19002461433410645
0.18014287948608398
0.15097904205322266
0.19548773765563965
0.19347548484802246
0.20026206970214844
0.12601304054260254
0.17626738548278809
0.16637539863586426
0.15892434120178223