2.09808349609375e-05
1.3589859008789062e-05
1.2636184692382812e-05
1.2159347534179688e-05
1.1920928955078125e-05
1.1920928955078125e-05
1.239776611328125e-05
1.2159347534179688e-05
1.2159347534179688e-05
1.1920928955078125e-05
1.239776611328125e-05
1.2636184692382812e-05
1.2874603271484375e-05
1.2159347534179688e-05
1.2636184692382812e-05
1.2636184692382812e-05
1.239776611328125e-05
1.33514404296875e-05
1.3113021850585938e-05
1.2874603271484375e-05
1.2874603271484375e-05
1.239776611328125e-05
1.1920928955078125e-05
1.2636184692382812e-05
1.239776611328125e-05
1.3113021850585938e-05
1.1920928955078125e-05
2.6702880859375e-05
1.2874603271484375e-05
1.1920928955078125e-05
1.2159347534179688e-05
1.2159347534179688e-05
1.2874603271484375e-05
1.2874603271484375e-05
1.3113021850585938e-05
1.239776611328125e-05
1.3113021850585938e-05
1.2874603271484375e-05
1.2159347534179688e-05
1.3113021850585938e-05
1.3113021850585938e-05
1.2636184692382812e-05
1.239776611328125e-05
1.33514404296875e-05
1.239776611328125e-05
1.3589859008789062e-05
1.3113021850585938e-05
1.2159347534179688e-05
4.38690185546875e-05
1.8835067749023438e-05
1.33514404296875e-05
1.3113021850585938e-05
3.075599670410156e-05
1.2874603271484375e-05
1.2636184692382812e-05
1.2874603271484375e-05
3.0994415283203125e-05
1.2874603271484375e-05
1.2636184692382812e-05
1.3113021850585938e-05
1.5020370483398438e-05
1.2874603271484375e-05
1.1920928955078125e-05
1.2159347534179688e-05
1.2159347534179688e-05
1.2874603271484375e-05
1.239776611328125e-05
1.2159347534179688e-05
1.2636184692382812e-05
1.239776611328125e-05
1.2159347534179688e-05
1.2159347534179688e-05
1.2636184692382812e-05
1.2159347534179688e-05
1.2636184692382812e-05
1.2159347534179688e-05
1.2159347534179688e-05
1.2159347534179688e-05
1.2159347534179688e-05
1.1920928955078125e-05
1.1920928955078125e-05
1.6927719116210938e-05
1.2159347534179688e-05
1.2159347534179688e-05
1.239776611328125e-05
1.2159347534179688e-05
1.2159347534179688e-05
1.2636184692382812e-05
1.239776611328125e-05
1.239776611328125e-05
1.2636184692382812e-05
1.2159347534179688e-05
1.2159347534179688e-05
1.239776611328125e-05
1.2159347534179688e-05
1.1920928955078125e-05
1.1920928955078125e-05
1.239776611328125e-05
1.1920928955078125e-05
1.1920928955078125e-05