1 40 8002
2 40 10987
3 40 11530
4 40 9228
5 40 10695
6 40 8603
7 40 9967
8 40 10052
9 40 10048
10 40 10439
11 40 8663
12 40 8628
13 40 9811
14 40 8631
15 40 9338
16 40 9039
17 40 9688
18 40 9632
19 40 8969
20 40 7630
21 40 8559
22 40 9511
23 40 10929
24 40 9062
25 40 8802
26 40 12260
27 40 8747
28 40 9504
29 40 10938
30 40 9556
31 40 8612
32 40 9489
33 40 8614
34 40 8327
35 40 10900
36 40 7936
37 40 10694
38 40 9027
39 40 10398
40 40 10190
41 40 8485
42 40 9647
43 40 9247
44 40 9496
45 40 8673
46 40 8116
47 40 10275
48 40 9948
49 40 10799
50 40 9655
51 40 9479
52 40 11077
53 40 8616
54 40 9882
55 40 9711
56 40 9223
57 40 9534
58 40 9626
59 40 10104
60 40 10371
61 40 9600
62 40 10081
63 40 9820
64 40 8699
65 40 8514
66 40 9118
67 40 8432
68 40 9782
69 40 8504
70 40 11066
71 40 9334
72 40 10013
73 40 9855
74 40 10041
75 40 10705
76 40 9424
77 40 11152
78 40 9661
79 40 8617
80 40 9190
81 40 10347
82 40 10758
83 40 10880
84 40 9209
85 40 9438
86 40 9488
87 40 9889
88 40 10136
89 40 10535
90 40 9872
91 40 8607
92 40 10089
93 40 8998
94 40 10288
95 40 9697
96 40 8570
97 40 10040
98 40 9163
99 40 9352
100 40 9468