0.0032410621643066406
0.0034258365631103516
0.0039446353912353516
0.003245830535888672
0.0037550926208496094
0.004654645919799805
0.003968715667724609
0.004246711730957031
0.0048122406005859375
0.0034766197204589844
0.0030639171600341797
0.0037927627563476562
0.005544185638427734
0.004277229309082031
0.0036504268646240234
0.0029668807983398438
0.0043981075286865234
0.003854990005493164
0.004271984100341797
0.004834651947021484
0.0033380985260009766
0.004655122756958008
0.004967451095581055
0.003220081329345703
0.004065513610839844
0.0046193599700927734
0.004218101501464844
0.0031006336212158203
0.0038230419158935547
0.002500295639038086
0.0030732154846191406
0.0038022994995117188
0.0032601356506347656
0.005303144454956055
0.0038869380950927734
0.003803730010986328
0.003449678421020508
0.0035054683685302734
0.0028264522552490234
0.004517555236816406
0.0031833648681640625
0.005566596984863281
0.0032753944396972656
0.00403904914855957
0.0037543773651123047
0.002521991729736328
0.004172801971435547
0.002808094024658203
0.004323005676269531
0.002378225326538086
