0.00021386146545410156
0.0003802776336669922
0.0006072521209716797
0.0005936622619628906
0.0002689361572265625
0.0008060932159423828
0.0007696151733398438
0.0004360675811767578
0.0002257823944091797
0.004105329513549805
0.0005218982696533203
0.0007524490356445312
0.0006718635559082031
0.0018990039825439453
0.00027179718017578125
0.00014710426330566406
0.00027489662170410156
0.0009515285491943359
0.0003936290740966797
0.0002574920654296875
0.00039768218994140625
0.00045943260192871094
0.00044417381286621094
0.0004425048828125
0.0002486705780029297
0.0002589225769042969
0.0005033016204833984
0.0007252693176269531
0.0001533031463623047
0.00041484832763671875
0.0007936954498291016
0.0033025741577148438
0.0001678466796875
0.0006494522094726562
0.0006079673767089844
0.00013446807861328125
0.0006921291351318359
0.0006566047668457031
0.00047326087951660156
0.0003261566162109375
0.00047087669372558594
0.0004165172576904297
0.0006809234619140625
0.0006108283996582031
0.00026917457580566406
7.700920104980469e-05
0.00022792816162109375
0.0005176067352294922
0.0006251335144042969
0.0003685951232910156
