0.007185935974121094
0.01171731948852539
0.008816003799438477
0.00956273078918457
0.007489442825317383
0.008717060089111328
0.009133577346801758
0.006149768829345703
0.009549617767333984
0.008186101913452148
0.009189367294311523
0.010400533676147461
0.010782480239868164
0.008323431015014648
0.006354808807373047
0.006934165954589844
0.008345603942871094
0.008249044418334961
0.008369207382202148
0.0053484439849853516
0.007968664169311523
0.007770061492919922
0.007699251174926758
0.006677150726318359
0.007893562316894531
0.009602069854736328
0.006733894348144531
0.008580446243286133
0.00711369514465332
0.007987499237060547
0.00960230827331543
0.005648374557495117
0.009232044219970703
0.00770878791809082
0.009614944458007812
0.0073888301849365234
0.006909608840942383
0.00811624526977539
0.007012844085693359
0.005556344985961914
0.008083105087280273
0.006940603256225586
0.006812572479248047
0.0060710906982421875
0.00893092155456543
0.010347366333007812
0.008827447891235352
0.008763313293457031
0.007611989974975586
0.008672237396240234
