3.0994415283203125e-05
2.3365020751953125e-05
2.193450927734375e-05
2.1457672119140625e-05
2.09808349609375e-05
5.793571472167969e-05
3.4809112548828125e-05
2.0742416381835938e-05
2.0742416381835938e-05
2.1219253540039062e-05
3.790855407714844e-05
2.0265579223632812e-05
2.0265579223632812e-05
2.0265579223632812e-05
2.0503997802734375e-05
1.9788742065429688e-05
2.002716064453125e-05
2.002716064453125e-05
1.9788742065429688e-05
2.002716064453125e-05
3.719329833984375e-05
1.9788742065429688e-05
1.9788742065429688e-05
2.0265579223632812e-05
1.9550323486328125e-05
1.9788742065429688e-05
2.002716064453125e-05
2.002716064453125e-05
2.002716064453125e-05
1.9788742065429688e-05
3.743171691894531e-05
1.9788742065429688e-05
2.002716064453125e-05
2.0265579223632812e-05
1.9550323486328125e-05
1.9788742065429688e-05
1.9788742065429688e-05
2.002716064453125e-05
1.9788742065429688e-05
2.002716064453125e-05
3.719329833984375e-05
1.9788742065429688e-05
1.9550323486328125e-05
1.9788742065429688e-05
1.9311904907226562e-05
1.9550323486328125e-05
1.9788742065429688e-05
1.9788742065429688e-05
1.9550323486328125e-05
1.9311904907226562e-05
