0.009607076644897461
0.012454748153686523
0.010804176330566406
0.009001731872558594
0.010906457901000977
0.011965274810791016
0.009056329727172852
0.011335134506225586
0.010833978652954102
0.01116633415222168
0.018975257873535156
0.015318632125854492
0.010355472564697266
0.011675834655761719
0.013054132461547852
0.013648033142089844
0.015192031860351562
0.009876728057861328
0.012020111083984375
0.013839006423950195
0.012144804000854492
0.013073444366455078
0.012675285339355469
0.011646032333374023
0.011281490325927734
0.01382899284362793
0.011958599090576172
0.010650873184204102
0.013919830322265625
0.011410951614379883
0.013467073440551758
0.010425090789794922
0.010074377059936523
0.010689020156860352
0.011671781539916992
0.007735490798950195
0.009175539016723633
0.011024713516235352
0.010886669158935547
0.010771751403808594
0.01605844497680664
0.014639616012573242
0.015080690383911133
0.023942947387695312
0.020215272903442383
0.014610528945922852
0.014137506484985352
0.014266729354858398
0.010814905166625977
0.013973474502563477
