0.0017156600952148438
0.006000995635986328
0.0032415390014648438
0.0009672641754150391
0.008001565933227539
0.001710653305053711
0.020392894744873047
0.009939908981323242
0.009783744812011719
0.005198240280151367
0.0010859966278076172
0.0029103755950927734
0.0046176910400390625
0.011152267456054688
0.008109092712402344
0.0005855560302734375
0.0024650096893310547
0.004486083984375
0.0028769969940185547
0.002668619155883789
0.0037679672241210938
0.013241052627563477
0.015062332153320312
0.004587650299072266
0.010334491729736328
0.003946781158447266
0.0020492076873779297
0.0059871673583984375
0.01800847053527832
0.004452228546142578
0.012923002243041992
0.00445556640625
0.009093284606933594
0.007970571517944336
0.003450632095336914
0.002354860305786133
0.005682229995727539
0.001617431640625
0.0160367488861084
0.011674165725708008
0.0024254322052001953
0.010068178176879883
0.008808135986328125
0.003442525863647461
0.001989126205444336
0.002161741256713867
0.0011553764343261719
0.0006158351898193359
0.009847640991210938
0.011155366897583008
