0.024961471557617188
0.032309770584106445
0.02621746063232422
0.02581191062927246
0.028168439865112305
0.019471406936645508
0.029227256774902344
0.0244295597076416
0.02473306655883789
0.031801462173461914
0.03383898735046387
0.0269622802734375
0.02500152587890625
0.026369094848632812
0.027396440505981445
0.035837411880493164
0.02936387062072754
0.025952816009521484
0.03874039649963379
0.02793264389038086
0.029236316680908203
0.029845714569091797
0.0316007137298584
0.037659645080566406
0.03038334846496582
0.030101299285888672
0.028810739517211914
0.025361299514770508
0.027849912643432617
0.0260012149810791
0.02353644371032715
0.025296449661254883
0.02701115608215332
0.02891397476196289
0.027254104614257812
0.02769017219543457
0.033510446548461914
0.02633047103881836
0.02900075912475586
0.03143906593322754
0.02969217300415039
0.026825428009033203
0.03408312797546387
0.03489089012145996
0.030440092086791992
0.02651810646057129
0.031225919723510742
0.026050329208374023
0.03185534477233887
0.026569366455078125
