6.437301635742188e-05
8.20159912109375e-05
0.0003483295440673828
0.000396728515625
0.00010848045349121094
0.0001327991485595703
0.0002803802490234375
8.058547973632812e-05
0.00015592575073242188
0.00048661231994628906
0.00029730796813964844
0.0004000663757324219
0.00034236907958984375
7.128715515136719e-05
0.00030231475830078125
8.869171142578125e-05
0.00011777877807617188
0.00024509429931640625
0.0003795623779296875
0.00046372413635253906
0.00013685226440429688
0.00010061264038085938
0.0003178119659423828
8.988380432128906e-05
0.00012874603271484375
0.00028252601623535156
7.128715515136719e-05
0.0002129077911376953
0.0004088878631591797
0.0004012584686279297
0.00031566619873046875
0.00025534629821777344
0.00019598007202148438
0.000213623046875
0.000476837158203125
0.0003075599670410156
0.0002598762512207031
0.00023031234741210938
0.00016927719116210938
0.00014448165893554688
0.0003542900085449219
0.000286102294921875
0.00042557716369628906
0.00018835067749023438
0.0003445148468017578
0.00011944770812988281
0.0003032684326171875
0.00027108192443847656
0.00028014183044433594
0.00040149688720703125
