4.7206878662109375e-05
2.47955322265625e-05
1.8596649169921875e-05
2.0265579223632812e-05
1.8835067749023438e-05
2.0742416381835938e-05
1.9073486328125e-05
1.71661376953125e-05
1.621246337890625e-05
1.621246337890625e-05
2.3126602172851562e-05
1.7881393432617188e-05
1.6689300537109375e-05
1.7881393432617188e-05
1.6927719116210938e-05
1.6927719116210938e-05
1.6689300537109375e-05
1.6689300537109375e-05
1.6927719116210938e-05
1.6927719116210938e-05
2.0503997802734375e-05
1.6450881958007812e-05
1.6689300537109375e-05
1.6927719116210938e-05
1.6689300537109375e-05
1.6689300537109375e-05
1.621246337890625e-05
1.6689300537109375e-05
1.71661376953125e-05
1.6450881958007812e-05
1.7404556274414062e-05
2.288818359375e-05
1.71661376953125e-05
1.6927719116210938e-05
1.7881393432617188e-05
1.6450881958007812e-05
1.6927719116210938e-05
1.71661376953125e-05
1.71661376953125e-05
1.71661376953125e-05
1.8835067749023438e-05
1.7404556274414062e-05
1.7404556274414062e-05
1.6927719116210938e-05
1.6450881958007812e-05
1.71661376953125e-05
1.5974044799804688e-05
1.621246337890625e-05
1.621246337890625e-05
1.6689300537109375e-05
1.7881393432617188e-05
1.6450881958007812e-05
1.6450881958007812e-05
1.6927719116210938e-05
1.6450881958007812e-05
1.6450881958007812e-05
1.621246337890625e-05
1.621246337890625e-05
1.6927719116210938e-05
1.5974044799804688e-05
1.6927719116210938e-05
1.621246337890625e-05
1.6450881958007812e-05
1.621246337890625e-05
1.621246337890625e-05
1.621246337890625e-05
1.5974044799804688e-05
1.621246337890625e-05
1.5974044799804688e-05
1.621246337890625e-05
1.6927719116210938e-05
1.621246337890625e-05
1.621246337890625e-05
1.6450881958007812e-05
1.6450881958007812e-05
1.621246337890625e-05
1.5497207641601562e-05
1.621246337890625e-05
1.5735626220703125e-05
1.621246337890625e-05
1.7404556274414062e-05
1.5974044799804688e-05
1.621246337890625e-05
1.5735626220703125e-05
1.5735626220703125e-05
1.5974044799804688e-05
1.5974044799804688e-05
1.5735626220703125e-05
1.5735626220703125e-05
1.5974044799804688e-05
1.6927719116210938e-05
1.621246337890625e-05
1.5974044799804688e-05
1.6450881958007812e-05
1.5735626220703125e-05
1.5974044799804688e-05
1.5735626220703125e-05
1.5974044799804688e-05
1.5974044799804688e-05
1.5735626220703125e-05
