3.933906555175781e-05
3.4332275390625e-05
3.266334533691406e-05
3.266334533691406e-05
3.266334533691406e-05
3.24249267578125e-05
3.24249267578125e-05
3.218650817871094e-05
3.1948089599609375e-05
3.1948089599609375e-05
8.0108642578125e-05
3.24249267578125e-05
3.1948089599609375e-05
3.1948089599609375e-05
3.1948089599609375e-05
3.1948089599609375e-05
3.170967102050781e-05
3.170967102050781e-05
3.170967102050781e-05
3.170967102050781e-05
3.361701965332031e-05
3.1948089599609375e-05
3.1948089599609375e-05
3.170967102050781e-05
3.1948089599609375e-05
3.1948089599609375e-05
3.218650817871094e-05
3.1948089599609375e-05
3.218650817871094e-05
3.218650817871094e-05
3.337860107421875e-05
3.1948089599609375e-05
3.170967102050781e-05
3.218650817871094e-05
3.1948089599609375e-05
3.170967102050781e-05
3.1948089599609375e-05
3.218650817871094e-05
3.170967102050781e-05
3.170967102050781e-05
4.601478576660156e-05
3.218650817871094e-05
3.218650817871094e-05
3.218650817871094e-05
3.266334533691406e-05
3.1948089599609375e-05
3.218650817871094e-05
3.170967102050781e-05
3.1948089599609375e-05
3.170967102050781e-05
4.6253204345703125e-05
3.1948089599609375e-05
3.218650817871094e-05
3.1948089599609375e-05
3.1948089599609375e-05
3.1948089599609375e-05
3.170967102050781e-05
3.170967102050781e-05
3.170967102050781e-05
3.170967102050781e-05
4.553794860839844e-05
3.170967102050781e-05
5.078315734863281e-05
6.628036499023438e-05
6.818771362304688e-05
4.887580871582031e-05
7.033348083496094e-05
5.221366882324219e-05
4.839897155761719e-05
3.457069396972656e-05
3.647804260253906e-05
3.4332275390625e-05
3.4809112548828125e-05
3.409385681152344e-05
7.939338684082031e-05
3.4809112548828125e-05
3.4332275390625e-05
3.4332275390625e-05
4.887580871582031e-05
4.863739013671875e-05
8.940696716308594e-05
3.552436828613281e-05
3.4809112548828125e-05
3.24249267578125e-05
3.147125244140625e-05
3.218650817871094e-05
3.1948089599609375e-05
3.170967102050781e-05
3.1948089599609375e-05
5.221366882324219e-05
4.696846008300781e-05
3.24249267578125e-05
3.1948089599609375e-05
5.984306335449219e-05
3.170967102050781e-05
3.1948089599609375e-05
3.218650817871094e-05
3.170967102050781e-05
3.170967102050781e-05
3.1948089599609375e-05
