3.7670135498046875e-05
3.2901763916015625e-05
3.170967102050781e-05
3.123283386230469e-05
3.075599670410156e-05
3.0994415283203125e-05
3.075599670410156e-05
3.0279159545898438e-05
3.075599670410156e-05
3.0279159545898438e-05
3.266334533691406e-05
3.0994415283203125e-05
3.0994415283203125e-05
3.0517578125e-05
3.0517578125e-05
8.440017700195312e-05
3.0517578125e-05
2.9802322387695312e-05
3.0517578125e-05
3.0279159545898438e-05
3.170967102050781e-05
3.0040740966796875e-05
3.0279159545898438e-05
2.9802322387695312e-05
3.0517578125e-05
3.0040740966796875e-05
3.0040740966796875e-05
3.0279159545898438e-05
3.0279159545898438e-05
3.0517578125e-05
3.1948089599609375e-05
3.0517578125e-05
3.0279159545898438e-05
3.0040740966796875e-05
3.0279159545898438e-05
3.0040740966796875e-05
2.9802322387695312e-05
3.0279159545898438e-05
2.9802322387695312e-05
2.956390380859375e-05
3.123283386230469e-05
3.075599670410156e-05
3.0279159545898438e-05
3.0279159545898438e-05
2.9802322387695312e-05
3.0040740966796875e-05
3.0040740966796875e-05
3.0040740966796875e-05
2.9802322387695312e-05
2.956390380859375e-05
3.0994415283203125e-05
3.0040740966796875e-05
3.0040740966796875e-05
3.0279159545898438e-05
2.9802322387695312e-05
3.0279159545898438e-05
3.0040740966796875e-05
2.9802322387695312e-05
3.0040740966796875e-05
3.0279159545898438e-05
3.147125244140625e-05
3.0279159545898438e-05
3.0040740966796875e-05
3.0517578125e-05
4.696846008300781e-05
4.839897155761719e-05
4.458427429199219e-05
6.771087646484375e-05
3.123283386230469e-05
3.0517578125e-05
3.147125244140625e-05
3.0994415283203125e-05
3.123283386230469e-05
3.24249267578125e-05
3.0279159545898438e-05
3.0517578125e-05
3.0517578125e-05
3.0994415283203125e-05
3.0279159545898438e-05
3.0279159545898438e-05
5.0067901611328125e-05
4.6253204345703125e-05
5.173683166503906e-05
8.58306884765625e-05
3.0279159545898438e-05
3.0279159545898438e-05
3.0040740966796875e-05
3.0040740966796875e-05
2.9802322387695312e-05
3.0279159545898438e-05
3.1948089599609375e-05
3.0517578125e-05
3.0279159545898438e-05
2.9802322387695312e-05
3.0279159545898438e-05
2.9802322387695312e-05
3.0279159545898438e-05
3.0279159545898438e-05
3.0279159545898438e-05
2.956390380859375e-05
