2.765655517578125e-05
2.1457672119140625e-05
2.0503997802734375e-05
1.9550323486328125e-05
1.9788742065429688e-05
1.9550323486328125e-05
1.9311904907226562e-05
1.9550323486328125e-05
1.9311904907226562e-05
1.9788742065429688e-05
2.1219253540039062e-05
1.9788742065429688e-05
1.9311904907226562e-05
1.9311904907226562e-05
1.9550323486328125e-05
1.8835067749023438e-05
1.9550323486328125e-05
1.9073486328125e-05
1.9550323486328125e-05
1.9073486328125e-05
2.0742416381835938e-05
1.9550323486328125e-05
1.9311904907226562e-05
1.9311904907226562e-05
1.9550323486328125e-05
1.9073486328125e-05
1.9550323486328125e-05
1.9550323486328125e-05
1.9073486328125e-05
1.9073486328125e-05
2.0503997802734375e-05
1.9311904907226562e-05
1.9311904907226562e-05
1.9311904907226562e-05
1.9311904907226562e-05
1.9550323486328125e-05
1.9311904907226562e-05
1.9550323486328125e-05
1.9073486328125e-05
1.9550323486328125e-05
2.0265579223632812e-05
1.9311904907226562e-05
1.9550323486328125e-05
1.9073486328125e-05
1.9550323486328125e-05
1.9311904907226562e-05
1.9550323486328125e-05
1.9311904907226562e-05
1.9311904907226562e-05
1.9311904907226562e-05
2.0503997802734375e-05
2.0265579223632812e-05
1.9311904907226562e-05
1.9311904907226562e-05
1.9311904907226562e-05
1.9311904907226562e-05
1.9073486328125e-05
1.9073486328125e-05
1.9311904907226562e-05
1.9550323486328125e-05
2.0503997802734375e-05
1.9550323486328125e-05
1.9788742065429688e-05
1.9788742065429688e-05
1.9311904907226562e-05
1.9550323486328125e-05
1.9788742065429688e-05
1.9550323486328125e-05
1.9311904907226562e-05
1.9311904907226562e-05
2.6464462280273438e-05
4.9114227294921875e-05
1.9073486328125e-05
1.9550323486328125e-05
1.9073486328125e-05
1.8835067749023438e-05
1.9311904907226562e-05
1.9311904907226562e-05
1.9311904907226562e-05
1.9073486328125e-05
2.0742416381835938e-05
1.9550323486328125e-05
1.9311904907226562e-05
1.9311904907226562e-05
1.9311904907226562e-05
1.9311904907226562e-05
1.9550323486328125e-05
1.9073486328125e-05
1.9311904907226562e-05
1.9311904907226562e-05
2.0503997802734375e-05
1.9788742065429688e-05
1.9311904907226562e-05
1.9550323486328125e-05
1.9550323486328125e-05
1.9073486328125e-05
1.9073486328125e-05
1.9550323486328125e-05
1.9073486328125e-05
1.9550323486328125e-05
