2.4080276489257812e-05
5.9604644775390625e-06
4.76837158203125e-06
4.76837158203125e-06
4.5299530029296875e-06
4.5299530029296875e-06
4.0531158447265625e-06
4.291534423828125e-06
4.291534423828125e-06
4.0531158447265625e-06
4.76837158203125e-06
4.0531158447265625e-06
4.0531158447265625e-06
4.0531158447265625e-06
4.5299530029296875e-06
4.0531158447265625e-06
4.0531158447265625e-06
3.814697265625e-06
4.0531158447265625e-06
4.291534423828125e-06
4.5299530029296875e-06
4.291534423828125e-06
3.814697265625e-06
4.0531158447265625e-06
4.0531158447265625e-06
4.0531158447265625e-06
3.814697265625e-06
4.291534423828125e-06
4.0531158447265625e-06
4.5299530029296875e-06
4.5299530029296875e-06
9.059906005859375e-06
4.0531158447265625e-06
4.0531158447265625e-06
4.0531158447265625e-06
4.5299530029296875e-06
4.0531158447265625e-06
4.0531158447265625e-06
4.5299530029296875e-06
4.291534423828125e-06
5.0067901611328125e-06
4.291534423828125e-06
4.291534423828125e-06
4.0531158447265625e-06
4.0531158447265625e-06
4.0531158447265625e-06
4.291534423828125e-06
4.291534423828125e-06
4.0531158447265625e-06
4.0531158447265625e-06
4.5299530029296875e-06
4.0531158447265625e-06
4.0531158447265625e-06
4.5299530029296875e-06
4.0531158447265625e-06
4.0531158447265625e-06
4.0531158447265625e-06
4.291534423828125e-06
4.0531158447265625e-06
4.291534423828125e-06
4.5299530029296875e-06
4.291534423828125e-06
4.0531158447265625e-06
4.5299530029296875e-06
4.0531158447265625e-06
3.814697265625e-06
4.0531158447265625e-06
4.0531158447265625e-06
4.0531158447265625e-06
4.291534423828125e-06
4.5299530029296875e-06
3.814697265625e-06
4.0531158447265625e-06
4.0531158447265625e-06
4.0531158447265625e-06
3.814697265625e-06
3.814697265625e-06
4.0531158447265625e-06
3.814697265625e-06
3.814697265625e-06
4.291534423828125e-06
4.291534423828125e-06
4.0531158447265625e-06
4.0531158447265625e-06
3.814697265625e-06
3.814697265625e-06
3.814697265625e-06
4.0531158447265625e-06
4.0531158447265625e-06
3.814697265625e-06
4.5299530029296875e-06
3.814697265625e-06
3.814697265625e-06
4.0531158447265625e-06
4.76837158203125e-06
3.814697265625e-06
3.814697265625e-06
4.0531158447265625e-06
4.0531158447265625e-06
3.814697265625e-06
