0.0001571178436279297
0.0002620220184326172
0.0004439353942871094
0.00044727325439453125
0.00018310546875
0.0005972385406494141
0.0006361007690429688
0.0003635883331298828
0.0001881122589111328
0.003309488296508789
0.000347137451171875
0.0006022453308105469
0.0005800724029541016
0.001631021499633789
0.0002694129943847656
0.00014328956604003906
0.0002720355987548828
0.0007472038269042969
0.00035881996154785156
0.00043845176696777344
0.0003600120544433594
0.0004520416259765625
0.0004382133483886719
0.0003764629364013672
0.0002486705780029297
0.0002455711364746094
0.0005013942718505859
0.0007262229919433594
0.000152587890625
0.0004112720489501953
0.0008008480072021484
0.0031740665435791016
0.00017213821411132812
0.0006525516510009766
0.0007398128509521484
0.0001480579376220703
0.0007216930389404297
0.0006847381591796875
0.00047898292541503906
0.000339508056640625
0.0005347728729248047
0.000457763671875
0.0007600784301757812
0.0005965232849121094
0.0003056526184082031
9.34600830078125e-05
0.0002446174621582031
0.0005471706390380859
0.0005826950073242188
0.00039768218994140625
0.00036334991455078125
0.0013735294342041016
0.0006878376007080078
0.0011322498321533203
0.0002739429473876953
0.00035452842712402344
0.00015926361083984375
0.0003514289855957031
0.0012068748474121094
0.0011799335479736328
0.0002181529998779297
0.0007534027099609375
0.0006735324859619141
0.00022912025451660156
0.0013451576232910156
0.00024080276489257812
0.0003407001495361328
0.00025725364685058594
0.0003020763397216797
0.0001800060272216797
0.0009839534759521484
0.00041604042053222656
0.0005478858947753906
0.0006003379821777344
0.0008091926574707031
0.00026607513427734375
0.0007224082946777344
0.0002593994140625
0.0029840469360351562
0.0005190372467041016
0.0005593299865722656
0.000225067138671875
7.009506225585938e-05
0.0002646446228027344
0.0008432865142822266
0.0004985332489013672
0.0006546974182128906
0.0011124610900878906
0.0001308917999267578
0.001123666763305664
0.00045037269592285156
0.0002257823944091797
0.0005502700805664062
0.00013899803161621094
0.0008139610290527344
0.0005488395690917969
0.0005648136138916016
0.0002002716064453125
0.0013599395751953125
0.0009565353393554688
