2.5033950805664062e-05
7.009506225585938e-05
3.170967102050781e-05
2.0265579223632812e-05
8.0108642578125e-05
5.078315734863281e-05
7.62939453125e-05
4.863739013671875e-05
5.269050598144531e-05
5.340576171875e-05
4.935264587402344e-05
3.910064697265625e-05
8.392333984375e-05
3.743171691894531e-05
2.193450927734375e-05
2.4318695068359375e-05
3.695487976074219e-05
2.0265579223632812e-05
8.225440979003906e-05
8.7738037109375e-05
2.3365020751953125e-05
4.8160552978515625e-05
2.956390380859375e-05
2.1696090698242188e-05
5.2928924560546875e-05
4.8160552978515625e-05
5.984306335449219e-05
3.719329833984375e-05
3.981590270996094e-05
5.0067901611328125e-05
1.8358230590820312e-05
4.601478576660156e-05
4.601478576660156e-05
3.647804260253906e-05
3.933906555175781e-05
2.193450927734375e-05
6.890296936035156e-05
4.172325134277344e-05
2.956390380859375e-05
4.410743713378906e-05
7.534027099609375e-05
3.886222839355469e-05
0.00010228157043457031
2.956390380859375e-05
4.7206878662109375e-05
4.029273986816406e-05
5.459785461425781e-05
7.462501525878906e-05
1.4543533325195312e-05
3.528594970703125e-05
6.222724914550781e-05
2.6702880859375e-05
6.818771362304688e-05
5.054473876953125e-05
4.601478576660156e-05
9.965896606445312e-05
3.695487976074219e-05
4.887580871582031e-05
6.175041198730469e-05
5.14984130859375e-05
3.170967102050781e-05
7.843971252441406e-05
1.8358230590820312e-05
8.153915405273438e-05
7.43865966796875e-05
4.315376281738281e-05
5.841255187988281e-05
6.031990051269531e-05
5.1975250244140625e-05
6.794929504394531e-05
3.266334533691406e-05
1.8596649169921875e-05
7.390975952148438e-05
3.7670135498046875e-05
2.574920654296875e-05
8.797645568847656e-05
7.700920104980469e-05
4.3392181396484375e-05
2.2172927856445312e-05
4.792213439941406e-05
0.00012731552124023438
5.8650970458984375e-05
4.935264587402344e-05
3.123283386230469e-05
9.34600830078125e-05
2.956390380859375e-05
3.123283386230469e-05
3.170967102050781e-05
5.316734313964844e-05
8.296966552734375e-05
4.3392181396484375e-05
3.647804260253906e-05
4.076957702636719e-05
3.170967102050781e-05
9.465217590332031e-05
4.3392181396484375e-05
4.982948303222656e-05
3.075599670410156e-05
3.2901763916015625e-05
3.838539123535156e-05
