0.03307771682739258
0.04072308540344238
0.050148963928222656
0.04467010498046875
0.03607487678527832
0.03905177116394043
0.049741268157958984
0.0412442684173584
0.044869184494018555
0.04555988311767578
0.04383707046508789
0.03925466537475586
0.049669742584228516
0.04372525215148926
0.04028201103210449
0.04852628707885742
0.043302059173583984
0.05385708808898926
0.04772210121154785
0.04567575454711914
0.049469709396362305
0.04056143760681152
0.04432821273803711
0.04844093322753906
0.05131053924560547
0.04067039489746094
0.040457725524902344
0.04192161560058594
0.040456295013427734
0.04816603660583496
0.0407099723815918
0.03918862342834473
0.0343780517578125
0.040261268615722656
0.03513669967651367
0.04798483848571777
0.04551267623901367
0.03468823432922363
0.04260396957397461
0.0372929573059082
0.03769803047180176
0.044489145278930664
0.05148720741271973
0.04794907569885254
0.030187129974365234
0.0453336238861084
0.043256521224975586
0.03137707710266113
0.04432272911071777
0.04422950744628906
0.04997682571411133
0.030796051025390625
0.04613971710205078
0.04201006889343262
0.04654383659362793
0.047591447830200195
0.04640483856201172
0.040149688720703125
0.032776832580566406
0.03503823280334473
0.04261064529418945
0.03746938705444336
0.036943912506103516
0.04768180847167969
0.03525567054748535
0.04330849647521973
0.05096554756164551
0.04288935661315918
0.040232181549072266
0.03185606002807617
0.04468560218811035
0.04388093948364258
0.04732632637023926
0.05399894714355469
0.034337520599365234
0.044309377670288086
0.04127955436706543
0.050420522689819336
0.0476841926574707
0.03704833984375
0.03276848793029785
0.0389404296875
0.04361605644226074
0.04029273986816406
0.03863406181335449
0.03863167762756348
0.04166412353515625
0.03517746925354004
0.038384199142456055
0.0396273136138916
0.03725123405456543
0.04545116424560547
0.04151749610900879
0.04235267639160156
0.036684274673461914
0.040390968322753906
0.043884992599487305
0.04580211639404297
0.0465395450592041
0.050158023834228516
