4.00543212890625e-05
3.409385681152344e-05
3.266334533691406e-05
3.218650817871094e-05
3.24249267578125e-05
3.218650817871094e-05
3.147125244140625e-05
3.170967102050781e-05
3.170967102050781e-05
3.147125244140625e-05
3.314018249511719e-05
3.218650817871094e-05
6.175041198730469e-05
3.218650817871094e-05
3.147125244140625e-05
3.170967102050781e-05
3.170967102050781e-05
3.147125244140625e-05
3.147125244140625e-05
3.170967102050781e-05
3.314018249511719e-05
3.218650817871094e-05
3.1948089599609375e-05
3.1948089599609375e-05
3.170967102050781e-05
3.147125244140625e-05
3.170967102050781e-05
3.147125244140625e-05
3.0994415283203125e-05
3.0994415283203125e-05
3.266334533691406e-05
3.147125244140625e-05
3.170967102050781e-05
3.170967102050781e-05
3.147125244140625e-05
3.147125244140625e-05
3.123283386230469e-05
3.147125244140625e-05
3.147125244140625e-05
3.170967102050781e-05
3.266334533691406e-05
3.218650817871094e-05
3.170967102050781e-05
3.147125244140625e-05
3.170967102050781e-05
3.170967102050781e-05
3.147125244140625e-05
3.147125244140625e-05
3.123283386230469e-05
3.170967102050781e-05
3.314018249511719e-05
3.170967102050781e-05
3.123283386230469e-05
3.123283386230469e-05
3.170967102050781e-05
3.170967102050781e-05
3.1948089599609375e-05
3.123283386230469e-05
3.170967102050781e-05
3.170967102050781e-05
3.337860107421875e-05
3.1948089599609375e-05
3.170967102050781e-05
3.147125244140625e-05
3.170967102050781e-05
3.1948089599609375e-05
3.123283386230469e-05
3.123283386230469e-05
3.170967102050781e-05
3.147125244140625e-05
3.314018249511719e-05
3.170967102050781e-05
3.147125244140625e-05
3.147125244140625e-05
3.218650817871094e-05
3.147125244140625e-05
3.170967102050781e-05
3.0994415283203125e-05
3.170967102050781e-05
3.170967102050781e-05
3.314018249511719e-05
3.170967102050781e-05
3.266334533691406e-05
3.218650817871094e-05
3.8623809814453125e-05
4.8160552978515625e-05
3.147125244140625e-05
3.170967102050781e-05
3.123283386230469e-05
3.147125244140625e-05
3.2901763916015625e-05
3.1948089599609375e-05
3.218650817871094e-05
3.1948089599609375e-05
3.170967102050781e-05
3.147125244140625e-05
3.147125244140625e-05
3.170967102050781e-05
3.170967102050781e-05
3.147125244140625e-05
