3.266334533691406e-05
2.86102294921875e-05
2.7418136596679688e-05
2.6941299438476562e-05
2.6702880859375e-05
2.6702880859375e-05
2.6464462280273438e-05
2.6464462280273438e-05
2.6226043701171875e-05
2.6226043701171875e-05
2.7894973754882812e-05
2.6702880859375e-05
2.6702880859375e-05
2.6464462280273438e-05
2.6464462280273438e-05
2.5987625122070312e-05
2.6226043701171875e-05
2.5987625122070312e-05
2.5987625122070312e-05
2.6702880859375e-05
2.765655517578125e-05
2.6702880859375e-05
2.6464462280273438e-05
2.6464462280273438e-05
2.6226043701171875e-05
2.6702880859375e-05
2.6464462280273438e-05
2.6226043701171875e-05
2.5987625122070312e-05
2.5987625122070312e-05
2.6941299438476562e-05
2.6464462280273438e-05
2.6702880859375e-05
2.6226043701171875e-05
2.6464462280273438e-05
3.1948089599609375e-05
2.8371810913085938e-05
4.029273986816406e-05
2.6226043701171875e-05
2.6464462280273438e-05
2.7418136596679688e-05
2.6702880859375e-05
2.6226043701171875e-05
2.6226043701171875e-05
2.6464462280273438e-05
2.6226043701171875e-05
2.6464462280273438e-05
2.6464462280273438e-05
2.5987625122070312e-05
2.6464462280273438e-05
2.7418136596679688e-05
2.6226043701171875e-05
2.6464462280273438e-05
2.6464462280273438e-05
2.5987625122070312e-05
2.6226043701171875e-05
2.6226043701171875e-05
2.5987625122070312e-05
2.5987625122070312e-05
2.6464462280273438e-05
2.7179718017578125e-05
2.6464462280273438e-05
3.814697265625e-05
2.4557113647460938e-05
2.47955322265625e-05
2.4318695068359375e-05
2.4557113647460938e-05
2.4318695068359375e-05
2.4557113647460938e-05
2.4080276489257812e-05
3.8623809814453125e-05
2.5033950805664062e-05
2.47955322265625e-05
2.47955322265625e-05
2.47955322265625e-05
2.47955322265625e-05
2.4557113647460938e-05
2.4318695068359375e-05
2.5033950805664062e-05
2.4557113647460938e-05
2.5510787963867188e-05
2.47955322265625e-05
2.4557113647460938e-05
2.4557113647460938e-05
2.47955322265625e-05
2.4318695068359375e-05
2.47955322265625e-05
2.5033950805664062e-05
2.47955322265625e-05
2.47955322265625e-05
3.8623809814453125e-05
2.47955322265625e-05
2.5033950805664062e-05
2.5033950805664062e-05
2.4557113647460938e-05
2.4557113647460938e-05
2.47955322265625e-05
2.47955322265625e-05
2.4557113647460938e-05
2.4318695068359375e-05
