0.0009827613830566406
0.0011990070343017578
0.004486083984375
0.0024650096893310547
0.0006773471832275391
0.0015823841094970703
0.0003554821014404297
0.0020084381103515625
0.0005769729614257812
0.008459806442260742
0.003306865692138672
0.0010104179382324219
0.0011105537414550781
0.0007836818695068359
0.0014486312866210938
0.009099483489990234
0.0006945133209228516
0.0032660961151123047
0.0014657974243164062
0.0018095970153808594
0.0015075206756591797
0.001470327377319336
0.0029349327087402344
0.0164337158203125
0.0011374950408935547
0.003181934356689453
0.001683950424194336
0.0030927658081054688
0.004454612731933594
0.0006842613220214844
0.001947164535522461
0.0007150173187255859
0.002155780792236328
0.0014200210571289062
0.0018236637115478516
0.0032618045806884766
0.0043125152587890625
0.003866434097290039
0.0035924911499023438
0.0011103153228759766
0.0027010440826416016
0.0015003681182861328
0.0022211074829101562
0.006927490234375
0.0016779899597167969
0.003056049346923828
0.0007138252258300781
0.00081634521484375
0.010756492614746094
0.0008471012115478516
0.0069122314453125
0.0011332035064697266
0.0009090900421142578
0.0024700164794921875
0.0024671554565429688
0.0007588863372802734
0.01810455322265625
0.0037539005279541016
0.004297971725463867
0.0015673637390136719
0.004839181900024414
0.0034532546997070312
0.005968809127807617
0.005842447280883789
0.0013935565948486328
0.0036039352416992188
0.00490880012512207
0.001798868179321289
0.003820657730102539
0.0009987354278564453
0.0012972354888916016
0.0034227371215820312
0.0017359256744384766
0.001466512680053711
0.0017440319061279297
0.0005893707275390625
0.0014858245849609375
0.0034177303314208984
0.0014240741729736328
0.00046253204345703125
0.005957841873168945
0.0017046928405761719
0.005360603332519531
0.002453327178955078
0.0052449703216552734
0.0006487369537353516
0.0034945011138916016
0.0015397071838378906
0.0063364505767822266
0.006640911102294922
0.001962900161743164
0.004198789596557617
0.0053365230560302734
0.0008487701416015625
0.005751848220825195
0.0022382736206054688
0.0011341571807861328
0.0010828971862792969
0.007386922836303711
0.0021140575408935547
