3.4809112548828125e-05
2.574920654296875e-05
2.4318695068359375e-05
2.47955322265625e-05
4.982948303222656e-05
3.6716461181640625e-05
2.47955322265625e-05
2.3365020751953125e-05
3.719329833984375e-05
2.2649765014648438e-05
3.7670135498046875e-05
2.193450927734375e-05
2.193450927734375e-05
2.193450927734375e-05
2.2411346435546875e-05
2.193450927734375e-05
2.2172927856445312e-05
2.193450927734375e-05
2.1219253540039062e-05
2.1457672119140625e-05
2.288818359375e-05
2.1696090698242188e-05
2.2172927856445312e-05
2.1696090698242188e-05
2.1696090698242188e-05
2.1696090698242188e-05
2.1696090698242188e-05
3.600120544433594e-05
2.1696090698242188e-05
2.193450927734375e-05
2.288818359375e-05
2.2411346435546875e-05
2.1696090698242188e-05
2.193450927734375e-05
2.193450927734375e-05
2.193450927734375e-05
2.193450927734375e-05
2.2411346435546875e-05
2.2172927856445312e-05
2.1696090698242188e-05
2.3126602172851562e-05
2.2649765014648438e-05
2.1457672119140625e-05
2.193450927734375e-05
2.1696090698242188e-05
2.2172927856445312e-05
2.1696090698242188e-05
2.2172927856445312e-05
2.1696090698242188e-05
2.193450927734375e-05
2.288818359375e-05
2.2172927856445312e-05
2.1696090698242188e-05
2.1696090698242188e-05
2.1457672119140625e-05
2.1696090698242188e-05
2.2649765014648438e-05
2.2411346435546875e-05
2.2172927856445312e-05
2.1457672119140625e-05
2.3126602172851562e-05
2.193450927734375e-05
2.1696090698242188e-05
2.1457672119140625e-05
2.193450927734375e-05
2.1457672119140625e-05
2.193450927734375e-05
2.1696090698242188e-05
2.1457672119140625e-05
2.1696090698242188e-05
2.288818359375e-05
2.2172927856445312e-05
2.193450927734375e-05
2.1696090698242188e-05
2.1696090698242188e-05
2.193450927734375e-05
2.1457672119140625e-05
2.2172927856445312e-05
2.193450927734375e-05
2.1457672119140625e-05
2.3603439331054688e-05
2.2172927856445312e-05
2.2172927856445312e-05
2.1696090698242188e-05
2.2172927856445312e-05
2.1696090698242188e-05
2.1696090698242188e-05
2.1696090698242188e-05
2.1457672119140625e-05
2.1219253540039062e-05
2.288818359375e-05
2.2172927856445312e-05
2.193450927734375e-05
2.2649765014648438e-05
2.193450927734375e-05
2.1696090698242188e-05
2.193450927734375e-05
2.1457672119140625e-05
2.1457672119140625e-05
2.1219253540039062e-05
