0.018120765686035156
0.023761510848999023
0.022763729095458984
0.022815227508544922
0.025253772735595703
0.02324652671813965
0.026430845260620117
0.022215604782104492
0.025318384170532227
0.024039268493652344
0.029865026473999023
0.021066665649414062
0.027270793914794922
0.023303508758544922
0.018094539642333984
0.022607088088989258
0.0243985652923584
0.025084257125854492
0.020974397659301758
0.021655797958374023
0.019838333129882812
0.02362680435180664
0.026499271392822266
0.029726266860961914
0.023015260696411133
0.01879119873046875
0.024105072021484375
0.01951432228088379
0.022601842880249023
0.018435001373291016
0.022457599639892578
0.028464078903198242
0.02807903289794922
0.01726245880126953
0.018447160720825195
0.01884603500366211
0.018912315368652344
0.02423715591430664
0.02524280548095703
0.024033069610595703
0.021038293838500977
0.01564502716064453
0.02046370506286621
0.023351192474365234
0.019814491271972656
0.025211334228515625
0.019677162170410156
0.02185344696044922
0.0246884822845459
0.028307199478149414
0.02569413185119629
0.022962093353271484
0.019419193267822266
0.02324819564819336
0.0229036808013916
0.019733428955078125
0.024071455001831055
0.030454158782958984
0.01842212677001953
0.023249149322509766
0.028316974639892578
0.018446683883666992
0.021558046340942383
0.028024673461914062
0.024403095245361328
0.023337364196777344
0.02118682861328125
0.024905681610107422
0.025653600692749023
0.023358821868896484
0.02146744728088379
0.027811050415039062
0.0173952579498291
0.024388551712036133
0.024883031845092773
0.02276754379272461
0.020498991012573242
0.020380020141601562
0.019220829010009766
0.022262096405029297
0.02029705047607422
0.028720617294311523
0.02731466293334961
0.020041942596435547
0.024805784225463867
0.01895928382873535
0.020184040069580078
0.022872447967529297
0.0238192081451416
0.021933317184448242
0.024339675903320312
0.02235865592956543
0.018691539764404297
0.02419424057006836
0.0211637020111084
0.023772716522216797
0.015865087509155273
0.022292375564575195
0.02049398422241211
0.020186185836791992
