1 40 19333
2 40 24135
3 40 25011
4 40 22706
5 40 22955
6 40 19814
7 40 24737
8 40 24600
9 40 22560
10 40 23522
11 40 26187
12 40 24929
13 40 23470
14 40 22572
15 40 24158
16 40 24682
17 40 22751
18 40 20481
19 40 24346
20 40 21212
21 40 21267
22 40 24560
23 40 24432
24 40 25141
25 40 23736
26 40 25400
27 40 24417
28 40 22775
29 40 21488
30 40 23665
31 40 21975
32 40 23955
33 40 23603
34 40 24883
35 40 23293
36 40 23606
37 40 24971
38 40 18429
39 40 22418
40 40 24375
41 40 23001
42 40 22722
43 40 22733
44 40 24806
45 40 24259
46 40 20729
47 40 25688
48 40 25100
49 40 24841
50 40 26042
51 40 23398
52 40 23048
53 40 22332
54 40 21573
55 40 20143
56 40 24543
57 40 21965
58 40 20593
59 40 24034
60 40 23033
61 40 22886
62 40 24230
63 40 25028
64 40 22408
65 40 22708
66 40 22721
67 40 22369
68 40 21739
69 40 22617
70 40 22140
71 40 20574
72 40 24158
73 40 23358
74 40 23135
75 40 21492
76 40 23012
77 40 24670
78 40 21506
79 40 22175
80 40 22417
81 40 24019
82 40 25328
83 40 24832
84 40 20829
85 40 23538
86 40 23208
87 40 24471
88 40 23738
89 40 18932
90 40 24676
91 40 21632
92 40 23598
93 40 22828
94 40 24701
95 40 23843
96 40 24780
97 40 20360
98 40 25987
99 40 21821
100 40 23082