0.0
0.003536067892503536
0.0008176614881439084
0.0007385524372230429
0.0
0.0
0.0
0.013357079252003561
0.0
0.0
0.0
0.0
0.0014124293785310734
0.0
0.0036133694670280035
0.0
0.0
0.0
0.0
0.0
0.0
0.0
0.0007002801120448179
0.0
0.0
0.0
0.0036023054755043226
0.0
0.005813953488372093
0.0
0.0
0.0
0.0
0.0
0.0
0.0007961783439490446
0.008841732979664015
0.002803083391730904
0.0030911901081916537
0.0
0.0
0.004250797024442083
0.0
0.0
0.0
0.0
0.0
0.007036747458952306
0.0
0.0
0.002459016393442623
0.0
0.0
0.0
0.0
0.0017937219730941704
0.011303692539562924
0.005428226779252111
0.0027548209366391185
0.0008650519031141869
0.0
0.0
0.008169934640522876
0.009887005649717515
0.0
0.007369196757553427
0.0008291873963515755
0.0
0.0022189349112426036
0.0
0.0
0.012371134020618556
0.0
0.0
0.005068790731354091
0.0
0.005809128630705394
0.0
0.0112
0.0
0.0
0.0030211480362537764
0.0
0.0
0.0
0.0017761989342806395
0.0
0.0
0.008327024981074944
0.0
0.0
0.0
0.0
0.0036845983787767134
0.0007936507936507937
0.0
0.0
0.0
0.007097791798107256
0.0