0.058448076248168945
0.06829309463500977
0.06574773788452148
0.06822013854980469
0.07418084144592285
0.06720256805419922
0.06962966918945312
0.0607151985168457
0.06632041931152344
0.06470060348510742
0.045128822326660156
0.041909217834472656
0.06961631774902344
0.05046677589416504
0.06253838539123535
0.054953575134277344
0.06169533729553223
0.06174468994140625
0.06377100944519043
0.06534433364868164
0.0730133056640625
0.04384040832519531
0.07155418395996094
0.06444478034973145
0.05838513374328613
0.06712532043457031
0.07646775245666504
0.06348562240600586
0.07202482223510742
0.07159590721130371
0.05878400802612305
0.06900382041931152
0.0791788101196289
0.08452105522155762
0.08059525489807129
0.06635212898254395
0.0894632339477539
0.06122112274169922
0.07017326354980469
0.07008838653564453
0.07235503196716309
0.06591343879699707
0.051130056381225586
0.043848276138305664
0.06444287300109863
0.04836702346801758
0.05175638198852539
0.05840301513671875
0.05978798866271973
0.0614771842956543
0.0664675235748291
0.06835579872131348
0.07720494270324707
0.07042884826660156
0.056542158126831055
0.0412294864654541
0.05574488639831543
0.07785820960998535
0.19437932968139648
0.17034530639648438
0.10710525512695312
0.07925271987915039
0.0790250301361084
0.08295559883117676
0.07599878311157227
0.06395673751831055
0.06408047676086426
0.08852124214172363
0.07523393630981445
0.07482147216796875
0.06145834922790527
0.07458615303039551
0.07133698463439941
0.06176638603210449
0.07759833335876465
0.08087277412414551
0.05395317077636719
0.06899762153625488
0.052158355712890625
0.05555605888366699
0.05898857116699219
0.07457923889160156
0.045424699783325195
0.06649303436279297
0.07021307945251465
0.07723021507263184
0.07333803176879883
0.08300423622131348
0.060532569885253906
0.044182777404785156
0.0833427906036377
0.06552267074584961
0.06674933433532715
0.05570340156555176
0.050368547439575195
0.07903265953063965
0.06054067611694336
0.06949567794799805
0.06354355812072754
0.05193305015563965