0.09081244468688965
0.13264060020446777
0.11677074432373047
0.1289823055267334
0.15071439743041992
0.14760327339172363
0.14648056030273438
0.1116170883178711
0.12312674522399902
0.12021541595458984
0.12649965286254883
0.09927773475646973
0.14320659637451172
0.1293647289276123
0.0989232063293457
0.13649487495422363
0.14515376091003418
0.14138007164001465
0.11812829971313477
0.12461233139038086
0.11207175254821777
0.10999202728271484
0.14531850814819336
0.1522846221923828
0.12746000289916992
0.10969996452331543
0.1701068878173828
0.1498878002166748
0.17045807838439941
0.13663029670715332
0.16374421119689941
0.19848036766052246
0.22593092918395996
0.10867619514465332
0.10683655738830566
0.11225056648254395
0.1586775779724121
0.23576879501342773
0.2501790523529053
0.2114567756652832
0.14528703689575195
0.12753796577453613
0.28705310821533203
0.2280900478363037
0.19304394721984863
0.18256878852844238
0.14435434341430664
0.16868925094604492
0.22752761840820312
0.17565464973449707
0.13324570655822754
0.12552857398986816
0.11369061470031738
0.14542913436889648
0.14707183837890625
0.13312625885009766
0.15352082252502441
0.16633844375610352
0.09086799621582031
0.1148686408996582
0.13073372840881348
0.08721590042114258
0.12059521675109863
0.16104483604431152
0.1279301643371582
0.11237120628356934
0.10104918479919434
0.12387776374816895
0.12685561180114746
0.1149146556854248
0.10416674613952637
0.12090039253234863
0.08085441589355469
0.11687278747558594
0.13703465461730957
0.12992215156555176
0.10954904556274414
0.10772013664245605
0.09745573997497559
0.1171274185180664
0.11570906639099121
0.15006089210510254
0.1520678997039795
0.11210131645202637
0.1352841854095459
0.10574054718017578
0.11544156074523926
0.12188577651977539
0.11725068092346191
0.1193084716796875
0.13248515129089355
0.12517738342285156
0.10274934768676758
0.13509583473205566
0.11672282218933105
0.1272296905517578
0.08369994163513184
0.11357593536376953
0.1083674430847168
0.11693429946899414