2.2411346435546875e-05
1.8835067749023438e-05
1.811981201171875e-05
1.7642974853515625e-05
1.7404556274414062e-05
1.7404556274414062e-05
1.7404556274414062e-05
1.7404556274414062e-05
1.71661376953125e-05
1.71661376953125e-05
1.71661376953125e-05
1.71661376953125e-05
1.7642974853515625e-05
1.7642974853515625e-05
1.7404556274414062e-05
1.71661376953125e-05
1.811981201171875e-05
1.7404556274414062e-05
1.7642974853515625e-05
1.7404556274414062e-05
1.7404556274414062e-05
1.71661376953125e-05
1.71661376953125e-05
1.7404556274414062e-05
1.7404556274414062e-05
1.7881393432617188e-05
1.6927719116210938e-05
1.7404556274414062e-05
1.7404556274414062e-05
1.6927719116210938e-05
1.71661376953125e-05
1.71661376953125e-05
1.6927719116210938e-05
1.71661376953125e-05
1.7642974853515625e-05
1.71661376953125e-05
1.6927719116210938e-05
1.71661376953125e-05
1.7404556274414062e-05
1.71661376953125e-05
1.7642974853515625e-05
1.7404556274414062e-05
1.71661376953125e-05
1.7404556274414062e-05
1.6927719116210938e-05
1.7404556274414062e-05
1.7642974853515625e-05
1.71661376953125e-05
1.6927719116210938e-05
1.6927719116210938e-05
1.7404556274414062e-05
1.7404556274414062e-05
1.71661376953125e-05
1.7404556274414062e-05
1.7404556274414062e-05
1.7642974853515625e-05
1.71661376953125e-05
1.811981201171875e-05
1.7404556274414062e-05
1.71661376953125e-05
1.7642974853515625e-05
1.7404556274414062e-05
1.7404556274414062e-05
1.71661376953125e-05
1.7642974853515625e-05
1.7404556274414062e-05
1.7404556274414062e-05
1.7404556274414062e-05
1.71661376953125e-05
1.7642974853515625e-05
1.7642974853515625e-05
3.170967102050781e-05
1.8358230590820312e-05
3.147125244140625e-05
1.811981201171875e-05
1.7881393432617188e-05
3.0040740966796875e-05
1.7404556274414062e-05
1.7881393432617188e-05
1.71661376953125e-05
1.6927719116210938e-05
1.6927719116210938e-05
1.71661376953125e-05
1.6689300537109375e-05
1.71661376953125e-05
1.71661376953125e-05
1.71661376953125e-05
1.6927719116210938e-05
1.6927719116210938e-05
1.6927719116210938e-05
1.6927719116210938e-05
4.506111145019531e-05
1.71661376953125e-05
1.7404556274414062e-05
1.7404556274414062e-05
1.6927719116210938e-05
1.6689300537109375e-05
1.6927719116210938e-05
1.6927719116210938e-05
1.6927719116210938e-05