1.430511474609375e-05
1.049041748046875e-05
9.059906005859375e-06
8.821487426757812e-06
8.821487426757812e-06
8.821487426757812e-06
8.58306884765625e-06
8.58306884765625e-06
8.58306884765625e-06
8.821487426757812e-06
9.059906005859375e-06
8.821487426757812e-06
8.344650268554688e-06
8.344650268554688e-06
8.344650268554688e-06
8.58306884765625e-06
8.344650268554688e-06
2.5033950805664062e-05
8.344650268554688e-06
8.58306884765625e-06
8.344650268554688e-06
8.58306884765625e-06
8.58306884765625e-06
8.58306884765625e-06
8.344650268554688e-06
2.6702880859375e-05
9.059906005859375e-06
8.58306884765625e-06
8.344650268554688e-06
8.821487426757812e-06
2.5272369384765625e-05
2.956390380859375e-05
9.059906005859375e-06
9.5367431640625e-06
8.58306884765625e-06
8.58306884765625e-06
9.059906005859375e-06
8.344650268554688e-06
8.344650268554688e-06
8.58306884765625e-06
8.106231689453125e-06
8.106231689453125e-06
8.344650268554688e-06
7.867813110351562e-06
8.58306884765625e-06
8.106231689453125e-06
8.106231689453125e-06
8.344650268554688e-06
8.821487426757812e-06
8.58306884765625e-06
2.5272369384765625e-05
8.821487426757812e-06
8.821487426757812e-06
2.47955322265625e-05
8.106231689453125e-06
8.344650268554688e-06
8.344650268554688e-06
8.58306884765625e-06
8.58306884765625e-06
8.821487426757812e-06
8.821487426757812e-06
8.821487426757812e-06
9.059906005859375e-06
2.5033950805664062e-05
8.58306884765625e-06
2.9325485229492188e-05
9.298324584960938e-06
8.344650268554688e-06
8.344650268554688e-06
8.106231689453125e-06
8.821487426757812e-06
8.344650268554688e-06
8.58306884765625e-06
8.344650268554688e-06
8.106231689453125e-06
8.106231689453125e-06
8.344650268554688e-06
8.821487426757812e-06
8.344650268554688e-06
8.821487426757812e-06
8.344650268554688e-06
8.821487426757812e-06
8.344650268554688e-06
8.344650268554688e-06
8.344650268554688e-06
8.58306884765625e-06
8.58306884765625e-06
8.821487426757812e-06
9.298324584960938e-06
8.58306884765625e-06
8.344650268554688e-06
8.58306884765625e-06
8.344650268554688e-06
8.821487426757812e-06
8.58306884765625e-06
8.106231689453125e-06
8.344650268554688e-06
8.344650268554688e-06
8.344650268554688e-06
8.106231689453125e-06