4.792213439941406e-05
6.198883056640625e-06
4.76837158203125e-06
5.4836273193359375e-06
4.5299530029296875e-06
5.0067901611328125e-06
4.291534423828125e-06
4.0531158447265625e-06
4.5299530029296875e-06
4.0531158447265625e-06
3.814697265625e-06
4.0531158447265625e-06
3.5762786865234375e-06
4.0531158447265625e-06
3.814697265625e-06
4.0531158447265625e-06
4.0531158447265625e-06
2.193450927734375e-05
4.291534423828125e-06
3.814697265625e-06
3.814697265625e-06
3.814697265625e-06
3.814697265625e-06
4.0531158447265625e-06
3.814697265625e-06
3.814697265625e-06
4.0531158447265625e-06
4.0531158447265625e-06
3.814697265625e-06
4.291534423828125e-06
3.814697265625e-06
3.814697265625e-06
2.47955322265625e-05
4.0531158447265625e-06
3.814697265625e-06
4.0531158447265625e-06
2.47955322265625e-05
3.814697265625e-06
2.193450927734375e-05
4.0531158447265625e-06
3.814697265625e-06
4.0531158447265625e-06
4.0531158447265625e-06
3.814697265625e-06
4.291534423828125e-06
3.814697265625e-06
4.0531158447265625e-06
4.0531158447265625e-06
3.814697265625e-06
3.814697265625e-06
3.814697265625e-06
3.814697265625e-06
4.0531158447265625e-06
4.291534423828125e-06
4.0531158447265625e-06
4.291534423828125e-06
4.291534423828125e-06
3.814697265625e-06
4.0531158447265625e-06
3.814697265625e-06
3.814697265625e-06
4.291534423828125e-06
4.0531158447265625e-06
4.0531158447265625e-06
4.0531158447265625e-06
4.0531158447265625e-06
4.291534423828125e-06
3.814697265625e-06
4.0531158447265625e-06
4.0531158447265625e-06
4.0531158447265625e-06
4.0531158447265625e-06
4.5299530029296875e-06
4.0531158447265625e-06
3.814697265625e-06
3.814697265625e-06
4.0531158447265625e-06
2.47955322265625e-05
2.0742416381835938e-05
4.291534423828125e-06
4.0531158447265625e-06
4.0531158447265625e-06
5.745887756347656e-05
4.0531158447265625e-06
3.814697265625e-06
3.5762786865234375e-06
4.0531158447265625e-06
4.291534423828125e-06
4.0531158447265625e-06
3.814697265625e-06
4.0531158447265625e-06
3.814697265625e-06
4.0531158447265625e-06
4.5299530029296875e-06
3.5762786865234375e-06
3.814697265625e-06
3.5762786865234375e-06
3.814697265625e-06
3.814697265625e-06
3.814697265625e-06