1 37 37535
2 37 15079
3 37 45864
4 37 34410
5 37 36287
6 37 24896
7 37 44786
8 37 17290
9 37 43572
10 37 18541
11 37 41751
12 37 4817
13 37 33830
14 37 50782
15 37 43568
16 37 22096
17 37 42079
18 37 39468
19 37 20539
20 37 34421
21 37 45832
22 37 37114
23 37 46145
24 37 38888
25 37 29184
26 37 28170
27 37 40414
28 37 33584
29 37 40303
30 37 36589
31 37 21005
32 37 28795
33 37 37981
34 37 25174
35 37 38174
36 37 5295
37 37 46135
38 37 43466
39 37 40268
40 37 32806
41 37 11251
42 37 33493
43 37 27120
44 37 20957
45 37 9553
46 37 8715
47 37 48723
48 37 43702
49 37 33398
50 37 44639
51 37 49161
52 37 46664
53 37 33168
54 37 22826
55 37 32115
56 37 27527
57 37 46184
58 37 38291
59 37 36270
60 37 41878
61 37 26254
62 37 38038
63 37 36861
64 37 39631
65 37 32058
66 37 27462
67 37 50363
68 37 48361
69 37 40916
70 37 17025
71 37 39153
72 37 45402
73 37 43972
74 37 8288
75 37 49897
76 37 25896
77 37 40001
78 37 37877
79 37 21437
80 37 20954
81 37 36771
82 37 33748
83 37 19693
84 37 41526
85 37 35776
86 37 32849
87 37 45055
88 37 34321
89 37 7270
90 37 35807
91 37 27480
92 37 28180
93 37 48485
94 37 38860
95 37 26656
96 37 32468
97 37 40318
98 37 28378
99 37 40270
100 37 20511
101 37 13200
102 37 45374
103 37 30410
104 37 44768
105 37 37404
106 37 29053
107 37 15285
108 37 46124
109 37 29994
110 37 13357
111 37 40475
112 37 48557
113 37 46535
114 37 30639
115 37 42112
116 37 44929
117 37 19138
118 37 32948
119 37 39998
120 37 47369
121 37 51135
122 37 41419
123 37 49425
124 37 22117
125 37 21363
126 37 32033
127 37 28428
128 37 38038
129 37 45441
130 37 30642
131 37 24613
132 37 29967
133 37 37622
134 37 36969
135 37 34291
136 37 25797
137 37 44511
138 37 8739
139 37 45665
140 37 10960
141 37 29397
142 37 23343
143 37 24344
144 37 41665
145 37 43143
146 37 39543
147 37 21935
148 37 50482
149 37 36748
150 37 47182
151 37 45453
152 37 38335
153 37 24906
154 37 34463
155 37 40063
156 37 16706
157 37 11156
158 37 18803
159 37 36252
160 37 39135
161 37 44838
162 37 33231
163 37 37372
164 37 43336
165 37 37237
166 37 45612
167 37 31581
168 37 37770
169 37 4191
170 37 44505
171 37 30326
172 37 42408
173 37 34798
174 37 32184
175 37 23933
176 37 20788
177 37 7782
178 37 48752
179 37 49625
180 37 46074
181 37 4117
182 37 23121
183 37 33110
184 37 45430
185 37 37683
186 37 51114
187 37 37943
188 37 42623
189 37 19630
190 37 4533
191 37 38201
192 37 41153
193 37 42504
194 37 45735
195 37 36746
196 37 47354
197 37 40815
198 37 35124
199 37 40081
200 37 43989
201 37 11317
202 37 30696
203 37 31370
204 37 40794
205 37 38759
206 37 47218
207 37 30103
208 37 46601
209 37 41536
210 37 25848
211 37 33803
212 37 50729
213 37 18037
214 37 22664
215 37 51610
216 37 12366
217 37 43433
218 37 18004
219 37 48057
220 37 41058
221 37 15376
222 37 27400
223 37 2276
224 37 31305
225 37 23123
226 37 27567
227 37 42960
228 37 20921
229 37 19496
230 37 15838
231 37 25273
232 37 28764
233 37 27181
234 37 21361
235 37 44817
236 37 24259
237 37 47053
238 37 34596
239 37 44330
240 37 22440
241 37 12651
242 37 39210
243 37 7811
244 37 19758
245 37 44826
246 37 39522
247 37 44761
248 37 39571
249 37 36400
250 37 44082
251 37 22207
252 37 18170
253 37 17715
254 37 31269
255 37 36524
256 37 14996
257 37 46693
258 37 41209
259 37 38931
260 37 25899
261 37 24105
262 37 29788
263 37 44517
264 37 43264
265 37 32540
266 37 45168
267 37 32418
268 37 38296
269 37 46009
270 37 50025
271 37 40504
272 37 40214
273 37 22643
274 37 51932
275 37 43133
276 37 44244
277 37 31949
278 37 39096
279 37 25306
280 37 37057
281 37 26517
282 37 44457
283 37 29173
284 37 28747
285 37 46559
286 37 42835
287 37 26463
288 37 41910
289 37 47680
290 37 30471
291 37 44103
292 37 43235
293 37 16529
294 37 43349
295 37 35657
296 37 43178
297 37 25307
298 37 34308
299 37 37308
300 37 28158
301 37 40703
302 37 51865
303 37 44646
304 37 50000
305 37 37631
306 37 30886
307 37 42704
308 37 34018
309 37 32792
310 37 46546
311 37 35549
312 37 25819
313 37 38606
314 37 26451
315 37 48230
316 37 20720
317 37 39793
318 37 45107
319 37 40253
320 37 26291
321 37 13234
322 37 37797
323 37 1633
324 37 24410
325 37 41165
326 37 29887
327 37 40361
328 37 25658
329 37 13655
330 37 18151
331 37 16575
332 37 34793
333 37 29887
334 37 36072
335 37 42444
336 37 34489
337 37 47075
338 37 28896
339 37 7042
340 37 42681
341 37 43315
342 37 47577
343 37 31218
344 37 39851
345 37 1693
346 37 33071
347 37 23731
348 37 39049
349 37 14585
350 37 23142
351 37 46487
352 37 46526
353 37 40685
354 37 42172
355 37 34626
356 37 18309
357 37 9923
358 37 42686
359 37 41496
360 37 32205
361 37 43301
362 37 44591
363 37 41984
364 37 42776
365 37 45431
366 37 19195
367 37 40617
368 37 36470
369 37 45836
370 37 12539
371 37 35129
372 37 46616
373 37 28294
374 37 43137
375 37 47549
376 37 40447
377 37 34880
378 37 20204
379 37 39395
380 37 9473
381 37 32546
382 37 32317
383 37 50802
384 37 29656
385 37 46568
386 37 35962
387 37 37945
388 37 47725
389 37 24363
390 37 18882
391 37 41290
392 37 41377
393 37 4780
394 37 44860
395 37 39700
396 37 49335
397 37 42835
398 37 41708
399 37 24963
400 37 48161
401 37 43081
402 37 57117
403 37 32507
404 37 19187
405 37 17156
406 37 31096
407 37 51935
408 37 38547
409 37 44797
410 37 41980
411 37 18208
412 37 37781
413 37 19858
414 37 46863
415 37 7388
416 37 31106
417 37 12522
418 37 45577
419 37 43142
420 37 39581
421 37 16147
422 37 26379
423 37 38513
424 37 41583
425 37 2918
426 37 29184
427 37 35996
428 37 24224
429 37 31138
430 37 14169
431 37 31468
432 37 23466
433 37 15730
434 37 24886
435 37 44557
436 37 43491
437 37 32407
438 37 37650
439 37 54001
440 37 43461
441 37 29856
442 37 42191
443 37 41509
444 37 37546
445 37 39956
446 37 46492
447 37 20039
448 37 27755
449 37 41284
450 37 32575
451 37 49002
452 37 27525
453 37 39065
454 37 28060
455 37 42732
456 37 49689
457 37 43093
458 37 29579
459 37 26826
460 37 49378
461 37 39582
462 37 31824
463 37 41268
464 37 6856
465 37 34905
466 37 44514
467 37 15120
468 37 35671
469 37 25192
470 37 23358
471 37 18406
472 37 6310
473 37 31758
474 37 34805
475 37 26275
476 37 31819
477 37 35690
478 37 29841
479 37 26353
480 37 14278
481 37 38793
482 37 10580
483 37 36574
484 37 14473
485 37 45408
486 37 45829
487 37 35123
488 37 22868
489 37 42465
490 37 42345
491 37 28557
492 37 50276
493 37 42503
494 37 39400
495 37 44399
496 37 7662
497 37 47913
498 37 50720
499 37 41259
500 37 18458