0.1371607780456543
0.1947336196899414
0.20119953155517578
0.19545626640319824
0.14905905723571777
0.17488384246826172
0.14911723136901855
0.12654995918273926
0.15659332275390625
0.17021870613098145
0.16332411766052246
0.17975878715515137
0.15562152862548828
0.16490721702575684
0.14534735679626465
0.1379408836364746
0.11575055122375488
0.18140530586242676
0.17607378959655762
0.14090394973754883
0.1386106014251709
0.16370248794555664
0.15046381950378418
0.16694331169128418
0.13476014137268066
0.12164950370788574
0.14979076385498047
0.15080785751342773
0.12717986106872559
0.18227791786193848
0.15848135948181152
0.15762639045715332
0.12496423721313477
0.18045806884765625
0.17000174522399902
0.1612720489501953
0.15018987655639648
0.17714619636535645
0.16686534881591797
0.12225008010864258
0.12849879264831543
0.16288208961486816
0.1619555950164795
0.16374754905700684
0.09567999839782715
0.1789252758026123
0.13323307037353516
0.1275784969329834
0.18622469902038574
0.12625384330749512
0.21248340606689453
0.14165973663330078
0.16218209266662598
0.1465435028076172
0.13257050514221191
0.14913415908813477
0.16851520538330078
0.13607358932495117
0.11548757553100586
0.11281538009643555
0.14357757568359375
0.15479040145874023
0.16420292854309082
0.1348261833190918
0.17748379707336426
0.11368465423583984
0.11452913284301758
0.16913580894470215
0.1667177677154541
0.1552894115447998
0.14472746849060059
0.16315865516662598
0.152479887008667
0.12278890609741211
0.1619875431060791
0.14079785346984863
0.13989853858947754
0.18760275840759277
0.16588139533996582
0.15089130401611328
0.13236069679260254
0.17227697372436523
0.1684434413909912
0.16376590728759766
0.13288140296936035
0.15314745903015137
0.12532424926757812
0.11242794990539551
0.13668084144592285
0.17508888244628906
0.16202425956726074
0.15244007110595703
0.17917680740356445
0.1743924617767334
0.14036989212036133
0.15242218971252441
0.15446972846984863
0.14936161041259766
0.21505951881408691
0.16977906227111816