0.17116308212280273
0.28075575828552246
0.2712137699127197
0.2679293155670166
0.21947121620178223
0.2728550434112549
0.19620251655578613
0.2923433780670166
0.3549916744232178
0.2719388008117676
0.2319037914276123
0.184370756149292
0.19764494895935059
0.18897032737731934
0.20365190505981445
0.2035081386566162
0.15833663940429688
0.14535117149353027
0.18384552001953125
0.19063878059387207
0.24702095985412598
0.1961829662322998
0.18098950386047363
0.13374614715576172
0.16843223571777344
0.1458737850189209
0.13990402221679688
0.18720054626464844
0.16112804412841797
0.18380331993103027
0.14855051040649414
0.2260124683380127
0.11246943473815918
0.16937971115112305
0.14569306373596191
0.17679166793823242
0.18479418754577637
0.14539337158203125
0.169874906539917
0.15984392166137695
0.16389107704162598
0.11810708045959473
0.19195342063903809
0.1574559211730957
0.14179706573486328
0.1992642879486084
0.1301112174987793
0.1999959945678711
0.15389728546142578
0.1540830135345459
0.12659978866577148
0.15146231651306152
0.1666579246520996
0.14407730102539062
0.14619874954223633
0.1338670253753662
0.16477322578430176
0.16662240028381348
0.19545841217041016
0.14514446258544922
0.1727297306060791
0.13130497932434082
0.17522692680358887
0.18436431884765625
0.1903822422027588
0.14330744743347168
0.16869640350341797
0.18038392066955566
0.1397390365600586
0.17741703987121582
0.17863893508911133
0.16810345649719238
0.18420195579528809
0.17183661460876465
0.15004587173461914
0.19784164428710938
0.17861151695251465
0.16996097564697266
0.13188886642456055
0.13454055786132812
0.12623381614685059
0.12201571464538574
0.13729524612426758
0.16675186157226562
0.1792590618133545
0.18218493461608887
0.23535871505737305
0.19046926498413086
0.1634523868560791
0.16656160354614258
0.1807699203491211
0.21046161651611328
0.22773146629333496
0.15649890899658203
0.2021629810333252
0.15720725059509277
0.13685083389282227
0.1578357219696045
0.15182805061340332
0.17082786560058594