0.17839550971984863
0.22992277145385742
0.2329089641571045
0.19775795936584473
0.2068190574645996
0.18190526962280273
0.1555039882659912
0.21835684776306152
0.21600103378295898
0.19543170928955078
0.2037491798400879
0.17790699005126953
0.17310166358947754
0.1833353042602539
0.2054615020751953
0.14322972297668457
0.1653761863708496
0.19445061683654785
0.19787049293518066
0.18603754043579102
0.19745182991027832
0.19627785682678223
0.15778326988220215
0.17590713500976562
0.2006969451904297
0.22163128852844238
0.20381999015808105
0.24490666389465332
0.17519760131835938
0.2827494144439697
0.1953110694885254
0.19997477531433105
0.21652889251708984
0.19501805305480957
0.16541242599487305
0.1886429786682129
0.19825148582458496
0.1934671401977539
0.1412358283996582
0.21932530403137207
0.17438411712646484
0.2140498161315918
0.17549514770507812
0.25034666061401367
0.16862249374389648
0.1945347785949707
0.15620875358581543
0.1849050521850586
0.1979374885559082
0.18070268630981445
0.15996599197387695
0.1548459529876709
0.1677711009979248
0.20491361618041992
0.20163345336914062
0.22336483001708984
0.14597749710083008
0.21448826789855957
0.22770190238952637
0.21607756614685059
0.19303488731384277
0.174851655960083
0.19233131408691406
0.19962859153747559
0.19009089469909668
0.19470643997192383
0.24576354026794434
0.20691204071044922
0.17505693435668945
0.2368929386138916
0.23507452011108398
0.2142174243927002
0.17271184921264648
0.19211125373840332
0.24626851081848145
0.20551276206970215
0.22332167625427246
0.22458410263061523
0.21819567680358887
0.2841796875
0.3027520179748535
0.21608662605285645
0.24744009971618652
0.1951150894165039
0.29564428329467773
0.21912336349487305
0.22865533828735352
0.22705411911010742
0.21528291702270508
0.21526336669921875
0.216477632522583
0.2257390022277832
0.2515218257904053
0.24177312850952148
0.23323845863342285
0.18099641799926758
0.19614434242248535
0.15213918685913086
0.1544504165649414
0.19646716117858887