2.5272369384765625e-05
2.1696090698242188e-05
2.1219253540039062e-05
2.1219253540039062e-05
2.0503997802734375e-05
2.0742416381835938e-05
2.0742416381835938e-05
2.0742416381835938e-05
2.0265579223632812e-05
2.09808349609375e-05
2.0503997802734375e-05
2.0265579223632812e-05
2.002716064453125e-05
2.0265579223632812e-05
2.0503997802734375e-05
2.0503997802734375e-05
2.0265579223632812e-05
2.0503997802734375e-05
2.0503997802734375e-05
2.0503997802734375e-05
2.0742416381835938e-05
2.0503997802734375e-05
2.0503997802734375e-05
2.0503997802734375e-05
2.0503997802734375e-05
2.0265579223632812e-05
2.0503997802734375e-05
2.0503997802734375e-05
2.0503997802734375e-05
2.1696090698242188e-05
2.193450927734375e-05
3.3855438232421875e-05
2.0503997802734375e-05
2.0265579223632812e-05
2.0503997802734375e-05
2.0265579223632812e-05
2.0265579223632812e-05
2.0503997802734375e-05
2.0265579223632812e-05
2.0265579223632812e-05
2.0503997802734375e-05
2.0503997802734375e-05
2.0503997802734375e-05
2.0503997802734375e-05
2.0265579223632812e-05
2.09808349609375e-05
2.0742416381835938e-05
2.0503997802734375e-05
2.0503997802734375e-05
2.0265579223632812e-05
2.0742416381835938e-05
2.0742416381835938e-05
2.0742416381835938e-05
2.0742416381835938e-05
2.0503997802734375e-05
2.0742416381835938e-05
2.0503997802734375e-05
2.0503997802734375e-05
2.0503997802734375e-05
2.0742416381835938e-05
2.0265579223632812e-05
5.507469177246094e-05
2.0503997802734375e-05
2.0503997802734375e-05
2.0742416381835938e-05
2.002716064453125e-05
2.0503997802734375e-05
2.0265579223632812e-05
2.0742416381835938e-05
2.0503997802734375e-05
2.0742416381835938e-05
2.0503997802734375e-05
2.0742416381835938e-05
2.0742416381835938e-05
2.0742416381835938e-05
2.0742416381835938e-05
2.0503997802734375e-05
2.0742416381835938e-05
2.0503997802734375e-05
2.0503997802734375e-05
2.0265579223632812e-05
2.0503997802734375e-05
2.0503997802734375e-05
1.9788742065429688e-05
2.0265579223632812e-05
2.0265579223632812e-05
2.0265579223632812e-05
2.0742416381835938e-05
2.0503997802734375e-05
2.0265579223632812e-05
2.0265579223632812e-05
2.0503997802734375e-05
2.0503997802734375e-05
2.0742416381835938e-05
2.0503997802734375e-05
2.0503997802734375e-05
2.0503997802734375e-05
2.0503997802734375e-05
2.0742416381835938e-05
2.0265579223632812e-05