0.03302812576293945
0.02573108673095703
0.02715587615966797
0.026149749755859375
0.03222298622131348
0.02818918228149414
0.031957149505615234
0.0349583625793457
0.02852630615234375
0.03267693519592285
0.030193805694580078
0.03456473350524902
0.028380393981933594
0.025310754776000977
0.03182721138000488
0.03532075881958008
0.028255224227905273
0.03280162811279297
0.024260759353637695
0.03177285194396973
0.029887676239013672
0.028772830963134766
0.03703141212463379
0.03250312805175781
0.02660393714904785
0.0264737606048584
0.03368782997131348
0.02637195587158203
0.03105783462524414
0.02836894989013672
0.03278827667236328
0.0249483585357666
0.02742624282836914
0.029597997665405273
0.025289297103881836
0.026762962341308594
0.03727078437805176
0.03174161911010742
0.031597137451171875
0.02986454963684082
0.031033992767333984
0.030063390731811523
0.032868146896362305
0.02813887596130371
0.033800601959228516
0.035971641540527344
0.03032708168029785
0.024685382843017578
0.034833669662475586
0.0348813533782959
0.031432151794433594
0.02846550941467285
0.02740192413330078
0.030434608459472656
0.022106647491455078
0.03020191192626953
0.029244422912597656
0.030269861221313477
0.02553534507751465
0.0291140079498291
0.030960559844970703
0.03148055076599121
0.02725386619567871
0.03375720977783203
0.030312776565551758
0.027866840362548828
0.028868436813354492
0.02812361717224121
0.03448748588562012
0.03506636619567871
0.032680511474609375
0.03657937049865723
0.029872894287109375
0.028649330139160156
0.025813817977905273
0.028895854949951172
0.030505657196044922
0.023285388946533203
0.036751747131347656
0.03603982925415039
0.02845311164855957
0.031015396118164062
0.0322422981262207
0.031455278396606445
0.02802443504333496
0.029574155807495117
0.031191587448120117
0.02925896644592285
0.029898643493652344
0.028174400329589844
0.027716398239135742
0.031996726989746094
0.02998805046081543
0.027102231979370117
0.02689981460571289
0.02738332748413086
0.029026508331298828
0.03495597839355469
0.026964902877807617
0.0258023738861084