0.06631898880004883
0.05549979209899902
0.05272936820983887
0.0588228702545166
0.06309199333190918
0.05761098861694336
0.07164311408996582
0.06039094924926758
0.06897449493408203
0.06019020080566406
0.05905437469482422
0.06654500961303711
0.057094573974609375
0.05656909942626953
0.06588482856750488
0.06333494186401367
0.06147146224975586
0.06167125701904297
0.062180280685424805
0.05533576011657715
0.06200146675109863
0.05753302574157715
0.06247735023498535
0.056207895278930664
0.04998493194580078
0.06609439849853516
0.06514382362365723
0.05751395225524902
0.06004691123962402
0.06303119659423828
0.05777907371520996
0.061945438385009766
0.05236625671386719
0.060865163803100586
0.05755352973937988
0.059047698974609375
0.06348681449890137
0.06303215026855469
0.053978681564331055
0.05444455146789551
0.059459686279296875
0.06102395057678223
0.05893206596374512
0.06149888038635254
0.055383920669555664
0.05717611312866211
0.06867289543151855
0.06487464904785156
0.051019906997680664
0.05436825752258301
0.05089521408081055
0.06510782241821289
0.05359005928039551
0.06180834770202637
0.05279946327209473
0.052988529205322266
0.06417036056518555
0.05334806442260742
0.05888247489929199
0.05647993087768555
0.05958700180053711
0.05427360534667969
0.059674978256225586
0.05052995681762695
0.061385393142700195
0.058283090591430664
0.05528593063354492
0.06091904640197754
0.055977821350097656
0.060204505920410156
0.04968142509460449
0.05883622169494629
0.04904580116271973
0.05967450141906738
0.06249260902404785
0.06515121459960938
0.055757999420166016
0.058868408203125
0.05314135551452637
0.06354689598083496
0.06121516227722168
0.05157351493835449
0.05458426475524902
0.05539655685424805
0.06597208976745605
0.057927846908569336
0.06076407432556152
0.05883193016052246
0.06433415412902832
0.06364107131958008
0.06164693832397461
0.055037736892700195
0.06472659111022949
0.06494379043579102
0.0651860237121582
0.06009387969970703
0.05462336540222168
0.05568504333496094
0.05860757827758789
0.05591845512390137