0.09416818618774414
0.09628081321716309
0.09967160224914551
0.0942695140838623
0.07026529312133789
0.08208346366882324
0.09142446517944336
0.08200359344482422
0.09685277938842773
0.08725714683532715
0.08268857002258301
0.1065526008605957
0.08703231811523438
0.08176398277282715
0.09386086463928223
0.08931541442871094
0.07779908180236816
0.09793496131896973
0.09316563606262207
0.08861303329467773
0.0956869125366211
0.09310579299926758
0.08893132209777832
0.10778355598449707
0.09911632537841797
0.08206892013549805
0.08855485916137695
0.09198594093322754
0.08424568176269531
0.10067486763000488
0.07659745216369629
0.08061408996582031
0.08969736099243164
0.08801603317260742
0.08006095886230469
0.1009054183959961
0.06583404541015625
0.08925938606262207
0.09297847747802734
0.07981085777282715
0.0770258903503418
0.08732771873474121
0.09897494316101074
0.10083127021789551
0.09767270088195801
0.07869338989257812
0.08701586723327637
0.09410309791564941
0.0913703441619873
0.0867316722869873
0.08264684677124023
0.07500529289245605
0.09776425361633301
0.09206652641296387
0.08324384689331055
0.08650922775268555
0.0885477066040039
0.09850358963012695
0.07942986488342285
0.09046745300292969
0.09677839279174805
0.1026463508605957
0.09275484085083008
0.08718657493591309
0.08548855781555176
0.09122133255004883
0.09288215637207031
0.08743619918823242
0.0888984203338623
0.08183646202087402
0.07752847671508789
0.08030223846435547
0.07708382606506348
0.08504223823547363
0.09477543830871582
0.0882425308227539
0.07897186279296875
0.0997304916381836
0.09220647811889648
0.08175086975097656
0.08691096305847168
0.09374737739562988
0.0747981071472168
0.08719062805175781
0.08554482460021973
0.07678914070129395
0.09527158737182617
0.08686661720275879
0.07754349708557129
0.08972334861755371
0.09337902069091797
0.08913612365722656
0.08939194679260254
0.09147453308105469
0.09500670433044434
0.09327220916748047
0.09010910987854004
0.09491395950317383
0.09734940528869629
0.09154915809631348