2.9802322387695312e-05
2.4557113647460938e-05
2.3603439331054688e-05
2.2411346435546875e-05
2.2172927856445312e-05
2.2411346435546875e-05
2.2411346435546875e-05
2.193450927734375e-05
2.193450927734375e-05
2.193450927734375e-05
2.3126602172851562e-05
2.2649765014648438e-05
2.3126602172851562e-05
2.2649765014648438e-05
3.886222839355469e-05
2.2649765014648438e-05
2.3126602172851562e-05
2.2649765014648438e-05
2.2411346435546875e-05
2.288818359375e-05
2.288818359375e-05
2.288818359375e-05
2.288818359375e-05
2.288818359375e-05
2.2411346435546875e-05
2.2649765014648438e-05
2.2411346435546875e-05
2.2649765014648438e-05
2.2649765014648438e-05
2.3126602172851562e-05
2.3603439331054688e-05
2.3126602172851562e-05
2.2649765014648438e-05
2.288818359375e-05
2.288818359375e-05
2.3126602172851562e-05
2.3126602172851562e-05
2.288818359375e-05
2.3126602172851562e-05
2.288818359375e-05
2.288818359375e-05
2.3126602172851562e-05
3.528594970703125e-05
2.1696090698242188e-05
2.1696090698242188e-05
2.2172927856445312e-05
2.2172927856445312e-05
2.2411346435546875e-05
2.193450927734375e-05
2.2172927856445312e-05
2.1696090698242188e-05
2.2172927856445312e-05
2.2172927856445312e-05
2.193450927734375e-05
2.1457672119140625e-05
2.193450927734375e-05
2.1696090698242188e-05
2.193450927734375e-05
2.2172927856445312e-05
2.193450927734375e-05
2.2172927856445312e-05
2.193450927734375e-05
2.193450927734375e-05
2.1696090698242188e-05
2.193450927734375e-05
2.1696090698242188e-05
2.2172927856445312e-05
2.193450927734375e-05
2.2172927856445312e-05
2.193450927734375e-05
2.193450927734375e-05
2.2172927856445312e-05
2.2172927856445312e-05
2.193450927734375e-05
2.2172927856445312e-05
2.2411346435546875e-05
2.193450927734375e-05
2.193450927734375e-05
2.193450927734375e-05
2.2172927856445312e-05
2.193450927734375e-05
2.193450927734375e-05
2.1696090698242188e-05
2.2411346435546875e-05
2.1696090698242188e-05
2.1696090698242188e-05
2.2172927856445312e-05
2.193450927734375e-05
2.1696090698242188e-05
2.1696090698242188e-05
2.193450927734375e-05
2.1696090698242188e-05
5.459785461425781e-05
2.3126602172851562e-05
2.2172927856445312e-05
2.1696090698242188e-05
2.1696090698242188e-05
2.1696090698242188e-05
2.1457672119140625e-05
2.193450927734375e-05