0.001123876123876124
0.022055806319244975
0.00011675423234092235
0.0014481305950500263
0.0
0.0029862373409504026
0.0
0.0007967333930883378
0.0
0.0
0.0
0.0032378580323785804
0.0023344391202850473
0.0
0.0011814744801512287
0.0039365520435336344
0.0
0.0022067363530778165
0.0
0.01043411052428185
0.0012382367508667657
0.009574831870511797
0.0019023462270133164
0.0016976127320954908
0.0
0.006128007262823422
0.0
0.004170141784820684
0.003457319980925131
0.00371445153801509
0.0
0.0
0.0030494956603330987
0.0
0.0005129520389843549
0.0
0.0
0.0
0.0
0.0006459948320413437
0.0
0.0
0.007139619220308251
0.0
0.0026607538802660754
0.0
0.006416751097602162
0.01113071806705579
0.0
0.000855222968845449
0.0024437299035369774
0.0
0.0
0.0014257512612415003
0.0
0.0006759801712483101
0.0
0.0
0.0033526011560693642
0.0011514841351074718
0.0016773406526379995
0.0
0.0043108757236112825
0.0
0.0
0.0
0.005155216855317718
0.0
0.00317227916056613
0.0
0.0
0.0
0.009106830122591943
0.0
0.0
0.00023231501916598908
0.0025220680958385876
0.0
0.002102919346857991
0.0
0.0
0.0
0.0
0.001144001144001144
0.005076802915907316
0.0046867291563887515
0.005639097744360902
0.0
0.0
0.0
0.0
0.0
0.0
0.0
0.0
0.0
0.0
0.0
0.0026550350843921864
0.0