0.0009365081787109375
0.0006351470947265625
0.002289295196533203
0.0016765594482421875
0.0009412765502929688
0.0015015602111816406
0.0010776519775390625
0.00069427490234375
0.0023131370544433594
0.0017328262329101562
0.013612031936645508
0.008331537246704102
0.0006849765777587891
0.0006809234619140625
0.0008471012115478516
0.004737377166748047
0.001828908920288086
0.0036170482635498047
0.003077268600463867
0.0013892650604248047
0.012147665023803711
0.0020895004272460938
0.0011451244354248047
0.00231170654296875
0.008451223373413086
0.002898693084716797
0.006479978561401367
0.0008060932159423828
0.003370523452758789
0.0006079673767089844
0.006837129592895508
0.0006918907165527344
0.0008366107940673828
0.004852294921875
0.006280422210693359
0.0045168399810791016
0.0016727447509765625
0.0006029605865478516
0.007353305816650391
0.0008919239044189453
0.003141164779663086
0.0014064311981201172
0.0015687942504882812
0.00031280517578125
0.00122833251953125
0.0035521984100341797
0.00530242919921875
0.004808664321899414
0.0011746883392333984
0.002413511276245117
0.0044133663177490234
0.0007078647613525391
0.0012845993041992188
0.004794120788574219
0.0008137226104736328
0.0007708072662353516
0.006823062896728516
0.003985881805419922
0.006038188934326172
0.0020148754119873047
0.0026586055755615234
0.002406597137451172
0.00046324729919433594
0.0007700920104980469
0.002362966537475586
0.0017061233520507812
0.007589578628540039
0.004239320755004883
0.0021271705627441406
0.0011577606201171875
0.0006191730499267578
0.0012385845184326172
0.0022308826446533203
0.0024242401123046875
0.0025529861450195312
0.00045371055603027344
0.0016510486602783203
0.0019342899322509766
0.0010573863983154297
0.0024733543395996094
0.0010058879852294922
0.0018591880798339844
0.0006957054138183594
0.0010902881622314453
0.0027773380279541016
0.0005822181701660156
0.001569509506225586
0.0007605552673339844
0.00292205810546875
0.0016748905181884766
0.004854440689086914
0.001447916030883789
0.004518032073974609
0.0007424354553222656
0.00011301040649414062
0.0006558895111083984
0.0003762245178222656
0.0010728836059570312
0.00021529197692871094
0.0010845661163330078