309
37
1930
123
1
1431
1
1
87
1356
210
100
165
1373
27
32
1986
65
1
116
47
1
1
1
1
33
122
21
1990
1
1
33
1
153
1
101
267
79
1946
250
34
518
1
1
56
1169
1
167
51
1
116
753
243
42
1
1
885
1
19
739
11
61
1
1
1
1107
1
35
21
1
1755
545
546
39
1
139
1
25
128
1808
1
336
1227
24
80
1
1
1
12
42
1
1
38
1
1603
133
1
326
1
603
191
1824
14
66
38
13
32
1541
388
8
186
1
1
307
42
1
92
555
1
1
552
156
42
1853
1700
1
106
1
98
1
1
52
31
785
1
27
1
21
1174
1
326
767
148
72
87
74
1
1
1
657
47
69
1471
340
1
344
1
762
1680
1
403
1663
6
171
972
1
18
29
260
1
12
1
8
212
1178
60
27
1
10
1
682
1
952
1
98
1002
6
1
2000
19
36
1
1979
1
1
83
1
1754
1655
233
1780
19
1373
51
521
979
1
5
1
22
11
51
65
1374
1
27
1
143
22
16
33
318
17
1910
12
1
14
37
548
1
1254
612
32
20
130
1
1199
143
34
1984
1
1
21
1
51
1
31
25
852
54
23
181
74
40
1
1
1444
434
1337
86
20
1
1
23
1
1
103
31
15
9
177
262
305
685
1196
1
1898
62
1
18
1
1
831
23
413
37
23
1
151
1
1570
1
20
1
147
1822
158
1343
1245
118
498
11
1
18
52
405
613
1
350
7
907
1
1
1
1518
1948
71
853
1
191
386
1
171
958
8
545
1
1
1
130
1
287
128
11
1
2023
106
741
647
21
694
184
1
361
461
63
511
1
829
286
41
1665
1992
1
13
173
10
1
35
35
2033
1
1
364
31
251
1
1
1932
1
1
677
1
1
249
1111
38
255
1421
348
1235
1
1
1
1
30
80
263
1840
11
436
1971
1171
349
1
16
858
204
227
1
816
47
1
521
1
1134
1024
356
122
1
1381
191
1604
1230
10
450
11
1
87
1
45
1
11
48
261
1000
76
1724
1
1361
214
1169
897
1
1
1181
34
1
153
753
1926
1963
1
1
37
960
1
1832
1325
587
58
17
22
1896
432
1
986
1764
1414
1438
1
1069
548
28
723
399
388
23
24
1
1
436
1515
47
256
1
612
549
391
1
455
1
11
21
506
805
314
1
202
157
1
4
541
1759
1
74
31
1642
23
24
