6
22
5
6
4
7
8
1
25
6
23
7
4
21
11
19
5
8
1
18
6
7
1
9
1
9
19
9
20
1
8
8
9
11
6
10
5
7
25
9
4
16
3
1
6
7
6
16
5
5
5
22
17
12
1
4
19
7
8
13
5
6
9
1
1
15
1
27
5
1
11
13
18
5
19
18
1
4
21
12
1
16
5
2
4
8
10
4
7
22
1
1
9
1
28
23
1
12
13
8
21
13
9
6
11
9
1
21
16
2
8
8
1
15
1
4
8
5
5
1
30
10
1
6
23
5
4
5
13
1
1
1
17
20
1
16
1
13
8
1
25
22
15
5
5
17
1
1
6
28
1
7
13
18
2
14
4
23
13
1
6
5
1
11
9
3
1
6
16
4
5
1
1
9
23
10
5
1
1
1
26
1
5
1
12
13
1
9
26
1
1
1
27
7
6
12
8
19
14
12
5
6
24
5
12
10
5
8
1
9
24
5
12
17
5
5
2
6
10
12
6
8
1
7
4
4
4
29
7
1
27
29
1
16
27
3
6
10
2
8
1
1
5
5
10
8
1
1
9
18
5
24
2
5
5
1
25
10
20
4
13
1
1
1
12
5
16
21
1
1
14
12
7
24
12
1
28
3
1
22
6
9
13
5
17
6
7
1
14
1
9
1
1
8
18
25
18
19
19
5
21
11
4
25
1
6
12
1
28
1
15
4
1
1
23
6
17
6
7
25
14
5
8
26
4
17
7
17
6
8
8
15
18
11
1
22
8
10
16
7
19
19
8
19
16
6
30
5
22
12
1
21
27
7
21
8
1
1
24
9
13
5
8
13
8
10
1
1
23
2
6
20
9
1
5
23
6
21
9
15
5
1
2
1
1
12
12
20
28
28
19
22
23
6
5
8
22
14
13
4
10
1
1
12
4
9
10
12
8
1
20
8
9
20
5
13
16
7
16
1
9
1
1
15
12
7
11
5
1
27
24
16
9
2
1
17
30
1
5
17
27
24
1
6
11
16
5
30
22
14
12
1
1
30
18
1
30
21
12
22
1
17
12
11
23
9
23
1
1
1
6
25
8
1
10
5
5
21
14
11
29
7
10
9
8
9
8
1
5
14
1
1
29
21
1
13
13
9
6
6
