81613
590938
363459
242700
233945
374688
301101
227922
380347
409359
103368
185511
259517
218497
114811
136214
266701
220988
115572
262686
306798
145751
100816
160596
84440
105602
371809
345403
387733
130498
163030
93479
144701
161502
123452
428555
179347
331235
208084
253306
121649
282625
220330
246902
106818
288968
180821
304325
269618
108419
411278
273512
341220
282979
216053
287882
233564
176591
172207
225839
170457
136140
42438
134829
74850
287924
122493
363555
130817
235798
402507
273932
253366
284727
155450
419686
183729
169975
345685
323982
276117
411254
224057
52376
308588
41989
214054
126729
59888
349881
284060
203086
95621
162781
354081
144018
156458
307912
208770
478305
329034
350070
294992
162440
269496
261445
303767
195060
286838
238905
170063
107128
195189
199390
353489
137640
212070
402277
190481
186972
250092
379457
171181
149849
141721
249437
339343
179696
63251
335472
257432
220891
505716
252801
196043
121239
249116
315591
277541
311939
258799
181424
466880
34823
269499
364009
237513
130310
241895
341139
243066
194220
200137
371088
147331
315197
72711
368696
395839
180612
198082
361005
31738
372347
205918
291638
103802
244683
264698
314796
185894
103823
183494
483077
326896
87307
318805
83403
150676
80899
130122
207874
330217
290991
62438
414630
259605
148106
306478
169284
155692
64057
430753
92462
236496
306236
117909
206501
286703
136103
319356
244567
234643
347127
200349
373651
196668
249050
109358
286623
204734
106264
268822
352393
100330
178339
110740
332864
341961
96904
58764
282684
221715
342007
116826
144854
120591
264456
346043
85226
284411
355622
124478
322167
196425
60546
221736
236075
310346
179823
201760
199628
309957
39959
304076
73506
257594
80025
342024
398426
226006
316647
314041
238659
224512
68511
197727
316773
334315
206412
326097
147464
95818
158010
209939
65690
257455
182343
178454
129311
295238
394922
354000
213463
142022
188187
238993
280979
146316
520573
151325
70221
273151
126272
324460
131455
102072
240091
132601
236966
337121
155101
229028
173315
144308
178840
308531
329409
362022
230023
331902
202661
72353
340508
316729
182236
76397
86518
546038
227051
261169
192885
130353
242381
389534
321052
116637
368087
364793
241041
159415
199704
292207
117284
205535
244806
175519
191533
312512
265259
156055
238622
320132
275695
135195
340270
358157
93685
314777
299174
98857
269639
266853
245427
328128
195459
245154
128568
422446
265802
198999
354667
308910
112266
202891
241845
78504
117503
419938
70824
344689
31961
86529
144800
166764
216515
159225
134451
286734
280490
210652
394166
217375
122473
161582
294467
368882
322322
211603
123988
172781
174751
143365
132065
186217
153341
336255
329499
363360
139557
358450
178075
308042
372117
114182
249254
256187
323017
143031
140522
394422
176226
59137
170448
160713
374272
154393
265282
295378
246752
408087
351986
292319
277769
61101
337348
420014
171402
167243
199009
190417
196527
345055
102889
254424
391396
269414
348778
189213
330686
207653
364324
275893
255469
172573
185018
457436
114139
249277
206661
161654
286713
211421
103381
258876
234176
107115
345505
274623
327943
162096
74704
293431
191458
164136
213367
438156
250557
464395
220940
42001
150383
223107
341067
183535
152966
341707
214147
65146
86703
176342
117426
360232
77197
172551
225068
187594
243096
426090
272816
317944
187861
258908
147919
491124
132834
324703
112820
223309
287069
75795
132880
360386
245328
62588
157125
139274
439767
522942
206815
