1 37 8774
2 37 10019
3 37 8161
4 37 10157
5 37 7855
6 37 10087
7 37 9188
8 37 7420
9 37 7301
10 37 8012
11 37 8314
12 37 8528
13 37 9564
14 37 8750
15 37 9608
16 37 9033
17 37 7602
18 37 9134
19 37 9291
20 37 8155
21 37 8556
22 37 9721
23 37 7719
24 37 9332
25 37 9869
26 37 8059
27 37 9808
28 37 9110
29 37 9350
30 37 7743
31 37 10826
32 37 7822
33 37 9498
34 37 8410
35 37 10235
36 37 7241
37 37 9457
38 37 8705
39 37 7961
40 37 7294
41 37 10299
42 37 7837
43 37 10322
44 37 8931
45 37 8883
46 37 7511
47 37 9505
48 37 8924
49 37 9392
50 37 8612
51 37 8472
52 37 9220
53 37 7927
54 37 9552
55 37 8914
56 37 8900
57 37 8615
58 37 8044
59 37 9078
60 37 10379
61 37 8668
62 37 8740
63 37 8840
64 37 8954
65 37 8334
66 37 9585
67 37 9824
68 37 8571
69 37 9426
70 37 9008
71 37 8248
72 37 7715
73 37 10066
74 37 10122
75 37 9163
76 37 9361
77 37 8214
78 37 9131
79 37 8942
80 37 7976
81 37 9145
82 37 9230
83 37 9648
84 37 8676
85 37 10246
86 37 9536
87 37 9171
88 37 10107
89 37 6881
90 37 9829
91 37 8070
92 37 8458
93 37 7225
94 37 8688
95 37 9438
96 37 9207
97 37 8258
98 37 9317
99 37 8612
100 37 9000