2.2411346435546875e-05
1.3589859008789062e-05
1.2159347534179688e-05
1.2159347534179688e-05
1.1444091796875e-05
1.1920928955078125e-05
1.1920928955078125e-05
1.1444091796875e-05
1.1444091796875e-05
1.2159347534179688e-05
1.1920928955078125e-05
1.1920928955078125e-05
1.1444091796875e-05
1.1444091796875e-05
1.1444091796875e-05
1.1682510375976562e-05
1.1444091796875e-05
1.1444091796875e-05
1.1682510375976562e-05
1.1682510375976562e-05
1.1920928955078125e-05
1.1444091796875e-05
1.1444091796875e-05
1.1444091796875e-05
1.1682510375976562e-05
1.1920928955078125e-05
1.1682510375976562e-05
1.1444091796875e-05
1.1444091796875e-05
1.1444091796875e-05
1.1444091796875e-05
1.1205673217773438e-05
1.1205673217773438e-05
1.1444091796875e-05
1.1444091796875e-05
1.2159347534179688e-05
1.1444091796875e-05
1.1682510375976562e-05
1.1682510375976562e-05
1.1682510375976562e-05
1.1682510375976562e-05
1.1682510375976562e-05
1.1920928955078125e-05
1.1920928955078125e-05
1.1682510375976562e-05
1.1920928955078125e-05
1.1205673217773438e-05
1.1444091796875e-05
1.1444091796875e-05
1.1444091796875e-05
1.1205673217773438e-05
1.1444091796875e-05
1.1444091796875e-05
1.1682510375976562e-05
1.1682510375976562e-05
1.1682510375976562e-05
1.1682510375976562e-05
1.1920928955078125e-05
1.1682510375976562e-05
1.1682510375976562e-05
1.1444091796875e-05
1.1444091796875e-05
1.1682510375976562e-05
1.1444091796875e-05
1.1444091796875e-05
1.1444091796875e-05
1.1682510375976562e-05
1.1444091796875e-05
1.1205673217773438e-05
1.1205673217773438e-05
1.1682510375976562e-05
1.1682510375976562e-05
1.1444091796875e-05
1.2159347534179688e-05
1.1682510375976562e-05
1.1444091796875e-05
1.1444091796875e-05
1.1682510375976562e-05
1.1205673217773438e-05
1.1682510375976562e-05
1.1444091796875e-05
1.1205673217773438e-05
1.1205673217773438e-05
1.1682510375976562e-05
1.1444091796875e-05
1.0967254638671875e-05
1.1444091796875e-05
3.7670135498046875e-05
1.1682510375976562e-05
1.1682510375976562e-05
1.1444091796875e-05
1.1682510375976562e-05
1.1444091796875e-05
1.1682510375976562e-05
1.1444091796875e-05
1.1444091796875e-05
1.1444091796875e-05
1.1444091796875e-05
1.1205673217773438e-05
1.1444091796875e-05