0.14286231994628906
0.13874053955078125
0.14840984344482422
0.15298080444335938
0.1283886432647705
0.15468716621398926
0.15983963012695312
0.15045881271362305
0.12904691696166992
0.1300811767578125
0.14028120040893555
0.1610555648803711
0.15418386459350586
0.165846586227417
0.1417248249053955
0.15353178977966309
0.1521449089050293
0.10704731941223145
0.15724444389343262
0.11635088920593262
0.13365459442138672
0.1505293846130371
0.1740274429321289
0.14217591285705566
0.14429736137390137
0.13367247581481934
0.15201330184936523
0.16269326210021973
0.1393718719482422
0.14750337600708008
0.12451887130737305
0.14005637168884277
0.11709070205688477
0.13490867614746094
0.1273810863494873
0.12193655967712402
0.1511073112487793
0.1466360092163086
0.1311483383178711
0.1534874439239502
0.12777280807495117
0.12111330032348633
0.13805103302001953
0.12270808219909668
0.13293099403381348
0.15900778770446777
0.15322566032409668
0.16058635711669922
0.12901520729064941
0.14200520515441895
0.13025784492492676
0.15169405937194824
0.14898967742919922
0.14855122566223145
0.1440575122833252
0.12137961387634277
0.1348724365234375
0.12726807594299316
0.12641263008117676
0.1688082218170166
0.14179348945617676
0.12289309501647949
0.12164306640625
0.12441229820251465
0.164442777633667
0.11372566223144531
0.17328882217407227
0.1625378131866455
0.18605494499206543
0.09413027763366699
0.1434180736541748
0.12480759620666504
0.13506102561950684
0.1436171531677246
0.12524819374084473
0.14325571060180664
0.1623380184173584
0.15770196914672852
0.15057826042175293
0.11380219459533691
0.10593128204345703
0.15351247787475586
0.16486454010009766
0.15607929229736328
0.1310422420501709
0.14981794357299805
0.1662154197692871
0.17855596542358398
0.15526795387268066
0.137770414352417
0.1392371654510498
0.11452364921569824
0.12099123001098633
0.14580988883972168
0.14496207237243652
0.10838961601257324
0.16483688354492188
0.12595391273498535
0.14271211624145508
0.13450026512145996