0.19021081924438477
0.17316603660583496
0.18619227409362793
0.22050976753234863
0.18562722206115723
0.19436907768249512
0.16644883155822754
0.1709892749786377
0.1640017032623291
0.19627666473388672
0.17225217819213867
0.2216043472290039
0.16734600067138672
0.19757485389709473
0.1847982406616211
0.15200495719909668
0.24007701873779297
0.2049868106842041
0.23777055740356445
0.1777482032775879
0.18757939338684082
0.19257068634033203
0.18341279029846191
0.19008660316467285
0.1909773349761963
0.16236162185668945
0.1753525733947754
0.12478971481323242
0.1846001148223877
0.17916512489318848
0.17847371101379395
0.1670093536376953
0.1836838722229004
0.19383502006530762
0.23437786102294922
0.16529273986816406
0.15000462532043457
0.17691850662231445
0.1546494960784912
0.16925907135009766
0.2035524845123291
0.20527291297912598
0.18970537185668945
0.17230010032653809
0.13729262351989746
0.17763972282409668
0.17988944053649902
0.18050813674926758
0.19954633712768555
0.15103793144226074
0.19308185577392578
0.12919855117797852
0.1967484951019287
0.2179715633392334
0.19572114944458008
0.1542980670928955
0.20334291458129883
0.214188814163208
0.14935588836669922
0.1864778995513916
0.2490532398223877
0.12345480918884277
0.17168855667114258
0.16802024841308594
0.19379591941833496
0.16194558143615723
0.1741313934326172
0.20492839813232422
0.21355485916137695
0.19569802284240723
0.1669776439666748
0.1839885711669922
0.1996140480041504
0.22121310234069824
0.1681056022644043
0.21091985702514648
0.20851373672485352
0.203843355178833
0.1741654872894287
0.13539600372314453
0.17510175704956055
0.16481852531433105
0.18026399612426758
0.15871977806091309
0.168107271194458
0.19292211532592773
0.18291640281677246
0.1773514747619629
0.16372442245483398
0.14826154708862305
0.18925929069519043
0.2015516757965088
0.18203139305114746
0.18691778182983398
0.1781022548675537
0.15140032768249512
0.20402121543884277
0.18612217903137207
0.16506290435791016
0.1880934238433838