0.0
0.0
0.0
0.0
0.0
0.0
0.0
0.0
0.0
0.0
0.0
0.028070175438596492
0.0
0.0
0.0
0.0
0.03347732181425486
0.0
0.0
0.0
0.0
0.0
0.07838983050847458
0.0
0.0
0.0
0.0
0.0
0.0
0.0
0.0
0.0
0.0
0.0
0.0
0.0
0.0
0.0
0.0
0.0
0.0
0.0
0.0
0.0
0.0
0.0
0.0338409475465313
0.0
0.0
0.0
0.0
0.0
0.0
0.0
0.0
0.0
0.01585014409221902
0.0
0.0
0.0
0.0
0.0
0.0
0.0297029702970297
0.0
0.0
0.0
0.0
0.004993757802746567
0.0
0.0
0.0
0.02924634420697413
0.0
0.0
0.0
0.0
0.0
0.0
0.0
0.0
0.0
0.0
0.0
0.0
0.0
0.0
0.0
0.0
0.0
0.0
0.0
0.0
0.0
0.0
0.0
0.0
0.0
0.0
0.0022271714922048997