4.649162292480469e-05
3.0279159545898438e-05
2.86102294921875e-05
2.6941299438476562e-05
2.7179718017578125e-05
2.6702880859375e-05
2.6702880859375e-05
2.574920654296875e-05
2.574920654296875e-05
2.6226043701171875e-05
2.6464462280273438e-05
2.5987625122070312e-05
2.6226043701171875e-05
2.5987625122070312e-05
2.574920654296875e-05
2.5987625122070312e-05
2.5987625122070312e-05
2.574920654296875e-05
2.574920654296875e-05
2.574920654296875e-05
2.5987625122070312e-05
2.5510787963867188e-05
2.5987625122070312e-05
2.5987625122070312e-05
2.6226043701171875e-05
2.574920654296875e-05
2.5987625122070312e-05
2.5987625122070312e-05
2.574920654296875e-05
2.5987625122070312e-05
2.6226043701171875e-05
2.6702880859375e-05
2.5987625122070312e-05
2.6464462280273438e-05
2.6226043701171875e-05
2.6464462280273438e-05
2.574920654296875e-05
2.574920654296875e-05
2.574920654296875e-05
2.6226043701171875e-05
2.5510787963867188e-05
2.5510787963867188e-05
3.1948089599609375e-05
2.6226043701171875e-05
2.5987625122070312e-05
2.5510787963867188e-05
2.574920654296875e-05
2.5510787963867188e-05
2.5510787963867188e-05
2.574920654296875e-05
2.5987625122070312e-05
2.574920654296875e-05
2.5510787963867188e-05
2.5987625122070312e-05
2.5987625122070312e-05
2.5987625122070312e-05
2.5987625122070312e-05
2.5987625122070312e-05
2.574920654296875e-05
2.574920654296875e-05
2.574920654296875e-05
2.574920654296875e-05
2.5510787963867188e-05
2.574920654296875e-05
2.5510787963867188e-05
2.5510787963867188e-05
2.5272369384765625e-05
2.5510787963867188e-05
2.574920654296875e-05
2.574920654296875e-05
2.5987625122070312e-05
2.574920654296875e-05
2.574920654296875e-05
2.574920654296875e-05
2.5987625122070312e-05
2.5987625122070312e-05
2.574920654296875e-05
2.574920654296875e-05
2.574920654296875e-05
2.574920654296875e-05
2.5510787963867188e-05
2.5510787963867188e-05
2.5510787963867188e-05
2.5987625122070312e-05
2.5510787963867188e-05
2.574920654296875e-05
2.5987625122070312e-05
2.5510787963867188e-05
2.5510787963867188e-05
2.5510787963867188e-05
2.5510787963867188e-05
3.123283386230469e-05
2.574920654296875e-05
2.5510787963867188e-05
2.5510787963867188e-05
2.574920654296875e-05
2.574920654296875e-05
2.574920654296875e-05
2.574920654296875e-05
2.574920654296875e-05