0.057803468208092484
0.12360053739364084
0.11877394636015326
0.06642402183803457
0.10200364298724955
0.12009327633113097
0.07917059377945335
0.10687361419068736
0.10024570024570024
0.08890884598114054
0.04899598393574297
0.08666941807676434
0.09764646970455683
0.12699095996556178
0.043738489871086556
0.10016835016835017
0.10754017305315204
0.07019810508182601
0.0
0.10556792873051225
0.06803652968036529
0.022671266633809757
0.04160887656033287
0.09387572641931158
0.08131394722670975
0.09041769041769042
0.12551346417161113
0.12826282628262825
0.12532637075718014
0.16361071932299012
0.016628175519630486
0.05770104497955475
0.046085011185682326
0.15116739216462208
0.04217159476490548
0.045965270684371805
0.10396825396825397
0.058311575282854654
0.06457094307561598
0.02942643391521197
0.11745283018867925
0.1601338432122371
0.10657411188240098
0.05977312390924956
0.1109963861641714
0.13371537726838587
0.1288635282929149
0.002435064935064935
0.06574239713774598
0.062443845462713386
0.03198741478762454
0.03221859706362153
0.09761388286334056
0.024203821656050957
0.14006259780907668
0.1431095406360424
0.09346642468239565
0.11277853569804457
0.005427974947807933
0.0016992353440951572
0.10046629927935566
0.14224137931034483
0.013366750208855471
0.07725321888412018
0.09224137931034483
0.07270734380708806
0.00772573635924674
0.0
0.0
0.11683168316831684
0.08797953964194373
0.10990913024664647
0.15089722675367048
0.03536345776031434
0.07950438822922044
0.03476394849785408
0.06049978079789566
0.06395851339671564
0.10097864768683273
0.12608318890814557
0.02147239263803681
0.07713248638838476
0.08352885969028626
0.05366098294884654
0.0506155950752394
0.13110307414104883
0.11725955204216074
0.11327014218009479
0.058716431497496585
0.11397627643115008
0.03164855928200284
0.0
0.0977121067683508
0.018154311649016642
0.12509992006394885
0.06360593017694882
0.050746268656716415
0.10144927536231885
0.03018018018018018
0.07714123652864435