0.0
0.0
0.0513595166163142
0.06236559139784946
0.23112480739599384
0.0
0.058823529411764705
0.20537897310513448
0.18
0.15258215962441316
0.0
0.11482254697286012
0.216
0.14025500910746813
0.11764705882352941
0.0
0.22043010752688172
0.006150061500615006
0.16872427983539096
0.14642857142857144
0.09259259259259259
0.1943231441048035
0.11564625850340136
0.046875
0.0
0.15548780487804878
0.23935091277890466
0.0
0.15755627009646303
0.10231023102310231
0.12293577981651377
0.0
0.06746031746031746
0.25874125874125875
0.2289348171701113
0.019444444444444445
0.1101871101871102
0.1935483870967742
0.10869565217391304
0.2518703241895262
0.14473684210526316
0.05961251862891207
0.0
0.08739255014326648
0.19927536231884058
0.16596638655462184
0.20705882352941177
0.2776831345826235
0.16356382978723405
0.17004680187207488
0.08016877637130802
0.04945054945054945
0.13428943937418514
0.1926163723916533
0.08639308855291576
0.21140939597315436
0.23692307692307693
0.28647925033467203
0.2255892255892256
0.07166123778501629
0.0
0.0
0.1735159817351598
0.1073170731707317
0.19037199124726478
0.18022328548644337
0.0
0.24310776942355888
0.17121588089330025
0.0
0.17849898580121704
0.16302186878727634
0.14979757085020243
0.1925925925925926
0.1375579598145286
0.07714285714285714
0.03930817610062893
0.14106583072100312
0.18181818181818182
0.141747572815534
0.23289902280130292
0.10071942446043165
0.12994350282485875
0.011086474501108648
0.17857142857142858
0.0
0.08866995073891626
0.0
0.0
0.0
0.1391465677179963
0.0
0.10603290676416818
0.24862888482632542
0.09584086799276673
0.0
0.13261648745519714
0.09932279909706546
0.09392265193370165
0.2192513368983957