0.0
0.0
0.0
0.0
0.01305575158786168
0.019483461712732214
0.0
0.0
0.0
0.0
0.0
0.0
0.0
0.0
0.0
0.06719761075161772
0.0
0.0
0.0
0.0
0.0
0.019529693104822637
0.0
0.0
0.0380690737833595
0.0
0.0
0.0
0.011457670273711012
0.0
0.0
0.011812476928755998
0.0
0.047953216374269005
0.0
0.0
0.0
0.0
0.004758418740849195
0.0
0.0997920997920998
0.0
0.0
0.0
0.057104913678618856
0.015026296018031555
0.0
0.0
0.02233502538071066
0.0
0.01904761904761905
0.0
0.0
0.0
0.0
0.02723146747352496
0.0
0.0
0.0
0.0
0.0
0.0
0.015172413793103448
0.0
0.0
0.0
0.0
0.0997586484312148
0.0
0.0
0.0886372510737993
0.0
0.0
0.0
0.06892010535557506
0.0
0.0
0.0
0.007919966652771988
0.01646505376344086
0.0
0.0
0.0
0.022011005502751375
0.0
0.0
0.0
0.023770491803278688
0.0
0.0
0.0
0.0
0.0
0.0
0.0
0.0
0.0
0.0
0.0
0.017891373801916934