2.193450927734375e-05
1.7642974853515625e-05
1.6927719116210938e-05
1.621246337890625e-05
1.6450881958007812e-05
1.5974044799804688e-05
1.6450881958007812e-05
1.5974044799804688e-05
1.621246337890625e-05
1.5974044799804688e-05
1.5735626220703125e-05
1.621246337890625e-05
1.5974044799804688e-05
1.5497207641601562e-05
1.5974044799804688e-05
1.6450881958007812e-05
1.621246337890625e-05
1.5735626220703125e-05
1.5974044799804688e-05
1.621246337890625e-05
1.5497207641601562e-05
1.5497207641601562e-05
1.621246337890625e-05
1.5735626220703125e-05
1.5974044799804688e-05
1.621246337890625e-05
1.621246337890625e-05
1.5497207641601562e-05
1.621246337890625e-05
1.5974044799804688e-05
1.5735626220703125e-05
1.5735626220703125e-05
1.5974044799804688e-05
1.5735626220703125e-05
1.5974044799804688e-05
1.5735626220703125e-05
1.5974044799804688e-05
1.5974044799804688e-05
1.5735626220703125e-05
1.5974044799804688e-05
1.5735626220703125e-05
1.5735626220703125e-05
1.5974044799804688e-05
1.5974044799804688e-05
1.5735626220703125e-05
1.5735626220703125e-05
1.5497207641601562e-05
1.5974044799804688e-05
1.5974044799804688e-05
1.5735626220703125e-05
1.5735626220703125e-05
1.5974044799804688e-05
1.5735626220703125e-05
1.5974044799804688e-05
1.5974044799804688e-05
1.5735626220703125e-05
1.5735626220703125e-05
1.5735626220703125e-05
1.5735626220703125e-05
1.5974044799804688e-05
1.5735626220703125e-05
1.5497207641601562e-05
1.5735626220703125e-05
1.621246337890625e-05
1.5974044799804688e-05
1.5974044799804688e-05
1.52587890625e-05
1.621246337890625e-05
1.5735626220703125e-05
1.5735626220703125e-05
1.621246337890625e-05
1.5974044799804688e-05
1.5735626220703125e-05
1.52587890625e-05
1.5735626220703125e-05
1.5974044799804688e-05
1.5735626220703125e-05
1.5735626220703125e-05
1.5735626220703125e-05
1.5974044799804688e-05
1.5974044799804688e-05
3.0517578125e-05
1.621246337890625e-05
1.621246337890625e-05
1.5497207641601562e-05
1.5735626220703125e-05
1.5974044799804688e-05
1.5497207641601562e-05
1.5974044799804688e-05
1.5497207641601562e-05
1.5974044799804688e-05
1.5735626220703125e-05
1.621246337890625e-05
1.5974044799804688e-05
1.621246337890625e-05
1.5974044799804688e-05
1.621246337890625e-05
1.5735626220703125e-05
1.621246337890625e-05
1.5735626220703125e-05