2.6702880859375e-05
2.3126602172851562e-05
2.1696090698242188e-05
2.1457672119140625e-05
2.1696090698242188e-05
2.1219253540039062e-05
2.1457672119140625e-05
2.1457672119140625e-05
2.1219253540039062e-05
2.1219253540039062e-05
2.09808349609375e-05
2.1219253540039062e-05
2.09808349609375e-05
2.1219253540039062e-05
2.09808349609375e-05
2.09808349609375e-05
2.09808349609375e-05
2.09808349609375e-05
2.1219253540039062e-05
2.1219253540039062e-05
2.09808349609375e-05
2.1457672119140625e-05
2.1219253540039062e-05
2.1219253540039062e-05
2.1457672119140625e-05
2.1457672119140625e-05
2.1219253540039062e-05
2.1219253540039062e-05
2.1219253540039062e-05
2.1457672119140625e-05
2.09808349609375e-05
2.09808349609375e-05
2.09808349609375e-05
2.09808349609375e-05
2.0742416381835938e-05
2.1219253540039062e-05
2.1219253540039062e-05
2.09808349609375e-05
2.09808349609375e-05
2.09808349609375e-05
2.09808349609375e-05
2.09808349609375e-05
2.0503997802734375e-05
2.1219253540039062e-05
2.09808349609375e-05
2.1219253540039062e-05
2.09808349609375e-05
2.09808349609375e-05
2.1219253540039062e-05
2.1219253540039062e-05
2.1219253540039062e-05
2.1219253540039062e-05
2.1219253540039062e-05
2.09808349609375e-05
2.1219253540039062e-05
2.193450927734375e-05
2.1219253540039062e-05
2.09808349609375e-05
2.1457672119140625e-05
2.09808349609375e-05
2.0742416381835938e-05
2.1219253540039062e-05
2.09808349609375e-05
2.1219253540039062e-05
2.09808349609375e-05
2.1219253540039062e-05
2.09808349609375e-05
2.0742416381835938e-05
2.09808349609375e-05
2.0503997802734375e-05
2.1219253540039062e-05
2.09808349609375e-05
2.1457672119140625e-05
2.1219253540039062e-05
2.1219253540039062e-05
2.1219253540039062e-05
2.1219253540039062e-05
2.1219253540039062e-05
2.1457672119140625e-05
2.09808349609375e-05
2.1219253540039062e-05
2.09808349609375e-05
2.09808349609375e-05
2.09808349609375e-05
2.09808349609375e-05
2.09808349609375e-05
2.09808349609375e-05
2.09808349609375e-05
2.09808349609375e-05
2.0742416381835938e-05
2.1219253540039062e-05
2.1219253540039062e-05
2.09808349609375e-05
2.1219253540039062e-05
2.09808349609375e-05
2.09808349609375e-05
2.1219253540039062e-05
2.1219253540039062e-05
2.09808349609375e-05
2.1219253540039062e-05