3.361701965332031e-05
2.8371810913085938e-05
2.7418136596679688e-05
2.6941299438476562e-05
2.7179718017578125e-05
2.6702880859375e-05
2.6941299438476562e-05
2.6702880859375e-05
2.6702880859375e-05
2.6226043701171875e-05
2.6941299438476562e-05
4.601478576660156e-05
0.0001049041748046875
2.765655517578125e-05
2.7418136596679688e-05
2.765655517578125e-05
2.765655517578125e-05
2.7418136596679688e-05
2.765655517578125e-05
2.7418136596679688e-05
2.7418136596679688e-05
2.765655517578125e-05
2.7894973754882812e-05
2.765655517578125e-05
2.7418136596679688e-05
2.7894973754882812e-05
2.7179718017578125e-05
2.7418136596679688e-05
2.7418136596679688e-05
2.7418136596679688e-05
2.765655517578125e-05
2.7418136596679688e-05
2.7179718017578125e-05
2.7894973754882812e-05
2.7894973754882812e-05
2.7418136596679688e-05
2.765655517578125e-05
2.7418136596679688e-05
2.7418136596679688e-05
2.7894973754882812e-05
2.7894973754882812e-05
2.765655517578125e-05
2.7418136596679688e-05
2.7179718017578125e-05
2.765655517578125e-05
2.8133392333984375e-05
4.410743713378906e-05
2.7894973754882812e-05
2.7179718017578125e-05
2.6941299438476562e-05
2.765655517578125e-05
2.765655517578125e-05
2.765655517578125e-05
2.7418136596679688e-05
2.7418136596679688e-05
2.7179718017578125e-05
2.765655517578125e-05
2.7418136596679688e-05
2.765655517578125e-05
2.7418136596679688e-05
2.7894973754882812e-05
2.7179718017578125e-05
2.7894973754882812e-05
2.8848648071289062e-05
2.765655517578125e-05
2.765655517578125e-05
2.7179718017578125e-05
2.7179718017578125e-05
2.7418136596679688e-05
2.7179718017578125e-05
2.765655517578125e-05
2.7418136596679688e-05
2.765655517578125e-05
2.86102294921875e-05
2.765655517578125e-05
2.6941299438476562e-05
2.7418136596679688e-05
2.6941299438476562e-05
2.7418136596679688e-05
2.7894973754882812e-05
2.6941299438476562e-05
2.7418136596679688e-05
2.7179718017578125e-05
2.6941299438476562e-05
2.7179718017578125e-05
2.7179718017578125e-05
2.8133392333984375e-05
2.7894973754882812e-05
2.765655517578125e-05
2.765655517578125e-05
2.7894973754882812e-05
2.8133392333984375e-05
2.7894973754882812e-05
2.7179718017578125e-05
2.7179718017578125e-05
2.765655517578125e-05
2.7179718017578125e-05
2.7179718017578125e-05
2.6941299438476562e-05
2.6941299438476562e-05