0.0
0.0
0.0
0.0
0.0033135283363802557
0.002769162605228179
0.0
0.0073580133363991725
0.0
0.0
0.0
0.000762001524003048
0.004726622381195708
0.0004060638873849486
0.0
0.0
0.0
0.0
0.0
0.0
0.0
0.0012478163214374844
0.0
0.008460013218770655
0.0
0.00033237314424994463
0.0009560229445506692
0.016933533003110242
0.0
0.0
0.004462791476068281
0.0
0.0030701754385964912
0.0
0.0002595043466978072
0.001692928766766506
0.006148491879350348
0.0
0.0
0.0
0.0
0.0
0.0
0.0024366471734892786
0.0030124262583155516
0.0
0.0
0.0
0.0
0.0021747009786154403
0.0
0.0
0.0014106181072069761
0.0023630021379543154
0.0024238227146814403
0.0
0.0
0.0
0.004145303807134286
0.0
0.0018701576275714667
0.0027137042062415195
0.0018325506814797848
0.0
0.0007082989021367017
0.0020996150705703954
0.0
0.0
0.0
0.0025926326023549746
0.0
0.0
0.003676936731330037
0.0
0.0
0.0
0.002001779359430605
0.0
0.0
0.0
0.0014421343588510995
0.00012761613067891782
0.0030313236780060626
0.004034357105674128
0.0
0.0
0.006709677419354839
0.006669402831931049
0.0020045101478326235
0.008666584127770213
0.0
0.0
0.0
0.0
0.002043318348998774
0.0017957927142124167
0.0
0.0
0.0
0.0