1 10 1293
2 10 1973
3 10 1681
4 10 2273
5 10 1985
6 10 1840
7 10 1724
8 10 2297
9 10 2370
10 10 1738
11 10 1631
12 10 1853
13 10 2041
14 10 2069
15 10 2039
16 10 2093
17 10 1885
18 10 1791
19 10 1824
20 10 1560
21 10 1714
22 10 2159
23 10 2425
24 10 1939
25 10 1705
26 10 1895
27 10 1996
28 10 2159
29 10 2348
30 10 2148
31 10 1806
32 10 1691
33 10 1968
34 10 1505
35 10 1569
36 10 1667
37 10 2104
38 10 2025
39 10 1159
40 10 1650
41 10 1934
42 10 1623
43 10 1843
44 10 1877
45 10 1992
46 10 2238
47 10 1886
48 10 2129
49 10 2288
50 10 2690
51 10 1887
52 10 1755
53 10 2351
54 10 1779
55 10 2159
56 10 2018
57 10 1763
58 10 2205
59 10 1927
60 10 1706
61 10 1341
62 10 1901
63 10 2083
64 10 1426
65 10 1812
66 10 1866
67 10 1765
68 10 1489
69 10 2027
70 10 2055
71 10 1843
72 10 1653
73 10 2261
74 10 1798
75 10 2385
76 10 1179
77 10 2047
78 10 1800
79 10 1625
80 10 2122
81 10 1918
82 10 1834
83 10 1751
84 10 2041
85 10 2454
86 10 1207
87 10 1792
88 10 1674
89 10 1655
90 10 1795
91 10 1629
92 10 2395
93 10 1356
94 10 1362
95 10 1811
96 10 1582
97 10 1480
98 10 2204
99 10 1738
100 10 2030