1 10 164
2 10 250
3 10 214
4 10 287
5 10 252
6 10 235
7 10 218
8 10 290
9 10 299
10 10 220
11 10 206
12 10 235
13 10 258
14 10 262
15 10 260
16 10 268
17 10 240
18 10 227
19 10 232
20 10 198
21 10 218
22 10 274
23 10 306
24 10 246
25 10 216
26 10 242
27 10 252
28 10 273
29 10 297
30 10 270
31 10 229
32 10 214
33 10 249
34 10 192
35 10 200
36 10 213
37 10 266
38 10 249
39 10 148
40 10 209
41 10 245
42 10 206
43 10 233
44 10 237
45 10 253
46 10 283
47 10 238
48 10 270
49 10 289
50 10 339
51 10 240
52 10 222
53 10 297
54 10 225
55 10 272
56 10 255
57 10 225
58 10 280
59 10 245
60 10 216
61 10 170
62 10 241
63 10 265
64 10 181
65 10 230
66 10 238
67 10 223
68 10 190
69 10 257
70 10 260
71 10 234
72 10 211
73 10 287
74 10 228
75 10 303
76 10 150
77 10 258
78 10 228
79 10 206
80 10 269
81 10 244
82 10 233
83 10 223
84 10 259
85 10 309
86 10 154
87 10 228
88 10 214
89 10 211
90 10 228
91 10 206
92 10 304
93 10 167
94 10 173
95 10 230
96 10 202
97 10 190
98 10 278
99 10 221
100 10 258