1 32 672
2 32 855
3 32 848
4 32 803
5 32 867
6 32 731
7 32 738
8 32 728
9 32 907
10 32 812
11 32 793
12 32 800
13 32 725
14 32 750
15 32 848
16 32 819
17 32 870
18 32 898
19 32 789
20 32 863
21 32 801
22 32 697
23 32 813
24 32 719
25 32 751
26 32 777
27 32 712
28 32 721
29 32 745
30 32 915
31 32 810
32 32 814
33 32 814
34 32 808
35 32 749
36 32 634
37 32 767
38 32 787
39 32 732
40 32 747
41 32 799
42 32 701
43 32 760
44 32 762
45 32 809
46 32 827
47 32 841
48 32 836
49 32 660
50 32 761
51 32 765
52 32 829
53 32 763
54 32 744
55 32 934
56 32 781
57 32 731
58 32 826
59 32 859
60 32 853
61 32 843
62 32 906
63 32 742
64 32 716
65 32 675
66 32 726
67 32 783
68 32 778
69 32 733
70 32 838
71 32 785
72 32 688
73 32 944
74 32 744
75 32 752
76 32 748
77 32 839
78 32 839
79 32 678
80 32 799
81 32 778
82 32 750
83 32 826
84 32 787
85 32 654
86 32 806
87 32 799
88 32 740
89 32 699
90 32 855
91 32 769
92 32 798
93 32 724
94 32 751
95 32 753
96 32 820
97 32 709
98 32 739
99 32 678
100 32 675