1 4 66
2 4 72
3 4 106
4 4 72
5 4 88
6 4 94
7 4 94
8 4 129
9 4 70
10 4 95
11 4 97
12 4 68
13 4 118
14 4 81
15 4 93
16 4 62
17 4 91
18 4 95
19 4 107
20 4 101
21 4 112
22 4 99
23 4 91
24 4 110
25 4 76
26 4 82
27 4 95
28 4 83
29 4 77
30 4 117
31 4 90
32 4 119
33 4 124
34 4 102
35 4 128
36 4 62
37 4 69
38 4 88
39 4 100
40 4 57
41 4 107
42 4 76
43 4 116
44 4 61
45 4 101
46 4 52
47 4 140
48 4 94
49 4 100
50 4 103
51 4 90
52 4 79
53 4 130
54 4 34
55 4 67
56 4 86
57 4 74
58 4 112
59 4 121
60 4 114
61 4 131
62 4 61
63 4 68
64 4 87
65 4 125
66 4 109
67 4 87
68 4 87
69 4 96
70 4 106
71 4 48
72 4 59
73 4 57
74 4 80
75 4 94
76 4 115
77 4 103
78 4 94
79 4 104
80 4 77
81 4 68
82 4 114
83 4 84
84 4 80
85 4 134
86 4 98
87 4 107
88 4 74
89 4 38
90 4 87
91 4 60
92 4 76
93 4 117
94 4 42
95 4 81
96 4 60
97 4 120
98 4 62
99 4 83
100 4 83