1.71661376953125e-05
1.33514404296875e-05
1.239776611328125e-05
1.2159347534179688e-05
1.1920928955078125e-05
1.239776611328125e-05
1.1920928955078125e-05
1.1682510375976562e-05
1.1682510375976562e-05
1.1920928955078125e-05
1.2159347534179688e-05
1.1682510375976562e-05
1.1682510375976562e-05
1.1920928955078125e-05
1.1920928955078125e-05
1.1920928955078125e-05
1.1682510375976562e-05
1.1920928955078125e-05
1.1920928955078125e-05
1.1682510375976562e-05
1.1682510375976562e-05
1.1920928955078125e-05
1.1682510375976562e-05
1.1682510375976562e-05
1.1444091796875e-05
1.1682510375976562e-05
1.1682510375976562e-05
1.1444091796875e-05
1.1682510375976562e-05
1.1682510375976562e-05
1.1682510375976562e-05
1.1920928955078125e-05
1.1682510375976562e-05
1.1682510375976562e-05
1.1444091796875e-05
1.1682510375976562e-05
1.1682510375976562e-05
1.2159347534179688e-05
1.1920928955078125e-05
1.1682510375976562e-05
1.1444091796875e-05
1.1444091796875e-05
1.1682510375976562e-05
1.1205673217773438e-05
1.1682510375976562e-05
1.1444091796875e-05
1.1444091796875e-05
5.316734313964844e-05
1.1920928955078125e-05
1.1920928955078125e-05
1.1682510375976562e-05
1.1444091796875e-05
1.1444091796875e-05
1.1682510375976562e-05
1.1444091796875e-05
1.2159347534179688e-05
1.1682510375976562e-05
1.2159347534179688e-05
1.1444091796875e-05
1.1444091796875e-05
1.1682510375976562e-05
1.1920928955078125e-05
1.1920928955078125e-05
1.1682510375976562e-05
1.1682510375976562e-05
1.1682510375976562e-05
1.1920928955078125e-05
1.1682510375976562e-05
1.1444091796875e-05
1.239776611328125e-05
1.1682510375976562e-05
1.1920928955078125e-05
1.1682510375976562e-05
1.1682510375976562e-05
1.1444091796875e-05
1.1444091796875e-05
1.1444091796875e-05
1.1682510375976562e-05
1.1920928955078125e-05
1.1682510375976562e-05
1.1444091796875e-05
1.2159347534179688e-05
2.384185791015625e-05
2.5033950805664062e-05
1.1444091796875e-05
1.1444091796875e-05
1.1444091796875e-05
1.1444091796875e-05
1.1920928955078125e-05
1.1444091796875e-05
1.2159347534179688e-05
1.1444091796875e-05
1.1682510375976562e-05
1.239776611328125e-05
1.1444091796875e-05
1.1444091796875e-05
1.1444091796875e-05
1.1444091796875e-05
1.1682510375976562e-05
1.1682510375976562e-05