0.01690840721130371
0.022009849548339844
0.02237248420715332
0.002789020538330078
0.025020122528076172
0.009014606475830078
0.01564168930053711
0.00687718391418457
0.004880189895629883
0.010404348373413086
0.0019233226776123047
0.008548498153686523
0.006989240646362305
0.02203536033630371
0.008208751678466797
0.0167849063873291
0.008502721786499023
0.0059926509857177734
0.0027964115142822266
0.009298086166381836
0.004736900329589844
0.013256549835205078
0.006648063659667969
0.0016243457794189453
0.00899815559387207
0.00751042366027832
0.02308487892150879
0.04201650619506836
0.021714448928833008
0.017511606216430664
0.0252685546875
0.009742498397827148
0.0015573501586914062
0.014093399047851562
0.02830219268798828
0.001249551773071289
0.005541086196899414
0.004329204559326172
0.005548238754272461
0.0012831687927246094
0.004899024963378906
0.014970541000366211
0.06994032859802246
0.023471593856811523
0.0035037994384765625
0.04103827476501465
0.02379012107849121
0.007855415344238281
0.008615732192993164
0.006639719009399414
0.017492294311523438
0.02586197853088379
0.03372049331665039
0.04317665100097656
0.01186680793762207
0.006603240966796875
0.008598804473876953
0.015037298202514648
0.05410408973693848
0.008605003356933594
0.009593725204467773
0.001313924789428711
0.006072044372558594
0.0023200511932373047
0.0564727783203125
0.026807785034179688
0.010632753372192383
0.0007834434509277344
0.018507003784179688
0.0035469532012939453
0.026010751724243164
0.012388229370117188
0.0010561943054199219
0.012674808502197266
0.004492998123168945
0.019721031188964844
0.014891862869262695
0.007427215576171875
0.012322187423706055
0.006587505340576172
0.006453037261962891
0.00839686393737793
0.06859588623046875
0.015503883361816406
0.008852481842041016
0.0560603141784668
0.0043926239013671875
0.008942842483520508
0.034464120864868164
0.0030295848846435547
0.010450124740600586
0.025402545928955078
0.010267257690429688
0.03148150444030762
0.034580230712890625
0.008184432983398438
0.0042417049407958984
0.00559544563293457
0.02822709083557129
0.012184619903564453