5.0067901611328125e-05
3.743171691894531e-05
3.457069396972656e-05
3.457069396972656e-05
3.337860107421875e-05
3.2901763916015625e-05
3.337860107421875e-05
3.2901763916015625e-05
3.2901763916015625e-05
3.314018249511719e-05
3.314018249511719e-05
3.24249267578125e-05
3.314018249511719e-05
6.747245788574219e-05
3.2901763916015625e-05
3.266334533691406e-05
3.266334533691406e-05
3.314018249511719e-05
3.2901763916015625e-05
3.314018249511719e-05
3.337860107421875e-05
3.2901763916015625e-05
3.266334533691406e-05
3.218650817871094e-05
3.266334533691406e-05
3.266334533691406e-05
3.2901763916015625e-05
3.266334533691406e-05
3.2901763916015625e-05
3.314018249511719e-05
3.2901763916015625e-05
3.266334533691406e-05
3.409385681152344e-05
3.2901763916015625e-05
3.24249267578125e-05
3.218650817871094e-05
3.1948089599609375e-05
3.266334533691406e-05
3.24249267578125e-05
3.24249267578125e-05
3.218650817871094e-05
3.361701965332031e-05
3.266334533691406e-05
3.2901763916015625e-05
3.24249267578125e-05
3.24249267578125e-05
3.1948089599609375e-05
3.266334533691406e-05
3.218650817871094e-05
3.3855438232421875e-05
3.266334533691406e-05
3.24249267578125e-05
3.218650817871094e-05
3.2901763916015625e-05
3.24249267578125e-05
3.266334533691406e-05
3.266334533691406e-05
3.409385681152344e-05
3.266334533691406e-05
3.2901763916015625e-05
3.266334533691406e-05
3.266334533691406e-05
3.266334533691406e-05
3.337860107421875e-05
3.24249267578125e-05
3.266334533691406e-05
3.1948089599609375e-05
3.218650817871094e-05
3.218650817871094e-05
3.2901763916015625e-05
3.2901763916015625e-05
3.218650817871094e-05
3.218650817871094e-05
3.24249267578125e-05
3.24249267578125e-05
3.24249267578125e-05
4.1961669921875e-05
3.24249267578125e-05
3.24249267578125e-05
3.981590270996094e-05
3.266334533691406e-05
3.24249267578125e-05
3.266334533691406e-05
3.2901763916015625e-05
3.218650817871094e-05
3.1948089599609375e-05
3.24249267578125e-05
3.24249267578125e-05
3.218650817871094e-05
3.218650817871094e-05
3.218650817871094e-05
3.1948089599609375e-05
3.24249267578125e-05
3.2901763916015625e-05
3.24249267578125e-05
3.24249267578125e-05
3.218650817871094e-05
3.218650817871094e-05
3.266334533691406e-05
3.24249267578125e-05