5.078315734863281e-05
4.410743713378906e-05
4.315376281738281e-05
4.2438507080078125e-05
4.363059997558594e-05
4.267692565917969e-05
4.291534423828125e-05
4.220008850097656e-05
4.2438507080078125e-05
4.1961669921875e-05
4.172325134277344e-05
4.1961669921875e-05
4.220008850097656e-05
4.2438507080078125e-05
4.315376281738281e-05
4.2438507080078125e-05
4.267692565917969e-05
4.315376281738281e-05
4.267692565917969e-05
4.220008850097656e-05
4.315376281738281e-05
4.1961669921875e-05
4.2438507080078125e-05
4.2438507080078125e-05
4.1961669921875e-05
4.1961669921875e-05
4.2438507080078125e-05
4.1961669921875e-05
4.172325134277344e-05
4.2438507080078125e-05
4.220008850097656e-05
4.2438507080078125e-05
4.2438507080078125e-05
4.172325134277344e-05
4.220008850097656e-05
4.2438507080078125e-05
4.1961669921875e-05
4.172325134277344e-05
4.1484832763671875e-05
4.1961669921875e-05
4.2438507080078125e-05
4.2438507080078125e-05
4.220008850097656e-05
4.220008850097656e-05
4.1484832763671875e-05
4.220008850097656e-05
4.172325134277344e-05
4.1961669921875e-05
4.172325134277344e-05
4.1961669921875e-05
4.1961669921875e-05
4.267692565917969e-05
4.220008850097656e-05
4.2438507080078125e-05
4.1961669921875e-05
4.2438507080078125e-05
4.1961669921875e-05
4.220008850097656e-05
4.2438507080078125e-05
3.4332275390625e-05
3.457069396972656e-05
3.457069396972656e-05
3.4332275390625e-05
3.4809112548828125e-05
3.4809112548828125e-05
3.457069396972656e-05
3.4332275390625e-05
3.4332275390625e-05
3.457069396972656e-05
3.409385681152344e-05
4.220008850097656e-05
3.4809112548828125e-05
3.528594970703125e-05
3.4332275390625e-05
3.504753112792969e-05
3.4332275390625e-05
3.4332275390625e-05
3.4809112548828125e-05
3.4809112548828125e-05
3.4809112548828125e-05
3.504753112792969e-05
3.4809112548828125e-05
3.457069396972656e-05
3.457069396972656e-05
3.504753112792969e-05
3.409385681152344e-05
3.528594970703125e-05
3.4809112548828125e-05
3.4809112548828125e-05
3.528594970703125e-05
3.504753112792969e-05
3.4809112548828125e-05
3.504753112792969e-05
3.504753112792969e-05
3.4332275390625e-05
3.504753112792969e-05
3.409385681152344e-05
3.4809112548828125e-05
3.504753112792969e-05
3.504753112792969e-05