3.075599670410156e-05
0.00010132789611816406
2.1219253540039062e-05
2.0503997802734375e-05
2.0742416381835938e-05
2.002716064453125e-05
2.0265579223632812e-05
2.0265579223632812e-05
2.002716064453125e-05
2.0503997802734375e-05
2.0265579223632812e-05
2.0265579223632812e-05
2.0265579223632812e-05
2.0265579223632812e-05
1.9788742065429688e-05
2.0265579223632812e-05
2.0265579223632812e-05
2.0265579223632812e-05
2.0503997802734375e-05
2.002716064453125e-05
5.221366882324219e-05
3.457069396972656e-05
3.2901763916015625e-05
2.0265579223632812e-05
2.0742416381835938e-05
1.9788742065429688e-05
2.0265579223632812e-05
2.002716064453125e-05
2.002716064453125e-05
2.0265579223632812e-05
1.9788742065429688e-05
2.002716064453125e-05
1.9788742065429688e-05
2.002716064453125e-05
5.3882598876953125e-05
3.7670135498046875e-05
3.719329833984375e-05
2.0742416381835938e-05
5.91278076171875e-05
2.1696090698242188e-05
2.2649765014648438e-05
2.193450927734375e-05
2.1219253540039062e-05
2.2649765014648438e-05
2.2411346435546875e-05
4.291534423828125e-05
2.1696090698242188e-05
6.29425048828125e-05
5.841255187988281e-05
6.246566772460938e-05
0.0001862049102783203
2.5987625122070312e-05
2.5033950805664062e-05
2.3126602172851562e-05
6.461143493652344e-05
0.00010251998901367188
2.5033950805664062e-05
2.384185791015625e-05
2.4080276489257812e-05
2.288818359375e-05
2.3365020751953125e-05
2.3365020751953125e-05
2.288818359375e-05
2.3603439331054688e-05
2.384185791015625e-05
2.2649765014648438e-05
2.3365020751953125e-05
2.288818359375e-05
2.3126602172851562e-05
2.2649765014648438e-05
2.288818359375e-05
2.2172927856445312e-05
2.2411346435546875e-05
2.3126602172851562e-05
2.288818359375e-05
2.3126602172851562e-05
2.3126602172851562e-05
2.3126602172851562e-05
2.3126602172851562e-05
2.3365020751953125e-05
2.2649765014648438e-05
2.2649765014648438e-05
2.288818359375e-05
2.288818359375e-05
2.3603439331054688e-05
2.288818359375e-05
2.2172927856445312e-05
2.288818359375e-05
2.3126602172851562e-05
2.3126602172851562e-05
2.288818359375e-05
2.288818359375e-05
2.3126602172851562e-05
2.3126602172851562e-05
2.3126602172851562e-05
2.3365020751953125e-05
5.245208740234375e-05
3.886222839355469e-05
2.09808349609375e-05
2.0742416381835938e-05