1 30 6989
2 30 7778
3 30 8152
4 30 6556
5 30 8310
6 30 8233
7 30 6688
8 30 7697
9 30 7914
10 30 8645
11 30 6571
12 30 7403
13 30 5582
14 30 6144
15 30 7061
16 30 5898
17 30 8034
18 30 6726
19 30 8372
20 30 6828
21 30 7106
22 30 6867
23 30 6587
24 30 7155
25 30 8048
26 30 6564
27 30 6423
28 30 8109
29 30 7727
30 30 7765
31 30 6723
32 30 7515
33 30 6715
34 30 6651
35 30 6912
36 30 6305
37 30 7401
38 30 6525
39 30 8007
40 30 7585
41 30 7360
42 30 7909
43 30 7749
44 30 7602
45 30 6852
46 30 6317
47 30 6957
48 30 7853
49 30 7316
50 30 7584
51 30 6159
52 30 7897
53 30 7792
54 30 7137
55 30 7711
56 30 6135
57 30 7432
58 30 7089
59 30 6013
60 30 6189
61 30 7050
62 30 7586
63 30 7576
64 30 7887
65 30 7002
66 30 7353
67 30 8126
68 30 7275
69 30 7294
70 30 7474
71 30 5567
72 30 7175
73 30 6113
74 30 7048
75 30 7234
76 30 7699
77 30 7215
78 30 7156
79 30 7590
80 30 7214
81 30 7601
82 30 6596
83 30 7173
84 30 8143
85 30 7256
86 30 8009
87 30 6778
88 30 7033
89 30 6889
90 30 5885
91 30 7811
92 30 6871
93 30 8313
94 30 6720
95 30 6647
96 30 6637
97 30 7130
98 30 6909
99 30 7253
100 30 6885