1.4781951904296875e-05
1.0013580322265625e-05
8.58306884765625e-06
8.344650268554688e-06
8.344650268554688e-06
8.106231689453125e-06
8.106231689453125e-06
8.106231689453125e-06
8.344650268554688e-06
8.344650268554688e-06
8.106231689453125e-06
1.7404556274414062e-05
8.344650268554688e-06
8.106231689453125e-06
3.4809112548828125e-05
8.106231689453125e-06
8.344650268554688e-06
8.58306884765625e-06
8.58306884765625e-06
8.106231689453125e-06
8.58306884765625e-06
8.344650268554688e-06
8.344650268554688e-06
8.106231689453125e-06
8.344650268554688e-06
7.867813110351562e-06
8.106231689453125e-06
8.106231689453125e-06
2.384185791015625e-05
7.867813110351562e-06
8.58306884765625e-06
7.867813110351562e-06
8.106231689453125e-06
2.956390380859375e-05
2.6941299438476562e-05
8.344650268554688e-06
8.58306884765625e-06
7.867813110351562e-06
8.106231689453125e-06
7.867813110351562e-06
7.867813110351562e-06
8.106231689453125e-06
8.58306884765625e-06
8.106231689453125e-06
8.344650268554688e-06
7.867813110351562e-06
8.106231689453125e-06
7.867813110351562e-06
8.344650268554688e-06
2.47955322265625e-05
7.867813110351562e-06
8.106231689453125e-06
7.867813110351562e-06
8.106231689453125e-06
7.867813110351562e-06
8.58306884765625e-06
7.867813110351562e-06
8.106231689453125e-06
8.106231689453125e-06
8.106231689453125e-06
7.867813110351562e-06
8.106231689453125e-06
8.344650268554688e-06
7.867813110351562e-06
8.106231689453125e-06
8.106231689453125e-06
8.58306884765625e-06
8.344650268554688e-06
8.106231689453125e-06
8.106231689453125e-06
8.106231689453125e-06
7.62939453125e-06
8.344650268554688e-06
8.106231689453125e-06
8.106231689453125e-06
7.867813110351562e-06
7.867813110351562e-06
8.106231689453125e-06
8.106231689453125e-06
8.344650268554688e-06
7.867813110351562e-06
8.106231689453125e-06
8.106231689453125e-06
7.62939453125e-06
8.344650268554688e-06
8.58306884765625e-06
7.867813110351562e-06
7.867813110351562e-06
8.344650268554688e-06
8.58306884765625e-06
3.1948089599609375e-05
8.344650268554688e-06
8.106231689453125e-06
8.344650268554688e-06
8.821487426757812e-06
8.821487426757812e-06
2.5272369384765625e-05
8.58306884765625e-06
8.106231689453125e-06
8.106231689453125e-06