1.9073486328125e-05
1.6927719116210938e-05
1.5735626220703125e-05
1.52587890625e-05
1.5020370483398438e-05
1.52587890625e-05
1.52587890625e-05
1.52587890625e-05
1.4781951904296875e-05
1.52587890625e-05
1.5497207641601562e-05
1.5497207641601562e-05
1.5497207641601562e-05
1.52587890625e-05
1.5735626220703125e-05
1.5020370483398438e-05
1.5497207641601562e-05
1.5020370483398438e-05
1.5020370483398438e-05
1.52587890625e-05
1.5497207641601562e-05
1.5020370483398438e-05
1.5020370483398438e-05
1.4781951904296875e-05
1.52587890625e-05
1.52587890625e-05
1.5020370483398438e-05
3.695487976074219e-05
1.52587890625e-05
1.5020370483398438e-05
1.5020370483398438e-05
1.5497207641601562e-05
1.6450881958007812e-05
1.5974044799804688e-05
1.621246337890625e-05
1.621246337890625e-05
1.621246337890625e-05
1.6689300537109375e-05
1.6689300537109375e-05
1.52587890625e-05
1.5020370483398438e-05
1.4781951904296875e-05
1.5020370483398438e-05
1.52587890625e-05
1.5020370483398438e-05
1.52587890625e-05
1.52587890625e-05
1.5735626220703125e-05
1.52587890625e-05
1.4781951904296875e-05
1.52587890625e-05
1.52587890625e-05
1.52587890625e-05
1.52587890625e-05
1.52587890625e-05
1.5020370483398438e-05
1.4781951904296875e-05
1.5735626220703125e-05
1.5497207641601562e-05
1.5735626220703125e-05
1.52587890625e-05
1.5497207641601562e-05
1.5735626220703125e-05
1.52587890625e-05
1.4781951904296875e-05
1.52587890625e-05
1.5020370483398438e-05
1.5020370483398438e-05
1.52587890625e-05
1.5497207641601562e-05
1.5020370483398438e-05
1.5020370483398438e-05
1.5020370483398438e-05
1.52587890625e-05
1.5020370483398438e-05
1.5020370483398438e-05
1.5020370483398438e-05
1.5020370483398438e-05
1.5497207641601562e-05
1.5020370483398438e-05
1.4781951904296875e-05
1.5497207641601562e-05
1.52587890625e-05
1.52587890625e-05
1.52587890625e-05
6.222724914550781e-05
1.621246337890625e-05
2.765655517578125e-05
1.5020370483398438e-05
1.5497207641601562e-05
1.5020370483398438e-05
1.52587890625e-05
1.5020370483398438e-05
1.5497207641601562e-05
1.4781951904296875e-05
1.4781951904296875e-05
1.5020370483398438e-05
1.5020370483398438e-05
1.5020370483398438e-05
1.5020370483398438e-05