3.457069396972656e-05
3.0517578125e-05
2.9087066650390625e-05
2.9325485229492188e-05
2.9802322387695312e-05
2.9087066650390625e-05
2.9087066650390625e-05
2.9325485229492188e-05
2.9325485229492188e-05
2.8848648071289062e-05
2.9087066650390625e-05
2.8848648071289062e-05
2.9087066650390625e-05
2.9325485229492188e-05
2.9325485229492188e-05
2.9802322387695312e-05
2.9087066650390625e-05
2.8848648071289062e-05
2.9802322387695312e-05
2.8848648071289062e-05
2.8848648071289062e-05
2.8848648071289062e-05
2.9087066650390625e-05
2.9325485229492188e-05
2.8848648071289062e-05
2.9802322387695312e-05
2.9087066650390625e-05
2.9087066650390625e-05
2.9087066650390625e-05
2.9087066650390625e-05
2.86102294921875e-05
2.9325485229492188e-05
2.8848648071289062e-05
2.9325485229492188e-05
2.8848648071289062e-05
2.8848648071289062e-05
2.8848648071289062e-05
2.956390380859375e-05
2.86102294921875e-05
2.8848648071289062e-05
2.8848648071289062e-05
2.86102294921875e-05
2.9087066650390625e-05
2.9325485229492188e-05
2.9087066650390625e-05
2.8848648071289062e-05
2.956390380859375e-05
2.86102294921875e-05
2.9325485229492188e-05
2.9087066650390625e-05
8.487701416015625e-05
2.8848648071289062e-05
2.8848648071289062e-05
2.9325485229492188e-05
2.8848648071289062e-05
2.9087066650390625e-05
2.9325485229492188e-05
2.9087066650390625e-05
2.9087066650390625e-05
2.9087066650390625e-05
2.9087066650390625e-05
2.86102294921875e-05
2.9087066650390625e-05
2.9325485229492188e-05
2.956390380859375e-05
2.956390380859375e-05
2.8848648071289062e-05
2.9087066650390625e-05
2.9087066650390625e-05
2.9087066650390625e-05
2.9087066650390625e-05
2.8371810913085938e-05
2.956390380859375e-05
2.9087066650390625e-05
2.9087066650390625e-05
2.9325485229492188e-05
2.9087066650390625e-05
2.8848648071289062e-05
2.9325485229492188e-05
2.8848648071289062e-05
2.86102294921875e-05
2.8848648071289062e-05
2.9087066650390625e-05
2.9325485229492188e-05
2.9087066650390625e-05
2.9087066650390625e-05
2.8848648071289062e-05
2.956390380859375e-05
2.9325485229492188e-05
2.8848648071289062e-05
2.9087066650390625e-05
4.792213439941406e-05
3.0040740966796875e-05
4.124641418457031e-05
2.7894973754882812e-05
2.7894973754882812e-05
2.8133392333984375e-05
2.7894973754882812e-05
2.7894973754882812e-05
2.86102294921875e-05