1 15 3157
2 15 3971
3 15 3568
4 15 4066
5 15 3443
6 15 4157
7 15 3865
8 15 3995
9 15 3650
10 15 4171
11 15 4110
12 15 3817
13 15 2588
14 15 3155
15 15 2734
16 15 3127
17 15 2586
18 15 3020
19 15 3780
20 15 3540
21 15 2479
22 15 3329
23 15 3729
24 15 3810
25 15 3727
26 15 3947
27 15 3476
28 15 4146
29 15 4093
30 15 3152
31 15 3112
32 15 3339
33 15 3356
34 15 4576
35 15 3605
36 15 3270
37 15 2962
38 15 3755
39 15 4199
40 15 3789
41 15 2667
42 15 3689
43 15 2996
44 15 3620
45 15 2846
46 15 3925
47 15 3101
48 15 3893
49 15 3071
50 15 4243
51 15 3147
52 15 3958
53 15 3271
54 15 3825
55 15 3228
56 15 4510
57 15 4007
58 15 2117
59 15 3042
60 15 3343
61 15 2898
62 15 5074
63 15 3659
64 15 3107
65 15 3923
66 15 2705
67 15 4062
68 15 3364
69 15 2837
70 15 3952
71 15 3482
72 15 3055
73 15 4819
74 15 3060
75 15 3224
76 15 3907
77 15 3896
78 15 3263
79 15 4555
80 15 4240
81 15 4197
82 15 3120
83 15 2433
84 15 3583
85 15 3780
86 15 3362
87 15 4044
88 15 2998
89 15 3215
90 15 3804
91 15 3172
92 15 3712
93 15 3657
94 15 3341
95 15 3996
96 15 4125
97 15 3854
98 15 3517
99 15 4091
100 15 3134