6.437301635742188e-05
2.8371810913085938e-05
2.574920654296875e-05
2.5272369384765625e-05
2.47955322265625e-05
2.5033950805664062e-05
2.5033950805664062e-05
2.5272369384765625e-05
2.47955322265625e-05
2.47955322265625e-05
2.5033950805664062e-05
2.47955322265625e-05
2.4557113647460938e-05
2.47955322265625e-05
2.4557113647460938e-05
2.47955322265625e-05
2.47955322265625e-05
2.4557113647460938e-05
2.4557113647460938e-05
2.47955322265625e-05
2.5272369384765625e-05
2.4318695068359375e-05
2.4080276489257812e-05
4.363059997558594e-05
3.7670135498046875e-05
2.4557113647460938e-05
2.4557113647460938e-05
2.4557113647460938e-05
2.4318695068359375e-05
2.4318695068359375e-05
2.4318695068359375e-05
2.5033950805664062e-05
2.4557113647460938e-05
2.5033950805664062e-05
2.5033950805664062e-05
2.4318695068359375e-05
2.4557113647460938e-05
2.47955322265625e-05
7.724761962890625e-05
7.987022399902344e-05
2.9325485229492188e-05
5.936622619628906e-05
2.5272369384765625e-05
2.6226043701171875e-05
2.5033950805664062e-05
2.47955322265625e-05
2.5272369384765625e-05
2.5272369384765625e-05
2.4318695068359375e-05
2.47955322265625e-05
2.4318695068359375e-05
5.841255187988281e-05
2.6226043701171875e-05
2.5272369384765625e-05
2.4318695068359375e-05
2.47955322265625e-05
2.4557113647460938e-05
2.4557113647460938e-05
2.4318695068359375e-05
2.4557113647460938e-05
2.4557113647460938e-05
2.4557113647460938e-05
2.4557113647460938e-05
4.458427429199219e-05
2.6464462280273438e-05
7.152557373046875e-05
2.4557113647460938e-05
2.4557113647460938e-05
2.5510787963867188e-05
2.47955322265625e-05
2.5033950805664062e-05
2.5272369384765625e-05
2.47955322265625e-05
2.5033950805664062e-05
2.47955322265625e-05
2.5272369384765625e-05
2.4557113647460938e-05
2.47955322265625e-05
2.47955322265625e-05
2.5033950805664062e-05
2.4557113647460938e-05
2.4557113647460938e-05
2.384185791015625e-05
2.47955322265625e-05
2.4318695068359375e-05
2.4557113647460938e-05
2.5987625122070312e-05
2.5033950805664062e-05
2.4557113647460938e-05
2.4557113647460938e-05
2.4557113647460938e-05
2.47955322265625e-05
2.4318695068359375e-05
2.5033950805664062e-05
2.47955322265625e-05
2.4557113647460938e-05
2.4557113647460938e-05
2.4557113647460938e-05
2.47955322265625e-05
2.4557113647460938e-05