4.76837158203125e-05
3.0994415283203125e-05
3.528594970703125e-05
3.123283386230469e-05
3.743171691894531e-05
6.270408630371094e-05
3.0517578125e-05
2.8848648071289062e-05
2.956390380859375e-05
2.9087066650390625e-05
2.86102294921875e-05
2.8848648071289062e-05
2.9087066650390625e-05
2.8848648071289062e-05
2.8848648071289062e-05
2.86102294921875e-05
6.198883056640625e-05
3.123283386230469e-05
2.86102294921875e-05
2.86102294921875e-05
2.8848648071289062e-05
2.8371810913085938e-05
2.86102294921875e-05
2.9087066650390625e-05
2.86102294921875e-05
2.8848648071289062e-05
2.86102294921875e-05
2.86102294921875e-05
2.86102294921875e-05
2.8371810913085938e-05
2.86102294921875e-05
2.86102294921875e-05
2.9325485229492188e-05
2.8848648071289062e-05
2.9087066650390625e-05
2.9325485229492188e-05
2.86102294921875e-05
6.175041198730469e-05
4.315376281738281e-05
2.8848648071289062e-05
2.9325485229492188e-05
2.956390380859375e-05
2.8848648071289062e-05
2.86102294921875e-05
2.8848648071289062e-05
2.956390380859375e-05
2.9087066650390625e-05
2.8371810913085938e-05
2.8371810913085938e-05
2.86102294921875e-05
2.8371810913085938e-05
2.8848648071289062e-05
2.8371810913085938e-05
2.8371810913085938e-05
2.9087066650390625e-05
2.8371810913085938e-05
2.8848648071289062e-05
2.8848648071289062e-05
4.8160552978515625e-05
4.220008850097656e-05
2.9087066650390625e-05
2.8848648071289062e-05
2.8848648071289062e-05
2.8848648071289062e-05
2.9087066650390625e-05
2.86102294921875e-05
2.8848648071289062e-05
2.8371810913085938e-05
2.8371810913085938e-05
2.86102294921875e-05
2.9087066650390625e-05
2.86102294921875e-05
2.9087066650390625e-05
2.8848648071289062e-05
2.8848648071289062e-05
2.86102294921875e-05
2.8848648071289062e-05
2.9325485229492188e-05
2.86102294921875e-05
2.86102294921875e-05
8.368492126464844e-05
2.86102294921875e-05
2.86102294921875e-05
2.9325485229492188e-05
2.8848648071289062e-05
2.8371810913085938e-05
2.8848648071289062e-05
2.9087066650390625e-05
2.86102294921875e-05
2.86102294921875e-05
2.956390380859375e-05
2.86102294921875e-05
2.86102294921875e-05
2.86102294921875e-05
3.075599670410156e-05
2.8848648071289062e-05
2.8371810913085938e-05
2.86102294921875e-05
2.86102294921875e-05
4.7206878662109375e-05