0.10028553009033203
0.1373128890991211
0.120574951171875
0.1043858528137207
0.11317658424377441
0.12494802474975586
0.08783745765686035
0.10093283653259277
0.11027312278747559
0.13948750495910645
0.19601845741271973
0.13159751892089844
0.11230611801147461
0.14042401313781738
0.15679717063903809
0.13193917274475098
0.1441183090209961
0.11491823196411133
0.21018409729003906
0.13315105438232422
0.1359868049621582
0.13467073440551758
0.12347674369812012
0.10909318923950195
0.09972548484802246
0.12813305854797363
0.09061527252197266
0.08870053291320801
0.12007784843444824
0.1028604507446289
0.1378946304321289
0.11296677589416504
0.1028597354888916
0.12534165382385254
0.13734769821166992
0.08748745918273926
0.10167360305786133
0.12296676635742188
0.11536359786987305
0.0842134952545166
0.11516165733337402
0.10499310493469238
0.10193657875061035
0.11420965194702148
0.10091137886047363
0.09829974174499512
0.09328961372375488
0.10736727714538574
0.08535027503967285
0.11438512802124023
0.09969854354858398
0.10709071159362793
0.0978097915649414
0.15685510635375977
0.18547725677490234
0.1033327579498291
0.16368699073791504
0.13512229919433594
0.09748411178588867
0.08618807792663574
0.14166903495788574
0.17681145668029785
0.08863711357116699
0.09519624710083008
0.09200072288513184
0.15093350410461426
0.12204432487487793
0.13621068000793457
0.13304996490478516
0.12911486625671387
0.1294269561767578
0.09930253028869629
0.1356363296508789
0.12053251266479492
0.12394309043884277
0.16195344924926758
0.22754788398742676
0.14464831352233887
0.12633800506591797
0.15151286125183105
0.12840056419372559
0.12088274955749512
0.1146242618560791
0.10291767120361328
0.11247920989990234
0.08164095878601074
0.07849717140197754
0.10341334342956543
0.14944100379943848
0.14158201217651367
0.16777610778808594
0.10634350776672363
0.13823866844177246
0.10624265670776367
0.08145570755004883
0.08344149589538574
0.11878371238708496
0.1442415714263916
0.13535404205322266
0.1430530548095703