0.0071408748626708984
0.010868310928344727
0.013777494430541992
0.010204076766967773
0.011557340621948242
0.011910200119018555
0.013705730438232422
0.018613576889038086
0.01587700843811035
0.013304710388183594
0.01332998275756836
0.0164639949798584
0.022457599639892578
0.01695728302001953
0.017365455627441406
0.01811075210571289
0.011231422424316406
0.013165950775146484
0.017840862274169922
0.012056827545166016
0.0060498714447021484
0.010423660278320312
0.01849651336669922
0.0036916732788085938
0.016672611236572266
0.01750802993774414
0.016527891159057617
0.019131183624267578
0.023044109344482422
0.01015925407409668
0.0042154788970947266
0.013565540313720703
0.017130374908447266
0.01259469985961914
0.01203465461730957
0.011026620864868164
0.014816522598266602
0.017057180404663086
0.006988525390625
0.013459205627441406
0.02025318145751953
0.013108015060424805
0.00545811653137207
0.010651826858520508
0.013443470001220703
0.019756793975830078
0.013198375701904297
0.0194242000579834
0.0056879520416259766
0.025861501693725586
0.01360630989074707
0.01566314697265625
0.01762700080871582
0.017004728317260742
0.011751890182495117
0.011130332946777344
0.01174473762512207
0.02064347267150879
0.012160539627075195
0.013740301132202148
0.010388612747192383
0.023671388626098633
0.01533055305480957
0.00857090950012207
0.016295909881591797
0.02086353302001953
0.01985025405883789
0.015562295913696289
0.015669584274291992
0.01314854621887207
0.01747918128967285
0.012372970581054688
0.018500328063964844
0.011545181274414062
0.018805503845214844
0.010854482650756836
0.021283626556396484
0.011286020278930664
0.018460988998413086
0.019936084747314453
0.012003421783447266
0.017314434051513672
0.019327640533447266
0.020431995391845703
0.029921770095825195
0.011622190475463867
0.014132022857666016
0.006860971450805664
0.016703367233276367
0.019189119338989258
0.009481430053710938
0.01918196678161621
0.011898517608642578
0.010033130645751953
0.014415740966796875
0.012868165969848633
0.006911277770996094
0.01964402198791504
0.013477802276611328
0.01044464111328125