0.02987051010131836
0.032355546951293945
0.03554725646972656
0.032451629638671875
0.03276205062866211
0.03630518913269043
0.035814762115478516
0.03742337226867676
0.04237246513366699
0.030164241790771484
0.02468562126159668
0.030872583389282227
0.041391849517822266
0.03582477569580078
0.026619672775268555
0.015371084213256836
0.032958269119262695
0.028374433517456055
0.032388925552368164
0.0388493537902832
0.0199129581451416
0.039255380630493164
0.0435793399810791
0.028001785278320312
0.03581953048706055
0.04169058799743652
0.041373252868652344
0.030168533325195312
0.03513979911804199
0.022365093231201172
0.029029369354248047
0.035724639892578125
0.03220081329345703
0.0496368408203125
0.03252220153808594
0.035546064376831055
0.028789758682250977
0.03200721740722656
0.02700972557067871
0.04137229919433594
0.031042814254760742
0.050782203674316406
0.028357982635498047
0.04139399528503418
0.0372471809387207
0.025536775588989258
0.03892946243286133
0.0277557373046875
0.04321908950805664
0.02284526824951172
0.03730273246765137
0.036604881286621094
0.026085853576660156
0.04106473922729492
0.030450105667114258
0.03358340263366699
0.030051469802856445
0.021927356719970703
0.036063194274902344
0.024950504302978516
0.024737119674682617
0.04258847236633301
0.024245738983154297
0.023081064224243164
0.03738903999328613
0.035329341888427734
0.03140974044799805
0.03624701499938965
0.03919553756713867
0.033563852310180664
0.02667403221130371
0.03667330741882324
0.0325624942779541
0.02553105354309082
0.02745342254638672
0.0396883487701416
0.0426177978515625
0.03126883506774902
0.03286910057067871
0.03776717185974121
0.03251218795776367
0.03563523292541504
0.0352780818939209
0.034671783447265625
0.04455065727233887
0.02226996421813965
0.041947364807128906
0.028357982635498047
0.030689001083374023
0.04526209831237793
0.029979467391967773
0.02714991569519043
0.035626888275146484
0.04060220718383789
0.043698787689208984
0.041475534439086914
0.025763988494873047
0.025633573532104492
0.03872537612915039
0.03639078140258789