1.5020370483398438e-05
9.775161743164062e-06
8.821487426757812e-06
8.58306884765625e-06
7.62939453125e-06
7.867813110351562e-06
7.867813110351562e-06
7.867813110351562e-06
7.62939453125e-06
7.867813110351562e-06
7.62939453125e-06
7.867813110351562e-06
7.62939453125e-06
7.62939453125e-06
8.106231689453125e-06
7.867813110351562e-06
7.62939453125e-06
7.62939453125e-06
7.867813110351562e-06
7.867813110351562e-06
8.106231689453125e-06
7.867813110351562e-06
7.867813110351562e-06
7.62939453125e-06
7.867813110351562e-06
7.867813110351562e-06
7.3909759521484375e-06
7.62939453125e-06
7.62939453125e-06
7.867813110351562e-06
7.62939453125e-06
8.106231689453125e-06
7.867813110351562e-06
7.62939453125e-06
7.62939453125e-06
7.62939453125e-06
8.106231689453125e-06
7.867813110351562e-06
8.106231689453125e-06
7.62939453125e-06
7.867813110351562e-06
7.3909759521484375e-06
7.62939453125e-06
7.867813110351562e-06
7.62939453125e-06
7.62939453125e-06
7.62939453125e-06
7.62939453125e-06
7.62939453125e-06
7.867813110351562e-06
7.62939453125e-06
7.62939453125e-06
8.106231689453125e-06
7.867813110351562e-06
7.867813110351562e-06
7.62939453125e-06
7.62939453125e-06
7.62939453125e-06
7.867813110351562e-06
7.867813110351562e-06
7.62939453125e-06
7.62939453125e-06
8.106231689453125e-06
7.62939453125e-06
7.62939453125e-06
7.62939453125e-06
8.106231689453125e-06
8.106231689453125e-06
8.106231689453125e-06
7.62939453125e-06
7.62939453125e-06
7.62939453125e-06
7.867813110351562e-06
7.62939453125e-06
7.867813110351562e-06
7.62939453125e-06
7.867813110351562e-06
7.867813110351562e-06
7.867813110351562e-06
7.62939453125e-06
7.62939453125e-06
8.106231689453125e-06
8.58306884765625e-06
7.62939453125e-06
7.867813110351562e-06
7.867813110351562e-06
8.106231689453125e-06
7.867813110351562e-06
8.106231689453125e-06
7.62939453125e-06
7.62939453125e-06
7.867813110351562e-06
7.62939453125e-06
7.867813110351562e-06
8.106231689453125e-06
7.62939453125e-06
7.62939453125e-06
7.867813110351562e-06
8.106231689453125e-06
7.62939453125e-06