4.5299530029296875e-05
2.0742416381835938e-05
1.9311904907226562e-05
1.8835067749023438e-05
1.8358230590820312e-05
1.8596649169921875e-05
1.8596649169921875e-05
1.9311904907226562e-05
1.811981201171875e-05
1.8358230590820312e-05
1.7881393432617188e-05
1.8358230590820312e-05
1.8596649169921875e-05
1.8596649169921875e-05
1.811981201171875e-05
1.8835067749023438e-05
1.8596649169921875e-05
1.8596649169921875e-05
1.811981201171875e-05
1.8358230590820312e-05
1.811981201171875e-05
1.811981201171875e-05
1.8835067749023438e-05
2.09808349609375e-05
1.8835067749023438e-05
1.9311904907226562e-05
1.9550323486328125e-05
2.4318695068359375e-05
1.9311904907226562e-05
1.9788742065429688e-05
1.9550323486328125e-05
1.9788742065429688e-05
1.9311904907226562e-05
1.8596649169921875e-05
1.9073486328125e-05
1.8358230590820312e-05
1.8358230590820312e-05
1.8596649169921875e-05
1.8835067749023438e-05
1.8358230590820312e-05
1.811981201171875e-05
1.811981201171875e-05
1.811981201171875e-05
1.8358230590820312e-05
1.811981201171875e-05
1.7881393432617188e-05
1.8596649169921875e-05
1.7881393432617188e-05
1.811981201171875e-05
1.811981201171875e-05
1.811981201171875e-05
1.811981201171875e-05
1.7881393432617188e-05
1.8358230590820312e-05
1.8596649169921875e-05
1.8358230590820312e-05
1.8358230590820312e-05
1.7881393432617188e-05
1.8358230590820312e-05
1.811981201171875e-05
1.811981201171875e-05
1.811981201171875e-05
1.811981201171875e-05
1.7642974853515625e-05
1.811981201171875e-05
1.8358230590820312e-05
1.8358230590820312e-05
1.8358230590820312e-05
1.7881393432617188e-05
1.8358230590820312e-05
1.811981201171875e-05
1.8358230590820312e-05
1.8358230590820312e-05
1.8358230590820312e-05
1.8835067749023438e-05
1.9073486328125e-05
1.8358230590820312e-05
1.8358230590820312e-05
1.811981201171875e-05
1.811981201171875e-05
1.8358230590820312e-05
1.8358230590820312e-05
1.8358230590820312e-05
1.811981201171875e-05
1.7881393432617188e-05
1.811981201171875e-05
1.8358230590820312e-05
1.8358230590820312e-05
1.811981201171875e-05
1.8358230590820312e-05
1.811981201171875e-05
1.7642974853515625e-05
1.811981201171875e-05
1.8358230590820312e-05
1.8596649169921875e-05
1.7881393432617188e-05
1.811981201171875e-05
1.8358230590820312e-05
1.811981201171875e-05
1.8358230590820312e-05