2.8133392333984375e-05
9.775161743164062e-06
8.344650268554688e-06
8.58306884765625e-06
8.344650268554688e-06
2.1696090698242188e-05
8.58306884765625e-06
8.344650268554688e-06
1.5497207641601562e-05
8.58306884765625e-06
8.106231689453125e-06
8.106231689453125e-06
8.821487426757812e-06
8.106231689453125e-06
8.106231689453125e-06
7.62939453125e-06
2.6464462280273438e-05
2.4557113647460938e-05
2.4080276489257812e-05
7.62939453125e-06
8.344650268554688e-06
2.1457672119140625e-05
8.344650268554688e-06
8.344650268554688e-06
8.106231689453125e-06
7.867813110351562e-06
8.344650268554688e-06
8.58306884765625e-06
8.344650268554688e-06
7.867813110351562e-06
7.867813110351562e-06
8.344650268554688e-06
8.821487426757812e-06
8.106231689453125e-06
8.344650268554688e-06
8.58306884765625e-06
7.867813110351562e-06
7.867813110351562e-06
8.106231689453125e-06
8.106231689453125e-06
8.106231689453125e-06
7.867813110351562e-06
7.867813110351562e-06
7.867813110351562e-06
8.344650268554688e-06
7.62939453125e-06
7.62939453125e-06
7.62939453125e-06
9.298324584960938e-06
7.867813110351562e-06
7.867813110351562e-06
7.867813110351562e-06
7.62939453125e-06
7.62939453125e-06
7.62939453125e-06
7.62939453125e-06
7.62939453125e-06
7.867813110351562e-06
7.867813110351562e-06
8.106231689453125e-06
7.867813110351562e-06
8.106231689453125e-06
7.867813110351562e-06
7.867813110351562e-06
2.6941299438476562e-05
8.58306884765625e-06
8.58306884765625e-06
9.298324584960938e-06
9.298324584960938e-06
8.106231689453125e-06
2.574920654296875e-05
7.867813110351562e-06
2.86102294921875e-05
8.58306884765625e-06
2.5987625122070312e-05
7.3909759521484375e-06
7.62939453125e-06
7.3909759521484375e-06
7.3909759521484375e-06
7.3909759521484375e-06
7.62939453125e-06
7.867813110351562e-06
7.3909759521484375e-06
7.62939453125e-06
9.298324584960938e-06
7.62939453125e-06
7.3909759521484375e-06
7.3909759521484375e-06
7.3909759521484375e-06
7.867813110351562e-06
7.3909759521484375e-06
7.62939453125e-06
7.3909759521484375e-06
7.62939453125e-06
7.62939453125e-06
7.3909759521484375e-06
7.3909759521484375e-06
7.3909759521484375e-06
7.867813110351562e-06
7.3909759521484375e-06