2.765655517578125e-05
2.0265579223632812e-05
1.9788742065429688e-05
1.8835067749023438e-05
1.8596649169921875e-05
1.8835067749023438e-05
1.8835067749023438e-05
1.811981201171875e-05
1.8358230590820312e-05
1.8358230590820312e-05
1.8358230590820312e-05
1.8358230590820312e-05
1.8358230590820312e-05
1.8358230590820312e-05
1.8358230590820312e-05
1.8358230590820312e-05
1.8596649169921875e-05
1.8835067749023438e-05
1.8596649169921875e-05
1.811981201171875e-05
1.8596649169921875e-05
1.8358230590820312e-05
1.8358230590820312e-05
1.9073486328125e-05
1.8835067749023438e-05
1.8596649169921875e-05
1.8358230590820312e-05
1.8835067749023438e-05
1.8358230590820312e-05
1.811981201171875e-05
1.811981201171875e-05
1.8358230590820312e-05
1.8358230590820312e-05
1.8596649169921875e-05
1.8358230590820312e-05
1.8358230590820312e-05
1.8358230590820312e-05
1.8358230590820312e-05
1.8596649169921875e-05
1.8358230590820312e-05
1.8596649169921875e-05
1.8596649169921875e-05
1.9550323486328125e-05
1.8835067749023438e-05
1.8596649169921875e-05
1.8596649169921875e-05
1.9073486328125e-05
1.8596649169921875e-05
1.8596649169921875e-05
1.8358230590820312e-05
1.8835067749023438e-05
1.8596649169921875e-05
1.8358230590820312e-05
1.8358230590820312e-05
1.8358230590820312e-05
1.8596649169921875e-05
1.811981201171875e-05
1.8358230590820312e-05
1.811981201171875e-05
1.811981201171875e-05
1.8358230590820312e-05
1.8358230590820312e-05
1.8596649169921875e-05
1.8596649169921875e-05
1.8596649169921875e-05
1.8835067749023438e-05
1.8358230590820312e-05
1.8596649169921875e-05
3.2901763916015625e-05
1.9073486328125e-05
1.9073486328125e-05
1.8596649169921875e-05
1.8835067749023438e-05
1.811981201171875e-05
1.9073486328125e-05
1.8358230590820312e-05
1.811981201171875e-05
1.8358230590820312e-05
1.811981201171875e-05
1.8596649169921875e-05
1.811981201171875e-05
1.8358230590820312e-05
1.8358230590820312e-05
1.8596649169921875e-05
1.8596649169921875e-05
1.8596649169921875e-05
1.7881393432617188e-05
1.8358230590820312e-05
1.8596649169921875e-05
1.8358230590820312e-05
1.8358230590820312e-05
1.811981201171875e-05
1.811981201171875e-05
1.8596649169921875e-05
1.7881393432617188e-05
1.811981201171875e-05
1.8596649169921875e-05
1.811981201171875e-05
1.811981201171875e-05
1.7881393432617188e-05