0.012579679489135742
0.010807037353515625
0.011938810348510742
0.010909795761108398
0.013510465621948242
0.012161970138549805
0.010540008544921875
0.011353254318237305
0.01246786117553711
0.012536048889160156
0.00941324234008789
0.009812593460083008
0.011143684387207031
0.011855125427246094
0.011235952377319336
0.011777639389038086
0.010378360748291016
0.012820959091186523
0.012342214584350586
0.013355016708374023
0.010926961898803711
0.012447595596313477
0.010944604873657227
0.011310815811157227
0.011887788772583008
0.011615514755249023
0.012621164321899414
0.011120796203613281
0.012508869171142578
0.00987553596496582
0.013781309127807617
0.01035165786743164
0.010887384414672852
0.010408878326416016
0.012657880783081055
0.010634899139404297
0.009556770324707031
0.011849164962768555
0.011389732360839844
0.011971473693847656
0.012233972549438477
0.012294292449951172
0.011039972305297852
0.012758731842041016
0.011177539825439453
0.008526086807250977
0.011281967163085938
0.01002049446105957
0.012410640716552734
0.011660337448120117
0.010355234146118164
0.01064443588256836
0.011731147766113281
0.011557340621948242
0.011118888854980469
0.01038813591003418
0.014723062515258789
0.011649370193481445
0.011755943298339844
0.010177373886108398
0.013302087783813477
0.011287450790405273
0.011330604553222656
0.011502504348754883
0.010558843612670898
0.012642860412597656
0.01279592514038086
0.01047968864440918
0.01174616813659668
0.012616395950317383
0.011622905731201172
0.009161949157714844
0.009186744689941406
0.01026773452758789
0.012574911117553711
0.012035131454467773
0.011865854263305664
0.012034893035888672
0.01062464714050293
0.010575294494628906
0.009396791458129883
0.011106014251708984
0.011203527450561523
0.011736631393432617
0.009802579879760742
0.011030912399291992
0.011928319931030273
0.013746976852416992
0.009715557098388672
0.01007223129272461
0.012115955352783203
0.010646581649780273
0.012116193771362305
0.011805534362792969
0.011009693145751953
0.01158285140991211
0.013913393020629883
0.009026527404785156
0.011479377746582031
0.009703636169433594