1 40 8117 72 2 86 542 404 45 298 1001 55 310 108 354 293 144 301 291 31 682 428 548 135 1082 476 740 489 679 15 106 14 931 274 617 330 564 366 240 243 732 45 482 272 106 400 843 253 356 345 38 329 1123 260 400 65 36 426 805 85 686 274 420 95 722 489 768 395 200 469 71 417 995 35 424 147 785 371 195 439 636 118 236
2 40 8206 171 357 427 659 472 754 477 1147 107 705 431 642 417 238 108 1141 214 710 34 414 36 324 325 761 354 841 124 104 481 573 304 891 227 938 376 829 154 849 407 56 224 892 76 166 272 831 390 559 434 867 270 399 99 744 175 1086 158 210 384 129 165 165 236 686 153 819 409 888 51 1139 333 57 161 1178 190 954 110 120 322 470
3 40 8630 467 603 157 1113 464 619 219 807 319 1132 483 249 101 690 401 924 387 877 34 1007 114 741 242 122 388 927 69 1063 387 1087 48 1039 320 491 277 221 130 494 81 754 81 905 134 458 444 949 398 726 33 119 238 226 452 669 392 761 346 570 436 479 385 158 367 924 293 76 192 1138 133 150 319 545 132 955 142 521 338 52 445 774
4 40 9018 460 278 318 775 439 389 28 792 86 690 289 970 329 291 172 137 300 602 432 1176 376 770 427 703 155 838 413 566 188 516 171 337 425 201 290 1120 97 1188 353 318 259 477 252 1164 490 549 496 222 456 1050 277 507 93 279 113 359 232 267 217 1133 109 932 204 294 472 90 455 382 332 1100 430 199 40 361 194 841 49 220 355 613
5 40 7548 413 454 316 647 421 551 463 425 5 81 404 124 280 398 181 640 112 538 316 189 148 634 102 1177 144 540 395 101 62 941 84 588 401 987 36 576 26 972 411 482 234 544 429 1014 59 1188 356 483 407 737 222 307 119 439 149 487 122 1113 445 1136 335 598 156 208 31 270 192 180 60 610 403 1043 163 597 212 946 220 841 401 462
6 40 7759 44 329 60 532 495 360 287 132 132 725 201 281 440 453 470 464 481 746 231 600 21 791 4 1114 122 322 165 418 339 1092 148 310 497 408 159 118 2 1134 284 770 160 1119 85 171 142 696 459 1022 27 346 409 111 29 41 127 1171 157 470 300 18 138 230 373 961 448 1200 162 7 394 515 449 454 130 251 316 118 482 428 330 8
7 40 7918 215 929 158 388 491 1026 1 248 464 644 245 85 75 639 353 937 420 668 174 80 482 722 60 928 279 181 316 1075 438 567 193 333 418 566 251 266 161 918 365 232 71 775 434 1167 296 1058 88 710 224 181 442 784 452 568 151 1146 188 1199 298 761 241 790 42 808 384 708 82 1148 94 273 125 629 86 593 481 568 77 504 83 528
8 40 8431 253 713 146 252 193 1094 215 505 384 144 408 434 390 1105 349 760 448 959 85 1078 26 1021 395 498 204 120 188 834 220 1078 362 471 75 883 413 643 439 195 480 139 452 957 2 901 399 500 433 1119 38 1098 159 285 356 66 207 1128 468 1008 298 47 100 401 410 380 344 1040 6 1032 2 451 117 357 149 193 390 240 452 945 84 237
9 40 7995 225 939 463 198 197 282 206 110 206 357 30 948 205 498 478 231 282 19 399 1174 140 905 71 162 215 328 313 1043 397 1091 257 558 376 359 369 429 272 1161 175 736 17 552 432 379 431 691 19 160 283 1120 201 1028 436 826 231 1072 309 243 91 542 10 859 264 755 247 810 226 109 310 627 206 328 463 636 59 922 121 40 362 126
10 40 7488 94 935 284 51 489 680 256 1090 478 169 311 173 253 438 256 1118 159 89 297 211 65 899 178 341 108 631 67 46 435 564 425 793 463 983 229 884 417 1095 71 940 347 607 131 276 160 550 154 618 442 1085 18 633 457 436 115 77 379 684 473 974 360 283 131 523 65 798 186 1087 114 669 29 457 2 566 22 1051 188 437 253 557
11 40 7021 215 222 386 603 134 23 80 791 440 1018 34 297 59 1005 487 313 210 1042 408 1137 286 1078 306 147 62 557 123 648 243 398 29 808 155 199 140 684 498 825 119 189 437 891 495 786 475 719 39 782 265 832 78 514 247 881 36 1016 130 857 458 974 441 446 147 1161 115 1158 265 1079 298 554 41 413 326 825 40 811 28 765 2 387
12 40 8435 276 29 128 622 379 429 10 930 10 983 347 682 354 768 484 8 327 1164 125 142 134 729 47 904 496 99 184 688 496 450 470 778 248 10 258 120 450 346 368 548 463 90 16 744 242 1132 141 882 435 857 245 917 12 490 361 705 150 489 289 1070 384 161 265 377 357 1175 66 932 56 756 312 463 316 1117 338 889 67 562 438 1089
13 40 9004 61 594 163 926 65 977 488 644 247 162 203 714 19 119 374 374 397 142 429 284 196 637 160 1109 414 904 341 662 213 1119 149 201 483 477 185 241 499 17 191 1007 225 394 240 673 271 1162 270 662 144 168 10 648 434 950 121 1190 67 365 224 1039 486 138 419 97 233 770 168 101 410 615 455 467 467 185 500 994 392 947 442 1174
14 40 7708 182 444 45 1037 381 148 224 468 8 958 109 44 471 920 436 198 128 190 466 548 12 641 250 807 378 21 197 346 318 464 360 551 174 478 107 1028 7 919 492 493 229 1080 496 696 237 215 392 859 462 169 455 197 329 1001 32 1018 169 1066 337 261 210 351 78 595 99 605 395 864 163 359 329 765 45 1079 42 419 171 487 220 516
15 40 8124 353 1022 65 814 476 67 27 1097 234 885 100 1091 242 141 473 636 436 94 464 785 151 1099 448 133 420 460 201 1006 425 798 227 168 254 1003 460 1158 63 426 87 624 4 807 289 122 111 883 151 1036 42 1148 267 166 457 844 226 414 79 266 241 510 38 179 214 543 461 154 252 401 386 657 179 626 302 689 149 647 348 379 353 750
16 40 8204 495 468 466 129 428 550 364 326 251 584 241 610 183 945 37 1171 59 813 322 217 368 963 250 667 292 458 180 563 320 572 484 360 211 716 376 225 11 840 167 1136 308 137 496 467 420 170 137 1027 113 135 58 869 55 967 323 990 186 1192 220 811 258 674 377 727 16 1 79 711 18 666 395 991 329 833 173 386 290 716 500 920
17 40 7652 191 1112 376 700 390 269 26 481 6 763 78 846 460 302 392 746 448 646 109 293 317 1103 293 588 13 773 324 224 456 148 90 905 216 55 152 658 488 804 48 615 50 1175 199 202 45 1006 136 941 124 315 100 911 365 846 404 898 312 218 90 305 186 580 484 470 497 1197 233 378 440 709 279 265 55 183 94 45 341 1074 258 61
18 40 8985 364 1088 173 651 343 567 360 1020 240 569 258 98 98 909 302 1139 365 378 27 926 440 378 198 96 255 645 397 10 230 443 299 439 334 415 417 511 63 308 495 680 362 555 90 955 355 101 105 295 489 810 27 224 266 293 319 150 197 620 412 437 287 48 274 4 224 772 130 702 153 296 400 78 378 856 278 391 339 950 489 1163
19 40 7260 459 1099 73 432 234 250 104 334 369 1169 11 451 335 694 474 454 185 546 94 536 40 237 231 763 472 987 110 845 150 159 263 754 323 889 185 288 54 307 274 885 8 725 327 65 245 294 192 276 437 790 352 592 85 898 94 1087 234 1134 466 1010 284 639 440 727 9 364 85 1081 498 959 82 499 52 11 178 1167 88 1171 479 737
20 40 8725 482 843 245 974 186 83 469 19 315 898 275 278 270 975 211 64 423 770 439 493 401 391 313 1153 175 50 74 331 480 865 316 323 322 1095 214 654 476 439 19 70 206 935 262 480 151 350 128 141 353 216 184 1042 17 49 247 246 79 713 425 292 436 1055 233 830 184 272 470 470 210 1102 256 650 250 947 420 46 92 794 199 584
21 40 7646 43 236 206 404 442 418 138 1119 459 1 277 581 164 61 320 871 11 657 405 181 204 663 227 256 66 231 25 312 162 810 90 683 259 738 458 1178 443 448 76 758 344 261 401 522 492 168 400 454 217 766 69 597 356 401 312 757 367 168 106 862 382 1178 229 968 29 964 361 794 128 780 115 301 208 10 279 478 155 18 133 742
22 40 8580 476 976 101 763 343 364 51 1063 490 450 193 672 342 258 101 275 285 725 463 654 142 513 77 1129 373 1197 232 1153 388 24 185 1038 204 59 246 904 190 701 412 13 191 872 23 567 16 139 202 600 291 1096 372 573 225 890 106 419 255 1121 171 745 90 537 186 976 454 675 471 377 421 260 350 925 352 38 449 473 380 740 427 99
23 40 6793 245 716 331 157 101 480 90 1007 205 462 235 1174 31 918 76 83 359 645 127 1108 226 925 166 1106 470 257 12 960 128 170 499 845 385 1050 414 191 184 238 22 1035 81 516 166 558 301 729 3 1021 402 1113 300 777 25 60 214 1061 382 228 425 511 202 441 165 327 4 784 23 409 35 703 412 726 326 378 258 408 145 386 317 980
24 40 6754 224 475 238 956 270 294 295 724 187 337 130 335 199 1078 62 27 189 949 253 731 320 520 248 1087 78 444 49 946 357 315 389 990 20 391 222 742 169 390 50 1165 210 989 332 444 33 664 308 841 363 1085 61 896 413 464 134 1037 231 74 482 1014 3 335 282 1084 251 613 50 1113 371 384 23 112 496 523 105 765 57 1074 289 324
25 40 7009 308 191 289 836 486 233 420 669 108 1012 96 874 5 414 333 754 80 180 495 782 380 448 65 1154 147 841 92 129 108 1013 331 919 48 1150 172 649 6 568 435 608 447 717 261 224 183 935 42 97 228 386 313 167 225 214 4 619 87 858 458 759 151 669 456 634 214 219 237 856 36 860 232 261 267 520 26 822 224 961 267 782
26 40 7423 5 653 81 606 204 796 204 853 28 14 73 341 432 514 373 1056 124 70 63 1019 38 416 84 836 400 468 445 967 492 645 37 1151 324 784 337 239 16 1039 405 353 106 1191 109 777 294 431 381 973 151 114 129 476 368 1123 372 1154 369 1124 60 309 304 44 420 110 355 124 344 849 303 751 36 805 208 964 173 488 350 1144 282 569
27 40 8167 405 587 117 403 422 291 207 578 426 771 147 94 403 957 113 1116 100 127 100 768 180 667 367 476 171 334 87 555 331 801 412 1012 140 529 334 801 215 703 289 311 2 1120 491 1066 165 1010 408 679 384 40 282 1034 181 148 275 996 5 547 179 695 191 679 376 700 61 649 437 1055 280 1121 356 1008 408 12 101 171 273 382 388 702
28 40 7771 158 511 193 976 9 1200 338 837 71 247 285 193 355 375 386 1053 362 329 372 805 341 559 75 605 180 976 194 251 373 471 353 954 59 1 429 654 259 907 247 1133 240 346 75 157 299 863 348 420 29 1068 64 44 338 488 44 875 273 1134 264 168 89 669 258 744 196 659 476 791 432 299 285 23 182 405 187 507 166 748 430 717
29 40 6558 345 151 25 954 156 180 359 222 169 1061 32 1168 126 1064 47 189 309 174 53 355 124 616 493 1018 194 241 2 1182 47 135 33 377 89 783 203 1031 165 365 311 476 372 211 87 530 439 186 256 343 167 1 334 804 239 606 223 1143 75 408 251 332 242 464 248 432 76 433 267 1029 167 264 498 467 414 634 371 592 180 1102 10 536
30 40 7989 19 1013 382 778 188 851 348 703 357 686 109 357 189 2 78 952 182 683 427 852 428 453 91 1103 182 336 272 1169 357 211 324 529 453 1122 469 598 69 101 111 547 215 411 61 149 159 1195 311 858 210 734 146 753 335 596 444 301 376 695 425 196 162 566 337 1075 247 121 61 497 452 1071 498 1189 149 625 12 299 179 278 173 294
31 40 8621 119 621 387 1013 151 786 239 433 452 1030 302 258 382 953 216 84 411 369 447 246 79 584 71 524 482 520 107 889 350 982 235 563 123 220 155 701 444 88 300 8 217 764 152 780 272 1065 202 403 359 299 453 765 119 385 462 1180 213 346 268 47 152 773 379 332 1 107 127 992 491 885 390 192 215 66 90 1170 378 827 385 456
32 40 7078 239 512 412 1030 131 476 368 771 327 449 133 686 430 195 175 1135 198 278 41 936 16 1117 177 1067 15 145 63 146 180 414 474 345 495 968 117 533 499 1090 120 643 363 850 321 21 39 798 55 50 479 196 91 627 116 1056 294 798 426 339 497 1176 115 1033 381 780 129 981 212 212 111 436 123 450 67 534 6 683 280 570 133 504
33 40 6877 324 727 58 673 257 1121 138 33 446 757 290 927 10 321 243 890 196 506 347 395 453 791 387 780 191 662 92 740 368 220 73 534 338 608 462 1082 156 818 178 555 195 1146 63 549 299 240 272 431 439 936 112 565 222 1072 268 1112 296 832 6 656 110 189 238 692 273 404 92 346 61 89 77 710 169 121 180 909 62 998 156 277
34 40 8083 50 399 218 257 78 367 227 972 424 822 419 271 425 584 412 148 49 491 217 62 392 793 315 330 212 742 17 811 67 1099 451 179 180 875 42 981 472 949 321 978 464 84 216 176 139 1059 15 453 48 147 296 280 339 223 467 963 191 1168 459 884 82 444 315 955 317 551 457 754 5 897 386 822 33 1197 324 919 225 989 338 713
35 40 7679 133 1030 50 165 379 590 472 1187 187 171 201 597 176 117 418 738 42 563 497 965 450 575 177 396 196 868 361 185 355 66 473 910 416 939 251 279 51 961 37 157 486 523 148 510 298 403 433 313 102 1152 242 215 136 571 177 1089 242 70 312 491 481 198 158 119 404 977 75 744 52 957 149 957 6 907 278 1194 31 1039 67 354
36 40 7670 46 529 133 254 318 1197 455 1139 33 69 52 991 438 106 425 612 476 1105 489 100 35 1079 160 914 186 897 57 54 331 669 478 978 94 320 13 306 446 750 333 235 279 344 270 625 318 5 359 176 244 411 445 72 382 422 164 493 197 984 119 828 67 776 24 465 467 408 53 278 126 834 334 1036 169 700 188 1038 174 691 211 1175
37 40 8766 25 892 251 1163 481 998 352 490 269 239 256 379 68 66 140 280 141 890 4 1165 301 949 477 922 212 360 139 862 335 1023 417 788 443 186 190 669 475 804 291 176 145 195 254 1087 141 765 37 163 227 46 385 1132 437 778 387 1158 428 601 226 582 275 715 183 21 268 925 488 125 490 1129 296 805 38 790 197 291 382 259 407 1155
38 40 8394 93 289 197 38 138 179 35 48 142 252 58 656 356 189 299 1157 432 770 251 291 3 486 243 157 489 905 347 1028 117 282 393 972 395 251 105 405 407 16 270 255 148 543 438 624 467 115 445 442 310 1122 210 161 471 847 452 47 298 226 354 754 457 213 191 484 73 930 394 186 67 989 148 739 400 646 269 584 64 46 67 682
39 40 9993 453 393 354 473 91 80 175 677 452 744 62 838 93 740 144 187 474 778 350 1195 337 754 404 727 289 911 240 1066 48 436 347 868 465 552 405 680 296 1004 209 96 315 536 180 682 442 764 390 490 393 736 405 678 346 149 453 249 256 977 455 490 399 158 452 654 351 296 260 678 216 18 253 416 359 1144 264 27 222 1070 393 141
40 40 6349 169 938 485 580 140 660 180 852 262 359 150 197 21 1119 191 1126 253 971 385 1163 2 668 332 197 51 835 74 912 216 943 113 52 74 460 104 530 40 776 62 1061 363 17 200 481 408 670 273 373 441 483 49 312 233 676 239 738 390 161 230 465 117 372 229 721 327 480 116 840 215 139 99 734 212 669 136 551 279 989 77 1015
41 40 7670 478 1 311 1152 226 96 42 1049 129 702 34 1087 201 811 285 962 231 153 395 340 151 482 48 167 476 29 42 778 96 623 346 1083 433 922 362 389 159 192 57 1094 16 552 349 1046 365 260 171 588 205 773 116 333 332 822 237 762 341 853 374 206 164 509 328 302 243 459 177 1147 123 333 479 343 236 382 394 768 35 474 401 569
42 40 7405 347 298 2 720 380 148 393 606 155 738 116 1140 364 639 184 143 335 732 95 1174 487 1039 21 1007 286 1085 496 834 143 928 398 960 456 373 72 562 332 155 369 764 28 170 398 911 365 136 89 950 43 1199 41 136 132 51 154 431 415 328 30 790 335 729 478 932 4 593 90 286 493 947 206 269 230 441 57 286 175 3 63 53
43 40 8251 14 311 19 76 392 725 470 693 142 1200 25 477 433 367 289 520 333 582 213 712 119 919 482 852 154 58 61 345 399 966 464 837 304 813 411 897 78 972 390 383 109 284 259 660 81 245 252 53 325 828 126 660 135 298 17 685 102 196 389 379 377 480 476 1195 220 1170 347 106 458 918 163 461 430 1099 429 874 97 60 330 1145
44 40 9160 160 1006 99 12 383 411 40 244 283 874 412 538 284 369 257 422 379 912 96 746 185 736 168 211 390 487 451 1082 350 1168 145 984 379 871 223 856 492 112 465 283 263 962 299 244 420 807 165 1102 391 762 456 132 73 815 55 558 404 337 483 958 29 856 437 627 408 701 440 1161 348 1149 318 124 228 811 108 1028 38 190 447 390
45 40 7965 491 1104 38 1124 217 842 299 99 329 765 322 645 253 131 255 1034 360 598 437 518 53 685 433 608 434 1132 295 349 189 635 409 642 89 915 278 694 366 965 228 883 78 70 383 964 124 611 2 820 384 203 339 57 16 998 455 1141 128 56 84 7 414 99 231 504 313 885 79 1006 13 896 450 706 100 310 322 333 228 506 39 641
46 40 8166 52 864 426 249 128 497 202 450 102 570 272 774 376 749 177 241 83 380 403 742 69 522 34 582 457 313 56 995 120 607 27 64 480 288 120 192 334 385 474 112 237 220 353 260 451 253 68 726 424 356 190 1088 414 1137 302 351 74 1030 77 962 231 358 450 720 331 128 407 992 357 1081 356 395 30 276 316 1125 348 437 400 185
47 40 9184 448 1051 267 102 299 580 393 1010 73 679 375 783 216 529 442 245 481 492 93 181 400 1043 230 1018 367 714 236 808 374 1164 40 530 213 230 285 166 111 1131 204 654 197 732 464 345 350 354 353 1169 442 329 436 517 436 1115 5 5 470 479 162 738 475 1154 423 282 316 746 95 800 386 972 372 1167 74 473 189 1195 189 863 100 612
48 40 7608 129 328 195 797 33 78 331 1174 285 139 458 1175 357 28 366 898 93 961 423 283 110 1143 399 11 267 1078 76 733 136 971 259 840 119 447 224 546 402 783 441 24 471 1080 281 959 32 736 81 382 92 57 78 1044 467 730 164 613 345 364 26 317 68 343 457 103 161 704 299 897 232 1129 136 959 256 533 318 270 90 745 353 1003
49 40 8312 236 719 333 58 385 88 479 1005 298 275 84 803 211 379 79 1159 212 520 499 637 206 40 132 280 50 338 392 927 110 908 229 693 499 363 173 937 467 980 185 592 294 325 447 21 439 966 408 481 465 728 367 207 43 631 189 1085 280 821 441 641 239 1102 52 920 350 937 23 718 398 218 137 926 131 334 259 896 126 1083 44 732
50 40 7538 202 854 180 842 39 424 62 977 272 1186 149 90 171 821 370 63 344 1014 30 1034 51 736 51 642 128 358 438 953 232 568 324 981 223 801 53 762 39 760 487 272 127 152 39 571 124 1087 312 987 328 831 180 1018 477 555 413 850 404 482 493 64 272 864 440 1074 331 792 366 200 211 274 406 602 316 734 275 50 63 1138 1 228
51 40 7794 435 879 401 349 11 1093 426 352 307 455 78 474 310 15 250 521 305 445 375 524 362 219 314 1136 410 320 286 1169 347 301 500 447 267 547 24 1109 61 603 91 120 247 414 27 967 391 988 60 1031 224 197 322 919 310 1175 200 871 138 565 340 740 418 470 469 280 115 178 187 391 198 583 24 667 270 961 186 910 17 1104 40 95
52 40 7294 447 380 417 634 33 1047 50 1083 380 214 413 821 436 1158 166 366 86 680 159 122 464 1124 11 59 442 433 366 766 326 321 244 1152 77 91 252 355 84 999 72 441 114 1020 90 294 328 356 185 1075 142 233 150 597 94 699 396 1016 285 778 407 223 41 201 99 473 456 346 183 671 161 1100 58 735 278 106 306 116 249 944 171 824
53 40 7324 177 533 66 1025 48 82 139 848 384 150 452 1044 129 541 45 622 171 342 213 358 204 385 420 446 246 138 166 791 347 57 178 925 199 156 34 927 450 1112 452 168 33 202 308 1025 70 669 253 430 311 143 283 1101 430 780 183 909 400 615 181 1065 42 1173 476 260 26 891 35 131 48 663 474 134 144 429 204 1126 324 305 411 283
54 40 7780 400 1130 377 696 275 856 109 644 276 933 24 457 483 749 183 432 315 467 472 763 188 683 90 317 219 566 383 781 444 405 56 159 276 760 379 984 289 1120 5 103 320 539 268 107 45 355 48 246 75 518 281 1003 327 1194 377 628 345 213 422 102 105 81 95 418 107 572 429 173 425 192 459 154 80 1020 87 629 129 175 59 977
55 40 7997 89 509 137 104 403 454 204 284 193 304 317 1102 39 358 393 849 278 1171 290 317 416 170 341 140 405 739 45 452 358 940 498 454 230 672 31 508 101 309 108 697 405 1037 451 571 302 224 389 373 391 926 321 96 284 746 46 519 3 77 40 568 84 147 401 724 223 1065 34 1039 105 36 213 727 318 204 439 742 381 124 291 623
56 40 8325 473 828 5 83 104 414 108 994 172 84 180 781 409 284 298 685 287 871 470 276 321 230 465 1082 266 1030 93 636 117 101 408 1148 346 894 419 262 19 504 287 569 175 697 67 252 466 450 232 1199 132 1006 137 1183 45 93 366 1156 428 918 276 730 225 735 211 328 403 467 61 553 332 1111 322 463 173 771 447 983 324 828 338 252
57 40 7602 273 121 169 845 125 315 492 249 231 115 165 574 68 480 67 449 292 905 181 941 323 1120 154 1035 341 439 198 1161 486 695 253 156 38 1026 484 541 315 137 121 333 3 213 426 1015 131 822 460 167 234 347 49 1105 374 61 472 120 67 114 264 1184 326 787 19 215 163 428 42 412 202 1100 396 373 489 1112 193 17 240 487 177 872
58 40 8546 41 397 3 205 53 345 277 470 150 197 305 923 335 571 234 712 479 354 341 283 173 143 157 343 500 139 294 1065 107 944 391 121 416 876 227 321 185 226 286 1053 270 648 423 507 423 733 277 535 172 355 118 432 129 857 192 1137 164 907 204 262 256 791 333 37 457 39 283 1121 494 219 249 527 215 211 379 1177 447 302 244 663
59 40 8005 487 52 206 293 33 896 132 389 421 296 261 1163 255 392 395 1048 191 1190 258 979 85 1183 52 643 105 844 204 875 228 155 202 1188 495 1053 209 754 408 531 217 181 349 732 472 241 152 1134 492 1172 259 175 30 19 85 226 487 244 266 1063 162 639 385 689 157 807 382 563 173 984 25 55 342 571 309 322 274 469 70 555 292 17
60 40 7922 345 470 322 173 141 30 3 377 18 960 384 827 440 967 381 1139 42 176 160 693 283 1091 316 84 399 89 270 170 489 779 86 606 200 29 396 1011 10 961 290 382 140 401 142 581 362 1070 391 354 42 1118 244 697 479 161 59 179 358 914 19 1158 219 799 344 1048 49 271 247 39 333 122 170 759 277 741 287 746 400 281 366 1134
61 40 7327 129 716 379 587 19 32 419 972 27 366 229 419 176 480 199 362 328 858 15 548 258 114 351 956 26 133 286 1100 261 72 101 1183 265 712 475 452 339 327 395 303 41 785 460 377 99 1173 341 741 217 13 436 1040 361 48 119 541 261 570 57 1169 428 820 197 804 48 971 427 62 101 929 401 439 123 879 87 82 119 710 159 653
62 40 8735 428 742 69 661 368 1158 333 133 162 701 324 454 53 192 462 254 361 743 376 138 276 294 456 776 133 233 245 56 356 1029 235 1001 214 1078 43 732 73 1001 446 1165 354 347 204 634 90 619 113 99 481 504 32 1067 329 783 484 1107 103 999 456 116 301 262 208 78 481 1149 375 1103 142 734 243 718 479 530 353 999 246 161 32 616
63 40 8920 296 999 496 1192 63 388 162 116 480 536 408 1044 419 287 241 1039 110 1010 240 819 262 662 380 29 378 565 153 53 110 547 101 577 46 737 288 427 199 1032 223 816 253 769 451 599 298 1097 233 526 66 668 346 389 327 604 259 1142 476 1040 477 909 497 337 466 1157 495 232 31 196 331 61 255 485 15 482 18 1114 303 1058 498 171
64 40 7587 105 491 38 183 54 892 73 161 24 51 477 922 24 1181 149 775 111 196 240 248 124 312 468 1037 309 155 372 485 52 92 40 1101 493 188 148 706 161 134 38 1108 316 66 143 102 115 1196 91 721 446 75 210 1069 338 553 482 287 405 653 249 1123 344 919 360 987 145 1097 460 56 483 612 248 1015 164 937 446 468 133 439 406 169
65 40 8441 204 428 253 327 9 783 48 457 379 428 430 677 483 587 81 889 239 113 225 585 7 22 331 49 494 620 118 477 273 1021 471 332 306 957 325 377 135 1150 245 142 171 190 443 1114 271 818 77 1081 275 754 352 102 152 995 340 578 212 1173 186 636 135 967 475 423 453 130 383 62 216 362 277 32 78 848 385 476 245 985 370 1191
66 40 7312 29 834 26 12 195 102 167 925 310 751 455 830 80 714 418 55 484 27 12 772 262 378 290 879 341 287 102 1160 72 435 448 911 270 1086 139 138 288 354 426 48 161 482 134 197 92 571 185 129 115 1033 476 314 170 849 1 1125 6 616 139 941 271 146 37 659 94 317 473 629 101 835 451 958 470 177 41 829 488 461 421 1164
67 40 7847 315 1002 77 1170 102 189 146 461 410 495 15 394 56 861 89 328 382 534 196 219 115 1190 192 637 362 297 451 483 337 1123 121 611 289 287 466 58 234 791 23 678 447 26 266 453 201 903 356 773 266 499 408 828 234 1149 56 54 72 947 73 543 184 905 448 508 313 263 234 709 421 917 132 475 359 184 387 927 252 326 322 204
68 40 7376 311 613 164 873 421 964 483 796 15 223 39 638 278 707 100 246 185 173 437 819 55 207 473 599 411 1189 342 145 316 853 86 122 148 1083 206 84 310 132 265 892 372 1059 197 711 138 211 383 1023 384 1189 70 930 310 37 168 619 280 626 26 191 485 215 166 281 162 400 267 1140 57 455 11 99 72 612 191 350 365 179 72 846
69 40 8801 459 82 246 126 312 586 75 443 296 919 341 129 490 434 330 630 40 1107 282 289 411 473 418 639 160 155 428 1194 326 633 151 452 250 530 429 285 294 610 456 752 101 42 21 921 311 775 43 898 235 1 57 907 412 1199 246 1192 375 9 267 1042 70 173 180 214 90 465 65 426 290 995 465 715 460 586 339 299 496 1164 285 973
70 40 8420 289 582 378 188 264 713 361 959 170 165 326 1090 216 988 442 1141 401 316 246 89 151 240 104 692 419 54 263 728 444 447 445 761 439 170 96 877 90 941 32 616 136 1016 35 18 29 221 337 907 182 448 194 589 250 739 251 459 262 324 490 349 111 473 482 443 124 989 470 595 436 160 232 1152 163 497 97 873 441 624 228 428
71 40 6874 307 863 72 223 167 528 343 187 225 470 144 1069 258 915 219 374 116 1097 31 24 127 1147 388 305 218 1162 289 52 448 341 82 1003 323 705 249 743 276 807 215 301 497 301 387 574 174 969 100 285 119 822 38 168 195 226 184 621 73 30 318 210 389 677 146 502 171 598 245 1089 52 201 424 284 118 658 113 160 298 672 55 245
72 40 8543 227 507 331 161 36 1179 440 559 183 707 164 844 123 390 369 303 315 419 371 1044 105 843 479 957 398 805 84 482 271 100 366 94 359 593 178 550 391 60 500 141 221 155 46 766 420 331 269 1151 353 1170 27 871 471 19 317 940 341 1167 286 111 322 1104 189 671 92 998 301 933 344 203 82 121 178 222 30 841 401 1013 299 1158
73 40 7448 153 927 327 1042 422 341 250 923 157 729 217 485 471 863 404 30 127 561 319 354 272 374 156 583 112 965 464 1013 495 389 426 634 25 880 62 784 281 993 278 26 155 265 103 1107 32 717 10 39 288 1199 159 491 231 989 85 560 463 1161 289 459 92 410 33 807 140 540 46 525 444 143 313 188 171 18 375 1112 154 193 310 315
74 40 7935 247 1102 254 1140 136 678 473 657 487 487 414 203 424 165 174 1002 113 551 196 544 254 1042 357 636 268 1135 244 381 148 527 50 959 48 243 286 317 163 838 136 193 300 449 405 1121 279 5 15 713 20 710 345 1187 56 878 329 352 493 682 250 567 79 849 490 388 368 184 140 66 333 695 285 719 248 27 69 65 268 1076 275 456
75 40 6727 354 648 44 981 323 216 392 421 475 143 183 108 84 823 38 207 463 860 96 1114 83 736 72 256 234 540 157 1199 377 640 86 83 32 1117 409 342 25 98 288 682 118 513 27 388 401 1199 132 438 20 146 342 579 18 703 169 700 2 285 382 572 60 1177 34 75 132 123 297 252 370 185 434 596 147 915 472 935 435 943 202 548
76 40 7495 245 504 479 951 58 169 342 503 14 688 289 468 35 791 316 831 258 338 324 1130 178 743 150 580 388 600 124 116 427 464 24 242 429 1045 74 743 191 973 21 865 335 187 47 46 395 116 89 305 474 321 240 430 93 1131 488 365 89 926 414 317 355 255 47 966 446 1008 290 879 46 983 58 272 218 482 211 1069 475 385 193 1069
77 40 8104 102 907 239 597 71 322 320 270 229 541 167 1073 329 45 383 682 212 1138 20 786 437 65 267 621 230 286 407 52 386 1096 452 249 271 951 333 1094 259 267 376 99 208 1120 347 1070 325 497 40 89 379 1164 28 1015 251 1045 231 1080 284 657 306 1011 253 759 87 419 280 518 290 240 81 5 201 522 330 1055 108 18 195 578 417 1182
78 40 7362 258 600 402 453 104 539 261 132 249 355 39 836 334 193 135 766 70 1084 245 149 289 839 460 423 120 808 134 518 377 687 21 550 91 2 344 163 77 244 250 685 51 758 251 872 382 386 414 1155 335 223 380 1180 63 44 318 1119 271 526 86 854 495 293 417 969 50 760 119 278 481 546 129 756 201 793 82 212 401 263 17 539
79 40 7322 365 651 172 327 239 1008 11 463 79 387 401 719 140 158 324 144 1 535 385 1054 273 335 500 17 278 42 83 347 259 451 439 75 449 686 302 1099 282 722 185 435 42 74 355 227 221 798 43 1042 125 955 248 860 224 1133 121 893 256 623 465 10 174 546 345 915 339 37 427 703 278 1191 188 411 85 1038 19 53 30 122 1 1070
80 40 6883 90 769 6 1074 106 190 257 601 97 724 109 668 78 526 35 691 119 429 485 1159 348 949 171 1168 151 834 416 180 7 418 260 434 318 270 85 978 418 1151 334 59 427 11 16 1128 141 213 471 527 246 116 169 141 380 551 274 238 174 50 238 122 135 91 114 1171 149 586 68 375 310 1171 431 518 288 1176 20 887 476 340 187 271
81 40 8520 87 716 134 1075 37 933 139 492 99 730 410 335 483 209 208 13 421 667 241 588 306 1078 185 1060 177 1050 240 630 66 81 374 383 332 987 405 632 33 1192 471 330 498 37 451 738 433 238 128 627 87 1038 472 604 325 561 391 552 342 682 434 172 183 368 231 270 486 312 247 5 374 942 178 1080 70 914 163 813 124 914 186 645
82 40 8796 424 159 78 634 439 985 318 184 132 1077 190 419 484 858 254 574 283 429 241 627 209 867 452 906 18 1172 351 365 71 318 56 456 462 849 355 1080 267 727 207 181 15 492 232 986 396 675 251 371 332 1073 422 575 118 672 448 244 203 714 197 1161 354 917 437 618 49 1012 391 121 126 997 460 825 396 400 378 104 30 562 469 1154
83 40 7198 294 936 102 1117 117 1066 180 874 284 1196 190 234 422 232 70 978 344 966 425 162 7 330 233 602 314 1059 106 626 287 163 215 324 19 1195 246 853 466 1119 384 480 326 96 49 515 52 274 24 290 350 825 306 339 317 864 59 694 353 686 11 144 155 1169 172 1009 400 109 233 42 235 897 395 319 178 858 500 961 74 230 104 640
84 40 8108 60 475 408 329 1 92 410 1150 318 794 162 1100 395 402 3 277 136 368 429 63 190 281 203 954 368 264 287 954 471 182 7 571 174 239 99 72 133 26 329 843 462 157 70 277 383 27 482 1176 322 163 221 356 226 973 345 72 254 853 408 334 3 496 264 119 426 804 219 907 116 1041 192 1195 440 561 48 782 461 491 211 1110
85 40 8362 320 394 252 269 198 717 332 204 359 540 3 143 232 536 439 864 22 169 216 253 190 681 345 875 51 362 388 1125 492 596 493 737 342 367 236 84 450 804 43 735 414 866 190 1113 134 273 478 751 6 1192 225 858 127 133 464 643 364 1171 37 995 240 466 355 761 90 1011 460 18 433 982 243 612 436 104 194 72 59 857 101 1187
86 40 8372 37 559 386 960 336 1102 133 86 335 374 82 480 387 754 124 74 386 997 268 194 229 201 11 330 403 751 292 387 134 365 477 240 356 1199 409 181 123 327 316 434 49 1010 472 115 433 826 172 929 79 1149 412 710 459 1081 172 431 117 796 27 1071 485 583 205 740 361 534 154 842 385 167 67 682 30 533 319 754 445 621 399 610
87 40 7253 277 823 125 396 394 383 35 1014 436 258 259 925 274 1079 92 1016 267 288 449 800 272 707 248 1019 65 912 81 679 14 542 255 178 88 1122 113 618 262 1025 162 1063 29 474 491 805 460 151 54 20 292 31 331 460 442 21 54 1159 157 279 95 1093 373 338 274 408 175 465 336 295 207 878 410 68 183 965 77 1068 130 203 329 972
88 40 8316 82 117 395 240 379 269 139 296 427 1121 281 948 398 725 35 310 315 28 112 948 189 262 457 746 57 397 187 1087 208 683 85 543 2 1019 42 535 382 850 98 721 18 1081 351 778 149 1171 447 1065 304 205 489 1026 304 672 298 680 319 632 337 84 349 666 176 391 500 36 170 477 277 721 356 1103 479 246 425 239 159 292 218 1117
89 40 7410 8 75 205 82 318 400 184 248 364 253 281 672 79 222 81 857 144 298 127 205 283 234 71 90 11 1116 391 646 61 1133 69 1058 215 915 94 247 349 742 373 157 54 1135 99 143 36 120 422 171 419 1086 273 396 387 380 391 1108 286 769 322 737 425 638 354 738 282 238 151 28 96 220 269 498 458 1063 473 520 282 74 76 137
90 40 7929 163 1195 77 396 201 1183 167 898 77 648 276 993 330 874 139 636 492 786 115 1001 330 259 480 24 495 746 63 21 303 1077 446 243 6 1062 362 410 141 958 330 200 34 222 463 1149 340 135 142 123 308 291 102 831 193 933 499 1128 178 494 186 718 41 619 218 901 434 843 377 889 358 410 176 4 483 23 124 492 207 392 56 919
91 40 6456 431 263 226 220 44 418 197 26 170 327 65 646 222 1126 238 1172 167 437 398 1032 495 51 399 101 292 1022 111 7 89 11 146 480 110 448 66 830 289 961 215 987 250 306 74 90 37 1011 320 1200 139 335 240 1101 337 583 46 78 11 444 374 578 274 169 469 838 260 161 32 144 121 451 319 1063 190 997 43 1004 8 214 156 748
92 40 7621 272 1135 151 632 495 946 420 172 45 156 102 913 252 709 63 579 43 1079 75 239 318 581 313 901 450 550 342 1060 173 295 308 246 437 754 302 978 152 25 175 936 286 1012 334 222 21 941 236 261 70 335 317 10 50 902 65 304 140 1074 305 531 499 920 474 493 14 388 350 213 186 468 479 616 255 1071 106 728 98 525 354 833
93 40 7104 457 645 23 880 29 328 387 534 312 730 263 932 163 1106 149 80 259 975 39 424 38 467 154 564 37 188 207 742 431 668 231 912 189 882 261 1173 77 196 237 592 187 213 206 434 219 560 220 224 326 50 117 170 74 250 138 807 429 1170 288 255 291 453 50 1072 322 610 488 155 305 795 21 694 267 714 486 1158 375 95 129 790
94 40 6525 403 297 493 597 48 89 62 83 166 345 464 279 223 1107 432 452 426 554 35 138 47 298 270 500 210 796 52 828 341 468 151 527 382 938 253 329 447 1168 146 894 197 90 206 1144 301 75 50 1083 25 186 116 703 14 394 13 575 17 969 81 633 98 1183 23 601 418 1139 263 548 387 64 246 1084 64 987 183 1123 10 1066 394 1172
95 40 8191 362 317 460 20 350 303 183 1153 492 91 316 829 212 1084 264 316 70 15 222 917 227 1174 410 258 378 251 277 329 274 1028 31 333 467 853 415 501 171 932 73 1024 351 249 187 377 101 440 181 718 109 922 40 712 127 305 251 1034 362 1080 409 435 230 976 136 632 268 670 401 122 428 82 139 451 221 1089 43 856 352 776 249 762
96 40 6540 206 259 381 1103 103 989 94 152 118 804 151 1086 249 732 6 944 158 853 88 95 85 1035 224 959 284 919 132 663 246 402 228 488 459 799 38 1047 349 359 423 9 170 808 45 591 127 311 234 18 409 1120 61 697 88 1050 417 720 353 1200 78 746 324 143 72 420 129 222 159 928 260 158 36 412 322 171 198 707 279 1002 392 174
97 40 8127 268 527 225 1072 462 382 38 788 261 1117 218 252 399 518 335 1190 308 715 278 174 269 1004 259 933 484 528 20 736 88 514 272 718 179 263 123 594 299 999 289 225 247 875 42 1013 364 323 61 167 330 244 467 114 102 361 31 88 333 356 394 40 18 466 160 611 371 210 379 864 292 18 308 79 207 62 470 536 318 913 191 294
98 40 8222 430 614 373 376 201 275 201 976 268 538 417 979 181 933 348 525 110 990 325 851 116 340 241 882 264 317 386 1150 192 166 224 575 387 1161 103 994 379 998 246 763 248 440 421 1045 295 449 459 656 31 713 367 591 284 844 38 486 252 997 422 114 431 430 77 772 19 1151 248 729 376 139 99 453 13 870 26 147 466 949 314 1151
99 40 7264 139 833 103 1077 111 453 294 723 276 555 91 406 71 293 8 553 168 242 19 364 460 163 186 721 87 129 491 627 217 1184 113 548 200 498 107 992 206 691 40 88 134 499 138 301 296 941 270 81 451 456 454 299 429 301 460 1085 265 868 440 1154 211 85 309 625 292 371 292 1066 322 90 234 953 88 510 72 560 307 1154 229 153
100 40 8097 388 199 222 641 424 162 112 2 103 343 187 475 150 857 338 439 460 826 59 1196 152 274 198 685 183 985 429 269 321 451 84 731 236 564 104 340 483 174 182 1184 81 1121 442 610 412 564 352 425 374 615 228 977 306 141 129 8 244 969 254 733 346 971 404 288 292 822 213 751 59 372 244 1001 47 414 390 191 279 1117 211 1064
