0.0032486915588378906
0.0348968505859375
0.038083553314208984
0.03181147575378418
0.012426376342773438
0.0054018497467041016
0.0142059326171875
0.007524728775024414
0.014136791229248047
0.025794506072998047
0.007411479949951172
0.008568763732910156
0.0055141448974609375
0.015305042266845703
0.011349916458129883
0.003438234329223633
0.017049551010131836
0.005529642105102539
0.022410869598388672
0.015757322311401367
0.028036832809448242
0.004079103469848633
0.010161161422729492
0.041278839111328125
0.0044651031494140625
0.002835988998413086
0.10920572280883789
0.049994468688964844
0.021218538284301758
0.02409982681274414
0.0173494815826416
0.045246124267578125
0.0030531883239746094
0.008038997650146484
0.025066852569580078
0.03201413154602051
0.010539770126342773
0.0057299137115478516
0.024786949157714844
0.03436541557312012
0.003500699996948242
0.04675579071044922
0.004106760025024414
0.0020999908447265625
0.05428171157836914
0.010668754577636719
0.02003026008605957
0.0051686763763427734
0.009594440460205078
0.009547710418701172
0.004067659378051758
0.044352054595947266
0.01678323745727539
0.0110015869140625
0.009065389633178711
0.0020771026611328125
0.005692481994628906
0.02606034278869629
0.005796670913696289
0.049272775650024414
0.0058650970458984375
0.015268087387084961
0.009089231491088867
0.014206171035766602
0.006596088409423828
0.021514415740966797
0.008358001708984375
0.005982637405395508
0.025796890258789062
0.019479036331176758
0.038763999938964844
0.008716583251953125
0.019657135009765625
0.003482818603515625
0.0037429332733154297
0.04012489318847656
0.0003020763397216797
0.007683515548706055
0.004057407379150391
0.019816160202026367
0.022388696670532227
0.0023844242095947266
0.02144455909729004
0.012558460235595703
0.009440422058105469
0.022045135498046875
0.019078731536865234
0.05054020881652832
0.015463113784790039
0.06349897384643555
0.027919292449951172
0.0071277618408203125
0.0027480125427246094
0.006056308746337891
0.005171298980712891
0.002276897430419922
0.004235744476318359
0.01000213623046875
0.005026102066040039
0.04811859130859375