0.016543149948120117
0.08065271377563477
0.0796823501586914
0.05904221534729004
0.007786273956298828
0.01779627799987793
0.06752562522888184
0.05993318557739258
0.03302311897277832
0.007651090621948242
0.023387908935546875
0.2215282917022705
0.03935861587524414
0.06415176391601562
0.03321123123168945
0.010974884033203125
0.0672006607055664
0.040467262268066406
0.00787663459777832
0.03401494026184082
0.16091275215148926
0.03521370887756348
0.06303286552429199
0.1269524097442627
0.6097471714019775
0.018851041793823242
0.1633906364440918
0.11189675331115723
0.02193903923034668
0.0038552284240722656
0.046823740005493164
0.1080930233001709
0.10263991355895996
0.09266328811645508
0.1221456527709961
0.05891680717468262
0.03632545471191406
0.008240222930908203
0.22942376136779785
0.016587018966674805
0.0997002124786377
0.035898447036743164
0.019009113311767578
0.024811506271362305
0.011913776397705078
0.04793405532836914
0.02049851417541504
0.009374618530273438
0.009305715560913086
0.12169480323791504
0.19809818267822266
0.09648776054382324
0.12224102020263672
0.030811309814453125
0.009033918380737305
0.09109163284301758
0.011323213577270508
0.07610630989074707
0.09082508087158203
0.05330157279968262
0.07315874099731445
0.0386509895324707
0.15439939498901367
0.04192233085632324
0.014312505722045898
0.006940364837646484
0.01656484603881836
0.06393861770629883
0.05312633514404297
0.026062726974487305
0.14976882934570312
0.015007257461547852
0.06808972358703613
0.00739598274230957
0.24796175956726074
0.11989879608154297
0.1343984603881836
0.032762765884399414
0.6635770797729492
0.05604434013366699
0.040288686752319336
0.08495116233825684
0.005446672439575195
0.02188396453857422
0.007010936737060547
0.01171255111694336
0.01170206069946289
0.033392906188964844
0.002212047576904297
0.0644066333770752
0.0065119266510009766
0.019734859466552734
0.012122869491577148
0.022652149200439453
0.05415749549865723
0.11501073837280273
0.038379669189453125
0.11906552314758301
0.04474639892578125
0.029291152954101562