0.01123189926147461
0.013514995574951172
0.013001441955566406
0.013405323028564453
0.014740228652954102
0.013335227966308594
0.013885974884033203
0.012018203735351562
0.013214111328125
0.012670516967773438
0.00896000862121582
0.008571624755859375
0.014011859893798828
0.010032415390014648
0.012630939483642578
0.010732173919677734
0.012300491333007812
0.012130022048950195
0.012698650360107422
0.01338338851928711
0.014490127563476562
0.008762598037719727
0.014266014099121094
0.012945175170898438
0.011463403701782227
0.013414621353149414
0.015048742294311523
0.011368751525878906
0.013535499572753906
0.012456893920898438
0.01166081428527832
0.01362299919128418
0.013657808303833008
0.015304088592529297
0.011916399002075195
0.011261463165283203
0.013586759567260742
0.010222434997558594
0.010485649108886719
0.01119685173034668
0.011600494384765625
0.012319087982177734
0.01075887680053711
0.009046792984008789
0.012787818908691406
0.009833812713623047
0.010234355926513672
0.011594533920288086
0.012137651443481445
0.012023687362670898
0.013072013854980469
0.011951684951782227
0.014566659927368164
0.013665437698364258
0.01058816909790039
0.008008718490600586
0.010731697082519531
0.014029979705810547
0.014232397079467773
0.014007091522216797
0.011206626892089844
0.013498067855834961
0.011575937271118164
0.011813879013061523
0.012871980667114258
0.0111236572265625
0.010827779769897461
0.01541447639465332
0.012045145034790039
0.012519598007202148
0.010175466537475586
0.013061761856079102
0.012542486190795898
0.010702371597290039
0.013896465301513672
0.014578104019165039
0.010727167129516602
0.01358795166015625
0.010441064834594727
0.010944366455078125
0.0118408203125
0.014699697494506836
0.009122848510742188
0.012929439544677734
0.012951135635375977
0.014002084732055664
0.012161016464233398
0.014301300048828125
0.010284185409545898
0.007723808288574219
0.014552831649780273
0.012818574905395508
0.01267862319946289
0.011267662048339844
0.0100250244140625
0.015744924545288086
0.011737823486328125
0.01343393325805664
0.012321233749389648
0.010274887084960938