0.0
0.0031982942430703624
0.0041906757464641176
0.002229654403567447
0.0
0.0024922118380062306
0.0
0.0
0.0
0.0022935779816513763
0.00243605359317905
0.0
0.003484320557491289
0.0009775171065493646
0.0
0.0
0.006521739130434782
0.0
0.0005743825387708214
0.0019646365422396855
0.006575857209957727
0.0
0.0
0.0
0.0032310177705977385
0.0
0.0
0.0
0.0
0.0
0.0
0.0
0.000554016620498615
0.0010325245224574084
0.0
0.0028469750889679717
0.0
0.001718213058419244
0.0
0.0
0.007194244604316547
0.0
0.0
0.0011402508551881414
0.005253940455341506
0.0
0.0010183299389002036
0.0
0.0
0.0
0.0
0.0
0.0
0.0
0.0005580357142857143
0.010823812387251955
0.001098297638660077
0.0
0.0
0.0030469226081657527
0.0
0.0
0.0
0.0
0.012700165654334622
0.0016882386043894203
0.002048131080389145
0.0
0.0
0.0
0.0
0.0
0.004009163802978236
0.0
0.0
0.0
0.0
0.0010660980810234541
0.0
0.006292906178489702
0.0012040939193257074
0.0011487650775416428
0.0
0.003601440576230492
0.0005984440454817474
0.0
0.0022346368715083797
0.0
0.0
0.0
0.002408187838651415
0.005047955577990914
0.0
0.001273074474856779
0.0
0.0
0.006440281030444965
0.0
0.0
0.0