2.9087066650390625e-05
2.4318695068359375e-05
2.3603439331054688e-05
2.3126602172851562e-05
2.288818359375e-05
2.2649765014648438e-05
2.288818359375e-05
2.3126602172851562e-05
7.462501525878906e-05
2.288818359375e-05
2.288818359375e-05
2.2649765014648438e-05
2.2649765014648438e-05
2.2172927856445312e-05
2.2172927856445312e-05
2.288818359375e-05
2.288818359375e-05
2.2411346435546875e-05
2.2649765014648438e-05
2.2649765014648438e-05
2.2411346435546875e-05
2.193450927734375e-05
2.2411346435546875e-05
2.2411346435546875e-05
3.719329833984375e-05
5.626678466796875e-05
4.267692565917969e-05
5.555152893066406e-05
2.47955322265625e-05
3.7670135498046875e-05
2.384185791015625e-05
2.4080276489257812e-05
3.504753112792969e-05
2.2411346435546875e-05
2.2172927856445312e-05
2.2649765014648438e-05
2.2411346435546875e-05
2.193450927734375e-05
2.2172927856445312e-05
2.2411346435546875e-05
2.2649765014648438e-05
2.2411346435546875e-05
2.2411346435546875e-05
2.2411346435546875e-05
2.193450927734375e-05
2.2172927856445312e-05
2.2172927856445312e-05
2.2649765014648438e-05
2.2172927856445312e-05
2.2411346435546875e-05
2.2172927856445312e-05
2.2411346435546875e-05
2.2411346435546875e-05
2.288818359375e-05
2.2172927856445312e-05
2.2411346435546875e-05
2.288818359375e-05
2.2411346435546875e-05
2.2411346435546875e-05
2.2411346435546875e-05
2.3126602172851562e-05
2.288818359375e-05
2.2411346435546875e-05
2.2172927856445312e-05
2.2649765014648438e-05
2.2411346435546875e-05
2.2411346435546875e-05
2.2411346435546875e-05
2.2649765014648438e-05
2.2649765014648438e-05
2.2411346435546875e-05
2.2411346435546875e-05
2.2172927856445312e-05
2.2649765014648438e-05
2.193450927734375e-05
2.2411346435546875e-05
2.288818359375e-05
2.2172927856445312e-05
2.2649765014648438e-05
2.2649765014648438e-05
2.2649765014648438e-05
2.288818359375e-05
2.288818359375e-05
2.193450927734375e-05
2.2172927856445312e-05
2.288818359375e-05
3.981590270996094e-05
2.4080276489257812e-05
4.935264587402344e-05
2.2649765014648438e-05
2.2172927856445312e-05
2.2411346435546875e-05
2.2172927856445312e-05
2.2649765014648438e-05
2.288818359375e-05
2.2411346435546875e-05
2.2649765014648438e-05
2.2649765014648438e-05
2.7418136596679688e-05
3.886222839355469e-05