1.9550323486328125e-05
1.52587890625e-05
1.430511474609375e-05
1.4066696166992188e-05
1.4066696166992188e-05
1.3828277587890625e-05
1.3589859008789062e-05
1.3589859008789062e-05
1.33514404296875e-05
1.33514404296875e-05
1.33514404296875e-05
1.33514404296875e-05
1.3828277587890625e-05
1.33514404296875e-05
1.33514404296875e-05
1.33514404296875e-05
1.3589859008789062e-05
1.3113021850585938e-05
1.3589859008789062e-05
1.2874603271484375e-05
1.33514404296875e-05
1.3589859008789062e-05
1.33514404296875e-05
1.4066696166992188e-05
1.3589859008789062e-05
3.337860107421875e-05
1.4781951904296875e-05
2.6702880859375e-05
1.3828277587890625e-05
1.3828277587890625e-05
1.3113021850585938e-05
1.33514404296875e-05
1.2874603271484375e-05
1.33514404296875e-05
1.2874603271484375e-05
1.33514404296875e-05
1.3828277587890625e-05
1.3589859008789062e-05
1.3113021850585938e-05
1.3828277587890625e-05
1.3589859008789062e-05
1.3589859008789062e-05
1.3589859008789062e-05
1.33514404296875e-05
1.2874603271484375e-05
1.33514404296875e-05
1.3113021850585938e-05
1.33514404296875e-05
1.33514404296875e-05
1.33514404296875e-05
1.3589859008789062e-05
1.33514404296875e-05
1.3589859008789062e-05
1.3589859008789062e-05
1.33514404296875e-05
1.33514404296875e-05
1.33514404296875e-05
1.33514404296875e-05
1.2874603271484375e-05
1.3113021850585938e-05
1.33514404296875e-05
1.3113021850585938e-05
1.33514404296875e-05
1.3113021850585938e-05
1.3113021850585938e-05
1.3589859008789062e-05
1.3589859008789062e-05
1.3589859008789062e-05
1.33514404296875e-05
1.3589859008789062e-05
1.3589859008789062e-05
1.3589859008789062e-05
1.3113021850585938e-05
1.2874603271484375e-05
1.33514404296875e-05
1.33514404296875e-05
1.3113021850585938e-05
1.3589859008789062e-05
1.33514404296875e-05
1.33514404296875e-05
1.3113021850585938e-05
1.33514404296875e-05
1.3113021850585938e-05
1.3589859008789062e-05
1.33514404296875e-05
1.3113021850585938e-05
1.33514404296875e-05
1.33514404296875e-05
1.33514404296875e-05
1.33514404296875e-05
1.3113021850585938e-05
1.3589859008789062e-05
1.3828277587890625e-05
1.33514404296875e-05
1.3113021850585938e-05
1.33514404296875e-05
1.33514404296875e-05
1.3113021850585938e-05
1.33514404296875e-05
1.3113021850585938e-05