1 10 1660 72 1 86 226 293 60 55 130 404 19 108 148 31 284 301 121 298 417 428 229
2 10 2059 388 274 283 15 309 489 45 14 451 476 201 272 235 366 100 243 257 330 305 45
3 10 2025 85 286 400 351 329 468 426 336 95 301 274 175 260 167 65 15 253 149 345 16
4 10 1574 320 395 83 469 327 371 177 147 171 149 99 338 265 118 415 35 30 417 81 439
5 10 2248 296 34 135 325 478 107 294 431 315 477 100 108 173 36 476 214 268 417 275 472
6 10 2181 354 351 154 354 481 239 407 23 227 391 124 43 304 372 376 346 224 372 76 69
7 10 1893 286 153 347 390 88 384 453 158 54 165 166 99 361 270 69 236 310 175 233 434
8 10 1938 110 50 51 475 464 464 409 370 190 398 161 491 333 24 131 467 252 157 322 196
9 10 2150 114 309 319 472 387 366 388 387 242 51 483 104 34 420 219 336 401 385 101 288
10 10 2488 314 81 205 277 206 81 92 130 377 134 191 444 396 398 443 387 433 320 453 48
11 10 2507 452 279 346 238 192 474 293 32 436 200 385 66 367 385 238 94 33 50 392 317
12 10 1996 63 319 318 323 398 142 22 445 28 330 460 116 439 162 218 338 323 264 227 132
13 10 2248 288 289 251 432 57 300 321 427 121 172 293 155 236 188 405 329 490 376 349 413
14 10 2631 171 141 425 84 456 438 97 495 353 133 496 93 252 485 490 229 259 199 290 467
15 10 1784 150 232 112 217 38 455 472 109 160 332 212 93 389 204 123 472 459 430 116 113
16 10 1344 49 92 194 351 177 5 141 413 40 151 190 316 270 421 230 463 355 256 34 404
17 10 1459 280 166 62 393 148 265 112 224 316 79 102 491 144 225 181 267 395 42 84 245
18 10 2432 308 222 240 26 227 429 202 407 423 59 405 411 201 234 412 36 495 356 128 119
19 10 1644 403 435 60 255 335 249 163 249 149 203 445 474 31 113 156 87 122 464 192 75
20 10 2078 201 117 440 189 60 222 132 302 287 55 395 220 351 401 495 150 44 137 193 360
21 10 2088 193 481 311 231 455 148 464 122 170 159 135 165 250 21 174 339 129 497 330 4
22 10 1379 27 145 459 426 142 290 85 71 127 488 29 17 409 47 2 473 284 321 160 467
23 10 1410 401 448 8 138 190 130 3 394 500 162 49 482 96 373 105 316 215 449 196 300
24 10 2032 391 420 104 464 387 158 162 491 428 1 36 75 269 245 166 215 330 4 267 353
25 10 2217 60 387 316 448 418 236 193 139 251 111 482 301 161 383 174 34 279 76 438 236
26 10 2609 478 188 441 88 487 296 323 434 296 224 327 452 76 442 97 71 237 151 500 298
27 10 1356 94 114 82 479 42 337 83 220 77 210 125 262 481 237 384 295 86 247 241 329
28 10 2296 384 60 193 456 448 400 349 317 85 449 408 181 390 461 146 105 215 211 253 297
29 10 1963 208 204 449 362 58 452 50 188 197 75 368 413 426 395 82 480 348 220 268 439
30 10 1968 207 470 433 466 298 20 159 119 100 167 468 420 38 458 399 208 356 28 2 376
31 10 1806 188 117 149 149 225 391 81 390 430 2 394 84 100 452 434 6 158 344 99 329
32 10 1576 377 71 208 478 83 197 46 206 8 399 490 140 149 30 118 206 395 205 96 282
33 10 2258 397 455 215 137 313 435 432 158 257 233 272 484 175 307 369 179 17 230 376 150
34 10 2433 447 309 344 231 315 247 101 91 67 283 226 10 429 436 467 201 358 264 288 19
35 10 1937 226 46 263 94 206 137 22 489 390 284 59 384 310 261 463 265 121 17 362 53
36 10 1888 256 454 65 375 311 72 297 88 256 466 159 38 478 71 178 142 253 183 108 263
37 10 2248 457 71 229 154 20 435 235 425 410 229 253 131 369 417 115 160 331 463 392 347
38 10 2100 442 452 379 285 457 182 18 264 115 33 360 118 65 333 131 218 473 406 186 453
39 10 1899 386 251 182 253 233 303 215 93 80 330 438 188 134 10 191 2 236 22 279 29
40 10 2415 425 34 232 123 124 59 449 306 474 286 131 210 270 243 61 62 419 487 434 408
41 10 2121 29 337 140 285 39 326 475 300 265 347 119 79 498 344 495 328 155 83 437 372
42 10 2881 214 247 484 115 406 441 358 458 483 265 367 36 186 147 423 130 450 298 231 41
43 10 1488 2 162 326 344 410 347 12 128 28 319 216 276 179 10 388 10 260 379 40 338
44 10 2493 354 320 484 4 47 377 327 485 134 304 125 59 184 287 496 41 470 324 496 188
45 10 1884 357 245 5 258 310 242 38 16 382 12 229 463 368 435 50 450 472 141 144 368
46 10 2044 361 294 66 388 289 446 312 193 265 158 384 67 357 490 56 315 150 204 316 466
47 10 1844 247 68 371 67 19 50 203 298 488 269 61 248 65 408 454 263 163 386 235 438
48 10 1972 156 397 199 185 119 196 266 160 462 414 60 429 276 213 467 149 84 483 377 341
49 10 1924 270 276 144 70 271 485 225 165 240 281 121 496 10 270 191 420 434 396 499 7
50 10 1592 152 224 321 168 58 419 41 233 433 486 414 392 256 455 195 467 78 500 42 410
51 10 1940 226 182 62 224 185 45 432 381 195 8 83 128 399 109 19 471 383 436 442 489
52 10 1815 197 145 107 429 174 199 378 9 360 230 318 194 250 337 466 229 7 383 12 268
53 10 2266 90 392 82 329 445 337 206 229 358 462 424 169 290 237 450 496 71 455 417 32
54 10 1401 42 175 99 252 78 248 395 360 163 150 171 203 329 319 210 147 45 450 220 215
55 10 2296 464 327 65 339 234 369 476 28 436 39 353 426 242 59 473 265 100 455 27 457
56 10 2294 178 87 70 254 192 201 483 63 418 460 420 425 56 420 260 4 333 227 458 448
57 10 1520 79 111 111 368 226 173 289 51 267 69 151 432 241 213 42 479 38 75 457 352
58 10 2012 270 348 313 474 495 195 287 149 167 386 261 302 64 252 227 461 158 353 274 179
59 10 2104 254 183 488 59 339 322 54 428 244 241 136 251 394 37 402 250 229 364 91 368
60 10 2276 484 150 11 350 292 191 320 238 211 299 167 473 308 57 496 195 180 235 376 94
61 10 2522 428 113 71 137 281 377 303 16 57 58 497 220 338 258 413 186 403 323 362 55
62 10 2034 395 413 18 278 500 384 292 390 464 376 290 299 79 297 3 191 173 161 329 348
63 10 1713 448 269 317 460 78 353 460 126 392 311 293 245 109 122 26 201 6 318 13 323
64 10 1932 419 136 490 199 62 90 274 488 257 50 23 152 84 45 94 456 335 48 378 216
65 10 2236 497 499 484 196 233 158 100 380 186 242 124 132 404 375 312 91 365 353 90 127
66 10 1773 360 425 296 279 77 94 448 258 343 236 364 453 173 272 26 176 19 341 111 55
67 10 1717 475 365 237 258 41 98 40 255 158 198 386 440 269 397 4 230 379 302 158 27
68 10 2407 355 42 489 338 362 232 63 129 417 213 105 123 90 398 334 173 495 284 299 183
69 10 1184 63 197 122 319 322 130 259 412 124 400 20 274 2 224 182 287 293 153 94 266
70 10 2348 105 104 378 357 487 11 339 396 489 485 458 73 180 234 139 369 278 163 82 459
71 10 1883 335 290 472 412 185 228 94 224 40 99 231 318 110 352 474 189 150 67 263 314
72 10 1705 329 352 128 274 369 8 247 85 28 245 371 185 123 192 115 437 302 327 120 54
73 10 1795 85 451 234 473 466 421 440 303 498 400 94 453 9 152 284 266 82 208 52 5
74 10 2819 275 116 488 479 315 375 270 407 245 406 482 352 469 8 307 78 487 88 186 35
75 10 1848 138 480 163 313 206 401 321 439 481 175 21 74 361 316 27 423 457 214 135 322
76 10 1634 128 59 17 21 151 146 184 434 353 90 476 183 206 390 247 103 19 30 262 200
77 10 2127 346 184 395 420 440 233 297 425 114 470 271 250 19 92 196 210 122 436 459 256
78 10 1687 242 164 369 43 1 277 174 138 26 320 99 206 363 11 169 442 467 459 199 244
79 10 1871 162 338 458 491 227 107 25 130 259 308 204 277 90 285 443 187 405 76 66 97
80 10 1619 109 401 316 367 70 400 249 356 190 217 218 492 319 69 316 344 167 312 70 106
81 10 1615 208 5 128 325 29 402 382 491 115 126 229 403 155 8 279 199 133 309 361 331
82 10 2276 285 303 193 280 476 407 51 443 343 152 490 188 101 318 463 273 101 115 342 108
83 10 2246 25 246 6 191 214 77 471 373 481 388 433 204 10 185 377 190 292 412 499 232
84 10 1400 372 239 291 457 171 311 255 468 23 237 106 175 225 371 202 250 16 58 90 224
85 10 1719 407 454 197 380 245 298 42 269 109 350 386 352 16 449 282 471 157 421 308 427
86 10 2322 489 31 200 90 66 101 462 226 193 235 35 359 269 127 383 76 420 205 386 166
87 10 1888 12 400 166 233 81 215 22 432 499 353 414 80 128 71 385 438 184 100 470 107
88 10 2090 184 165 426 402 324 25 304 3 442 382 136 4 464 300 213 202 95 425 25 214
89 10 1694 399 270 5 224 35 293 317 408 23 171 198 238 326 158 412 303 145 161 258 170
90 10 1568 295 302 62 11 130 140 320 217 248 453 253 305 199 449 189 396 78 185 187 141
91 10 2348 163 50 185 33 277 308 163 222 395 357 310 169 486 210 413 20 412 332 131 389
92 10 1816 482 423 61 374 413 194 134 433 3 140 50 464 363 452 251 256 231 31 282 452
93 10 2264 448 289 319 57 218 105 420 279 160 23 135 26 308 80 486 97 289 349 47 496
94 10 2197 187 65 326 380 351 92 314 80 54 108 364 5 422 96 481 147 173 333 75 495
95 10 1722 48 479 447 299 435 254 331 383 228 161 261 93 6 237 42 41 172 271 183 390
96 10 1954 70 225 90 4 316 151 258 87 359 232 279 456 91 237 357 36 358 458 265 214
97 10 1822 267 217 267 326 6 73 26 343 253 204 275 5 224 401 356 28 332 204 272 81
98 10 1990 38 174 400 195 37 480 84 349 432 215 373 440 445 403 63 425 492 269 124 30
99 10 2128 327 337 147 106 433 405 406 151 496 109 324 294 180 381 100 16 48 129 199 368
100 10 2216 304 19 369 469 36 336 372 481 60 129 344 354 355 52 303 313 420 46 208 402
