0.00536036491394043
0.006247520446777344
0.0016951560974121094
0.014514446258544922
0.0013573169708251953
0.010268688201904297
0.01051187515258789
0.02128887176513672
0.0006947517395019531
0.00905609130859375
0.002302885055541992
0.005242824554443359
0.0021872520446777344
0.025145292282104492
0.003579378128051758
0.0017304420471191406
0.008405447006225586
0.0035202503204345703
0.0016391277313232422
0.0032265186309814453
0.003347158432006836
0.00884556770324707
0.03903317451477051
0.030668020248413086
0.0076520442962646484
0.004651308059692383
0.008005619049072266
0.0025489330291748047
0.019321203231811523
0.00448298454284668
0.0012156963348388672
0.007878541946411133
0.0039174556732177734
0.013036966323852539
0.0013744831085205078
0.009110212326049805
0.017581701278686523
0.05745697021484375
0.0028181076049804688
0.00500035285949707
0.007246732711791992
0.03328967094421387
0.012753963470458984
0.013802766799926758
0.0020704269409179688
0.012958765029907227
0.01109457015991211
0.04385495185852051
0.021865367889404297
0.02584362030029297
0.02245306968688965
0.006173133850097656
0.006814479827880859
0.008031606674194336
0.0239713191986084
0.004741191864013672
0.015233039855957031
0.0022735595703125
0.004950761795043945
0.03168630599975586
0.0113525390625
0.013331413269042969
0.0010259151458740234
0.002980470657348633
0.0029947757720947266
0.01049041748046875
0.003273487091064453
0.02366328239440918
0.007455587387084961
0.003015756607055664
0.0075054168701171875
0.0029680728912353516
0.011020660400390625
0.01810169219970703
0.017436504364013672
0.037319183349609375
0.019085407257080078
0.004858255386352539
0.011653423309326172
0.015987873077392578
0.04385232925415039
0.08263230323791504
0.0035979747772216797
0.0664827823638916
0.028947114944458008
0.0027844905853271484
0.02474236488342285
0.018697738647460938
0.0023250579833984375
0.0034842491149902344
0.003876209259033203
0.014637947082519531
0.00729060173034668
0.001482248306274414
0.0007910728454589844
0.01626110076904297
0.002891063690185547
0.009142398834228516
0.003134012222290039
0.021106958389282227