0.007984031936127744
0.0
0.0
0.0
0.0025717111770524235
0.0003290014805066623
0.0035885167464114833
0.0
0.003477656059815684
0.0
0.0
0.0
0.0
0.0
0.0
0.0
0.0
0.0
0.0
0.0007670182166826462
0.0
0.0
0.0
0.0034566897112647418
0.0
0.004858904877592973
0.010539940828402367
0.0
0.004968469329256641
0.0
0.0
0.0
0.0
0.008947006194081212
0.0
0.014363885088919288
0.0012278547623223997
0.0
0.0
0.0
0.0008125126955108674
0.0
0.001497967044725016
0.0
0.011858324231549384
0.0
0.0
0.0
0.006041155370964697
0.0
0.008067407673001075
0.0
0.0
0.0
0.0005046681806712087
0.006415929203539823
0.0029756000793493354
0.0
0.016700066800267203
0.0
0.0
0.008514492753623188
0.0
0.0033500837520938024
0.0007130972189208462
0.001748931208705791
0.0034103827207275484
0.0
0.0017971246006389776
0.0022325581395348836
0.0
0.0
0.0
0.0
0.0
0.0
0.0
0.0
0.0
0.0010317787866281469
0.0
0.0
0.0
0.0
0.0
0.0
0.0
0.0
0.0
0.0
0.0
0.0
0.0
0.001113379105585452
0.0
0.0
0.0
0.0
0.0019862766341639583
0.0013066202090592336