0.0
0.00027281407720638383
0.002352203230359103
0.0
0.0
0.0006801564359802754
0.0045153097220262456
0.0
0.0
0.0
0.0018326206475259622
0.0
0.0
0.002196316945429971
0.0
0.0
0.0
0.0
0.0
0.0
0.0013054830287206266
0.0025003677011325195
0.0
0.001254115065057219
0.0
0.006566850538481744
0.003963963963963964
0.0075627363355104844
0.012597200622083981
0.0009946007388462632
0.0
0.0
0.0
0.0
0.0
0.0038234271810914148
0.009840735465492684
0.0023016725487187356
0.0
0.0
0.0
0.006580871599883006
0.0015853443720274794
0.0
0.0
0.005991285403050109
0.0
0.0
0.004720820446036138
0.0
0.0058339566192969336
0.0015153428463189798
0.0
0.0007377351530800443
0.0
0.0
0.0
0.0
0.0
0.0
0.0032399157621901833
0.001949317738791423
0.009035719327968376
0.0
0.0
0.0
0.002789629143419757
0.0
0.0
0.0
0.0015458605290278255
0.0
0.0022712524334847503
0.0
0.000941492938802959
0.003626943005181347
0.0
0.0016223231667748216
0.0
0.0
0.0
0.001758031005274093
0.003681392235609103
0.005492058779872347
0.002473446820893351
0.009444798978940652
0.0010542168674698795
0.002932551319648094
0.007222035606315082
0.0
0.004567648448574579
0.0
0.0
0.0
0.0028541385008261978
0.0
0.0014889815366289458
0.0
0.0
0.0