0.0007581710815429688
0.0004899501800537109
0.002206087112426758
0.0029296875
0.0025055408477783203
0.0017485618591308594
0.0010035037994384766
0.0009393692016601562
0.0014653205871582031
0.0006914138793945312
0.0010330677032470703
0.0009415149688720703
0.00012493133544921875
0.0006401538848876953
0.0007207393646240234
0.0016472339630126953
0.0011849403381347656
0.0008521080017089844
0.002278566360473633
0.0007405281066894531
0.0006952285766601562
0.0008325576782226562
0.00032401084899902344
0.0004124641418457031
0.0008566379547119141
0.006514072418212891
0.002945423126220703
0.003260374069213867
0.0011477470397949219
0.0015027523040771484
0.001562356948852539
0.0005888938903808594
0.0007529258728027344
0.0006837844848632812
0.0002830028533935547
0.0019068717956542969
0.001255035400390625
0.0020079612731933594
0.00029349327087402344
0.000354766845703125
0.0006291866302490234
0.003799915313720703
0.0014922618865966797
0.004659891128540039
0.0020704269409179688
0.00021696090698242188
0.0015664100646972656
0.0012240409851074219
0.0006380081176757812
0.004523038864135742
0.0018568038940429688
0.0015072822570800781
0.0031909942626953125
0.00026297569274902344
0.0032477378845214844
0.0010502338409423828
0.0006029605865478516
0.0015306472778320312
0.0011904239654541016
0.0025877952575683594
0.0014121532440185547
0.002707958221435547
0.0018987655639648438
0.001344442367553711
0.0007197856903076172
0.0005776882171630859
0.00014734268188476562
0.0027532577514648438
0.001119852066040039
0.0004551410675048828
0.0013806819915771484
0.00015282630920410156
0.0005745887756347656
0.0006029605865478516
0.0017240047454833984
0.0002951622009277344
0.0013396739959716797
0.0012145042419433594
0.0004394054412841797
0.0015468597412109375
0.001115560531616211
0.005527019500732422
0.0013599395751953125
0.003520488739013672
0.0009365081787109375
0.0004284381866455078
0.0014777183532714844
0.0010263919830322266
0.0006651878356933594
0.0025229454040527344
0.0006988048553466797
0.0009009838104248047
0.0005297660827636719
0.0013513565063476562
0.0005564689636230469
0.0003650188446044922
0.00035953521728515625
0.00034046173095703125
0.003765583038330078
0.0024018287658691406