1 30 4853
2 30 6634
3 30 5982
4 30 6106
5 30 6298
6 30 5204
7 30 6180
8 30 5101
9 30 6113
10 30 5577
11 30 5638
12 30 5976
13 30 6249
14 30 5840
15 30 6675
16 30 6007
17 30 5636
18 30 6329
19 30 5688
20 30 5465
21 30 5483
22 30 5636
23 30 5465
24 30 4711
25 30 5894
26 30 5141
27 30 5339
28 30 5971
29 30 5579
30 30 4596
31 30 5067
32 30 6721
33 30 5869
34 30 6060
35 30 5860
36 30 6348
37 30 5848
38 30 4382
39 30 5571
40 30 5598
41 30 5222
42 30 5845
43 30 5355
44 30 4727
45 30 6102
46 30 6648
47 30 6384
48 30 5667
49 30 6259
50 30 4670
51 30 5967
52 30 7092
53 30 4651
54 30 5478
55 30 5731
56 30 4848
57 30 5731
58 30 5925
59 30 6681
60 30 5187
61 30 5991
62 30 6641
63 30 6239
64 30 6030
65 30 6133
66 30 6953
67 30 5753
68 30 5235
69 30 5103
70 30 5478
71 30 6100
72 30 4668
73 30 4936
74 30 6105
75 30 6064
76 30 5012
77 30 6242
78 30 5734
79 30 5548
80 30 5633
81 30 5958
82 30 6066
83 30 6182
84 30 6274
85 30 6402
86 30 5713
87 30 5374
88 30 5311
89 30 5519
90 30 5656
91 30 4481
92 30 5727
93 30 5864
94 30 5199
95 30 5728
96 30 6691
97 30 5856
98 30 5908
99 30 5259
100 30 5626