3.123283386230469e-05
2.5510787963867188e-05
5.245208740234375e-05
2.384185791015625e-05
2.2649765014648438e-05
2.2649765014648438e-05
2.288818359375e-05
2.2411346435546875e-05
2.3603439331054688e-05
2.2649765014648438e-05
2.2411346435546875e-05
2.2411346435546875e-05
2.288818359375e-05
2.288818359375e-05
2.288818359375e-05
2.3126602172851562e-05
2.3365020751953125e-05
2.2172927856445312e-05
2.2172927856445312e-05
2.2411346435546875e-05
2.2172927856445312e-05
2.2411346435546875e-05
2.2172927856445312e-05
2.193450927734375e-05
2.193450927734375e-05
2.2411346435546875e-05
5.221366882324219e-05
3.62396240234375e-05
2.2649765014648438e-05
2.193450927734375e-05
2.288818359375e-05
2.2649765014648438e-05
2.2411346435546875e-05
2.2172927856445312e-05
2.2411346435546875e-05
2.2172927856445312e-05
2.2172927856445312e-05
2.2649765014648438e-05
2.2649765014648438e-05
2.2649765014648438e-05
2.2411346435546875e-05
2.2411346435546875e-05
2.2649765014648438e-05
2.2411346435546875e-05
2.193450927734375e-05
2.2411346435546875e-05
2.2649765014648438e-05
2.2411346435546875e-05
2.2411346435546875e-05
2.2649765014648438e-05
2.2411346435546875e-05
2.2172927856445312e-05
2.2172927856445312e-05
2.2411346435546875e-05
2.2411346435546875e-05
2.288818359375e-05
2.2411346435546875e-05
2.2172927856445312e-05
2.2649765014648438e-05
2.193450927734375e-05
2.193450927734375e-05
2.2411346435546875e-05
4.506111145019531e-05
2.3126602172851562e-05
4.482269287109375e-05
4.172325134277344e-05
2.3126602172851562e-05
2.3126602172851562e-05
2.3365020751953125e-05
2.5272369384765625e-05
2.3126602172851562e-05
2.3126602172851562e-05
2.384185791015625e-05
2.3126602172851562e-05
2.384185791015625e-05
2.3365020751953125e-05
2.3603439331054688e-05
2.3365020751953125e-05
2.3603439331054688e-05
2.3126602172851562e-05
2.3126602172851562e-05
2.3365020751953125e-05
2.4080276489257812e-05
2.3603439331054688e-05
2.3126602172851562e-05
2.384185791015625e-05
2.3603439331054688e-05
2.3126602172851562e-05
5.364418029785156e-05
2.193450927734375e-05
2.2172927856445312e-05
2.2649765014648438e-05
2.193450927734375e-05
2.288818359375e-05
2.2649765014648438e-05
2.193450927734375e-05
2.2172927856445312e-05
4.100799560546875e-05
5.745887756347656e-05
2.3365020751953125e-05