5.245208740234375e-05
0.00010037422180175781
7.939338684082031e-05
9.942054748535156e-05
0.00014638900756835938
0.0002467632293701172
0.0003581047058105469
0.0001533031463623047
6.127357482910156e-05
0.0001010894775390625
0.00017118453979492188
0.00015282630920410156
0.00026917457580566406
0.0001461505889892578
0.00010061264038085938
0.000186920166015625
0.00015974044799804688
0.00024700164794921875
0.00012969970703125
7.605552673339844e-05
5.888938903808594e-05
6.318092346191406e-05
7.128715515136719e-05
0.00011348724365234375
0.00011515617370605469
0.00011372566223144531
9.298324584960938e-05
0.00016927719116210938
0.0002079010009765625
5.340576171875e-05
0.0001010894775390625
0.00014972686767578125
0.0001723766326904297
2.4557113647460938e-05
4.935264587402344e-05
0.00010442733764648438
8.153915405273438e-05
0.00021910667419433594
0.0002129077911376953
7.271766662597656e-05
0.0003273487091064453
0.0004947185516357422
0.00012445449829101562
6.508827209472656e-05
0.0001499652862548828
5.14984130859375e-05
5.53131103515625e-05
4.3392181396484375e-05
0.0001266002655029297
0.0001380443572998047
0.00010752677917480469
9.059906005859375e-05
0.00013971328735351562
5.793571472167969e-05
0.000217437744140625
0.00010609626770019531
7.987022399902344e-05
0.00011515617370605469
8.344650268554688e-05
0.0001304149627685547
0.00019407272338867188
0.00011205673217773438
9.965896606445312e-05
0.00011754035949707031
0.00011396408081054688
0.00012445449829101562
0.00018668174743652344
7.343292236328125e-05
0.0001442432403564453
9.250640869140625e-05
0.00021004676818847656
0.0002834796905517578
3.528594970703125e-05
9.775161743164062e-05
9.298324584960938e-05
9.751319885253906e-05
0.000179290771484375
0.00013709068298339844
0.0001342296600341797
0.00010085105895996094
0.00017595291137695312
0.00014710426330566406
0.00012826919555664062
0.00023126602172851562
0.00012969970703125
0.00010824203491210938
0.00010037422180175781
9.822845458984375e-05
0.00012087821960449219
5.221366882324219e-05
0.0002319812774658203
4.792213439941406e-05
6.246566772460938e-05
4.458427429199219e-05
0.0002856254577636719
0.0001926422119140625
8.96453857421875e-05
0.0002231597900390625
0.000179290771484375
0.0001659393310546875