0.00787353515625
0.010273933410644531
0.014716148376464844
0.010698080062866211
0.012102603912353516
0.013226032257080078
0.015201330184936523
0.018105268478393555
0.018926382064819336
0.015697240829467773
0.01444697380065918
0.02020740509033203
0.02587890625
0.020906448364257812
0.01856851577758789
0.021927356719970703
0.012956380844116211
0.015697240829467773
0.019710779190063477
0.015105485916137695
0.007109642028808594
0.012484073638916016
0.023538589477539062
0.004418611526489258
0.01812124252319336
0.020438432693481445
0.019582748413085938
0.02318596839904785
0.024953603744506836
0.011327981948852539
0.004555463790893555
0.015176534652709961
0.01978445053100586
0.01508641242980957
0.014678955078125
0.012573480606079102
0.01621723175048828
0.020506620407104492
0.008342981338500977
0.015871524810791016
0.02468705177307129
0.014816761016845703
0.006331682205200195
0.012238740921020508
0.015362262725830078
0.02420949935913086
0.01616382598876953
0.021946430206298828
0.0068705081939697266
0.03228926658630371
0.01645660400390625
0.01811671257019043
0.021367311477661133
0.019839048385620117
0.012563228607177734
0.012795209884643555
0.014017581939697266
0.024329185485839844
0.015044927597045898
0.016508102416992188
0.010605096817016602
0.027655839920043945
0.01646590232849121
0.008764982223510742
0.018283605575561523
0.020227909088134766
0.02116227149963379
0.016317367553710938
0.016283512115478516
0.012504100799560547
0.01854562759399414
0.012285470962524414
0.017079830169677734
0.011580944061279297
0.01791214942932129
0.009597063064575195
0.01999807357788086
0.010644197463989258
0.017084360122680664
0.017946243286132812
0.012013673782348633
0.019065380096435547
0.01758408546447754
0.02058887481689453
0.02713489532470703
0.011255502700805664
0.015142679214477539
0.006776332855224609
0.016927242279052734
0.020380258560180664
0.00891876220703125
0.01922130584716797
0.012205839157104492
0.010114431381225586
0.013917684555053711
0.012060165405273438
0.007250785827636719
0.01940751075744629
0.014450550079345703
0.010138273239135742