0.031003952026367188
0.03340005874633789
0.0367741584777832
0.033184051513671875
0.03372359275817871
0.03792452812194824
0.043465375900268555
0.037740468978881836
0.04754066467285156
0.03307771682739258
0.025747299194335938
0.03224658966064453
0.049483299255371094
0.04010725021362305
0.03082108497619629
0.01878833770751953
0.03488731384277344
0.030209779739379883
0.03427433967590332
0.039968252182006836
0.02349686622619629
0.04232931137084961
0.04447770118713379
0.028017282485961914
0.03644704818725586
0.04196739196777344
0.0427243709564209
0.03148293495178223
0.04101443290710449
0.02705860137939453
0.0337064266204834
0.03984975814819336
0.03695344924926758
0.056112051010131836
0.03572893142700195
0.03884530067443848
0.03476524353027344
0.03645658493041992
0.03164362907409668
0.04656267166137695
0.031206130981445312
0.05155301094055176
0.03122711181640625
0.03929018974304199
0.03976607322692871
0.026414871215820312
0.047029733657836914
0.030583858489990234
0.04517555236816406
0.024045228958129883
0.04249691963195801
0.041445255279541016
0.029358863830566406
0.05012798309326172
0.03613114356994629
0.03897452354431152
0.03290414810180664
0.02387714385986328
0.041602373123168945
0.02716660499572754
0.027973651885986328
0.04422140121459961
0.024494409561157227
0.0240786075592041
0.03788471221923828
0.03573274612426758
0.03356456756591797
0.03777265548706055
0.03998827934265137
0.033568620681762695
0.027321815490722656
0.03673577308654785
0.034206390380859375
0.026616573333740234
0.027697324752807617
0.045961618423461914
0.04404854774475098
0.036490440368652344
0.04037332534790039
0.04236412048339844
0.0342710018157959
0.03659367561340332
0.0359187126159668
0.03418397903442383
0.04734683036804199
0.023298978805541992
0.04266023635864258
0.028156518936157227
0.03474903106689453
0.05128979682922363
0.03097820281982422
0.029689311981201172
0.03718304634094238
0.04221034049987793
0.04688429832458496
0.04693293571472168
0.02662825584411621
0.02906203269958496
0.04031229019165039
0.03746533393859863