1 30 1222
2 30 1669
3 30 1504
4 30 1536
5 30 1584
6 30 1314
7 30 1553
8 30 1282
9 30 1540
10 30 1405
11 30 1419
12 30 1506
13 30 1573
14 30 1473
15 30 1679
16 30 1511
17 30 1420
18 30 1592
19 30 1430
20 30 1377
21 30 1380
22 30 1426
23 30 1383
24 30 1186
25 30 1482
26 30 1297
27 30 1344
28 30 1513
29 30 1405
30 30 1160
31 30 1275
32 30 1700
33 30 1485
34 30 1523
35 30 1472
36 30 1597
37 30 1479
38 30 1105
39 30 1402
40 30 1426
41 30 1313
42 30 1476
43 30 1352
44 30 1193
45 30 1540
46 30 1675
47 30 1604
48 30 1428
49 30 1575
50 30 1181
51 30 1500
52 30 1782
53 30 1172
54 30 1382
55 30 1445
56 30 1219
57 30 1458
58 30 1490
59 30 1680
60 30 1309
61 30 1508
62 30 1670
63 30 1569
64 30 1526
65 30 1545
66 30 1749
67 30 1469
68 30 1318
69 30 1286
70 30 1379
71 30 1546
72 30 1175
73 30 1244
74 30 1538
75 30 1526
76 30 1266
77 30 1587
78 30 1450
79 30 1395
80 30 1420
81 30 1500
82 30 1525
83 30 1557
84 30 1579
85 30 1610
86 30 1437
87 30 1354
88 30 1343
89 30 1402
90 30 1427
91 30 1131
92 30 1439
93 30 1476
94 30 1309
95 30 1459
96 30 1687
97 30 1475
98 30 1486
99 30 1324
100 30 1416