1 15 517 15 1 18 362 81 30 60 667 11 207 22 236 59 96 61 194 7 455 86 366 27 721 96 493 98 453 3 71 3 621
2 15 501 52 528 47 585 20 389 61 72 41 435 9 640 71 405 30 552 4 525 94 416 34 104 3 682 68 136 58 439 35 151
3 15 760 98 512 79 133 94 47 84 663 7 283 30 524 75 130 88 424 24 158 68 274 30 684 55 755 63 763 96 171 59 690
4 15 610 84 159 22 761 43 474 7 276 8 216 65 507 71 561 25 69 97 382 61 594 46 626 76 553 31 566 82 37 45 595
5 15 588 14 434 70 624 47 694 73 431 34 159 62 280 91 253 18 615 11 264 14 377 58 244 69 655 74 81 95 533 5 258
6 15 709 38 636 22 80 65 314 27 746 51 251 93 741 52 350 68 511 95 773 21 162 58 641 77 620 74 55 84 182 62 388
7 15 561 78 618 14 709 78 725 10 693 64 327 56 148 26 330 17 503 17 604 27 305 89 633 80 484 7 80 48 151 91 446
8 15 603 64 554 48 697 40 615 14 587 77 469 7 307 95 213 13 510 46 211 80 227 44 541 5 712 65 423 92 186 64 517
9 15 604 33 45 66 137 58 461 81 526 25 275 12 479 51 691 98 601 65 683 59 247 70 661 48 300 43 273 29 680 17 463
10 15 664 20 792 71 212 52 318 51 776 98 366 100 148 92 700 56 338 19 186 23 240 47 178 44 755 22 622 41 196 95 60
11 15 651 32 531 92 687 17 64 31 310 71 78 19 568 52 225 83 303 64 431 85 368 93 283 1 54 81 83 56 266 37 427
12 15 702 45 505 16 236 53 163 99 230 45 632 9 99 79 134 49 641 83 57 48 42 81 657 41 374 46 686 85 95 99 569
13 15 522 82 492 45 205 24 293 30 325 25 742 89 758 67 399 32 139 7 180 39 120 12 407 81 696 33 398 43 631 44 561
14 15 540 39 575 9 219 12 355 99 240 58 88 27 483 41 188 88 302 94 309 97 498 47 400 5 527 1 743 25 215 33 279
15 15 604 91 237 26 795 34 254 10 3 95 454 65 256 94 136 15 227 58 735 86 44 29 653 10 47 4 203 98 251 40 479
16 15 720 28 153 75 641 90 800 33 5 79 344 90 303 26 168 64 79 97 285 66 6 34 343 78 253 33 785 86 1 21 743
17 15 680 49 57 15 426 71 625 84 446 35 54 97 482 12 619 56 121 64 717 88 378 39 222 84 378 51 177 33 612 73 155
18 15 811 65 693 98 474 89 140 60 358 16 707 66 723 48 242 96 301 100 476 64 385 66 66 68 613 59 132 96 150 23 199
19 15 601 18 396 97 379 16 336 17 352 12 404 60 233 21 308 92 344 43 614 12 652 37 624 93 558 64 717 80 135 90 41
20 15 684 79 332 41 80 38 556 44 719 73 314 15 589 83 429 88 130 96 93 91 638 1 601 80 333 87 746 8 732 32 190
21 15 540 6 330 94 748 84 476 4 160 34 656 32 551 87 9 86 3 38 187 30 237 17 623 20 722 79 135 20 526 45 626
22 15 532 17 316 24 329 10 330 30 47 79 327 42 764 20 452 2 638 98 224 76 113 14 344 28 501 87 635 91 411 47 601
23 15 572 74 286 55 774 35 491 4 368 87 253 87 461 4 107 57 747 41 686 88 551 47 715 62 162 19 361 2 573 53 504
24 15 592 68 361 10 496 53 329 28 740 53 95 77 193 4 579 11 420 19 623 57 34 98 454 52 727 96 113 63 115 51 292
25 15 636 94 254 8 474 18 103 75 285 29 173 53 108 4 695 47 679 67 740 82 366 74 667 92 114 79 556 51 209 23 256
26 15 476 31 412 89 724 4 422 92 291 23 52 76 456 95 650 72 189 27 349 13 532 38 725 23 446 6 305 1 377 5 701
27 15 568 37 405 47 485 43 148 78 402 27 16 16 527 88 679 7 198 12 670 98 209 42 695 82 758 58 719 62 98 13 371
28 15 683 54 388 34 46 68 247 17 224 57 797 69 189 16 699 75 792 66 760 60 62 66 424 70 125 43 395 74 58 85 207
29 15 457 92 649 89 298 30 774 23 772 53 720 60 369 9 275 66 550 8 541 6 510 1 258 44 441 3 205 52 606 36 16
30 15 712 2 655 70 455 71 512 97 5 66 776 25 95 27 486 10 603 100 66 37 459 100 300 94 519 50 7 52 80 90 231
31 15 709 46 740 8 26 62 388 95 225 74 696 72 391 77 19 41 577 59 240 41 462 90 615 14 424 32 571 98 105 78 90
32 15 593 63 309 64 745 68 593 14 375 88 726 53 98 50 261 78 104 82 781 54 395 14 325 60 30 10 598 32 634 12 687
33 15 640 40 425 32 739 83 603 69 441 43 746 30 134 97 318 37 161 100 11 39 671 45 263 48 449 55 775 54 441 29 112
34 15 651 54 694 80 193 100 107 31 358 87 778 12 669 9 372 65 269 9 656 52 727 39 747 16 799 83 627 79 707 98 361
35 15 486 37 71 87 610 13 358 39 12 80 175 4 754 77 697 17 205 16 746 46 19 54 400 68 605 2 315 29 508 39 576
36 15 665 35 319 22 686 2 613 99 329 46 720 100 464 48 143 79 573 93 113 91 131 66 667 7 679 34 711 68 174 42 234
37 15 583 50 158 51 632 72 260 30 526 64 72 90 67 35 273 41 352 43 65 71 681 13 543 96 45 6 731 47 590 20 727
38 15 627 12 757 53 697 8 743 66 241 92 716 12 672 39 322 84 680 67 363 14 406 84 736 97 100 36 139 52 5 68 462
39 15 552 23 589 31 691 9 765 54 111 92 563 46 276 16 178 49 340 8 119 43 362 93 103 51 268 78 438 36 418 61 460
40 15 677 54 556 32 565 63 759 99 312 94 86 86 367 73 217 51 389 49 407 37 630 8 781 12 542 65 145 74 642 50 445
41 15 580 39 288 47 511 48 775 30 338 60 601 19 17 70 267 95 492 12 794 39 672 15 219 86 181 12 93 73 88 81 517
42 15 580 38 795 44 541 52 449 76 485 4 1 16 474 4 444 79 661 66 556 35 258 58 477 100 613 1 306 93 601 59 624
43 15 546 6 321 2 509 16 564 92 202 79 498 90 431 22 195 64 736 59 392 3 516 65 150 92 99 18 604 44 37 31 439
44 15 704 67 77 52 80 98 318 17 72 84 218 79 198 27 159 76 584 71 646 75 499 19 143 26 297 49 774 40 795 100 372
45 15 670 88 473 56 177 11 122 19 30 69 716 52 41 36 581 91 277 55 549 48 576 85 384 48 412 9 157 76 483 95 584
46 15 653 6 617 88 252 40 64 51 430 80 7 46 295 60 293 67 277 84 341 13 205 99 454 73 370 18 637 71 67 21 197
47 15 448 68 43 19 426 25 510 13 315 52 659 37 459 4 438 1 358 65 208 59 245 25 640 7 605 72 444 33 542 80 783
48 15 604 17 735 92 117 36 374 21 166 28 589 98 17 38 536 58 758 38 295 46 149 45 63 20 369 64 755 83 175 71 240
49 15 570 53 503 65 593 37 192 11 205 55 590 2 483 66 44 49 196 39 184 88 527 71 395 17 599 19 725 47 756 94 674
50 15 767 54 704 61 15 31 136 91 797 80 131 42 82 1 284 98 140 98 767 62 124 97 562 49 650 38 56 94 13 63 599
51 15 537 24 432 82 337 6 677 65 702 42 641 33 500 97 280 5 118 28 768 73 505 27 514 92 341 55 762 37 30 6 329
52 15 586 53 320 31 234 26 94 71 144 37 695 4 33 50 164 16 476 85 195 88 704 47 553 37 182 94 314 42 735 52 433
53 15 589 79 672 4 146 67 318 49 590 9 157 42 269 89 279 28 746 92 1 56 387 33 41 64 581 3 438 81 121 41 442
54 15 550 22 106 20 40 26 258 68 144 57 415 62 733 99 709 38 122 64 551 22 641 44 787 14 640 38 347 64 110 50 569
55 15 588 63 505 74 112 22 575 77 786 46 645 6 643 73 529 26 520 23 201 42 7 56 319 31 12 27 495 88 761 82 161
56 15 624 69 243 11 709 98 300 39 448 69 172 21 184 57 484 93 436 29 342 16 753 75 798 47 769 78 16 37 692 41 40
57 15 683 76 303 59 660 2 306 73 36 48 26 12 323 50 465 92 595 48 359 75 169 35 407 94 274 63 143 45 298 82 726
58 15 831 95 251 85 174 70 617 71 26 90 316 76 493 86 66 54 392 60 530 14 161 40 144 84 328 39 376 98 50 77 121
59 15 572 72 430 26 739 46 617 34 737 94 171 3 640 26 113 100 564 77 700 83 127 37 159 5 690 17 344 34 372 61 486
60 15 601 86 642 93 480 65 39 5 341 89 610 19 679 43 323 37 264 28 6 66 36 35 56 59 659 61 521 32 413 34 232
61 15 587 64 653 1 358 40 380 80 432 25 471 61 299 29 207 28 318 90 99 3 302 80 405 61 512 44 396 91 124 37 78
62 15 531 72 210 78 660 4 261 45 495 34 260 10 777 42 659 67 296 7 443 62 561 73 723 13 598 83 310 27 692 47 50
63 15 734 85 5 28 451 91 401 52 80 93 593 32 36 10 793 44 167 64 91 90 461 27 41 62 128 58 558 98 156 84 446
64 15 732 85 153 73 8 35 533 63 128 15 791 66 608 38 103 97 235 71 147 11 173 85 529 77 76 96 275 55 9 48 695
65 15 540 90 478 53 149 37 624 9 65 46 258 63 111 45 143 1 413 18 572 92 506 31 446 92 423 43 146 48 571 8 573
66 15 482 22 427 44 41 69 358 81 428 66 440 1 436 17 404 41 531 41 569 6 10 15 228 87 343 75 704 25 47 13 680
67 15 696 35 134 70 639 39 712 81 787 54 59 96 518 66 540 20 26 87 648 30 170 100 174 65 469 36 610 82 242 10 206
68 15 701 74 749 75 770 74 750 12 206 61 30 84 74 71 83 69 566 61 501 8 537 42 643 35 325 70 763 57 379 84 648
69 15 579 24 269 85 194 42 386 86 514 30 63 81 638 23 744 20 85 20 512 36 445 74 317 35 223 18 370 67 534 83 675
70 15 696 45 535 67 344 59 461 26 3 94 785 89 263 85 653 57 615 4 452 87 289 13 439 83 8 46 286 58 306 57 601
71 15 671 13 433 88 704 56 748 72 672 82 8 21 114 55 255 78 468 41 252 43 309 82 14 100 541 70 113 21 456 17 567
72 15 635 78 702 73 219 75 537 69 373 15 403 36 651 39 167 75 314 71 636 12 1 86 436 52 605 50 755 48 231 15 105
73 15 578 72 557 35 45 89 102 4 541 41 70 73 437 95 423 14 142 56 412 62 313 55 762 66 692 25 455 2 291 34 299
74 15 632 34 499 86 478 70 551 13 39 80 249 15 575 19 269 89 50 98 201 89 75 16 495 15 84 30 197 52 788 85 310
75 15 480 1 788 10 90 7 252 18 522 41 688 33 244 63 318 75 141 18 354 88 124 52 229 34 1 67 536 48 404 45 762
76 15 544 34 401 28 387 39 396 36 121 37 427 86 267 22 797 39 663 53 593 50 288 92 16 45 649 4 675 77 519 38 568
77 15 655 59 571 58 174 30 302 1 125 80 291 57 683 71 684 38 146 92 291 28 434 98 571 18 518 45 725 94 750 50 110
78 15 581 23 365 43 274 13 99 32 797 63 572 42 490 30 502 67 398 89 201 76 464 85 131 33 378 68 717 50 81 13 332
79 15 683 90 797 100 239 53 19 25 286 24 277 25 369 24 414 78 675 31 524 48 289 91 687 61 172 77 635 44 56 83 246
80 15 560 21 126 49 113 44 771 44 171 75 560 82 376 47 197 19 248 59 710 8 480 1 347 64 243 65 435 89 323 34 574
81 15 664 91 510 24 257 93 787 43 231 54 32 31 516 76 222 1 71 26 661 99 590 78 128 43 44 18 780 76 552 77 304
82 15 469 48 341 83 687 27 317 74 514 66 300 27 457 86 130 35 757 40 185 9 624 4 745 36 712 3 97 13 97 36 276
83 15 637 29 792 81 187 45 798 91 191 54 581 71 514 2 62 67 87 5 766 17 145 53 185 88 470 67 681 29 795 98 184
84 15 496 77 520 26 654 43 142 23 291 25 300 14 356 2 455 56 380 27 336 49 518 61 93 57 411 94 220 3 713 64 464
85 15 596 2 214 49 594 40 338 70 264 91 527 78 520 39 442 19 493 74 147 15 356 68 406 93 722 32 546 36 370 39 764
86 15 592 46 478 20 434 36 703 78 180 48 355 90 428 93 473 70 10 55 176 16 380 58 436 34 147 29 98 8 123 60 269
87 15 454 36 606 13 666 32 185 51 80 34 348 22 124 31 362 81 678 69 671 23 680 49 660 13 79 41 346 6 627 67 503
88 15 530 43 495 4 541 14 733 91 119 36 584 9 654 95 633 65 652 93 56 44 117 28 706 3 302 10 98 60 187 68 149
89 15 784 81 306 98 735 74 132 37 504 80 508 46 731 63 7 75 618 69 52 100 519 77 360 83 540 60 141 27 687 10 110
90 15 596 50 755 99 300 15 321 50 281 10 669 62 67 47 796 81 720 48 283 33 313 73 577 16 567 6 756 76 665 79 402
91 15 600 11 641 8 105 98 349 30 340 60 269 87 209 21 768 49 143 28 381 36 726 49 47 63 328 97 132 32 79 81 652
92 15 718 62 83 80 238 80 9 76 444 100 50 87 107 30 700 10 353 27 170 64 798 91 760 7 46 11 661 88 71 85 408
93 15 564 93 781 9 55 90 255 77 297 75 91 5 529 56 765 82 150 27 20 26 713 63 533 20 446 29 432 53 509 1 575
94 15 508 49 274 89 48 77 281 33 329 40 656 24 552 14 517 5 310 94 272 11 185 26 556 67 691 34 467 38 692 35 461
95 15 582 98 641 5 595 51 775 97 666 71 327 54 160 52 253 14 44 28 187 29 593 1 777 61 633 96 615 43 240 28 575
96 15 643 86 667 66 709 16 304 56 760 67 465 15 232 17 406 91 225 64 59 14 363 4 616 95 698 65 619 97 685 51 361
97 15 563 55 477 37 14 54 617 98 83 98 753 60 537 8 527 40 194 77 173 82 770 47 149 25 315 4 220 15 56 4 227
98 15 671 12 438 72 126 60 772 87 513 51 194 1 324 49 105 98 603 70 685 24 188 79 648 79 168 21 270 82 11 54 170
99 15 516 46 701 52 746 10 712 37 496 94 336 14 753 71 723 4 477 19 567 63 730 18 305 41 116 78 631 16 108 83 236
100 15 577 80 431 54 389 13 31 14 455 49 724 33 566 40 145 7 280 57 724 62 99 70 148 62 230 16 757 65 559 100 539
