5.078315734863281e-05
2.5987625122070312e-05
4.696846008300781e-05
2.5272369384765625e-05
2.574920654296875e-05
2.5510787963867188e-05
2.5510787963867188e-05
2.5272369384765625e-05
4.410743713378906e-05
2.4080276489257812e-05
3.790855407714844e-05
2.4318695068359375e-05
2.4318695068359375e-05
2.384185791015625e-05
2.4318695068359375e-05
2.4318695068359375e-05
4.57763671875e-05
2.47955322265625e-05
4.57763671875e-05
2.5272369384765625e-05
2.47955322265625e-05
2.4557113647460938e-05
2.574920654296875e-05
2.5033950805664062e-05
2.7894973754882812e-05
2.5510787963867188e-05
5.054473876953125e-05
2.384185791015625e-05
2.3365020751953125e-05
2.3365020751953125e-05
2.3126602172851562e-05
2.3603439331054688e-05
2.3603439331054688e-05
2.3603439331054688e-05
2.384185791015625e-05
4.1961669921875e-05
2.4318695068359375e-05
2.4557113647460938e-05
2.4557113647460938e-05
2.5033950805664062e-05
3.266334533691406e-05
2.4080276489257812e-05
2.3603439331054688e-05
2.6226043701171875e-05
4.029273986816406e-05
2.4318695068359375e-05
2.5987625122070312e-05
2.5510787963867188e-05
6.079673767089844e-05
2.47955322265625e-05
2.4557113647460938e-05
2.384185791015625e-05
2.4557113647460938e-05
2.4318695068359375e-05
2.6464462280273438e-05
2.3603439331054688e-05
3.24249267578125e-05
2.3365020751953125e-05
2.3365020751953125e-05
2.4318695068359375e-05
2.4080276489257812e-05
4.029273986816406e-05
2.3365020751953125e-05
4.100799560546875e-05
2.4318695068359375e-05
4.6253204345703125e-05
2.5272369384765625e-05
2.4557113647460938e-05
6.723403930664062e-05
2.8133392333984375e-05
3.600120544433594e-05
2.574920654296875e-05
2.574920654296875e-05
2.5987625122070312e-05
2.5510787963867188e-05
2.5272369384765625e-05
4.220008850097656e-05
2.47955322265625e-05
2.4318695068359375e-05
4.38690185546875e-05
2.574920654296875e-05
2.5510787963867188e-05
2.574920654296875e-05
2.5272369384765625e-05
2.5510787963867188e-05
2.5510787963867188e-05
2.574920654296875e-05
2.5510787963867188e-05
2.5510787963867188e-05
2.6226043701171875e-05
2.574920654296875e-05
2.4318695068359375e-05
2.4557113647460938e-05
2.47955322265625e-05
6.008148193359375e-05
6.842613220214844e-05
2.4080276489257812e-05
2.4557113647460938e-05
2.4318695068359375e-05
2.4318695068359375e-05