0.0
0.0003627130939426913
0.0
0.0
0.0028829280521433945
0.0
0.0
0.0
0.0
0.005050505050505051
0.0
0.0036197670758577275
0.0
0.010200777202072539
0.0
0.005049229992426155
0.0053378283466779045
0.005295315682281059
0.0009380863039399625
0.0
0.0
0.0
0.0
0.01341481591891489
0.0
0.0
0.002208275220827522
0.0008721437292865864
0.0
0.0
0.0
0.0
0.0
0.0005424464334147003
0.004058782365290413
0.0
0.0
0.0
0.0
0.0
0.0
0.0
0.0074091778202676865
0.000141622999575131
0.0
0.0
0.0
0.0
0.0
0.005072463768115942
0.0
0.004874213836477987
0.0
0.0
0.0007955449482895784
0.0
0.0
0.0008216926869350862
0.0
0.0
0.0
0.0
0.0
0.0
0.0
0.006350493176597757
0.0
0.0
0.0
0.0
0.002178649237472767
0.007366482504604052
0.0
0.0
0.0
0.0
0.003108108108108108
0.005076802915907316
0.004648619086683074
0.0028336639274582033
0.0008320621273055055
0.0
0.00624274099883856
0.004349782510874456
0.0022451135763338617
0.00039856516540454366
0.0
0.0
0.0
0.0
0.00011198208286674133
0.0
0.0
0.0015187077177964933
0.00407395800689439
0.010527701013291223
0.0022197558268590455
0.005227781926811053
0.004562954513047198
0.0