0.003711034141514102
0.0
0.0
0.002531366938146599
0.0
0.0
0.005116179918993818
0.00012773023374632777
0.0
0.003337183930175844
0.0
0.0017452006980802793
0.0
0.00010821339681852613
0.0
0.0
0.0
0.0
0.003849201856673837
0.0022996435552489363
0.0077098078867542975
0.0
0.002044329675059178
0.0
0.003121098626716604
0.0
0.008543311344219748
0.0
0.0
0.0034085566525622942
0.0
0.0
0.002786624203821656
0.005444225645777829
0.0
0.0
0.0
0.0
0.0
0.0
0.0
0.0012704686617730095
0.0
0.00599009330722267
0.0
0.0073499798630688685
0.0
0.0035537504759487245
0.0
0.0
0.0
0.0007966313872766587
0.0
0.0
0.0
0.0001364442625187611
0.0015921876658528818
0.0
0.0
0.0
0.0
0.0
0.0
0.0
0.000657030223390276
0.0027036160865157146
0.0
0.0
0.0
0.0
0.010798885276358569
0.0
0.0018813634351482957
0.004543865781195386
0.0
0.0
0.0
0.0
0.0
0.0059551611396543675
0.0003528996588636631
0.0
0.0
0.0
0.0
0.005702979515828678
0.0
0.0040013337779259755
0.0
0.010439503079653408
0.0
0.0062027043791092916
0.0
0.0
0.0
0.0
0.0
0.0
0.0
0.0