4.744529724121094e-05
1.811981201171875e-05
1.7404556274414062e-05
1.6689300537109375e-05
1.6689300537109375e-05
1.6689300537109375e-05
1.6689300537109375e-05
1.621246337890625e-05
1.621246337890625e-05
1.621246337890625e-05
1.621246337890625e-05
1.621246337890625e-05
1.71661376953125e-05
1.621246337890625e-05
1.6689300537109375e-05
1.6450881958007812e-05
1.621246337890625e-05
1.6689300537109375e-05
1.6450881958007812e-05
1.621246337890625e-05
1.6450881958007812e-05
1.621246337890625e-05
1.6450881958007812e-05
1.5974044799804688e-05
1.621246337890625e-05
1.621246337890625e-05
1.6689300537109375e-05
1.6689300537109375e-05
1.621246337890625e-05
1.621246337890625e-05
1.6450881958007812e-05
1.6450881958007812e-05
1.71661376953125e-05
1.6689300537109375e-05
1.6450881958007812e-05
1.6927719116210938e-05
1.6689300537109375e-05
1.6450881958007812e-05
1.6689300537109375e-05
1.6689300537109375e-05
1.6450881958007812e-05
1.621246337890625e-05
1.5974044799804688e-05
1.6450881958007812e-05
1.5974044799804688e-05
1.6689300537109375e-05
1.621246337890625e-05
1.6450881958007812e-05
1.621246337890625e-05
1.6450881958007812e-05
1.6450881958007812e-05
1.71661376953125e-05
1.6689300537109375e-05
1.6450881958007812e-05
1.6450881958007812e-05
1.6450881958007812e-05
1.6450881958007812e-05
1.621246337890625e-05
1.6689300537109375e-05
1.6450881958007812e-05
1.621246337890625e-05
1.621246337890625e-05
1.621246337890625e-05
1.6450881958007812e-05
1.6689300537109375e-05
1.6450881958007812e-05
1.6689300537109375e-05
1.5974044799804688e-05
1.6450881958007812e-05
1.6689300537109375e-05
1.621246337890625e-05
1.6689300537109375e-05
1.6689300537109375e-05
1.6450881958007812e-05
1.621246337890625e-05
2.5033950805664062e-05
1.621246337890625e-05
1.6450881958007812e-05
1.6450881958007812e-05
1.6689300537109375e-05
1.6450881958007812e-05
1.6689300537109375e-05
1.71661376953125e-05
1.6927719116210938e-05
1.6450881958007812e-05
1.5974044799804688e-05
1.6689300537109375e-05
1.6450881958007812e-05
1.6689300537109375e-05
1.6689300537109375e-05
1.621246337890625e-05
1.5974044799804688e-05
1.621246337890625e-05
1.621246337890625e-05
1.6450881958007812e-05
1.6689300537109375e-05
1.6450881958007812e-05
1.621246337890625e-05
2.002716064453125e-05
1.621246337890625e-05