3.0517578125e-05
2.4557113647460938e-05
2.4080276489257812e-05
2.3603439331054688e-05
2.3365020751953125e-05
2.3126602172851562e-05
2.3126602172851562e-05
2.3603439331054688e-05
2.384185791015625e-05
2.3603439331054688e-05
2.2649765014648438e-05
2.3126602172851562e-05
2.3603439331054688e-05
2.288818359375e-05
2.3365020751953125e-05
2.3126602172851562e-05
2.2649765014648438e-05
2.3126602172851562e-05
2.3603439331054688e-05
2.288818359375e-05
2.3126602172851562e-05
2.288818359375e-05
2.3126602172851562e-05
2.3126602172851562e-05
2.3365020751953125e-05
2.2411346435546875e-05
2.3126602172851562e-05
2.3365020751953125e-05
2.3126602172851562e-05
2.2649765014648438e-05
2.288818359375e-05
2.2411346435546875e-05
2.2649765014648438e-05
2.2411346435546875e-05
2.3365020751953125e-05
2.3126602172851562e-05
2.3126602172851562e-05
2.288818359375e-05
2.288818359375e-05
2.2411346435546875e-05
2.3126602172851562e-05
2.288818359375e-05
2.3126602172851562e-05
2.3126602172851562e-05
2.288818359375e-05
2.288818359375e-05
2.2649765014648438e-05
2.2649765014648438e-05
2.2649765014648438e-05
2.2649765014648438e-05
2.2649765014648438e-05
2.3365020751953125e-05
2.3126602172851562e-05
2.2649765014648438e-05
2.3365020751953125e-05
2.3126602172851562e-05
2.288818359375e-05
2.2649765014648438e-05
2.288818359375e-05
2.3126602172851562e-05
2.288818359375e-05
2.288818359375e-05
2.2649765014648438e-05
2.3126602172851562e-05
2.2172927856445312e-05
2.2649765014648438e-05
2.3126602172851562e-05
2.2411346435546875e-05
2.2411346435546875e-05
2.2649765014648438e-05
2.3126602172851562e-05
2.2411346435546875e-05
2.2649765014648438e-05
2.288818359375e-05
2.2411346435546875e-05
2.288818359375e-05
2.2649765014648438e-05
2.2649765014648438e-05
2.288818359375e-05
2.288818359375e-05
2.2649765014648438e-05
2.2649765014648438e-05
2.2649765014648438e-05
2.3126602172851562e-05
2.3126602172851562e-05
2.3365020751953125e-05
2.2649765014648438e-05
2.3126602172851562e-05
2.2649765014648438e-05
2.288818359375e-05
2.288818359375e-05
2.288818359375e-05
2.2411346435546875e-05
2.288818359375e-05
2.2172927856445312e-05
2.2649765014648438e-05
2.288818359375e-05
2.288818359375e-05
2.2649765014648438e-05
2.2172927856445312e-05