3.2901763916015625e-05
2.8371810913085938e-05
2.765655517578125e-05
2.7418136596679688e-05
2.6702880859375e-05
2.6941299438476562e-05
2.6941299438476562e-05
2.6702880859375e-05
2.6941299438476562e-05
2.6702880859375e-05
2.6464462280273438e-05
2.8133392333984375e-05
2.7418136596679688e-05
2.6941299438476562e-05
2.6941299438476562e-05
2.7179718017578125e-05
2.6941299438476562e-05
2.6702880859375e-05
2.6464462280273438e-05
2.6464462280273438e-05
2.6702880859375e-05
2.6702880859375e-05
2.6464462280273438e-05
2.6464462280273438e-05
2.6226043701171875e-05
2.6464462280273438e-05
2.6941299438476562e-05
2.6226043701171875e-05
2.6702880859375e-05
2.6464462280273438e-05
2.6464462280273438e-05
2.6464462280273438e-05
3.8623809814453125e-05
2.5510787963867188e-05
2.5033950805664062e-05
2.5272369384765625e-05
2.5272369384765625e-05
2.5510787963867188e-05
2.574920654296875e-05
2.5510787963867188e-05
2.5510787963867188e-05
2.574920654296875e-05
2.5272369384765625e-05
2.5510787963867188e-05
2.5033950805664062e-05
2.5033950805664062e-05
2.5510787963867188e-05
2.5510787963867188e-05
2.5272369384765625e-05
2.5272369384765625e-05
2.5510787963867188e-05
2.5510787963867188e-05
6.198883056640625e-05
4.076957702636719e-05
2.5987625122070312e-05
2.5510787963867188e-05
2.574920654296875e-05
2.574920654296875e-05
2.574920654296875e-05
2.574920654296875e-05
2.574920654296875e-05
2.5510787963867188e-05
2.5510787963867188e-05
2.574920654296875e-05
2.5510787963867188e-05
2.5510787963867188e-05
2.5272369384765625e-05
2.574920654296875e-05
2.574920654296875e-05
2.5272369384765625e-05
2.5510787963867188e-05
2.5272369384765625e-05
2.5510787963867188e-05
2.5272369384765625e-05
2.5510787963867188e-05
2.5272369384765625e-05
2.5272369384765625e-05
2.5510787963867188e-05
2.5272369384765625e-05
2.5272369384765625e-05
2.5987625122070312e-05
2.5272369384765625e-05
2.574920654296875e-05
2.5987625122070312e-05
2.574920654296875e-05
2.47955322265625e-05
2.5510787963867188e-05
2.5272369384765625e-05
3.0517578125e-05
5.626678466796875e-05
2.5510787963867188e-05
2.574920654296875e-05
2.5272369384765625e-05
2.5510787963867188e-05
2.574920654296875e-05
2.574920654296875e-05
2.5510787963867188e-05
2.574920654296875e-05
2.5510787963867188e-05
2.574920654296875e-05