2.6464462280273438e-05
1.8835067749023438e-05
1.7404556274414062e-05
1.6927719116210938e-05
1.6927719116210938e-05
1.6689300537109375e-05
1.621246337890625e-05
1.6927719116210938e-05
1.6689300537109375e-05
1.6689300537109375e-05
1.6689300537109375e-05
1.6689300537109375e-05
1.6450881958007812e-05
1.6689300537109375e-05
1.6689300537109375e-05
1.71661376953125e-05
1.7642974853515625e-05
1.5735626220703125e-05
1.6927719116210938e-05
1.6927719116210938e-05
1.6450881958007812e-05
1.6927719116210938e-05
1.71661376953125e-05
1.6689300537109375e-05
1.6689300537109375e-05
1.6689300537109375e-05
1.6689300537109375e-05
1.6689300537109375e-05
1.621246337890625e-05
1.6927719116210938e-05
1.71661376953125e-05
1.6689300537109375e-05
1.6450881958007812e-05
1.6927719116210938e-05
1.6689300537109375e-05
1.71661376953125e-05
1.6689300537109375e-05
1.621246337890625e-05
1.6689300537109375e-05
1.6450881958007812e-05
1.6927719116210938e-05
1.6689300537109375e-05
1.6689300537109375e-05
1.6450881958007812e-05
1.6927719116210938e-05
1.621246337890625e-05
1.71661376953125e-05
1.6927719116210938e-05
1.6927719116210938e-05
1.7404556274414062e-05
1.7881393432617188e-05
1.8596649169921875e-05
1.7642974853515625e-05
1.71661376953125e-05
1.6927719116210938e-05
1.6927719116210938e-05
1.71661376953125e-05
1.621246337890625e-05
1.71661376953125e-05
1.6450881958007812e-05
1.6927719116210938e-05
1.7404556274414062e-05
1.71661376953125e-05
1.7881393432617188e-05
1.6927719116210938e-05
1.7642974853515625e-05
1.71661376953125e-05
1.7404556274414062e-05
1.6450881958007812e-05
1.7404556274414062e-05
1.7642974853515625e-05
1.6689300537109375e-05
1.6927719116210938e-05
1.6927719116210938e-05
1.7881393432617188e-05
1.9073486328125e-05
1.5974044799804688e-05
1.71661376953125e-05
1.6689300537109375e-05
1.7642974853515625e-05
1.71661376953125e-05
1.6689300537109375e-05
1.7642974853515625e-05
1.811981201171875e-05
1.9073486328125e-05
1.9788742065429688e-05
1.71661376953125e-05
1.71661376953125e-05
1.6689300537109375e-05
1.6689300537109375e-05
1.7642974853515625e-05
1.7404556274414062e-05
1.6927719116210938e-05
1.7642974853515625e-05
1.7642974853515625e-05
1.8358230590820312e-05
1.6689300537109375e-05
1.7642974853515625e-05
1.6927719116210938e-05
1.7404556274414062e-05