2.002716064453125e-05
6.127357482910156e-05
2.3365020751953125e-05
1.7404556274414062e-05
6.580352783203125e-05
4.38690185546875e-05
6.556510925292969e-05
4.076957702636719e-05
4.3392181396484375e-05
3.814697265625e-05
4.267692565917969e-05
3.457069396972656e-05
7.295608520507812e-05
3.3855438232421875e-05
1.9311904907226562e-05
2.1696090698242188e-05
3.266334533691406e-05
1.811981201171875e-05
8.58306884765625e-05
8.7738037109375e-05
1.9550323486328125e-05
4.1484832763671875e-05
2.6226043701171875e-05
1.71661376953125e-05
4.7206878662109375e-05
4.315376281738281e-05
5.316734313964844e-05
3.337860107421875e-05
3.552436828613281e-05
4.506111145019531e-05
1.5497207641601562e-05
4.363059997558594e-05
4.124641418457031e-05
3.1948089599609375e-05
3.6716461181640625e-05
1.7881393432617188e-05
5.8650970458984375e-05
2.956390380859375e-05
2.6464462280273438e-05
3.7670135498046875e-05
5.936622619628906e-05
3.409385681152344e-05
8.797645568847656e-05
2.6226043701171875e-05
3.814697265625e-05
6.794929504394531e-05
6.29425048828125e-05
0.0001437664031982422
1.3113021850585938e-05
4.506111145019531e-05
5.507469177246094e-05
2.4080276489257812e-05
7.653236389160156e-05
4.4345855712890625e-05
5.269050598144531e-05
8.559226989746094e-05
3.123283386230469e-05
4.2438507080078125e-05
5.340576171875e-05
4.482269287109375e-05
2.6941299438476562e-05
0.00013971328735351562
1.5735626220703125e-05
5.435943603515625e-05
6.365776062011719e-05
2.8371810913085938e-05
5.245208740234375e-05
5.364418029785156e-05
4.482269287109375e-05
5.984306335449219e-05
2.8371810913085938e-05
1.621246337890625e-05
6.508827209472656e-05
6.67572021484375e-05
2.384185791015625e-05
0.00012159347534179688
6.890296936035156e-05
3.6716461181640625e-05
1.9788742065429688e-05
4.363059997558594e-05
0.00011372566223144531
5.245208740234375e-05
4.458427429199219e-05
2.765655517578125e-05
8.392333984375e-05
2.5510787963867188e-05
2.7894973754882812e-05
2.6226043701171875e-05
4.839897155761719e-05
7.343292236328125e-05
3.814697265625e-05
3.170967102050781e-05
3.4809112548828125e-05
2.384185791015625e-05
8.153915405273438e-05
3.814697265625e-05
4.220008850097656e-05
2.6941299438476562e-05
2.002716064453125e-05
3.337860107421875e-05