uf20-0768.mwcnf 23278 -1 2 3 -4 -5 -6 7 -8 -9 10 11 12 13 14 15 16 -17 18 19 20 0
uf20-0218.mwcnf 35321 1 2 -3 -4 5 -6 7 8 9 10 -11 12 13 14 -15 -16 17 18 19 -20 0
uf20-0881.mwcnf 22808 1 2 3 4 5 6 7 -8 9 10 -11 12 13 -14 -15 16 17 18 19 20 0
uf20-0216.mwcnf 33363 1 -2 -3 4 -5 6 -7 8 -9 10 -11 12 -13 14 15 -16 17 18 19 20 0
uf20-0254.mwcnf 42646 1 -2 3 4 5 6 7 8 9 -10 11 12 -13 14 15 -16 -17 18 19 20 0
uf20-0974.mwcnf 24771 1 -2 3 -4 5 6 -7 -8 9 -10 -11 12 -13 14 15 16 17 18 19 20 0
uf20-0888.mwcnf 30824 1 2 3 -4 5 6 -7 8 9 10 11 -12 13 14 15 16 17 18 19 20 0
uf20-0879.mwcnf 28199 1 -2 3 -4 5 6 7 8 9 10 11 12 13 -14 -15 -16 17 18 19 20 0
uf20-0576.mwcnf 99520 1 2 -3 4 -5 -6 -7 8 -9 10 11 12 13 14 15 -16 17 18 19 20 0
uf20-0490.mwcnf 124338 1 -2 3 4 5 -6 7 8 9 10 11 12 13 14 -15 16 17 18 -19 20 0
uf20-0883.mwcnf 23852 1 -2 -3 4 5 6 7 8 -9 10 -11 12 -13 14 -15 16 17 18 19 20 0
uf20-0232.mwcnf 45027 1 2 -3 -4 5 6 7 8 9 10 -11 12 13 -14 15 -16 17 18 19 20 0
uf20-0775.mwcnf 18684 -1 2 -3 4 5 6 -7 -8 9 10 11 12 -13 14 -15 -16 -17 18 19 20 0
uf20-0591.mwcnf 87602 1 2 3 -4 5 6 7 -8 -9 10 -11 12 -13 14 -15 16 17 18 19 -20 0
uf20-0251.mwcnf 49530 1 -2 -3 4 5 6 7 8 9 10 11 12 13 -14 15 16 17 18 19 -20 0
uf20-0857.mwcnf 22366 1 -2 3 4 -5 6 -7 8 -9 10 11 12 -13 14 15 16 17 18 -19 -20 0
uf20-0552.mwcnf 130073 1 2 3 -4 5 6 7 -8 9 10 11 -12 13 14 15 16 17 18 19 20 0
uf20-063.mwcnf 106077 1 2 3 4 5 6 -7 -8 9 10 11 12 -13 14 -15 16 17 -18 19 20 0
uf20-0938.mwcnf 25597 -1 2 -3 4 -5 6 7 8 9 10 -11 12 13 14 15 16 -17 18 -19 20 0
uf20-067.mwcnf 104657 1 2 -3 -4 5 6 7 8 9 -10 11 12 -13 -14 15 16 17 18 19 20 0
uf20-0567.mwcnf 92493 1 -2 3 -4 -5 6 7 8 9 10 11 12 13 14 15 -16 17 -18 19 -20 0
uf20-0186.mwcnf 38581 -1 2 3 -4 5 6 7 8 9 -10 11 12 -13 14 15 16 17 18 19 20 0
uf20-0542.mwcnf 120735 1 2 3 -4 5 6 -7 8 9 10 11 -12 -13 14 15 16 17 18 19 20 0
uf20-0892.mwcnf 24505 1 2 -3 4 5 6 7 8 9 10 11 12 13 -14 15 -16 17 -18 -19 -20 0
uf20-0329.mwcnf 35100 -1 2 3 4 5 6 -7 8 9 -10 -11 12 13 14 15 16 -17 18 19 -20 0
uf20-0600.mwcnf 86910 -1 -2 3 -4 5 6 7 8 9 10 11 12 -13 -14 15 16 17 -18 19 -20 0
uf20-0210.mwcnf 27987 1 2 -3 4 5 -6 7 -8 9 10 -11 12 13 14 -15 -16 17 -18 19 -20 0
uf20-0500.mwcnf 82501 1 2 3 -4 -5 6 7 8 -9 10 11 -12 -13 14 15 16 -17 18 -19 20 0
uf20-0724.mwcnf 36361 1 2 3 4 5 6 7 8 -9 10 11 12 13 14 15 16 17 18 19 20 0
uf20-0332.mwcnf 34866 1 -2 -3 -4 5 6 -7 -8 9 10 11 12 -13 14 15 16 -17 18 -19 20 0
uf20-0359.mwcnf 34291 -1 2 -3 4 5 -6 7 8 9 10 -11 12 13 -14 -15 16 -17 18 19 20 0
uf20-0297.mwcnf 36402 1 2 3 4 5 -6 7 8 9 -10 11 12 -13 -14 15 -16 17 18 -19 -20 0
uf20-0846.mwcnf 34088 1 2 3 4 5 6 7 8 9 -10 11 12 13 14 15 16 17 -18 19 20 0
uf20-0276.mwcnf 47835 -1 -2 3 4 5 6 7 8 9 10 11 12 13 -14 15 -16 17 18 19 20 0
uf20-0203.mwcnf 38199 1 -2 -3 -4 5 6 -7 8 9 10 11 12 13 14 15 -16 -17 18 19 20 0
uf20-0925.mwcnf 23075 -1 2 3 4 5 6 -7 8 9 10 11 -12 -13 14 15 16 17 18 19 -20 0
uf20-0807.mwcnf 25721 1 -2 3 4 5 6 7 8 -9 -10 11 12 13 14 15 16 17 18 19 -20 0
uf20-0120.mwcnf 37749 1 -2 3 4 5 6 7 8 9 10 11 12 -13 -14 15 16 17 18 -19 -20 0
uf20-0796.mwcnf 22734 1 -2 3 -4 5 6 -7 8 9 10 11 12 -13 -14 -15 -16 17 18 19 20 0
uf20-0125.mwcnf 50452 1 2 3 4 5 6 7 8 -9 10 11 12 13 14 -15 16 17 18 19 20 0
uf20-0950.mwcnf 26191 1 -2 3 4 -5 6 7 8 -9 10 11 12 13 14 -15 -16 17 -18 19 20 0
uf20-0536.mwcnf 86268 1 -2 3 -4 5 -6 7 8 9 10 -11 12 13 14 15 16 17 -18 -19 -20 0
uf20-0560.mwcnf 114457 -1 2 3 4 5 -6 7 -8 9 10 -11 12 13 14 -15 16 17 18 19 20 0
uf20-0923.mwcnf 30400 1 2 3 -4 -5 -6 7 8 9 10 11 12 13 -14 15 16 17 18 19 20 0
uf20-0887.mwcnf 22493 -1 2 -3 4 -5 6 7 -8 9 10 -11 12 13 14 15 16 17 18 -19 20 0
uf20-0227.mwcnf 54573 1 2 3 4 5 6 7 8 9 -10 -11 12 13 14 15 16 17 18 19 20 0
uf20-0663.mwcnf 89681 1 -2 -3 4 5 6 7 8 9 10 -11 12 -13 14 15 -16 17 -18 19 20 0
uf20-0971.mwcnf 21293 -1 2 -3 4 5 6 -7 8 -9 10 11 12 -13 14 -15 16 17 18 -19 20 0
uf20-0198.mwcnf 42704 1 -2 3 4 5 -6 7 8 -9 10 11 12 13 -14 -15 16 17 18 19 -20 0
uf20-0727.mwcnf 29022 1 2 3 4 5 6 -7 8 9 10 11 12 13 -14 15 16 17 -18 19 20 0
uf20-0584.mwcnf 80802 1 2 -3 -4 5 6 -7 8 9 -10 -11 -12 13 -14 15 16 17 18 19 20 0
uf20-0641.mwcnf 109128 1 2 3 -4 5 6 7 8 9 10 -11 -12 -13 14 15 16 17 18 19 -20 0
uf20-0826.mwcnf 32310 1 -2 3 4 5 6 7 -8 9 10 11 12 13 -14 15 16 17 18 19 20 0
uf20-0226.mwcnf 37001 1 -2 3 4 -5 6 -7 8 9 10 11 12 13 14 -15 16 17 -18 -19 -20 0
uf20-0279.mwcnf 50748 1 2 3 4 -5 6 7 -8 9 10 11 -12 13 14 15 -16 17 18 19 20 0
uf20-0566.mwcnf 89634 1 -2 3 4 -5 -6 -7 -8 9 10 -11 12 13 14 15 -16 17 18 19 20 0
uf20-0988.mwcnf 23399 -1 2 3 4 5 6 7 8 -9 -10 11 -12 -13 -14 -15 16 17 18 19 20 0
uf20-040.mwcnf 37289 1 2 3 4 5 6 -7 -8 9 10 -11 12 -13 -14 -15 16 17 -18 19 20 0
uf20-0959.mwcnf 30555 1 2 3 4 -5 6 7 8 9 10 11 -12 13 -14 15 16 -17 18 19 20 0
uf20-0217.mwcnf 50731 1 -2 -3 4 5 6 7 8 9 -10 11 12 13 14 15 16 17 18 19 20 0
uf20-0680.mwcnf 131905 1 2 3 4 5 6 7 8 9 10 11 -12 13 14 -15 16 17 18 19 20 0
uf20-0460.mwcnf 119292 1 2 3 4 5 6 7 8 -9 10 11 12 13 -14 15 -16 17 18 19 20 0
uf20-0774.mwcnf 23755 1 -2 3 4 -5 -6 7 8 -9 10 11 12 13 -14 15 16 -17 18 19 20 0
uf20-0720.mwcnf 121790 1 2 3 4 5 6 7 8 9 10 11 -12 -13 14 15 16 -17 18 19 20 0
uf20-0328.mwcnf 41545 -1 2 3 4 5 6 -7 -8 -9 -10 11 12 13 14 15 16 17 -18 19 20 0
uf20-0228.mwcnf 44272 1 2 3 4 5 6 -7 8 9 -10 11 12 13 -14 15 -16 17 18 19 -20 0
uf20-0579.mwcnf 133074 1 2 3 4 -5 6 7 8 9 -10 11 12 -13 14 15 16 17 18 19 20 0
uf20-0771.mwcnf 26914 -1 2 3 4 5 -6 7 8 9 10 11 -12 13 14 15 16 17 18 -19 -20 0
uf20-0424.mwcnf 43711 1 2 3 4 5 6 7 8 -9 -10 11 -12 13 14 -15 16 17 18 -19 -20 0
uf20-0113.mwcnf 37587 1 -2 3 4 -5 6 7 8 9 10 11 -12 -13 14 15 16 17 18 19 -20 0
uf20-0803.mwcnf 28830 -1 2 3 4 5 6 7 -8 9 10 -11 12 13 14 15 -16 17 18 19 20 0
uf20-0639.mwcnf 108216 1 2 3 4 5 6 7 8 -9 -10 11 12 13 14 15 -16 17 -18 -19 20 0
uf20-0305.mwcnf 48750 1 2 3 -4 -5 6 7 8 9 10 11 -12 13 14 15 -16 17 18 19 20 0
uf20-0553.mwcnf 94140 1 2 3 4 -5 6 7 8 9 -10 -11 12 13 -14 15 -16 -17 18 19 -20 0
uf20-01000.mwcnf 33166 -1 2 3 4 5 6 7 8 9 10 -11 12 13 14 -15 -16 -17 18 19 -20 0
uf20-0292.mwcnf 47790 -1 2 -3 -4 5 6 7 8 9 -10 11 12 13 14 15 16 17 18 19 20 0
uf20-0954.mwcnf 31983 1 -2 3 4 -5 6 7 -8 9 10 -11 12 13 14 15 16 17 18 19 20 0
uf20-0211.mwcnf 45619 1 2 3 4 5 6 7 8 -9 -10 11 12 13 -14 -15 16 17 18 19 20 0
uf20-0574.mwcnf 135275 1 2 3 4 5 6 7 8 9 10 11 12 13 14 15 16 17 -18 -19 -20 0
uf20-0126.mwcnf 46997 1 2 3 4 5 6 7 8 9 10 11 12 -13 14 15 -16 17 18 -19 20 0
uf20-0161.mwcnf 40948 1 -2 -3 4 5 6 7 8 9 10 11 12 13 14 15 16 -17 18 -19 20 0
uf20-0323.mwcnf 28528 -1 -2 -3 4 5 6 -7 -8 9 10 11 12 -13 14 -15 16 17 18 -19 20 0
uf20-0256.mwcnf 48440 1 -2 3 4 5 6 -7 8 9 10 11 12 13 14 -15 16 17 18 19 20 0
uf20-0804.mwcnf 24181 1 2 3 4 5 6 7 8 -9 10 11 12 -13 14 15 -16 17 -18 19 20 0
uf20-0793.mwcnf 25493 1 -2 3 4 5 6 7 8 9 10 11 -12 -13 14 15 16 17 -18 -19 20 0
uf20-0769.mwcnf 25404 -1 2 -3 4 5 6 7 8 9 10 11 12 13 14 15 16 -17 18 -19 -20 0
uf20-0707.mwcnf 104688 1 -2 3 4 -5 6 -7 -8 9 10 11 12 -13 14 15 16 17 -18 19 20 0
uf20-0897.mwcnf 26071 1 2 3 4 5 -6 -7 8 -9 10 11 12 13 14 15 -16 17 18 19 -20 0
uf20-0182.mwcnf 36948 -1 2 3 4 5 6 -7 -8 9 10 11 12 13 14 15 16 -17 18 19 20 0
uf20-0306.mwcnf 30417 -1 2 3 4 -5 -6 7 8 9 10 11 -12 -13 -14 -15 16 17 18 19 -20 0
uf20-0231.mwcnf 23042 -1 2 3 4 5 6 7 -8 9 10 -11 -12 -13 -14 -15 16 -17 -18 -19 -20 0
uf20-0918.mwcnf 28750 1 2 -3 -4 -5 6 -7 8 9 10 11 12 13 -14 15 16 17 18 19 20 0
uf20-083.mwcnf 26588 1 2 3 4 5 -6 -7 8 9 10 11 12 13 14 -15 -16 17 18 -19 20 0
uf20-0848.mwcnf 28610 1 2 3 4 5 -6 7 -8 -9 10 -11 12 -13 14 15 16 17 18 19 20 0
uf20-0403.mwcnf 52479 1 2 3 4 5 -6 7 -8 9 10 11 12 13 14 15 16 17 -18 19 20 0
uf20-085.mwcnf 30380 1 2 -3 4 5 6 7 8 -9 10 11 12 13 -14 15 -16 17 18 19 20 0
uf20-0261.mwcnf 34173 -1 -2 3 4 5 6 -7 8 9 10 -11 12 13 -14 15 16 17 -18 -19 -20 0
uf20-0609.mwcnf 98680 -1 2 3 4 -5 -6 7 -8 9 10 11 12 13 14 -15 16 17 -18 19 20 0
uf20-0628.mwcnf 122806 1 2 3 4 -5 6 -7 8 -9 10 11 12 13 14 15 -16 17 18 19 20 0
uf20-0705.mwcnf 136921 1 2 3 4 5 6 7 -8 9 -10 11 12 13 -14 15 16 17 18 19 20 0
uf20-0752.mwcnf 24889 1 -2 3 -4 5 6 7 8 9 10 11 12 -13 -14 15 16 17 18 -19 -20 0
uf20-0851.mwcnf 21675 1 2 3 -4 5 -6 -7 8 9 10 11 12 13 -14 15 16 -17 -18 19 -20 0
uf20-0224.mwcnf 39145 1 2 -3 -4 5 6 7 8 9 -10 11 12 13 -14 -15 -16 17 18 19 20 0
uf20-030.mwcnf 49820 1 2 3 4 -5 6 7 8 9 -10 11 -12 13 14 15 16 17 18 -19 20 0
uf20-0697.mwcnf 113880 -1 2 -3 -4 5 6 7 8 9 10 11 12 13 14 15 16 17 18 19 -20 0
uf20-0863.mwcnf 26659 -1 2 -3 4 5 6 7 8 9 10 11 12 -13 14 15 16 17 18 19 -20 0
uf20-0631.mwcnf 111643 1 2 3 4 5 -6 7 8 9 10 11 -12 13 -14 15 -16 17 18 19 20 0
uf20-0173.mwcnf 41384 1 -2 3 4 5 6 7 8 9 10 -11 -12 13 14 15 -16 -17 18 19 20 0
uf20-0463.mwcnf 93899 -1 2 3 -4 5 -6 7 -8 9 10 11 12 13 14 15 16 -17 18 19 -20 0
uf20-073.mwcnf 32075 1 2 -3 4 5 6 7 8 9 10 -11 12 13 -14 -15 16 17 18 19 20 0
uf20-0504.mwcnf 96241 1 -2 -3 4 -5 6 7 8 9 -10 11 12 13 14 15 16 17 18 -19 20 0
uf20-0363.mwcnf 52061 1 2 3 -4 5 -6 7 8 9 10 11 12 13 14 15 16 17 -18 19 20 0
uf20-0378.mwcnf 49041 1 2 3 4 5 6 7 -8 -9 10 11 12 -13 14 -15 -16 17 18 19 20 0
uf20-0559.mwcnf 94220 -1 2 -3 -4 5 6 7 8 -9 10 11 -12 13 -14 15 -16 17 18 19 20 0
uf20-0896.mwcnf 25279 -1 -2 3 -4 5 6 7 8 9 10 11 12 -13 14 15 -16 17 -18 -19 20 0
uf20-0483.mwcnf 112826 -1 2 -3 4 5 -6 7 8 9 -10 11 12 13 14 15 16 17 18 19 20 0
uf20-011.mwcnf 44424 1 2 3 4 5 6 -7 -8 -9 10 -11 12 13 14 15 16 17 18 19 20 0
uf20-0596.mwcnf 105746 1 -2 -3 4 -5 6 -7 8 9 10 -11 12 13 14 15 16 17 18 19 20 0
uf20-0900.mwcnf 27149 1 -2 3 4 5 -6 -7 8 9 10 11 12 13 14 -15 16 17 18 -19 20 0
uf20-0967.mwcnf 30542 1 2 3 4 5 6 -7 8 9 10 11 12 -13 14 -15 16 17 18 19 -20 0
uf20-0581.mwcnf 116796 -1 -2 3 -4 5 6 7 8 9 10 11 -12 13 14 15 -16 17 18 19 20 0
uf20-0763.mwcnf 33271 1 2 -3 4 5 6 -7 8 9 10 11 12 13 14 -15 16 17 18 19 20 0
uf20-0530.mwcnf 112025 1 2 3 -4 5 6 7 -8 9 -10 11 12 13 14 15 16 17 -18 19 20 0
uf20-0931.mwcnf 27321 1 2 3 4 -5 6 7 -8 9 10 11 12 13 -14 -15 16 -17 18 19 20 0
uf20-0905.mwcnf 22082 1 -2 3 -4 5 -6 7 -8 9 -10 11 12 13 14 15 -16 17 18 19 20 0
uf20-0535.mwcnf 81998 -1 -2 3 4 5 6 7 -8 -9 10 -11 12 13 14 -15 16 17 18 19 -20 0
uf20-0610.mwcnf 123058 1 2 3 4 5 6 7 8 9 -10 11 12 13 -14 -15 16 17 -18 19 20 0
uf20-0219.mwcnf 42554 1 2 3 4 5 6 -7 -8 9 10 11 -12 -13 14 15 16 17 18 -19 20 0
uf20-0595.mwcnf 114651 -1 2 3 4 5 6 7 8 9 10 11 12 13 14 -15 16 -17 18 19 -20 0
uf20-0659.mwcnf 107633 1 2 3 4 5 6 7 8 9 10 11 -12 13 -14 -15 16 -17 -18 19 20 0
uf20-0249.mwcnf 44588 -1 -2 -3 4 -5 6 7 8 9 -10 11 12 13 14 15 16 17 18 19 20 0
uf20-0412.mwcnf 40218 1 2 3 4 5 -6 7 8 9 10 11 -12 -13 14 15 -16 -17 18 19 -20 0
uf20-016.mwcnf 40103 1 2 -3 4 5 -6 -7 8 9 10 11 12 13 14 15 -16 -17 18 19 20 0
uf20-0298.mwcnf 50324 1 2 -3 4 5 6 7 8 9 10 -11 -12 -13 14 15 16 17 18 19 20 0
uf20-0289.mwcnf 41039 1 2 -3 4 5 -6 -7 8 -9 10 -11 12 13 14 15 16 17 18 19 20 0
uf20-0263.mwcnf 47249 -1 2 3 -4 5 6 -7 8 9 10 11 12 -13 14 15 16 17 18 19 20 0
uf20-0405.mwcnf 35414 -1 2 3 4 5 6 7 -8 9 10 -11 -12 -13 14 15 16 17 18 19 -20 0
uf20-0814.mwcnf 29335 1 2 3 4 5 6 7 8 9 -10 11 12 13 14 15 16 -17 -18 19 -20 0
uf20-0410.mwcnf 49087 1 2 3 4 5 6 7 -8 9 -10 -11 12 13 14 15 16 17 -18 19 20 0
uf20-0183.mwcnf 30100 1 2 3 -4 5 6 7 8 -9 10 -11 12 -13 14 15 -16 -17 18 -19 -20 0
uf20-0387.mwcnf 38133 -1 2 -3 4 5 6 -7 8 9 -10 11 -12 13 14 15 16 17 18 -19 20 0
uf20-0275.mwcnf 33365 1 -2 3 -4 5 6 -7 8 -9 10 11 12 13 14 15 16 17 18 -19 -20 0
uf20-0794.mwcnf 30742 1 2 3 4 5 6 7 8 9 10 11 12 13 14 -15 16 -17 18 -19 -20 0
uf20-0997.mwcnf 28230 1 2 3 -4 5 6 7 8 9 10 11 12 13 14 15 16 -17 18 -19 -20 0
uf20-0791.mwcnf 28543 1 2 -3 4 -5 6 -7 -8 9 10 11 12 13 -14 15 16 17 18 19 20 0
uf20-0309.mwcnf 38683 -1 2 3 4 5 6 7 8 9 -10 11 12 13 -14 15 16 17 -18 -19 -20 0
uf20-0627.mwcnf 110991 1 -2 3 4 5 6 7 8 -9 -10 11 12 13 14 -15 16 -17 18 19 20 0
uf20-01.mwcnf 43759 1 2 3 4 -5 6 7 8 9 10 11 12 -13 14 -15 16 17 18 19 20 0
uf20-0827.mwcnf 21817 1 -2 -3 4 5 6 7 -8 9 -10 11 -12 13 14 -15 16 17 18 19 -20 0
uf20-0248.mwcnf 47137 1 2 -3 -4 -5 6 7 8 9 -10 11 12 13 14 15 16 17 18 19 20 0
uf20-0676.mwcnf 94082 1 2 -3 4 5 6 7 -8 -9 10 11 12 13 -14 -15 16 17 -18 19 20 0
uf20-0317.mwcnf 37640 1 -2 3 -4 5 -6 7 -8 9 10 11 -12 13 14 15 -16 17 18 19 -20 0
uf20-0448.mwcnf 58255 1 2 -3 4 5 -6 7 8 9 10 11 12 13 14 15 16 17 18 19 -20 0
uf20-0744.mwcnf 27026 1 2 -3 4 5 6 7 8 9 10 11 -12 -13 14 15 -16 -17 18 19 20 0
uf20-0515.mwcnf 105418 1 2 3 4 -5 -6 7 8 9 10 -11 12 -13 14 -15 16 17 18 19 20 0
uf20-0941.mwcnf 19514 -1 2 3 -4 -5 -6 -7 8 9 10 11 -12 13 14 15 16 17 -18 -19 20 0
uf20-072.mwcnf 22922 1 -2 -3 4 5 6 7 -8 9 -10 11 12 -13 14 15 -16 -17 18 19 20 0
uf20-0283.mwcnf 53523 1 2 3 4 5 6 7 -8 9 10 11 12 13 14 15 16 17 18 -19 20 0
uf20-0214.mwcnf 48914 1 2 3 -4 5 6 7 8 9 10 11 -12 -13 14 15 -16 17 -18 19 20 0
uf20-0831.mwcnf 31078 -1 2 3 4 5 6 7 8 9 10 11 12 13 -14 15 16 17 -18 19 20 0
uf20-0679.mwcnf 132173 1 2 3 4 5 6 7 8 9 10 -11 12 -13 14 15 16 -17 18 19 20 0
uf20-058.mwcnf 99534 1 2 3 -4 5 -6 7 -8 -9 10 11 12 13 14 -15 -16 17 18 19 20 0
uf20-065.mwcnf 115626 1 2 3 4 -5 6 -7 8 -9 10 11 12 13 14 15 -16 17 18 19 -20 0
uf20-0312.mwcnf 35663 1 2 3 -4 5 6 -7 8 9 10 11 -12 13 -14 -15 -16 -17 -18 19 20 0
uf20-0419.mwcnf 35286 1 -2 3 4 -5 6 -7 8 9 10 11 -12 13 14 -15 16 -17 18 -19 20 0
uf20-0181.mwcnf 38749 1 2 3 4 5 6 -7 -8 9 10 -11 12 13 14 15 16 -17 -18 19 20 0
uf20-0637.mwcnf 84538 1 2 3 -4 5 6 7 -8 9 10 -11 12 13 -14 15 16 -17 18 -19 -20 0
uf20-0557.mwcnf 83645 1 -2 -3 -4 5 6 -7 8 -9 10 11 -12 13 14 15 16 17 18 19 -20 0
uf20-0920.mwcnf 34540 1 2 3 4 5 6 7 8 -9 10 11 12 13 14 -15 16 17 18 19 20 0
uf20-0789.mwcnf 32882 1 2 3 4 -5 6 7 -8 9 10 11 12 -13 14 15 16 17 -18 19 20 0
uf20-0384.mwcnf 43494 1 2 -3 4 5 6 7 8 9 -10 11 -12 13 14 -15 16 17 -18 19 -20 0
uf20-0607.mwcnf 126895 1 2 3 4 5 6 7 8 -9 10 11 12 13 -14 15 16 -17 18 19 20 0
uf20-091.mwcnf 29381 -1 2 3 4 5 6 -7 8 9 10 -11 12 13 14 15 16 17 18 19 -20 0
uf20-0452.mwcnf 40874 -1 2 3 4 5 6 7 8 9 10 11 12 13 -14 -15 -16 -17 18 19 -20 0
uf20-0322.mwcnf 49034 1 -2 3 -4 5 6 7 8 9 10 11 12 13 -14 -15 16 17 18 19 -20 0
uf20-0529.mwcnf 117141 1 2 -3 4 5 6 7 -8 9 -10 11 12 13 14 15 -16 17 -18 19 20 0
uf20-0502.mwcnf 108157 1 -2 3 4 5 6 7 8 9 10 11 -12 13 14 15 16 17 18 -19 20 0
uf20-0507.mwcnf 93762 1 2 3 4 5 6 7 8 9 -10 -11 12 -13 14 15 -16 17 -18 -19 20 0
uf20-0994.mwcnf 24773 -1 -2 3 -4 5 -6 7 8 9 10 11 12 13 -14 15 16 17 18 19 -20 0
uf20-0782.mwcnf 22705 -1 -2 3 -4 5 6 7 -8 9 10 11 12 13 14 15 16 -17 -18 -19 20 0
uf20-0437.mwcnf 35715 1 -2 3 4 5 6 -7 8 9 10 11 12 -13 -14 -15 16 17 18 19 -20 0
uf20-0620.mwcnf 90245 1 2 3 -4 5 6 -7 8 -9 10 11 12 13 14 15 -16 -17 18 19 -20 0
uf20-0195.mwcnf 49768 1 2 3 4 5 -6 7 8 9 10 -11 12 13 -14 15 16 17 18 19 20 0
uf20-0549.mwcnf 91164 -1 2 3 4 -5 6 -7 8 -9 10 11 12 -13 14 15 -16 17 18 19 20 0
uf20-0674.mwcnf 83366 1 -2 -3 -4 5 6 7 -8 -9 10 11 -12 13 14 15 16 17 18 -19 -20 0
uf20-015.mwcnf 17939 -1 -2 -3 4 5 6 7 -8 -9 10 11 -12 13 -14 15 -16 -17 -18 -19 20 0
uf20-0823.mwcnf 25466 1 -2 3 4 -5 6 7 8 -9 10 11 12 13 -14 -15 16 17 18 -19 20 0
uf20-0427.mwcnf 43466 1 2 3 4 5 -6 7 8 9 10 11 12 -13 14 15 16 17 -18 19 -20 0
uf20-0489.mwcnf 124382 1 2 3 4 5 6 -7 8 -9 10 11 12 13 14 -15 -16 17 18 19 20 0
uf20-0860.mwcnf 26158 1 -2 -3 4 5 6 7 8 9 10 11 12 -13 14 -15 16 -17 18 19 20 0
uf20-0832.mwcnf 18219 1 2 3 -4 5 -6 -7 -8 9 -10 11 -12 -13 -14 -15 16 17 18 19 20 0
uf20-0634.mwcnf 93229 1 2 -3 -4 5 -6 7 -8 9 10 11 12 13 -14 15 16 17 18 -19 20 0
uf20-0986.mwcnf 18301 -1 2 3 4 -5 -6 -7 8 -9 10 -11 12 13 -14 15 16 -17 18 -19 20 0
uf20-0873.mwcnf 37056 1 2 3 4 5 6 7 8 -9 10 11 12 13 14 15 16 17 -18 19 20 0
uf20-0809.mwcnf 23755 -1 -2 3 4 5 -6 7 8 -9 10 -11 12 -13 14 15 16 17 18 19 20 0
uf20-0970.mwcnf 24640 1 -2 3 -4 5 -6 7 8 9 10 -11 12 13 -14 15 16 -17 18 19 20 0
uf20-0982.mwcnf 21561 1 -2 3 4 -5 6 -7 -8 9 -10 11 12 -13 -14 15 16 17 18 -19 20 0
uf20-0995.mwcnf 30141 -1 2 3 4 5 6 7 8 9 10 11 -12 13 14 15 16 17 18 -19 -20 0
uf20-0672.mwcnf 91972 1 2 3 4 5 6 7 -8 9 -10 11 -12 13 14 15 -16 -17 18 -19 20 0
uf20-0185.mwcnf 37819 1 2 -3 4 5 6 7 8 9 -10 11 -12 -13 14 15 16 17 -18 19 20 0
uf20-0327.mwcnf 43761 1 2 3 4 5 6 7 8 9 10 -11 -12 13 14 15 16 -17 18 19 20 0
uf20-03.mwcnf 44424 1 2 3 4 5 6 -7 8 9 10 11 -12 13 14 15 -16 17 -18 19 20 0
uf20-0250.mwcnf 57233 1 2 3 4 -5 6 7 8 9 10 11 12 13 14 15 16 17 18 -19 20 0
uf20-0506.mwcnf 132924 1 2 3 4 5 6 7 8 9 -10 -11 12 13 14 15 16 17 18 19 20 0
uf20-0420.mwcnf 46848 1 2 -3 4 5 6 -7 8 9 10 11 -12 13 14 15 16 17 18 -19 20 0
uf20-0272.mwcnf 37464 1 2 -3 -4 -5 -6 7 8 9 10 -11 12 -13 14 15 16 17 18 -19 20 0
uf20-0124.mwcnf 41627 1 2 3 4 5 6 7 8 9 10 11 12 13 14 -15 -16 17 -18 19 -20 0
uf20-0512.mwcnf 97913 1 -2 3 4 5 6 7 -8 9 -10 11 -12 -13 14 15 16 17 18 -19 20 0
uf20-0171.mwcnf 47495 1 2 3 4 5 6 7 8 9 10 11 12 13 14 15 16 -17 18 -19 20 0
uf20-0743.mwcnf 22831 -1 2 -3 -4 5 -6 7 8 -9 -10 11 12 13 14 15 16 17 18 19 -20 0
uf20-0616.mwcnf 69868 1 -2 -3 4 5 -6 -7 8 9 -10 11 -12 13 -14 -15 -16 17 18 19 20 0
uf20-0509.mwcnf 97387 -1 2 3 4 5 6 7 8 9 10 -11 12 -13 14 15 16 -17 18 19 -20 0
uf20-0751.mwcnf 23672 -1 -2 3 4 5 6 7 8 -9 -10 11 12 -13 14 15 16 17 -18 19 20 0
uf20-035.mwcnf 53093 1 2 3 -4 5 6 -7 8 9 10 11 12 -13 14 -15 16 17 18 19 20 0
uf20-0868.mwcnf 24027 1 2 3 4 5 -6 -7 8 9 -10 11 12 13 -14 15 16 -17 18 -19 20 0
uf20-0342.mwcnf 44824 1 2 -3 4 5 -6 -7 8 9 10 11 12 -13 14 -15 16 17 18 19 20 0
uf20-0307.mwcnf 49074 1 2 3 -4 5 -6 7 -8 9 10 11 12 13 14 15 16 -17 18 -19 20 0
uf20-0105.mwcnf 39244 -1 2 3 4 5 6 7 -8 9 10 11 12 -13 -14 15 -16 17 18 19 20 0
uf20-0855.mwcnf 34491 -1 2 -3 4 5 6 7 8 9 10 11 12 13 14 15 16 17 18 19 20 0
uf20-0813.mwcnf 26844 1 2 3 4 5 -6 7 -8 9 10 11 12 -13 14 -15 16 -17 18 19 20 0
uf20-0904.mwcnf 23655 1 -2 3 4 5 6 -7 8 9 10 -11 12 13 14 15 16 -17 18 19 -20 0
uf20-0660.mwcnf 119364 1 2 -3 4 5 6 -7 8 9 10 11 -12 13 -14 15 16 17 18 19 20 0
uf20-0683.mwcnf 89471 1 2 -3 -4 5 -6 7 -8 9 10 11 12 13 -14 15 16 -17 18 19 -20 0
uf20-0981.mwcnf 20732 -1 2 3 4 -5 -6 7 8 9 10 11 12 -13 14 15 16 17 18 -19 -20 0
uf20-0331.mwcnf 35583 1 2 -3 4 5 6 -7 8 9 10 11 -12 13 -14 15 -16 -17 18 -19 -20 0
uf20-0894.mwcnf 31343 1 2 3 4 -5 6 -7 8 9 10 11 12 -13 14 15 -16 17 18 19 20 0
uf20-0750.mwcnf 37652 1 2 3 4 5 6 7 8 9 -10 11 -12 13 14 15 16 17 18 19 20 0
uf20-0598.mwcnf 111847 1 2 3 -4 5 6 7 8 9 10 11 12 -13 14 15 16 17 -18 -19 20 0
uf20-0993.mwcnf 31863 1 2 3 4 5 6 -7 8 -9 10 11 12 -13 14 -15 16 17 18 19 20 0
uf20-0872.mwcnf 19171 -1 2 3 4 -5 -6 7 8 -9 10 11 -12 13 14 15 -16 17 18 -19 20 0
uf20-0866.mwcnf 22371 1 -2 3 4 -5 6 -7 8 9 10 11 12 -13 14 -15 -16 17 18 -19 20 0
uf20-0399.mwcnf 38052 1 2 -3 -4 -5 6 7 8 -9 -10 11 12 -13 14 15 16 -17 18 19 20 0
uf20-0838.mwcnf 21472 -1 2 -3 4 -5 -6 7 8 9 -10 11 12 13 14 15 -16 17 18 19 20 0
uf20-0477.mwcnf 116058 1 2 3 4 5 6 -7 8 9 -10 11 -12 13 14 -15 16 -17 18 19 20 0
uf20-0193.mwcnf 32805 1 2 3 4 -5 -6 7 8 -9 -10 11 12 -13 14 15 16 17 18 -19 20 0
uf20-0386.mwcnf 54859 1 -2 3 4 5 -6 7 8 9 10 11 12 13 14 15 16 17 -18 19 20 0
uf20-0244.mwcnf 42793 -1 2 3 4 5 6 7 8 9 10 11 12 -13 14 -15 16 17 18 -19 -20 0
uf20-0675.mwcnf 120666 1 2 -3 4 5 6 7 8 9 -10 -11 12 13 14 15 -16 17 18 19 20 0
uf20-07.mwcnf 25703 -1 2 3 4 -5 6 7 8 9 -10 11 12 13 14 15 -16 -17 18 19 20 0
uf20-0757.mwcnf 33547 1 2 3 4 5 6 -7 8 -9 10 11 12 13 14 15 16 17 18 19 20 0
uf20-0455.mwcnf 45621 1 2 3 -4 5 -6 -7 8 9 10 11 -12 13 14 15 16 -17 18 19 20 0
uf20-0755.mwcnf 29267 1 2 3 -4 5 -6 -7 8 9 10 11 -12 13 14 15 16 17 18 19 20 0
uf20-0302.mwcnf 50586 1 2 3 4 5 -6 7 8 9 10 11 12 -13 14 -15 16 17 18 19 -20 0
uf20-0858.mwcnf 25793 1 -2 3 4 5 6 -7 8 -9 10 -11 12 -13 -14 15 16 17 18 19 20 0
uf20-0957.mwcnf 30428 1 -2 3 4 -5 6 7 8 9 10 11 12 13 14 15 16 17 18 -19 20 0
uf20-0802.mwcnf 26852 1 -2 3 4 5 -6 7 8 9 -10 -11 12 13 14 -15 16 17 18 19 20 0
uf20-0649.mwcnf 97382 -1 2 3 4 5 -6 7 8 -9 -10 11 12 -13 -14 15 16 17 18 19 20 0
uf20-0274.mwcnf 48960 1 -2 3 -4 5 6 7 8 9 -10 11 12 13 14 15 -16 17 18 19 20 0
uf20-0417.mwcnf 49952 1 2 3 4 -5 6 7 8 9 10 -11 -12 13 14 15 16 17 18 19 20 0
uf20-0521.mwcnf 94791 1 2 3 4 5 6 7 -8 -9 10 11 12 13 14 15 -16 17 -18 -19 20 0
uf20-0725.mwcnf 26104 1 -2 -3 4 5 6 7 8 9 10 11 12 13 14 -15 16 17 -18 -19 20 0
uf20-0689.mwcnf 98181 1 2 3 -4 5 6 -7 8 9 10 11 12 13 14 -15 16 -17 -18 19 -20 0
uf20-0932.mwcnf 29542 1 2 3 4 5 -6 7 8 -9 -10 11 12 13 14 -15 16 17 18 19 20 0
uf20-023.mwcnf 39258 1 2 3 4 -5 6 7 8 9 10 -11 12 13 14 -15 16 -17 18 -19 -20 0
uf20-0985.mwcnf 29406 1 2 3 4 5 6 -7 8 9 10 -11 12 13 14 -15 16 17 -18 19 20 0
uf20-0585.mwcnf 125075 1 2 3 4 -5 6 7 8 9 10 -11 -12 13 14 15 16 17 18 19 20 0
uf20-0325.mwcnf 58467 1 2 -3 4 5 6 7 8 9 -10 11 12 13 14 15 16 17 18 19 20 0
uf20-0611.mwcnf 80163 1 2 3 4 5 6 -7 8 -9 10 11 12 -13 -14 -15 -16 17 18 -19 -20 0
uf20-0608.mwcnf 97574 -1 2 3 4 5 6 7 8 -9 10 11 12 -13 14 15 16 17 -18 -19 -20 0
uf20-0926.mwcnf 31085 1 2 -3 4 5 6 7 8 9 10 11 12 13 14 15 -16 -17 18 19 20 0
uf20-0824.mwcnf 22060 1 -2 3 -4 5 -6 -7 -8 9 10 11 12 13 14 15 16 -17 -18 19 20 0
uf20-0197.mwcnf 34573 1 2 3 -4 5 -6 7 -8 -9 10 11 12 13 14 15 -16 -17 -18 19 20 0
uf20-0800.mwcnf 27885 1 2 3 4 5 6 7 8 9 -10 11 -12 13 14 -15 -16 17 18 19 -20 0
uf20-0457.mwcnf 103432 1 2 -3 4 -5 6 7 8 9 10 11 12 -13 14 15 16 17 18 -19 20 0
uf20-0130.mwcnf 29411 -1 -2 3 4 5 -6 7 8 9 10 11 12 13 -14 -15 16 -17 18 19 -20 0
uf20-0875.mwcnf 30363 -1 2 3 -4 5 6 -7 8 9 10 11 12 13 14 -15 16 17 18 19 20 0
uf20-0651.mwcnf 122746 1 -2 3 4 5 6 7 8 9 10 -11 -12 -13 14 15 16 17 18 19 20 0
uf20-0360.mwcnf 45550 1 2 3 4 -5 6 7 -8 9 10 11 12 -13 14 15 16 -17 -18 19 20 0
uf20-0206.mwcnf 57131 1 2 3 4 5 6 7 8 -9 10 11 12 13 14 15 -16 17 18 19 20 0
uf20-0367.mwcnf 35797 1 -2 3 4 -5 -6 7 8 9 -10 11 12 -13 14 15 16 17 18 -19 -20 0
uf20-0462.mwcnf 145199 -1 2 3 4 5 6 7 8 9 10 11 -12 13 14 15 16 17 18 19 20 0
uf20-0914.mwcnf 25737 1 -2 3 4 5 -6 7 -8 9 -10 -11 12 13 14 15 16 17 -18 19 20 0
uf20-0606.mwcnf 118462 -1 2 3 -4 5 6 7 8 9 -10 11 12 13 14 15 16 17 18 -19 20 0
uf20-0488.mwcnf 121771 1 2 3 4 5 6 -7 8 9 10 11 12 13 14 15 16 17 18 -19 -20 0
uf20-0511.mwcnf 129752 1 -2 3 4 5 6 7 8 9 10 11 -12 13 14 15 16 17 18 19 -20 0
uf20-0466.mwcnf 81111 1 2 -3 4 5 6 7 8 -9 10 -11 12 -13 14 15 -16 -17 18 -19 20 0
uf20-0458.mwcnf 94841 1 -2 -3 -4 5 -6 7 8 9 -10 11 12 13 -14 15 16 -17 18 19 20 0
uf20-0740.mwcnf 32481 1 2 3 4 5 -6 7 8 -9 10 11 12 -13 14 15 16 17 18 19 20 0
uf20-0408.mwcnf 57431 1 2 3 4 5 6 7 8 9 -10 11 -12 13 14 15 16 17 18 19 20 0
uf20-0989.mwcnf 26055 -1 2 -3 4 5 6 7 8 9 10 -11 12 13 -14 15 -16 17 -18 19 20 0
uf20-0984.mwcnf 24463 1 2 3 -4 -5 6 7 8 -9 -10 11 -12 13 -14 -15 16 17 18 19 20 0
uf20-06.mwcnf 142661 1 2 -3 4 5 -6 7 8 9 10 11 12 13 14 15 16 17 18 19 20 0
uf20-0843.mwcnf 20256 1 -2 3 4 -5 -6 -7 8 9 -10 11 12 -13 14 15 16 17 18 19 20 0
uf20-044.mwcnf 32876 -1 -2 3 4 5 6 7 -8 9 -10 11 12 13 14 15 -16 -17 -18 19 20 0
uf20-090.mwcnf 33693 1 2 3 4 5 6 7 8 -9 10 11 12 13 14 15 16 17 18 19 20 0
uf20-0418.mwcnf 53175 -1 2 3 4 5 6 7 8 9 10 -11 12 13 14 15 -16 17 18 19 20 0
uf20-0133.mwcnf 50780 1 -2 3 4 5 6 7 -8 9 10 11 12 13 14 15 16 17 18 19 20 0
uf20-0852.mwcnf 21201 1 2 3 -4 5 -6 7 8 9 -10 11 12 -13 -14 -15 16 17 18 19 -20 0
uf20-0699.mwcnf 113396 1 2 3 4 -5 -6 -7 8 -9 10 11 12 13 14 15 16 17 -18 19 20 0
uf20-0785.mwcnf 23443 -1 2 3 -4 -5 6 7 8 9 10 11 12 13 -14 15 16 17 -18 -19 20 0
uf20-0539.mwcnf 109003 1 2 3 -4 5 -6 7 8 9 10 11 12 13 -14 15 16 -17 18 -19 20 0
uf20-0820.mwcnf 28455 1 2 3 4 5 -6 7 8 -9 -10 11 12 13 14 15 16 17 -18 19 -20 0
uf20-0718.mwcnf 89301 1 2 3 4 -5 6 7 -8 9 10 11 12 -13 -14 -15 16 -17 -18 19 20 0
uf20-048.mwcnf 120046 1 2 3 -4 5 6 7 8 -9 10 11 12 13 14 15 16 -17 18 19 -20 0
uf20-0964.mwcnf 30174 1 2 -3 4 5 6 -7 8 9 10 11 12 -13 14 15 16 17 -18 19 20 0
uf20-0188.mwcnf 32062 1 2 3 4 5 -6 -7 8 9 -10 11 12 13 14 15 -16 17 -18 -19 -20 0
uf20-0990.mwcnf 27806 1 -2 3 4 5 6 7 8 -9 10 11 12 13 -14 -15 16 17 -18 19 20 0
uf20-0694.mwcnf 97827 1 2 -3 4 -5 6 -7 -8 9 -10 11 -12 13 14 15 16 17 18 19 20 0
uf20-062.mwcnf 74377 1 -2 3 -4 5 6 7 8 9 -10 -11 12 13 -14 -15 16 17 18 -19 20 0
uf20-0311.mwcnf 50243 1 2 3 4 5 6 7 -8 9 -10 11 12 13 14 15 -16 17 -18 19 20 0
uf20-0396.mwcnf 36994 1 2 3 4 5 6 7 -8 9 10 11 12 -13 14 -15 16 -17 -18 19 20 0
uf20-0380.mwcnf 41858 1 2 3 4 5 6 -7 8 9 10 11 12 13 -14 15 16 -17 18 -19 -20 0
uf20-0870.mwcnf 29460 1 2 3 4 5 -6 7 -8 -9 10 11 12 13 14 15 16 17 -18 19 20 0
uf20-0357.mwcnf 42640 1 2 3 4 5 -6 -7 -8 -9 10 11 12 13 14 15 -16 17 -18 19 20 0
uf20-0423.mwcnf 34457 -1 2 -3 -4 5 6 7 8 9 10 11 12 13 14 15 -16 17 -18 -19 -20 0
uf20-0746.mwcnf 33464 1 2 3 4 5 6 7 8 9 10 -11 12 13 14 15 16 17 18 19 -20 0
uf20-0375.mwcnf 32822 1 2 3 4 5 -6 7 -8 9 -10 11 12 13 -14 15 16 -17 18 -19 -20 0
uf20-0459.mwcnf 77836 1 2 3 4 -5 6 7 8 -9 -10 -11 12 13 -14 -15 -16 17 18 -19 -20 0
uf20-0825.mwcnf 21744 -1 2 -3 -4 5 6 -7 -8 9 -10 11 12 13 14 15 -16 17 18 19 20 0
uf20-0446.mwcnf 41383 1 2 -3 4 5 -6 -7 8 9 10 -11 12 13 14 15 16 17 18 19 20 0
uf20-0484.mwcnf 98397 1 2 3 4 5 6 7 8 -9 -10 11 -12 13 14 15 16 17 -18 -19 20 0
uf20-0333.mwcnf 50051 1 -2 3 4 5 6 7 -8 9 10 11 12 -13 14 15 16 17 18 -19 20 0
uf20-0834.mwcnf 20221 -1 2 -3 4 5 6 -7 8 9 10 11 -12 13 14 15 16 17 -18 -19 -20 0
uf20-0395.mwcnf 57342 1 2 3 4 5 -6 7 8 9 10 -11 12 13 14 15 16 17 18 19 20 0
uf20-0917.mwcnf 19347 1 2 -3 4 -5 -6 7 8 9 10 11 -12 13 -14 15 16 17 18 19 -20 0
uf20-0344.mwcnf 42314 1 2 -3 4 5 6 7 -8 9 10 11 -12 13 -14 15 -16 17 18 19 -20 0
uf20-0842.mwcnf 21527 1 -2 3 -4 5 6 7 -8 9 10 11 12 -13 -14 -15 16 17 18 -19 20 0
uf20-0955.mwcnf 30739 1 2 3 4 -5 6 7 8 9 10 11 -12 13 14 15 16 17 -18 19 20 0
uf20-0822.mwcnf 15357 1 -2 3 -4 -5 -6 7 8 9 -10 11 12 -13 14 -15 -16 17 -18 -19 20 0
uf20-0139.mwcnf 32549 -1 -2 3 -4 5 6 7 -8 9 10 11 12 13 -14 15 16 17 18 19 20 0
uf20-0385.mwcnf 44661 1 -2 3 4 5 6 7 8 9 10 -11 -12 13 -14 -15 16 17 18 19 20 0
uf20-0819.mwcnf 29044 1 2 -3 4 5 6 7 8 9 -10 11 -12 13 14 15 16 17 18 19 20 0
uf20-0867.mwcnf 33600 1 -2 3 4 5 6 7 8 9 10 11 12 13 14 15 16 17 -18 19 -20 0
uf20-051.mwcnf 118603 1 2 -3 4 5 6 -7 8 9 10 11 12 13 -14 15 -16 17 18 19 20 0
uf20-0586.mwcnf 94952 1 -2 -3 4 5 6 7 8 9 10 11 -12 13 14 15 16 17 -18 19 -20 0
uf20-0301.mwcnf 49868 1 2 -3 -4 5 6 7 -8 9 10 11 12 -13 14 15 16 17 18 19 20 0
uf20-0733.mwcnf 27847 1 2 3 4 5 6 7 8 9 -10 11 -12 13 14 15 16 17 -18 19 -20 0
uf20-0108.mwcnf 54473 1 2 3 4 5 6 7 8 9 10 11 -12 13 14 15 16 17 18 19 20 0
uf20-0972.mwcnf 29988 1 2 3 -4 5 6 7 8 9 10 11 12 13 14 15 16 -17 -18 19 20 0
uf20-0510.mwcnf 88059 1 2 -3 4 -5 6 7 8 -9 10 -11 12 -13 14 15 16 17 -18 19 20 0
uf20-0481.mwcnf 110777 1 2 -3 4 -5 6 7 8 -9 10 -11 12 13 14 15 -16 17 18 19 20 0
uf20-0828.mwcnf 26999 1 -2 3 -4 -5 6 7 8 9 10 11 12 13 14 15 -16 17 -18 19 20 0
uf20-0107.mwcnf 34799 1 2 3 4 -5 6 7 -8 9 10 -11 12 13 -14 15 -16 17 18 19 -20 0
uf20-0453.mwcnf 36052 1 2 -3 -4 5 6 -7 -8 9 10 11 12 13 14 -15 -16 17 -18 19 20 0
uf20-0163.mwcnf 48404 -1 2 3 4 5 6 7 8 9 -10 11 12 13 14 15 16 17 18 19 20 0
uf20-0209.mwcnf 56237 1 2 3 4 -5 6 7 8 9 10 11 12 -13 14 15 16 17 -18 19 20 0
uf20-055.mwcnf 97431 1 -2 3 4 -5 -6 -7 8 9 10 11 -12 13 14 15 16 -17 18 19 20 0
uf20-0180.mwcnf 38382 1 2 3 4 -5 -6 7 8 9 10 11 12 13 -14 15 16 17 -18 -19 20 0
uf20-057.mwcnf 74838 -1 2 3 -4 -5 -6 -7 -8 9 10 -11 -12 13 14 15 -16 -17 18 19 20 0
uf20-0401.mwcnf 55724 1 2 -3 4 5 -6 7 8 9 10 11 12 13 14 15 16 17 18 19 20 0
uf20-038.mwcnf 38287 1 2 3 4 5 -6 7 8 -9 10 -11 12 -13 14 -15 -16 17 18 19 -20 0
uf20-0874.mwcnf 35058 1 2 3 4 5 6 7 8 -9 10 11 -12 13 14 15 16 17 18 19 20 0
uf20-0703.mwcnf 103939 1 2 -3 4 5 6 7 -8 9 -10 -11 12 13 14 -15 16 17 18 19 20 0
uf20-0132.mwcnf 35811 1 2 3 4 5 6 7 8 -9 10 -11 12 -13 14 -15 -16 17 18 19 20 0
uf20-0112.mwcnf 43249 -1 2 3 4 5 6 7 8 -9 10 11 12 13 14 15 16 17 18 -19 20 0
uf20-0411.mwcnf 53071 1 2 3 -4 5 6 7 8 9 10 11 12 -13 -14 15 16 17 -18 19 20 0
uf20-0619.mwcnf 120198 1 -2 3 4 5 6 7 8 -9 10 11 12 13 14 15 16 17 18 19 -20 0
uf20-0693.mwcnf 105512 -1 -2 -3 -4 5 6 7 8 9 10 11 -12 13 14 15 16 17 18 19 20 0
uf20-0722.mwcnf 26827 1 -2 -3 4 5 6 7 8 -9 10 11 12 -13 14 15 16 17 18 19 20 0
uf20-0174.mwcnf 37908 1 -2 3 4 5 6 7 8 -9 10 -11 12 -13 14 -15 -16 17 18 19 20 0
uf20-0864.mwcnf 33994 1 2 3 4 5 6 7 8 -9 10 11 12 13 14 15 16 -17 18 19 20 0
uf20-0656.mwcnf 69875 1 -2 3 -4 5 -6 7 -8 9 10 -11 12 -13 14 -15 16 -17 -18 19 20 0
uf20-0721.mwcnf 30806 1 2 3 4 -5 -6 7 8 9 -10 11 12 13 14 -15 16 17 18 19 20 0
uf20-0285.mwcnf 39577 1 -2 3 4 5 -6 7 8 9 10 11 12 -13 14 15 16 -17 -18 19 -20 0
uf20-0454.mwcnf 42174 1 2 3 -4 5 -6 7 8 -9 -10 11 12 13 14 15 16 17 18 19 20 0
uf20-0264.mwcnf 39555 -1 -2 3 4 5 6 7 8 9 -10 -11 -12 13 14 -15 16 -17 18 19 20 0
uf20-039.mwcnf 42557 1 2 -3 -4 5 6 7 8 -9 -10 -11 12 13 14 15 16 17 18 -19 20 0
uf20-0496.mwcnf 121724 1 2 3 4 5 -6 -7 8 9 10 -11 12 -13 14 15 16 17 18 19 20 0
uf20-0732.mwcnf 20087 1 2 -3 4 5 6 7 8 -9 10 -11 12 13 -14 15 16 17 -18 -19 -20 0
uf20-0943.mwcnf 28173 -1 2 3 4 5 -6 7 8 -9 -10 11 12 13 14 15 16 17 18 19 20 0
uf20-0429.mwcnf 55501 1 2 3 4 -5 -6 7 8 9 10 11 12 13 14 15 16 -17 18 19 20 0
uf20-0160.mwcnf 49336 1 2 -3 4 5 6 7 8 9 10 11 12 13 14 15 16 17 18 19 20 0
uf20-0937.mwcnf 21539 1 2 -3 -4 5 -6 7 8 -9 10 -11 12 -13 14 15 16 17 18 -19 20 0
uf20-092.mwcnf 36697 1 2 3 4 5 6 7 8 9 -10 11 12 13 14 15 16 17 18 19 20 0
uf20-0499.mwcnf 139675 1 2 3 4 5 6 7 8 -9 10 11 12 13 14 15 16 17 18 19 20 0
uf20-0129.mwcnf 25325 1 -2 3 4 5 6 7 8 9 10 -11 12 -13 14 -15 -16 17 -18 19 20 0
uf20-0156.mwcnf 29148 1 2 -3 4 5 -6 7 8 9 10 11 -12 13 -14 -15 -16 17 -18 19 20 0
uf20-0951.mwcnf 26229 1 2 -3 4 -5 6 7 8 9 10 -11 12 13 -14 15 16 17 18 -19 20 0
uf20-0391.mwcnf 45808 1 -2 3 4 5 -6 7 -8 9 10 11 12 13 -14 -15 16 17 18 19 20 0
uf20-0538.mwcnf 102494 1 2 -3 4 5 6 7 8 9 -10 11 12 13 -14 15 16 -17 18 19 -20 0
uf20-0878.mwcnf 19212 -1 -2 -3 4 -5 6 7 8 9 10 11 12 13 -14 15 16 -17 18 19 -20 0
uf20-013.mwcnf 32193 1 2 3 4 5 6 7 8 9 -10 -11 12 -13 14 15 -16 17 -18 -19 20 0
uf20-0258.mwcnf 46325 1 -2 3 4 5 -6 7 8 9 10 11 12 13 14 -15 16 17 -18 19 20 0
uf20-0550.mwcnf 110625 1 -2 3 4 5 6 -7 8 -9 10 11 12 13 -14 15 16 -17 18 19 20 0
uf20-0850.mwcnf 18243 1 -2 -3 -4 5 -6 -7 8 9 -10 11 -12 -13 14 15 16 17 18 19 20 0
uf20-0570.mwcnf 92008 -1 2 3 -4 5 6 7 8 9 10 -11 12 13 14 15 -16 -17 18 -19 20 0
uf20-0927.mwcnf 24906 -1 -2 3 4 5 6 7 8 9 10 -11 12 -13 -14 15 16 17 18 19 -20 0
uf20-0480.mwcnf 134973 1 2 3 4 5 6 7 8 9 -10 11 12 13 14 15 16 17 18 -19 20 0
uf20-0695.mwcnf 135686 1 2 3 4 5 6 7 8 9 10 11 -12 13 14 15 16 -17 18 19 20 0
uf20-0354.mwcnf 41738 -1 2 3 -4 -5 6 7 8 9 -10 11 12 -13 14 -15 16 17 18 19 20 0
uf20-0172.mwcnf 34373 1 2 3 -4 -5 6 -7 -8 -9 10 11 12 13 14 15 16 -17 18 19 20 0
uf20-0799.mwcnf 28097 1 2 3 -4 5 6 -7 8 -9 10 11 12 13 14 15 16 17 18 19 -20 0
uf20-0940.mwcnf 26491 -1 2 3 4 5 6 -7 8 9 10 -11 12 -13 14 15 16 17 -18 19 20 0
uf20-0356.mwcnf 56798 1 2 3 4 5 6 7 8 9 10 -11 -12 13 14 15 16 17 18 -19 20 0
uf20-0390.mwcnf 50322 1 2 3 4 5 6 7 8 9 10 -11 -12 13 14 -15 16 17 18 -19 20 0
uf20-0759.mwcnf 29147 1 2 3 4 5 6 -7 -8 9 10 11 12 13 14 15 16 17 -18 -19 20 0
uf20-0658.mwcnf 81518 -1 -2 3 4 5 6 -7 8 -9 10 11 -12 -13 14 15 -16 17 18 -19 20 0
uf20-0745.mwcnf 25666 1 2 3 4 5 6 7 8 9 -10 11 -12 13 14 15 -16 -17 -18 -19 20 0
uf20-0739.mwcnf 32430 1 2 3 4 5 6 7 8 9 10 11 12 -13 14 15 16 -17 -18 19 -20 0
uf20-0339.mwcnf 56979 -1 2 3 4 5 6 7 8 9 -10 11 12 13 14 15 16 17 18 19 20 0
uf20-0237.mwcnf 38813 1 -2 3 4 5 6 -7 8 -9 -10 11 12 13 14 15 -16 -17 18 -19 20 0
uf20-0493.mwcnf 110996 1 2 -3 4 5 6 7 8 9 -10 11 12 -13 14 15 16 17 -18 19 20 0
uf20-0176.mwcnf 28552 1 -2 -3 4 5 6 -7 -8 9 -10 -11 12 13 14 15 16 -17 18 19 20 0
uf20-076.mwcnf 23737 1 -2 3 -4 -5 -6 7 -8 9 10 -11 12 13 14 15 16 17 18 19 -20 0
uf20-0622.mwcnf 76221 -1 2 -3 4 5 6 -7 8 9 -10 11 -12 13 14 15 16 17 -18 -19 -20 0
uf20-05.mwcnf 97286 -1 2 -3 4 5 6 7 8 -9 10 -11 12 13 -14 15 16 -17 18 -19 20 0
uf20-0632.mwcnf 88445 1 2 -3 4 -5 6 -7 -8 9 -10 11 12 13 -14 15 16 17 -18 19 20 0
uf20-022.mwcnf 42978 -1 2 -3 4 -5 -6 7 8 9 10 11 12 13 14 -15 16 17 18 19 20 0
uf20-0963.mwcnf 26327 1 -2 -3 4 5 6 7 8 9 -10 -11 -12 13 -14 15 16 17 18 19 20 0
uf20-0772.mwcnf 28347 1 2 -3 4 -5 6 7 8 9 10 11 12 13 14 15 16 17 18 -19 -20 0
uf20-071.mwcnf 89946 1 -2 -3 4 -5 6 7 -8 9 10 11 12 13 14 -15 16 -17 -18 19 20 0
uf20-0662.mwcnf 124607 1 2 3 4 5 6 -7 8 9 -10 -11 12 13 14 15 16 17 18 19 20 0
uf20-0712.mwcnf 93551 1 -2 -3 4 5 -6 7 8 -9 -10 -11 12 13 14 15 16 -17 18 19 20 0
uf20-0330.mwcnf 28071 1 2 -3 4 -5 -6 7 -8 9 10 11 12 13 14 -15 16 -17 -18 -19 20 0
uf20-0747.mwcnf 28779 -1 -2 -3 4 5 6 -7 8 9 10 11 12 13 -14 15 16 17 18 19 20 0
uf20-0765.mwcnf 30466 -1 -2 3 4 5 6 7 8 9 10 11 12 13 14 -15 16 17 18 19 -20 0
uf20-0979.mwcnf 27813 1 -2 -3 4 5 6 7 8 9 10 11 12 13 14 -15 16 17 -18 19 -20 0
uf20-0737.mwcnf 23039 1 2 3 -4 -5 6 7 -8 9 10 11 -12 13 14 -15 16 17 -18 19 -20 0
uf20-0945.mwcnf 25128 1 2 -3 -4 5 6 -7 8 9 10 11 12 -13 14 15 -16 -17 18 19 20 0
uf20-0561.mwcnf 130794 -1 2 3 -4 5 6 7 8 9 10 11 -12 13 14 15 16 17 18 19 20 0
uf20-0478.mwcnf 112187 1 2 -3 -4 5 6 7 8 9 10 11 12 13 14 15 -16 -17 18 -19 20 0
uf20-0714.mwcnf 107856 -1 2 3 4 5 -6 -7 8 9 10 11 12 13 14 -15 16 -17 18 19 20 0
uf20-0790.mwcnf 29666 -1 2 3 4 5 6 7 8 9 10 11 12 13 14 -15 16 -17 18 19 20 0
uf20-0895.mwcnf 23124 1 2 -3 4 5 6 -7 8 -9 10 -11 -12 -13 14 15 16 17 18 19 -20 0
uf20-0402.mwcnf 34314 1 -2 3 -4 5 -6 7 8 9 -10 -11 12 13 14 -15 16 -17 -18 19 20 0
uf20-0767.mwcnf 27990 1 2 3 4 5 6 7 8 -9 10 11 12 -13 14 -15 16 -17 18 19 20 0
uf20-0742.mwcnf 29286 1 2 3 4 5 -6 7 8 9 10 11 12 -13 14 15 16 17 18 -19 20 0
uf20-0869.mwcnf 26669 1 2 -3 4 5 -6 7 8 -9 10 11 12 -13 14 15 -16 17 18 19 20 0
uf20-0770.mwcnf 30600 1 2 3 4 5 6 7 8 9 -10 11 12 13 14 15 -16 -17 18 19 20 0
uf20-0533.mwcnf 128258 1 2 3 4 5 6 7 8 -9 10 11 12 13 -14 15 16 17 18 19 -20 0
uf20-0618.mwcnf 88633 -1 -2 3 4 5 6 7 -8 9 -10 -11 12 -13 14 -15 -16 17 -18 19 20 0
uf20-0544.mwcnf 98778 1 2 3 -4 5 6 -7 8 9 10 11 12 -13 14 15 -16 -17 18 19 -20 0
uf20-0361.mwcnf 47914 1 2 3 4 5 6 7 8 9 -10 11 12 13 14 15 -16 -17 18 19 20 0
uf20-0805.mwcnf 31686 1 2 3 4 5 6 7 8 9 10 11 12 13 14 -15 16 17 -18 19 20 0
uf20-0687.mwcnf 84481 1 2 3 -4 -5 6 7 8 -9 -10 11 12 13 -14 -15 16 17 18 19 20 0
uf20-0998.mwcnf 31319 1 2 3 4 -5 6 7 8 9 10 11 12 13 -14 15 16 17 18 19 20 0
uf20-0434.mwcnf 48908 1 2 3 4 -5 6 7 8 -9 10 11 12 -13 14 15 16 17 18 -19 20 0
uf20-0781.mwcnf 25301 1 2 3 4 -5 -6 -7 8 9 10 11 -12 13 14 15 16 17 18 19 -20 0
uf20-0242.mwcnf 44507 -1 2 3 4 -5 6 7 8 -9 10 -11 12 13 14 15 16 17 18 19 -20 0
uf20-0444.mwcnf 30258 -1 -2 -3 -4 -5 6 7 8 9 -10 -11 12 -13 14 15 16 -17 18 19 20 0
uf20-0513.mwcnf 87037 1 2 3 -4 5 -6 7 8 9 -10 -11 12 -13 -14 -15 16 17 18 19 20 0
uf20-0352.mwcnf 46029 1 2 3 4 5 6 -7 8 9 -10 -11 -12 13 14 15 16 17 18 19 20 0
uf20-0681.mwcnf 117564 1 2 3 4 5 6 -7 8 9 10 -11 -12 13 14 15 16 -17 18 19 20 0
uf20-0701.mwcnf 94215 1 -2 3 4 -5 6 -7 -8 9 10 11 -12 13 14 -15 16 17 18 19 -20 0
uf20-021.mwcnf 44090 1 2 3 -4 -5 6 7 8 9 -10 11 12 13 14 15 16 -17 18 19 -20 0
uf20-0898.mwcnf 22270 -1 -2 -3 4 -5 6 7 8 -9 -10 11 12 13 -14 15 16 17 18 19 20 0
uf20-0844.mwcnf 34407 1 2 3 4 5 6 7 8 9 10 11 12 -13 14 15 16 17 18 19 20 0
uf20-014.mwcnf 40603 1 -2 3 4 5 6 -7 8 -9 10 11 12 13 14 15 16 17 18 19 -20 0
uf20-0164.mwcnf 28455 1 -2 3 4 5 6 7 8 9 -10 11 12 13 -14 15 -16 -17 -18 -19 -20 0
uf20-0400.mwcnf 45535 -1 2 3 4 5 6 7 -8 9 10 -11 12 13 14 15 16 17 18 -19 20 0
uf20-0441.mwcnf 45683 1 2 3 4 5 6 7 8 -9 10 11 12 -13 -14 15 16 17 -18 19 20 0
uf20-0474.mwcnf 101821 1 -2 -3 4 -5 6 7 8 9 10 11 12 13 -14 15 16 17 -18 19 -20 0
uf20-0604.mwcnf 125786 1 2 3 4 5 6 7 8 -9 10 11 12 -13 -14 15 16 17 18 19 20 0
uf20-0587.mwcnf 75719 1 2 -3 4 5 6 -7 -8 -9 10 11 12 13 -14 15 16 -17 -18 -19 20 0
uf20-0589.mwcnf 137480 1 2 3 4 5 6 -7 8 9 10 -11 12 13 14 15 16 17 18 19 20 0
uf20-0987.mwcnf 33632 1 2 -3 4 5 6 7 8 9 10 11 -12 13 14 15 16 17 18 -19 20 0
uf20-0257.mwcnf 48834 1 -2 -3 4 5 6 7 8 9 10 11 12 13 14 15 -16 17 18 -19 20 0
uf20-0880.mwcnf 22827 -1 2 -3 4 5 6 -7 8 9 10 11 12 -13 14 -15 16 17 18 -19 -20 0
uf20-0684.mwcnf 98276 -1 2 3 -4 -5 6 7 8 -9 -10 11 12 13 14 15 16 17 18 19 20 0
uf20-0540.mwcnf 104245 -1 -2 3 -4 5 6 7 -8 -9 10 11 12 13 14 15 16 -17 18 19 20 0
uf20-0565.mwcnf 98420 1 -2 3 4 5 -6 7 8 9 10 11 12 -13 14 -15 -16 17 18 19 20 0
uf20-037.mwcnf 45376 -1 2 -3 4 5 6 7 8 9 -10 11 12 13 14 -15 -16 17 18 19 20 0
uf20-024.mwcnf 33385 1 -2 3 -4 5 -6 -7 -8 9 10 11 -12 -13 14 15 -16 17 18 19 20 0
uf20-0235.mwcnf 52591 1 2 3 4 5 -6 7 8 9 10 11 12 13 14 15 -16 -17 18 19 20 0
uf20-054.mwcnf 91912 -1 -2 3 -4 5 6 -7 8 -9 10 11 12 13 -14 15 16 17 18 19 20 0
uf20-0546.mwcnf 99121 -1 2 3 4 5 6 7 -8 9 10 11 12 13 -14 15 16 -17 18 19 -20 0
uf20-0475.mwcnf 99011 1 2 3 -4 5 -6 7 8 -9 10 11 12 13 -14 15 16 17 -18 -19 20 0
uf20-0397.mwcnf 38959 1 -2 3 -4 5 6 -7 8 9 10 11 12 -13 -14 15 -16 17 18 19 20 0
uf20-0944.mwcnf 27615 1 2 -3 4 5 6 7 8 9 10 11 12 13 -14 15 16 17 -18 19 20 0
uf20-0667.mwcnf 97123 1 2 3 -4 5 6 -7 8 9 -10 11 12 13 14 -15 -16 17 18 19 20 0
uf20-029.mwcnf 38361 1 2 3 4 5 -6 -7 -8 9 10 11 12 13 -14 15 16 -17 -18 19 20 0
uf20-0520.mwcnf 119407 1 2 3 -4 5 6 7 -8 9 10 11 -12 13 14 15 16 17 18 19 -20 0
uf20-0673.mwcnf 62942 -1 -2 3 4 5 -6 -7 8 -9 -10 11 12 13 14 15 -16 -17 18 -19 20 0
uf20-0921.mwcnf 29550 1 -2 3 -4 5 -6 7 8 9 10 11 12 13 14 15 16 -17 18 19 20 0
uf20-0661.mwcnf 119544 -1 2 3 -4 -5 6 7 8 9 10 11 12 13 14 15 16 17 18 -19 20 0
uf20-0654.mwcnf 81702 -1 2 -3 4 5 -6 7 8 -9 10 -11 12 13 -14 -15 16 17 18 19 20 0
uf20-0215.mwcnf 49825 1 2 3 4 5 -6 7 -8 -9 10 11 12 13 14 15 16 17 18 19 20 0
uf20-0853.mwcnf 25515 1 2 -3 4 5 6 -7 -8 9 10 11 -12 13 14 -15 16 17 18 19 -20 0
uf20-0314.mwcnf 52773 1 2 3 4 5 6 -7 8 9 10 11 -12 13 14 15 16 17 18 -19 20 0
uf20-0580.mwcnf 94355 1 -2 -3 4 5 -6 7 8 9 10 11 -12 13 14 15 -16 17 18 -19 20 0
uf20-0147.mwcnf 33952 1 2 3 -4 5 -6 7 8 -9 10 11 -12 13 14 -15 16 17 18 19 -20 0
uf20-099.mwcnf 20517 1 2 3 -4 -5 -6 7 8 9 10 11 12 -13 14 -15 -16 17 18 -19 20 0
uf20-043.mwcnf 36124 -1 2 3 -4 5 6 7 8 9 10 11 12 13 -14 -15 -16 17 -18 19 -20 0
uf20-0922.mwcnf 29528 1 -2 3 4 5 6 -7 8 9 10 11 -12 13 14 15 16 17 -18 19 20 0
uf20-0388.mwcnf 44879 1 -2 3 4 5 6 -7 8 9 10 -11 12 13 14 15 -16 -17 18 19 20 0
uf20-0569.mwcnf 79823 -1 2 3 4 5 -6 7 -8 9 10 11 -12 13 -14 15 16 -17 18 19 -20 0
uf20-0711.mwcnf 80538 -1 2 -3 4 -5 -6 -7 8 9 10 11 12 -13 14 15 16 17 18 19 20 0
uf20-0992.mwcnf 19830 1 -2 -3 4 5 6 7 -8 -9 10 11 12 -13 -14 15 16 -17 18 19 -20 0
uf20-0229.mwcnf 52663 1 2 3 4 5 6 7 8 9 -10 -11 12 13 14 15 -16 -17 18 19 20 0
uf20-0753.mwcnf 24518 1 2 -3 4 5 6 -7 8 9 -10 11 12 13 14 -15 16 17 18 19 -20 0
uf20-0290.mwcnf 39799 1 2 -3 4 -5 6 -7 8 9 10 11 12 -13 -14 15 16 -17 18 19 20 0
uf20-0776.mwcnf 23229 1 2 -3 4 -5 6 -7 -8 -9 10 11 12 13 14 15 16 -17 18 19 20 0
uf20-0643.mwcnf 112779 1 2 3 4 5 6 7 8 -9 10 -11 -12 13 14 15 -16 17 18 19 20 0
uf20-042.mwcnf 42581 1 2 3 4 5 6 7 8 -9 10 -11 12 13 -14 -15 16 17 -18 19 20 0
uf20-0167.mwcnf 37782 1 -2 3 4 5 6 7 8 9 10 11 12 13 14 -15 16 -17 18 -19 -20 0
uf20-0555.mwcnf 103306 1 2 3 -4 5 6 7 -8 -9 10 11 12 -13 14 15 16 17 18 -19 20 0
uf20-0220.mwcnf 31947 1 -2 3 4 5 6 7 -8 -9 -10 -11 -12 13 14 15 -16 17 -18 19 20 0
uf20-0486.mwcnf 74725 -1 -2 3 -4 5 6 7 -8 9 -10 11 12 13 14 15 -16 17 -18 19 20 0
uf20-0808.mwcnf 24717 1 2 -3 -4 5 -6 -7 8 9 10 11 12 13 -14 15 16 -17 18 19 20 0
uf20-0861.mwcnf 20393 1 -2 -3 4 5 6 7 8 -9 10 11 -12 13 14 -15 -16 17 -18 -19 20 0
uf20-0109.mwcnf 24624 1 2 3 4 5 -6 7 -8 9 10 11 -12 -13 14 -15 -16 -17 -18 19 -20 0
uf20-0779.mwcnf 27256 1 2 -3 4 -5 6 7 8 9 10 11 12 13 -14 15 -16 17 18 -19 20 0
uf20-0942.mwcnf 23259 1 2 -3 4 5 -6 7 8 9 -10 11 12 13 -14 15 -16 17 18 19 -20 0
uf20-0835.mwcnf 30475 1 2 3 4 5 6 7 8 9 -10 11 12 13 14 15 -16 17 18 19 -20 0
uf20-0877.mwcnf 19954 1 2 -3 -4 -5 -6 7 8 -9 10 11 12 -13 -14 15 16 17 18 19 20 0
uf20-0856.mwcnf 18721 -1 -2 3 -4 5 6 7 8 -9 10 11 12 13 14 15 16 -17 -18 19 -20 0
uf20-0449.mwcnf 47734 -1 2 3 4 5 -6 7 8 9 10 11 -12 13 -14 15 16 17 18 19 -20 0
uf20-0349.mwcnf 33527 1 -2 -3 4 -5 6 -7 -8 9 10 11 12 13 -14 15 -16 -17 18 19 20 0
uf20-0324.mwcnf 45603 1 2 3 4 5 -6 7 8 9 10 11 -12 13 -14 15 16 -17 18 19 -20 0
uf20-0666.mwcnf 93649 1 2 -3 4 5 6 7 8 -9 10 11 -12 -13 -14 15 16 17 -18 19 20 0
uf20-0947.mwcnf 24189 -1 -2 -3 4 -5 -6 7 8 9 10 11 -12 13 14 15 16 17 18 19 20 0
uf20-0786.mwcnf 28020 1 2 3 4 5 6 7 8 9 10 11 12 13 14 -15 -16 -17 -18 19 20 0
uf20-0123.mwcnf 46234 1 2 3 4 5 -6 7 8 9 10 -11 12 13 14 15 16 17 18 -19 20 0
uf20-0144.mwcnf 20721 1 2 3 4 -5 -6 7 -8 9 10 -11 12 13 14 -15 16 17 -18 -19 -20 0
uf20-09.mwcnf 30972 -1 2 3 4 5 6 7 -8 9 10 11 12 13 14 -15 16 17 -18 19 20 0
uf20-0915.mwcnf 24023 -1 2 -3 4 5 -6 7 8 -9 10 11 12 -13 14 15 16 17 18 19 -20 0
uf20-0239.mwcnf 47168 1 2 3 4 5 6 7 8 -9 10 11 12 -13 14 15 16 17 18 -19 20 0
uf20-0373.mwcnf 33438 1 2 3 4 -5 -6 7 8 9 10 -11 12 13 14 -15 -16 -17 -18 19 20 0
uf20-0450.mwcnf 28766 -1 2 -3 -4 -5 -6 7 -8 9 10 11 12 -13 -14 15 16 -17 18 -19 20 0
uf20-0871.mwcnf 26523 1 2 -3 -4 5 6 7 8 9 10 11 -12 13 14 -15 16 17 18 -19 20 0
uf20-0590.mwcnf 76548 -1 -2 3 -4 -5 6 -7 8 9 10 -11 12 13 14 15 16 17 -18 19 -20 0
uf20-0726.mwcnf 26217 1 2 3 4 -5 6 7 8 9 10 11 12 -13 -14 15 -16 17 18 -19 20 0
uf20-0162.mwcnf 41918 1 2 -3 4 5 6 7 -8 9 10 11 12 -13 14 15 16 17 18 19 -20 0
uf20-0597.mwcnf 107674 1 2 3 4 -5 6 7 8 9 10 -11 12 13 14 -15 -16 17 18 19 20 0
uf20-0287.mwcnf 41606 -1 2 3 -4 5 6 7 8 -9 10 11 12 -13 14 -15 16 -17 18 19 20 0
uf20-0653.mwcnf 92944 1 2 3 -4 -5 6 7 8 9 -10 11 12 13 14 15 -16 -17 18 19 -20 0
uf20-0409.mwcnf 35093 1 2 -3 -4 5 -6 7 8 9 -10 11 12 -13 14 -15 -16 17 18 19 20 0
uf20-0464.mwcnf 89071 1 2 -3 -4 5 -6 7 8 9 -10 11 12 13 14 15 -16 17 -18 19 -20 0
uf20-0221.mwcnf 53639 -1 2 3 4 5 -6 7 8 9 -10 11 12 13 14 15 16 17 18 19 20 0
uf20-0199.mwcnf 58917 1 2 3 -4 5 6 7 8 9 10 11 12 13 14 15 16 17 -18 19 20 0
uf20-094.mwcnf 26564 1 2 3 -4 5 6 -7 8 9 10 11 12 13 -14 -15 16 17 -18 19 -20 0
uf20-0155.mwcnf 42087 1 2 3 4 5 -6 -7 8 9 10 11 12 13 14 15 16 -17 18 -19 20 0
uf20-0494.mwcnf 126595 1 2 -3 4 5 6 7 8 9 10 -11 -12 13 14 15 16 17 18 19 20 0
uf20-0335.mwcnf 43323 -1 2 3 4 5 6 7 8 9 10 -11 -12 13 -14 15 16 17 -18 19 20 0
uf20-0624.mwcnf 84756 1 2 -3 4 5 6 7 -8 -9 10 -11 12 -13 14 -15 16 17 18 -19 -20 0
uf20-0612.mwcnf 85597 -1 2 3 4 -5 6 -7 8 9 10 -11 12 13 14 15 -16 17 -18 19 20 0
uf20-0723.mwcnf 30319 1 -2 3 4 5 6 -7 8 9 10 11 12 13 14 15 -16 17 -18 19 20 0
uf20-0953.mwcnf 21940 -1 -2 3 4 5 -6 7 8 9 10 -11 12 -13 -14 15 16 17 18 19 20 0
uf20-0983.mwcnf 25594 1 2 -3 -4 -5 6 7 -8 -9 10 11 12 13 14 15 16 17 18 19 20 0
uf20-0731.mwcnf 27393 -1 2 3 4 5 6 7 8 9 10 11 12 13 14 15 -16 -17 -18 19 -20 0
uf20-0578.mwcnf 125200 1 2 3 4 5 6 -7 8 9 -10 -11 12 13 14 15 16 17 -18 19 20 0
uf20-0729.mwcnf 21693 -1 -2 -3 4 5 -6 7 -8 9 10 -11 12 13 14 15 16 17 -18 19 20 0
uf20-0629.mwcnf 130888 1 2 3 4 5 6 7 8 9 10 11 -12 13 14 15 16 -17 -18 19 20 0
uf20-0431.mwcnf 48263 1 2 3 4 5 -6 7 8 -9 10 11 -12 13 14 -15 16 17 18 19 20 0
uf20-0127.mwcnf 32610 1 2 3 -4 -5 6 -7 8 9 10 11 12 13 14 15 16 -17 -18 -19 20 0
uf20-0469.mwcnf 107821 1 -2 -3 4 5 6 -7 -8 9 10 -11 12 13 14 15 -16 17 18 19 20 0
uf20-0532.mwcnf 59269 1 2 3 -4 5 6 7 -8 -9 10 11 -12 13 -14 -15 16 -17 -18 -19 -20 0
uf20-0440.mwcnf 33314 1 2 3 -4 5 -6 7 8 -9 10 11 12 13 -14 15 -16 -17 -18 19 20 0
uf20-0798.mwcnf 32706 1 2 3 4 5 6 7 -8 -9 10 11 -12 13 14 15 16 17 18 -19 20 0
uf20-0394.mwcnf 38571 1 -2 -3 4 -5 6 7 8 9 -10 11 12 13 14 15 -16 -17 18 -19 20 0
uf20-0473.mwcnf 113685 1 2 3 4 5 -6 -7 8 9 10 11 12 13 14 -15 -16 17 18 19 -20 0
uf20-0313.mwcnf 35668 1 2 3 -4 5 -6 7 -8 -9 -10 11 -12 13 14 15 16 17 18 19 -20 0
uf20-0933.mwcnf 22998 1 2 -3 -4 -5 6 -7 8 -9 -10 11 12 13 14 15 16 17 18 19 -20 0
uf20-0760.mwcnf 22900 1 2 3 4 5 6 -7 -8 -9 -10 -11 12 13 -14 -15 16 17 18 19 20 0
uf20-0365.mwcnf 37962 -1 2 -3 4 5 6 7 8 -9 10 11 12 -13 14 15 -16 -17 18 19 20 0
uf20-0916.mwcnf 31921 1 2 -3 4 5 -6 7 8 -9 10 11 12 13 14 15 16 17 18 19 20 0
uf20-0371.mwcnf 48279 -1 2 3 4 5 6 7 -8 9 10 -11 12 13 14 15 16 -17 -18 19 20 0
uf20-0467.mwcnf 86191 1 -2 3 4 5 -6 7 8 9 -10 11 12 -13 14 -15 -16 17 -18 19 20 0
uf20-0960.mwcnf 28195 1 2 3 4 5 6 7 8 9 10 -11 -12 13 14 15 16 -17 -18 19 -20 0
uf20-0792.mwcnf 18380 1 2 -3 4 -5 6 7 8 9 -10 11 -12 13 -14 15 16 17 -18 19 -20 0
uf20-0252.mwcnf 42977 1 2 3 -4 5 6 7 8 9 10 11 12 13 -14 -15 16 -17 18 -19 20 0
uf20-0788.mwcnf 31409 1 2 -3 4 5 6 7 8 9 10 11 -12 13 -14 15 16 17 18 19 20 0
uf20-0487.mwcnf 127663 1 2 3 4 5 6 -7 8 9 10 11 12 13 14 15 -16 17 18 19 20 0
uf20-04.mwcnf 105544 -1 -2 3 4 5 -6 7 8 -9 10 11 -12 13 14 -15 16 17 18 19 20 0
uf20-0690.mwcnf 115887 1 2 3 4 5 -6 7 -8 9 10 11 12 13 14 15 -16 -17 18 19 20 0
uf20-046.mwcnf 107675 1 2 -3 -4 5 6 7 -8 9 10 11 12 13 14 15 -16 17 18 19 20 0
uf20-0225.mwcnf 36688 1 -2 3 4 -5 6 -7 8 9 -10 11 -12 -13 14 15 16 17 18 19 20 0
uf20-0638.mwcnf 103360 1 2 3 4 5 6 7 -8 9 10 11 12 13 14 15 16 -17 18 -19 -20 0
uf20-0393.mwcnf 49741 1 2 3 4 5 6 7 8 9 10 11 12 13 14 15 16 -17 18 -19 -20 0
uf20-0190.mwcnf 45692 1 2 3 4 5 6 7 8 -9 10 11 12 13 14 15 16 17 18 19 -20 0
uf20-070.mwcnf 108479 1 2 3 4 5 6 -7 8 9 10 11 -12 -13 14 -15 16 17 18 19 -20 0
uf20-0741.mwcnf 22657 1 2 3 4 -5 6 7 8 9 10 -11 12 -13 -14 15 16 17 18 -19 20 0
uf20-0934.mwcnf 30664 1 2 3 4 5 -6 7 8 9 -10 11 -12 13 14 15 16 17 18 19 -20 0
uf20-020.mwcnf 41995 1 2 3 4 5 6 7 8 -9 -10 11 -12 13 -14 15 16 17 18 -19 20 0
uf20-0657.mwcnf 97027 1 2 -3 4 -5 6 7 -8 -9 10 11 12 13 14 -15 16 17 18 -19 20 0
uf20-0495.mwcnf 104359 1 -2 3 4 5 6 7 -8 -9 10 11 12 -13 -14 15 16 17 18 19 20 0
uf20-0748.mwcnf 21449 1 -2 3 4 -5 6 7 8 9 10 11 -12 13 -14 -15 16 -17 18 -19 20 0
uf20-0345.mwcnf 51115 1 2 3 4 -5 -6 7 8 9 10 11 -12 13 14 -15 16 17 18 19 20 0
uf20-0592.mwcnf 88856 1 -2 3 -4 5 6 -7 8 9 10 11 12 13 -14 -15 16 -17 -18 19 20 0
uf20-0168.mwcnf 36015 1 -2 3 -4 5 6 7 8 -9 10 11 12 -13 14 15 16 -17 18 19 -20 0
uf20-0208.mwcnf 48129 1 2 -3 4 5 6 -7 8 9 10 11 12 13 -14 -15 16 17 18 19 20 0
uf20-0886.mwcnf 32211 1 2 -3 -4 5 6 7 8 9 10 11 12 13 14 -15 16 17 18 -19 20 0
uf20-0150.mwcnf 32327 1 2 3 4 -5 -6 -7 8 -9 10 -11 12 -13 14 15 16 17 18 19 20 0
uf20-075.mwcnf 23868 1 -2 3 4 5 6 7 -8 9 10 11 12 13 -14 15 16 -17 -18 19 -20 0
uf20-0996.mwcnf 29034 1 2 -3 -4 5 6 7 -8 9 10 11 -12 13 14 15 16 17 18 19 20 0
uf20-0468.mwcnf 87749 1 -2 3 4 5 6 7 -8 9 -10 11 12 13 -14 15 -16 -17 -18 19 20 0
uf20-087.mwcnf 26374 1 -2 3 -4 5 6 -7 8 -9 10 11 12 13 14 15 -16 17 18 19 20 0
uf20-0756.mwcnf 22458 1 2 3 4 5 -6 7 8 9 -10 -11 12 -13 -14 15 -16 -17 18 19 20 0
uf20-0501.mwcnf 113450 1 2 3 4 -5 6 -7 8 9 -10 11 12 13 14 -15 16 17 18 -19 20 0
uf20-050.mwcnf 99518 -1 2 3 4 5 6 7 8 9 10 -11 12 -13 14 15 -16 -17 18 -19 20 0
uf20-0192.mwcnf 31152 -1 2 -3 4 5 -6 7 8 9 10 -11 12 13 14 -15 16 17 18 -19 20 0
uf20-0646.mwcnf 99608 1 -2 3 4 5 6 7 8 9 10 -11 12 -13 14 15 16 -17 18 19 -20 0
uf20-0665.mwcnf 110688 1 2 3 -4 5 6 -7 8 9 -10 11 12 -13 14 -15 16 17 18 19 20 0
uf20-0709.mwcnf 131457 1 2 3 -4 5 6 -7 8 9 10 11 -12 13 14 15 16 17 18 19 20 0
uf20-0862.mwcnf 23555 1 -2 3 4 5 6 7 -8 -9 -10 -11 12 13 14 15 16 17 18 19 20 0
uf20-0749.mwcnf 40954 1 2 3 4 5 6 -7 8 9 10 11 12 13 14 15 16 17 18 19 20 0
uf20-0465.mwcnf 109609 1 2 3 4 5 6 7 -8 9 -10 -11 12 13 14 15 16 17 -18 19 -20 0
uf20-0602.mwcnf 124844 -1 2 3 4 5 -6 7 8 -9 10 11 12 13 14 15 16 17 -18 19 20 0
uf20-069.mwcnf 112057 1 2 3 4 5 6 -7 -8 9 10 11 12 13 -14 15 -16 17 18 19 -20 0
uf20-0187.mwcnf 28975 -1 2 3 -4 -5 6 7 8 9 -10 11 12 -13 14 15 16 17 -18 19 20 0
uf20-0222.mwcnf 60050 1 2 3 4 5 6 7 8 -9 10 11 12 13 14 15 16 17 -18 19 20 0
uf20-0935.mwcnf 31562 1 2 3 4 5 6 7 8 9 10 -11 12 13 14 15 16 -17 18 19 20 0
uf20-0893.mwcnf 24248 1 2 3 4 -5 6 7 8 9 -10 11 12 13 14 -15 16 -17 -18 19 -20 0
uf20-0134.mwcnf 36556 1 2 -3 -4 5 6 7 8 9 10 11 12 13 14 -15 -16 17 18 -19 20 0
uf20-0671.mwcnf 95914 -1 2 3 4 5 6 7 8 -9 10 -11 12 13 -14 15 16 17 -18 19 20 0
uf20-0906.mwcnf 24224 1 2 3 4 5 6 7 8 -9 -10 11 12 13 14 15 -16 17 18 -19 20 0
uf20-0351.mwcnf 52473 1 2 3 4 5 6 7 8 9 -10 -11 12 13 14 15 16 -17 18 19 20 0
uf20-0865.mwcnf 21460 1 2 -3 4 5 6 -7 8 9 -10 -11 12 13 14 15 16 -17 18 -19 -20 0
uf20-0425.mwcnf 44380 1 2 3 4 -5 6 -7 8 -9 10 11 12 13 14 15 16 17 -18 19 20 0
uf20-0625.mwcnf 101084 -1 2 3 4 -5 -6 7 8 9 10 11 12 13 -14 15 16 -17 18 -19 20 0
uf20-0505.mwcnf 95016 -1 2 3 4 5 6 7 -8 9 10 11 12 -13 14 -15 -16 -17 18 19 20 0
uf20-0738.mwcnf 24847 1 2 3 -4 -5 6 7 8 -9 10 11 12 13 -14 15 -16 -17 18 19 20 0
uf20-0343.mwcnf 36990 -1 -2 -3 4 5 6 -7 8 9 -10 -11 12 13 14 15 -16 17 18 19 20 0
uf20-0121.mwcnf 45199 1 -2 3 4 -5 6 7 8 9 10 11 12 13 14 15 16 17 18 -19 20 0
uf20-0234.mwcnf 41197 1 -2 3 4 5 6 -7 -8 9 10 11 12 -13 14 15 16 17 18 -19 20 0
uf20-0318.mwcnf 54625 1 2 3 4 5 6 -7 8 9 10 11 12 13 14 -15 16 17 -18 19 20 0
uf20-0265.mwcnf 57318 -1 2 3 4 5 6 7 8 9 -10 11 12 13 14 15 16 17 18 19 20 0
uf20-0562.mwcnf 89943 -1 2 -3 -4 5 -6 -7 8 9 10 11 12 13 14 15 -16 17 18 19 -20 0
uf20-060.mwcnf 134061 1 2 3 -4 5 6 7 8 9 -10 11 12 -13 14 15 16 17 18 19 20 0
uf20-0633.mwcnf 121779 1 2 3 4 -5 6 7 8 9 10 -11 12 -13 -14 15 16 17 18 19 20 0
uf20-0138.mwcnf 36319 -1 -2 -3 4 5 6 7 8 9 10 -11 12 13 -14 15 16 17 18 -19 20 0
uf20-032.mwcnf 48620 1 2 3 4 5 6 -7 -8 9 -10 11 12 13 14 -15 16 17 18 19 20 0
uf20-0968.mwcnf 23619 1 2 3 -4 5 6 -7 8 9 10 11 12 -13 14 -15 -16 -17 18 -19 20 0
uf20-0476.mwcnf 108020 1 2 -3 4 5 -6 7 -8 9 10 -11 12 13 14 -15 -16 17 18 19 20 0
uf20-034.mwcnf 53670 1 2 3 4 5 -6 7 8 9 10 11 12 13 -14 15 16 17 18 19 -20 0
uf20-0426.mwcnf 45563 1 -2 3 4 5 -6 7 -8 9 -10 11 12 13 -14 15 16 17 18 19 20 0
uf20-0159.mwcnf 40469 1 2 -3 -4 5 6 -7 8 9 10 11 -12 13 14 15 16 17 18 19 20 0
uf20-0170.mwcnf 40368 1 2 3 4 5 6 7 8 9 -10 11 12 13 14 -15 16 17 -18 19 -20 0
uf20-0355.mwcnf 57852 1 2 3 4 5 6 7 8 9 10 11 12 13 -14 15 16 17 -18 19 20 0
uf20-0326.mwcnf 38926 -1 2 3 4 5 -6 7 8 9 -10 -11 12 -13 14 -15 -16 17 18 19 20 0
uf20-0374.mwcnf 33088 -1 -2 3 -4 5 6 7 8 -9 10 11 -12 -13 -14 -15 16 -17 18 19 20 0
uf20-0885.mwcnf 28673 1 2 -3 4 5 6 7 8 9 -10 11 12 13 14 -15 -16 17 18 19 20 0
uf20-0783.mwcnf 28728 1 2 3 4 5 6 7 8 9 10 11 -12 13 14 -15 -16 17 18 19 -20 0
uf20-0253.mwcnf 49037 1 2 -3 4 5 6 -7 8 9 -10 11 12 13 14 15 -16 17 18 19 20 0
uf20-0702.mwcnf 129756 1 2 3 -4 5 6 7 -8 9 10 -11 12 13 14 15 16 17 18 19 20 0
uf20-0806.mwcnf 12627 -1 -2 -3 4 -5 -6 7 8 -9 10 -11 -12 13 14 -15 -16 17 18 -19 -20 0
uf20-0435.mwcnf 43172 1 2 3 4 5 6 7 -8 9 -10 11 12 13 14 15 16 -17 18 -19 -20 0
uf20-0647.mwcnf 102099 1 2 -3 4 5 6 -7 8 9 10 11 12 13 14 -15 16 -17 -18 19 20 0
uf20-0204.mwcnf 34874 -1 2 3 4 5 6 7 -8 9 10 -11 12 13 -14 15 16 -17 -18 19 -20 0
uf20-0655.mwcnf 76794 -1 2 3 4 5 6 -7 8 -9 10 11 -12 -13 14 -15 16 -17 18 19 20 0
uf20-0817.mwcnf 19371 1 -2 3 -4 -5 6 7 8 9 10 11 -12 -13 -14 15 -16 -17 18 19 20 0
uf20-0300.mwcnf 45856 1 2 3 4 5 6 7 8 9 10 -11 12 13 14 15 -16 17 -18 19 -20 0
uf20-0840.mwcnf 29074 1 2 3 4 5 -6 -7 8 9 10 11 12 13 -14 -15 16 17 18 19 20 0
uf20-0177.mwcnf 40263 -1 2 3 4 5 6 7 8 9 10 11 12 -13 14 15 16 17 -18 -19 20 0
uf20-0277.mwcnf 41366 1 2 3 4 -5 6 7 -8 -9 10 11 12 -13 -14 15 -16 17 18 19 20 0
uf20-0336.mwcnf 25927 1 -2 3 -4 -5 -6 7 -8 -9 10 -11 -12 13 -14 15 16 17 -18 19 20 0
uf20-0111.mwcnf 42945 1 2 3 4 5 6 7 8 9 -10 -11 12 13 14 15 16 17 -18 -19 20 0
uf20-0554.mwcnf 142394 1 2 3 -4 5 6 7 8 9 10 11 12 13 14 15 16 17 18 19 20 0
uf20-0438.mwcnf 44282 -1 -2 3 4 -5 6 7 8 9 10 11 12 13 14 15 16 17 18 -19 -20 0
uf20-0588.mwcnf 108302 1 -2 3 -4 5 6 7 8 9 10 11 -12 -13 14 15 16 17 18 19 20 0
uf20-0304.mwcnf 40640 1 -2 -3 4 -5 6 7 8 9 10 -11 12 13 14 15 16 17 18 -19 -20 0
uf20-066.mwcnf 125836 1 2 3 4 5 -6 7 -8 9 -10 11 12 13 14 15 16 17 -18 19 20 0
uf20-0948.mwcnf 33249 1 2 3 4 5 -6 7 8 -9 10 11 12 -13 14 15 16 17 18 19 20 0
uf20-0101.mwcnf 35092 1 2 3 4 -5 6 -7 8 -9 10 11 -12 -13 14 15 16 17 18 19 20 0
uf20-0907.mwcnf 17837 -1 2 3 -4 5 6 7 -8 -9 10 11 12 -13 14 -15 16 -17 18 -19 20 0
uf20-0157.mwcnf 32026 -1 2 3 4 -5 6 7 8 9 10 11 12 -13 14 -15 16 17 -18 -19 20 0
uf20-0485.mwcnf 100924 -1 2 3 -4 5 6 -7 8 9 -10 11 12 13 14 15 16 -17 18 19 20 0
uf20-0259.mwcnf 47777 1 2 3 -4 5 6 7 8 9 10 11 12 13 -14 15 -16 -17 18 -19 20 0
uf20-0640.mwcnf 102034 1 2 -3 -4 5 6 7 -8 9 10 -11 12 13 -14 15 16 17 18 19 20 0
uf20-0337.mwcnf 44049 1 2 3 -4 5 6 7 8 9 -10 -11 12 13 14 15 16 17 -18 19 20 0
uf20-0815.mwcnf 26843 1 2 3 4 5 6 7 8 -9 -10 11 12 13 14 15 16 17 -18 19 -20 0
uf20-0762.mwcnf 26953 1 2 3 -4 5 -6 -7 8 9 10 -11 12 13 14 15 16 -17 18 19 20 0
uf20-010.mwcnf 45353 -1 2 3 4 5 6 7 8 9 10 11 12 13 14 15 16 -17 -18 19 20 0
uf20-0523.mwcnf 108340 1 2 3 4 5 -6 7 -8 9 10 -11 12 -13 14 15 -16 17 18 19 20 0
uf20-0158.mwcnf 35288 1 2 3 4 5 6 7 8 9 10 11 12 13 -14 -15 -16 17 -18 19 -20 0
uf20-0978.mwcnf 36928 1 2 3 4 5 6 7 8 9 10 11 12 13 14 15 -16 17 18 19 20 0
uf20-0692.mwcnf 132830 1 2 -3 4 5 6 7 -8 9 10 11 12 13 14 15 16 17 18 19 20 0
uf20-0364.mwcnf 44426 1 2 3 4 5 6 7 8 9 10 -11 -12 13 -14 15 16 17 -18 19 -20 0
uf20-0818.mwcnf 30277 1 -2 3 -4 -5 6 7 8 9 10 11 12 -13 14 15 16 17 18 19 20 0
uf20-0548.mwcnf 100877 1 -2 -3 4 5 6 7 8 9 -10 -11 12 13 14 15 16 17 18 -19 20 0
uf20-0270.mwcnf 52374 -1 -2 3 4 5 6 7 8 9 -10 11 -12 13 14 15 16 17 18 19 20 0
uf20-0572.mwcnf 112933 -1 2 -3 4 5 6 7 8 9 10 -11 12 13 14 -15 16 17 18 -19 20 0
uf20-0556.mwcnf 124348 1 2 3 4 5 6 7 -8 -9 10 -11 12 13 14 15 16 17 18 19 20 0
uf20-0421.mwcnf 27728 -1 2 -3 -4 5 -6 7 8 9 10 11 12 -13 -14 15 16 17 -18 19 20 0
uf20-0876.mwcnf 28104 1 2 3 -4 5 6 7 8 9 -10 -11 12 13 14 15 16 17 18 19 20 0
uf20-0153.mwcnf 31951 -1 2 3 -4 5 6 7 8 9 10 -11 -12 13 14 15 -16 17 18 19 -20 0
uf20-0845.mwcnf 25285 1 -2 3 4 5 -6 -7 8 9 10 11 12 -13 -14 15 16 17 18 19 20 0
uf20-0514.mwcnf 119307 1 2 3 -4 -5 6 7 8 9 -10 11 -12 13 -14 15 16 17 18 19 20 0
uf20-0296.mwcnf 41671 -1 2 3 4 -5 6 7 -8 -9 10 11 12 13 -14 15 16 17 18 19 20 0
uf20-0700.mwcnf 121966 -1 2 3 4 5 6 7 8 9 10 11 12 13 14 -15 16 17 -18 19 20 0
uf20-0623.mwcnf 114195 1 2 3 4 5 6 7 8 9 -10 -11 12 -13 14 15 16 17 -18 19 20 0
uf20-0648.mwcnf 105656 1 2 3 -4 5 6 -7 8 9 10 11 -12 13 14 15 16 17 -18 19 20 0
uf20-0650.mwcnf 88464 1 -2 3 -4 5 6 -7 8 -9 10 11 -12 13 14 15 16 17 -18 -19 20 0
uf20-0563.mwcnf 120101 1 -2 3 4 5 6 -7 8 9 10 -11 12 13 14 15 16 17 18 19 -20 0
uf20-0212.mwcnf 47924 1 2 3 4 -5 6 7 8 -9 10 11 12 13 14 15 16 17 18 -19 -20 0
uf20-08.mwcnf 26507 1 2 3 4 -5 6 7 -8 9 10 11 12 13 14 15 16 -17 -18 -19 20 0
uf20-0319.mwcnf 57534 1 2 3 4 5 6 7 8 -9 10 -11 12 13 14 15 16 17 18 19 20 0
uf20-0404.mwcnf 40105 1 -2 -3 -4 5 6 7 8 -9 10 11 12 13 14 -15 -16 17 18 19 20 0
uf20-0524.mwcnf 118999 1 -2 3 4 -5 6 7 8 9 10 11 12 13 14 15 -16 -17 18 -19 20 0
uf20-086.mwcnf 23736 1 -2 3 -4 5 6 7 8 9 10 -11 12 13 14 15 16 -17 -18 -19 20 0
uf20-0621.mwcnf 114354 -1 2 3 4 -5 6 7 8 9 10 -11 12 13 14 15 16 17 18 -19 20 0
uf20-0882.mwcnf 34722 1 2 3 4 -5 6 7 8 9 10 11 -12 13 14 15 16 17 18 19 20 0
uf20-0106.mwcnf 43807 -1 2 3 4 5 6 7 8 9 10 11 12 13 14 15 16 -17 18 -19 20 0
uf20-0278.mwcnf 32826 1 -2 3 4 -5 6 7 8 9 -10 11 12 13 -14 15 -16 17 -18 19 -20 0
uf20-074.mwcnf 31877 1 2 3 4 5 6 -7 8 9 10 11 12 -13 14 15 16 17 18 -19 20 0
uf20-0165.mwcnf 44530 1 2 3 4 5 6 -7 8 9 10 11 -12 13 14 15 -16 17 18 19 -20 0
uf20-056.mwcnf 111722 -1 2 -3 4 5 -6 -7 8 9 10 11 12 13 14 15 16 17 -18 19 20 0
uf20-0541.mwcnf 97845 -1 2 3 4 -5 6 -7 8 9 10 -11 12 13 14 15 -16 -17 18 19 20 0
uf20-0136.mwcnf 47012 1 2 3 -4 5 6 7 -8 9 10 11 12 13 14 15 16 17 -18 19 20 0
uf20-0308.mwcnf 46565 1 2 3 4 5 6 -7 -8 9 10 11 12 13 -14 15 16 -17 18 -19 20 0
uf20-0837.mwcnf 24385 1 2 3 -4 5 -6 7 8 9 -10 11 12 13 14 -15 -16 17 18 -19 20 0
uf20-0991.mwcnf 29084 1 -2 3 4 5 6 -7 8 9 10 11 12 13 14 -15 16 17 18 19 20 0
uf20-0912.mwcnf 22759 1 -2 3 4 -5 6 -7 8 9 10 11 12 -13 14 15 -16 -17 18 19 -20 0
uf20-0143.mwcnf 42394 -1 2 3 4 5 6 7 8 -9 10 11 12 -13 14 15 16 17 18 19 20 0
uf20-0528.mwcnf 97834 -1 2 3 4 -5 6 7 8 9 10 11 12 -13 -14 15 16 -17 -18 19 20 0
uf20-0376.mwcnf 45740 1 2 -3 -4 5 6 7 8 9 10 11 12 13 -14 15 16 17 -18 19 -20 0
uf20-0564.mwcnf 90876 -1 2 3 4 5 -6 7 -8 9 10 -11 -12 13 14 -15 16 -17 18 19 20 0
uf20-0919.mwcnf 29638 1 2 3 4 5 6 7 -8 9 10 11 12 13 14 -15 -16 17 -18 19 20 0
uf20-0976.mwcnf 25684 1 2 3 4 5 -6 -7 8 9 -10 -11 12 13 14 15 16 17 -18 -19 20 0
uf20-018.mwcnf 37783 1 2 3 -4 5 -6 -7 8 9 10 -11 12 13 14 15 16 17 18 19 20 0
uf20-0246.mwcnf 43734 -1 2 3 4 -5 6 7 8 9 10 -11 12 13 -14 -15 16 17 18 19 20 0
uf20-0913.mwcnf 27295 1 2 3 4 5 -6 7 8 9 10 11 12 -13 14 15 16 -17 18 19 -20 0
uf20-0615.mwcnf 101488 1 -2 3 4 -5 6 7 8 -9 -10 11 12 13 -14 15 16 17 18 -19 20 0
uf20-0243.mwcnf 40956 1 2 -3 -4 -5 6 -7 8 9 10 11 -12 13 14 15 16 17 -18 19 20 0
uf20-0189.mwcnf 34760 1 -2 3 4 -5 -6 7 -8 9 10 11 -12 13 -14 15 16 17 18 19 -20 0
uf20-0973.mwcnf 29090 -1 2 3 4 5 6 7 -8 9 -10 11 -12 13 14 15 16 -17 18 19 20 0
uf20-0245.mwcnf 28460 -1 2 -3 4 5 6 7 8 9 -10 11 -12 13 14 -15 -16 -17 -18 19 -20 0
uf20-0924.mwcnf 26769 1 2 3 4 5 6 7 8 9 -10 -11 12 -13 14 15 16 17 -18 -19 20 0
uf20-0451.mwcnf 44521 1 -2 -3 4 5 6 7 8 9 10 11 12 -13 14 15 16 17 18 19 -20 0
uf20-0389.mwcnf 35607 1 2 -3 -4 5 6 -7 -8 -9 -10 11 12 -13 14 15 16 17 18 -19 20 0
uf20-0445.mwcnf 43725 1 2 3 4 -5 -6 7 8 -9 10 11 12 -13 -14 15 16 17 18 19 20 0
uf20-0110.mwcnf 33571 1 -2 3 -4 5 6 7 8 9 -10 11 12 13 14 15 -16 17 -18 19 -20 0
uf20-0115.mwcnf 32193 1 -2 3 4 5 -6 -7 -8 9 10 11 12 13 14 -15 16 17 18 -19 20 0
uf20-0415.mwcnf 29999 1 2 3 4 5 6 7 -8 9 10 11 12 -13 -14 15 -16 -17 -18 -19 -20 0
uf20-0836.mwcnf 29615 1 2 -3 4 5 6 7 -8 9 -10 11 12 13 -14 15 16 17 18 -19 20 0
uf20-0310.mwcnf 46062 1 2 3 4 5 6 7 -8 9 -10 11 12 13 14 15 16 17 -18 -19 -20 0
uf20-0201.mwcnf 32313 1 2 3 4 5 -6 7 -8 -9 10 11 -12 -13 14 -15 16 -17 18 19 20 0
uf20-0833.mwcnf 23075 -1 2 3 -4 5 6 -7 8 -9 10 -11 12 13 14 15 16 17 18 19 -20 0
uf20-0537.mwcnf 114624 -1 2 3 4 -5 6 7 -8 9 10 11 12 13 14 15 16 17 18 -19 20 0
uf20-0811.mwcnf 29184 1 2 3 4 5 6 7 8 9 10 11 -12 -13 14 15 16 17 18 -19 -20 0
uf20-0114.mwcnf 46005 1 2 3 4 5 6 7 -8 9 -10 11 12 13 14 15 16 17 -18 19 20 0
uf20-0200.mwcnf 22096 1 2 3 -4 5 6 -7 8 -9 -10 -11 12 13 14 -15 -16 -17 -18 19 20 0
uf20-0719.mwcnf 108454 1 2 3 -4 5 6 7 -8 9 -10 11 12 -13 14 15 -16 17 18 19 20 0
uf20-0178.mwcnf 30947 1 -2 3 4 5 -6 7 8 9 10 11 12 -13 14 -15 -16 17 -18 19 20 0
uf20-0670.mwcnf 94201 1 -2 3 4 5 -6 -7 8 9 10 -11 12 13 14 -15 16 17 18 19 -20 0
uf20-0946.mwcnf 26348 1 -2 3 -4 5 6 7 -8 9 -10 11 12 13 14 -15 16 17 18 19 20 0
uf20-0503.mwcnf 86765 1 2 -3 4 5 6 -7 8 9 10 -11 -12 13 14 -15 -16 17 18 19 -20 0
uf20-0534.mwcnf 124638 1 -2 3 4 5 -6 7 8 9 10 11 12 13 14 15 16 17 -18 19 20 0
uf20-082.mwcnf 26917 1 2 3 4 5 -6 -7 -8 9 10 11 12 13 14 -15 16 17 18 -19 20 0
uf20-0145.mwcnf 35837 1 2 3 -4 5 6 -7 8 9 10 -11 12 13 -14 15 16 17 18 -19 -20 0
uf20-0847.mwcnf 24628 -1 2 3 4 5 6 -7 8 9 10 11 12 -13 14 -15 16 -17 18 19 -20 0
uf20-080.mwcnf 28113 1 2 3 -4 5 -6 7 8 9 -10 11 12 13 14 15 16 17 -18 19 20 0
uf20-0128.mwcnf 38513 1 -2 3 4 5 6 7 8 9 10 11 12 -13 14 15 -16 -17 18 19 -20 0
uf20-0603.mwcnf 105116 1 2 -3 4 5 6 7 8 -9 10 11 12 -13 14 -15 16 17 -18 19 20 0
uf20-0498.mwcnf 116335 1 2 3 -4 5 6 7 -8 9 10 11 12 13 14 15 16 17 -18 19 -20 0
uf20-0299.mwcnf 33237 1 -2 3 4 -5 6 -7 -8 -9 10 -11 12 13 14 15 16 -17 18 -19 20 0
uf20-0348.mwcnf 56989 1 2 3 4 5 6 7 8 9 10 -11 12 13 -14 15 16 17 18 19 20 0
uf20-0734.mwcnf 35557 1 2 -3 4 5 6 7 8 9 10 11 12 13 14 15 16 17 18 19 20 0
uf20-027.mwcnf 49453 -1 2 3 -4 5 6 7 -8 9 10 11 12 13 -14 15 16 17 18 19 20 0
uf20-0191.mwcnf 41903 1 2 3 4 -5 6 -7 8 9 10 11 -12 13 14 15 16 17 18 19 20 0
uf20-0678.mwcnf 115497 -1 2 3 4 5 6 7 -8 9 10 11 12 13 -14 -15 16 17 18 19 20 0
uf20-093.mwcnf 20941 -1 -2 3 -4 5 6 7 -8 9 10 -11 12 13 14 -15 16 17 -18 19 20 0
uf20-0795.mwcnf 23193 1 2 3 4 5 6 7 8 9 10 11 12 -13 -14 15 16 -17 18 -19 -20 0
uf20-0205.mwcnf 33425 -1 2 3 4 -5 6 -7 -8 9 -10 11 12 13 14 15 16 17 18 -19 -20 0
uf20-0442.mwcnf 31282 -1 -2 3 -4 5 6 -7 8 9 10 11 12 13 -14 15 -16 17 -18 19 -20 0
uf20-0816.mwcnf 24782 1 -2 3 -4 5 -6 7 -8 -9 10 11 12 13 14 15 -16 17 18 19 20 0
uf20-0516.mwcnf 119139 1 2 3 4 5 6 7 -8 9 10 11 -12 -13 14 15 16 17 18 19 20 0
uf20-0169.mwcnf 33069 -1 2 3 4 5 6 7 8 9 10 11 -12 13 14 15 -16 17 -18 -19 -20 0
uf20-0166.mwcnf 31622 -1 2 3 4 -5 6 7 -8 9 10 11 12 -13 -14 -15 16 17 18 19 -20 0
uf20-0519.mwcnf 108937 1 -2 -3 4 -5 -6 7 8 9 10 -11 12 13 14 15 16 -17 18 19 20 0
uf20-0241.mwcnf 41830 -1 -2 3 4 5 6 -7 8 9 10 11 12 -13 14 15 16 17 18 19 20 0
uf20-0969.mwcnf 22126 -1 2 3 4 5 6 7 8 -9 -10 11 12 -13 -14 15 -16 17 18 19 20 0
uf20-0999.mwcnf 28913 1 2 -3 4 5 -6 7 8 9 10 -11 12 -13 14 15 -16 17 18 19 20 0
uf20-0710.mwcnf 92177 -1 2 3 -4 -5 6 7 8 -9 -10 11 12 13 -14 15 16 17 18 19 20 0
uf20-0137.mwcnf 23587 -1 2 -3 4 -5 6 -7 8 9 -10 -11 -12 13 14 -15 16 17 18 19 -20 0
uf20-0149.mwcnf 31208 1 2 -3 4 5 6 -7 8 9 -10 -11 12 13 14 15 16 17 18 -19 20 0
uf20-0230.mwcnf 36209 1 2 -3 4 5 6 7 8 9 10 -11 -12 13 14 15 16 -17 -18 -19 20 0
uf20-0899.mwcnf 32731 1 2 3 -4 5 6 7 8 9 10 -11 12 13 14 15 -16 17 18 19 20 0
uf20-0636.mwcnf 97977 1 2 3 4 -5 6 7 8 9 10 11 -12 -13 -14 -15 16 -17 18 19 20 0
uf20-0295.mwcnf 35945 1 -2 3 -4 5 -6 -7 8 9 10 11 12 13 14 15 -16 17 -18 19 -20 0
uf20-0966.mwcnf 31440 -1 -2 3 4 5 6 7 8 9 10 11 12 13 14 -15 16 17 18 19 20 0
uf20-0179.mwcnf 48732 1 2 3 4 5 6 7 8 9 10 -11 12 13 -14 15 16 17 18 19 20 0
uf20-0810.mwcnf 21174 1 2 3 4 -5 6 7 8 -9 10 -11 -12 -13 14 15 -16 17 -18 19 -20 0
uf20-0492.mwcnf 118398 1 2 3 4 5 6 7 -8 9 -10 11 12 -13 -14 15 16 17 18 19 20 0
uf20-026.mwcnf 41963 1 2 3 4 5 6 7 -8 9 10 -11 -12 13 14 -15 16 17 18 -19 -20 0
uf20-078.mwcnf 23863 1 2 3 4 5 -6 7 -8 9 -10 11 12 -13 14 15 -16 17 18 19 20 0
uf20-0884.mwcnf 27683 1 2 -3 4 5 6 7 -8 9 -10 11 -12 13 14 15 16 17 -18 19 20 0
uf20-089.mwcnf 19701 1 2 -3 4 5 6 7 8 -9 10 11 12 -13 -14 -15 -16 17 18 19 20 0
uf20-0470.mwcnf 107458 1 2 3 4 5 6 7 8 9 -10 11 12 13 14 15 -16 17 18 -19 20 0
uf20-0320.mwcnf 50874 1 2 -3 4 5 6 7 -8 9 10 11 -12 -13 14 15 16 17 18 19 20 0
uf20-0736.mwcnf 24856 -1 2 3 4 5 6 7 -8 9 10 11 -12 -13 14 -15 16 -17 18 19 20 0
uf20-0122.mwcnf 41847 1 2 3 4 5 6 7 -8 9 10 11 12 -13 14 -15 16 17 18 19 -20 0
uf20-0260.mwcnf 40267 1 2 3 4 5 -6 7 8 9 10 11 12 13 14 15 -16 -17 -18 -19 -20 0
uf20-0194.mwcnf 38803 1 2 -3 -4 5 6 7 8 9 -10 -11 12 13 14 15 16 17 18 -19 20 0
uf20-0358.mwcnf 49624 1 2 3 4 5 6 -7 -8 9 10 11 -12 13 14 -15 16 17 18 19 20 0
uf20-0439.mwcnf 48681 -1 2 3 -4 5 -6 7 8 -9 10 11 12 13 14 -15 16 17 18 19 20 0
uf20-0334.mwcnf 32465 -1 -2 -3 4 5 6 7 -8 9 -10 11 12 -13 14 -15 16 17 18 19 20 0
uf20-0527.mwcnf 131744 1 2 3 -4 5 6 7 8 9 -10 11 12 13 14 15 16 17 18 19 20 0
uf20-0901.mwcnf 30763 1 2 3 -4 -5 6 -7 8 9 10 -11 12 13 14 15 16 17 18 19 20 0
uf20-0416.mwcnf 55494 1 -2 3 4 5 6 7 8 9 10 -11 12 13 14 -15 16 17 18 19 20 0
uf20-0284.mwcnf 43733 1 2 -3 4 5 6 7 8 -9 -10 11 12 13 14 15 -16 17 18 19 -20 0
uf20-0626.mwcnf 97061 -1 2 3 -4 -5 -6 -7 8 9 10 11 12 13 14 15 16 -17 18 19 20 0
uf20-0841.mwcnf 24798 1 2 3 4 5 -6 -7 8 9 -10 -11 12 13 14 15 16 17 18 -19 20 0
uf20-0575.mwcnf 87737 1 -2 -3 4 -5 6 -7 8 9 10 11 12 13 14 15 16 -17 -18 -19 20 0
uf20-0119.mwcnf 43583 1 2 3 4 5 6 7 8 -9 10 11 -12 13 14 15 16 17 -18 19 -20 0
uf20-0773.mwcnf 25808 1 -2 3 4 5 6 7 8 -9 10 -11 -12 -13 14 15 16 17 18 19 20 0
uf20-0682.mwcnf 93009 -1 2 -3 -4 -5 6 -7 8 9 10 11 -12 13 14 15 16 17 18 19 20 0
uf20-0413.mwcnf 61527 1 2 3 4 5 6 7 8 9 10 11 -12 13 -14 15 16 17 18 19 20 0
uf20-0461.mwcnf 114546 1 2 -3 4 5 6 7 8 -9 -10 -11 -12 13 14 15 16 17 18 19 20 0
uf20-0518.mwcnf 104880 1 -2 3 -4 -5 6 7 -8 9 10 11 12 13 14 15 16 -17 18 -19 20 0
uf20-0282.mwcnf 35097 -1 2 3 4 5 6 -7 8 9 -10 -11 12 13 -14 15 -16 17 18 -19 -20 0
uf20-0956.mwcnf 21492 -1 2 3 -4 -5 6 7 -8 9 -10 11 -12 -13 14 -15 16 17 18 19 20 0
uf20-0508.mwcnf 76820 -1 2 3 -4 -5 -6 -7 8 9 10 11 -12 13 -14 15 16 17 18 19 20 0
uf20-0338.mwcnf 36297 1 2 3 4 5 -6 7 -8 9 10 11 12 -13 -14 -15 16 17 18 -19 -20 0
uf20-0583.mwcnf 104596 1 2 -3 4 5 -6 7 -8 9 -10 11 12 13 -14 15 -16 17 18 19 20 0
uf20-0669.mwcnf 102859 1 2 3 4 5 6 7 -8 -9 10 11 -12 -13 14 15 16 -17 18 19 20 0
uf20-0381.mwcnf 50518 1 2 -3 4 5 -6 7 8 9 10 11 12 13 14 15 16 17 -18 19 20 0
uf20-061.mwcnf 114530 1 2 3 4 5 -6 -7 8 -9 10 11 12 13 14 15 16 17 18 -19 20 0
uf20-0236.mwcnf 57075 1 2 3 4 -5 6 7 8 9 -10 11 12 13 14 -15 16 17 18 19 20 0
uf20-041.mwcnf 53702 -1 2 -3 -4 5 6 7 8 9 10 11 12 13 14 15 16 17 18 19 20 0
uf20-0238.mwcnf 51506 1 2 3 4 -5 6 -7 8 9 10 11 12 13 -14 15 16 17 18 19 20 0
uf20-095.mwcnf 29568 1 2 3 4 5 -6 -7 8 -9 10 11 12 13 14 15 16 17 18 -19 20 0
uf20-0936.mwcnf 24620 1 -2 3 4 5 6 7 8 9 10 11 12 -13 14 15 16 17 -18 19 -20 0
uf20-0369.mwcnf 44706 -1 2 3 4 -5 -6 7 8 9 10 -11 12 13 14 15 16 17 18 -19 20 0
uf20-0698.mwcnf 120089 1 2 3 4 5 6 7 -8 9 10 11 12 -13 14 15 16 17 -18 19 -20 0
uf20-0601.mwcnf 95949 1 2 -3 -4 5 -6 7 8 9 10 -11 12 13 -14 15 -16 17 18 19 20 0
uf20-0118.mwcnf 38179 1 -2 -3 4 5 -6 7 8 -9 10 11 -12 13 14 15 16 17 18 19 20 0
uf20-0577.mwcnf 80454 1 -2 3 4 5 -6 -7 -8 9 10 11 12 13 -14 -15 16 17 -18 19 -20 0
uf20-0262.mwcnf 42755 1 2 3 4 5 6 -7 -8 -9 10 11 12 13 -14 15 16 17 -18 -19 20 0
uf20-0456.mwcnf 51079 -1 2 3 4 5 6 7 8 9 -10 11 12 13 14 15 16 -17 -18 19 20 0
uf20-0303.mwcnf 39506 1 -2 -3 4 5 -6 -7 -8 9 10 11 12 13 -14 15 -16 17 18 19 20 0
uf20-0141.mwcnf 33910 1 2 3 -4 5 6 7 -8 9 10 11 12 -13 14 15 16 17 -18 -19 20 0
uf20-0372.mwcnf 41428 1 -2 -3 4 5 6 7 -8 9 -10 11 12 13 14 15 -16 17 18 19 20 0
uf20-052.mwcnf 127440 -1 2 3 4 5 6 -7 8 -9 -10 11 12 13 14 15 16 17 18 19 20 0
uf20-0928.mwcnf 26274 1 -2 -3 4 5 -6 7 8 9 10 11 12 13 14 15 -16 17 18 19 20 0
uf20-031.mwcnf 33259 1 -2 3 4 5 6 -7 8 9 10 11 -12 -13 -14 15 16 17 18 -19 -20 0
uf20-0685.mwcnf 104602 -1 2 3 4 5 6 -7 8 9 10 11 -12 -13 14 -15 16 17 -18 19 20 0
uf20-0482.mwcnf 95581 -1 -2 3 4 -5 6 7 8 -9 10 -11 12 13 14 -15 16 17 18 19 20 0
uf20-0939.mwcnf 21515 -1 2 3 4 5 6 7 8 -9 10 11 -12 -13 14 -15 16 -17 18 -19 20 0
uf20-0430.mwcnf 30847 1 -2 -3 4 5 6 7 8 9 10 11 12 13 -14 -15 -16 17 18 -19 20 0
uf20-0377.mwcnf 58122 1 2 3 4 5 6 7 -8 9 10 11 12 13 14 15 16 17 18 -19 20 0
uf20-0761.mwcnf 31119 1 2 3 4 5 -6 7 8 9 10 11 -12 13 14 15 16 17 18 19 20 0
uf20-0131.mwcnf 46539 1 2 3 4 5 -6 7 -8 9 10 -11 12 13 14 15 16 17 18 19 20 0
uf20-064.mwcnf 99572 1 2 3 4 5 -6 -7 8 9 -10 11 -12 13 14 -15 16 17 -18 19 20 0
uf20-0531.mwcnf 105096 1 2 3 4 -5 6 -7 8 9 10 -11 12 13 14 15 16 -17 18 19 -20 0
uf20-0801.mwcnf 30856 1 2 -3 4 -5 6 7 8 9 10 11 12 13 14 15 16 17 18 -19 20 0
uf20-079.mwcnf 22197 1 -2 3 4 5 6 -7 -8 9 10 11 12 -13 -14 15 -16 17 18 -19 20 0
uf20-059.mwcnf 126624 1 2 3 4 5 6 7 -8 9 -10 11 12 13 14 15 16 -17 18 19 -20 0
uf20-0288.mwcnf 39034 1 -2 3 -4 -5 6 7 -8 9 10 11 12 13 -14 15 16 -17 18 19 20 0
uf20-081.mwcnf 30654 1 2 3 4 5 6 7 8 9 10 11 12 13 -14 15 16 17 18 -19 -20 0
uf20-0471.mwcnf 93799 1 2 3 -4 -5 6 7 -8 9 10 11 -12 13 -14 15 16 -17 18 -19 20 0
uf20-0366.mwcnf 45294 1 2 3 4 -5 6 7 8 9 10 -11 -12 -13 14 15 16 17 18 19 -20 0
uf20-098.mwcnf 28583 1 2 3 -4 5 -6 7 8 9 10 -11 12 13 14 -15 16 17 18 19 20 0
uf20-0728.mwcnf 21057 1 -2 3 4 5 6 7 8 -9 10 -11 12 -13 -14 15 -16 17 18 19 -20 0
uf20-0152.mwcnf 24313 1 2 -3 -4 5 6 7 -8 -9 10 -11 12 13 14 -15 16 17 -18 -19 -20 0
uf20-0407.mwcnf 51011 1 -2 3 4 5 6 7 8 9 10 11 12 13 -14 15 -16 17 18 19 20 0
uf20-0432.mwcnf 45900 1 2 3 4 -5 6 7 8 9 -10 11 12 -13 14 15 16 17 18 -19 -20 0
uf20-0730.mwcnf 25482 1 2 3 4 5 -6 -7 8 9 10 -11 -12 13 -14 15 16 -17 18 19 20 0
uf20-0854.mwcnf 21457 1 -2 3 -4 -5 6 7 8 9 -10 -11 12 -13 14 -15 16 17 18 19 20 0
uf20-0849.mwcnf 32123 1 2 3 4 5 6 7 8 9 -10 11 -12 13 14 15 16 17 18 -19 20 0
uf20-0558.mwcnf 69870 1 -2 3 -4 -5 -6 7 -8 9 -10 11 12 13 14 15 16 -17 18 19 -20 0
uf20-0436.mwcnf 50325 -1 2 3 4 -5 6 7 8 9 10 11 12 13 -14 15 16 17 18 -19 20 0
uf20-0642.mwcnf 84281 -1 -2 3 4 5 6 7 8 -9 -10 -11 12 13 14 15 16 -17 -18 19 20 0
uf20-0617.mwcnf 93185 1 -2 3 4 5 -6 7 8 9 10 -11 12 13 14 15 16 17 -18 -19 -20 0
uf20-0975.mwcnf 31703 1 2 3 4 5 6 -7 -8 9 10 -11 12 13 -14 15 16 17 18 19 20 0
uf20-097.mwcnf 22813 1 2 3 4 -5 -6 7 -8 9 10 -11 -12 13 14 -15 16 17 18 -19 20 0
uf20-0321.mwcnf 42552 1 2 3 4 5 6 -7 -8 9 10 11 12 13 -14 15 16 -17 18 19 -20 0
uf20-0706.mwcnf 110890 1 -2 -3 4 5 6 7 8 9 10 11 -12 13 -14 15 16 17 18 19 20 0
uf20-028.mwcnf 35928 1 2 -3 4 5 6 -7 8 9 10 -11 12 13 -14 -15 -16 17 -18 19 20 0
uf20-0891.mwcnf 23412 -1 -2 -3 4 5 6 7 -8 9 10 11 12 13 14 15 16 17 18 19 -20 0
uf20-0202.mwcnf 48196 1 2 3 4 5 6 -7 -8 9 10 11 12 13 14 -15 16 17 18 19 20 0
uf20-0839.mwcnf 26622 1 2 -3 4 -5 6 7 8 -9 10 11 12 13 -14 15 16 17 -18 -19 20 0
uf20-0273.mwcnf 43835 1 2 3 -4 5 6 7 8 9 -10 11 12 13 -14 15 -16 17 -18 19 20 0
uf20-0829.mwcnf 26268 1 2 3 4 -5 6 -7 8 9 10 -11 12 13 -14 15 16 17 18 19 -20 0
uf20-0447.mwcnf 37599 1 2 3 4 -5 6 -7 8 9 10 -11 12 13 14 15 -16 17 -18 -19 20 0
uf20-0353.mwcnf 58717 1 2 3 4 5 -6 7 8 9 10 11 12 -13 14 15 16 17 18 19 20 0
uf20-0977.mwcnf 29097 1 2 3 4 5 -6 7 -8 9 10 11 12 13 14 15 16 17 -18 19 20 0
uf20-0830.mwcnf 22932 1 -2 3 -4 5 6 -7 8 9 10 11 -12 -13 14 15 -16 17 18 19 20 0
uf20-0688.mwcnf 122637 1 2 -3 -4 5 6 7 8 9 10 11 12 13 14 15 16 -17 18 19 20 0
uf20-0207.mwcnf 44831 1 2 3 4 5 -6 7 8 9 -10 11 12 13 14 15 -16 -17 -18 19 20 0
uf20-02.mwcnf 32445 1 2 3 -4 5 6 -7 8 -9 -10 -11 12 -13 14 15 16 -17 18 19 -20 0
uf20-0958.mwcnf 22633 1 2 3 4 5 6 -7 8 -9 10 -11 12 -13 -14 15 16 -17 18 -19 20 0
uf20-0522.mwcnf 118472 1 2 3 4 5 6 7 -8 9 -10 11 12 -13 14 15 16 17 18 19 20 0
uf20-0613.mwcnf 90280 -1 2 3 -4 5 6 7 8 9 -10 -11 12 13 -14 15 16 -17 18 19 20 0
uf20-0233.mwcnf 45781 1 -2 3 4 5 -6 7 8 9 -10 11 -12 13 14 15 16 17 18 19 -20 0
uf20-0708.mwcnf 109742 1 2 3 4 5 6 7 -8 9 10 11 12 13 14 -15 -16 17 18 19 -20 0
uf20-0664.mwcnf 127378 1 2 3 4 5 6 -7 8 9 10 11 12 13 -14 -15 16 17 18 19 20 0
uf20-0315.mwcnf 50103 1 2 3 4 5 6 7 8 -9 10 11 12 13 14 -15 16 -17 18 -19 20 0
uf20-0392.mwcnf 43016 1 2 -3 4 5 6 7 -8 9 10 11 -12 13 14 -15 -16 17 18 19 20 0
uf20-0350.mwcnf 26770 1 -2 -3 4 -5 -6 -7 8 9 -10 -11 -12 13 14 15 -16 17 18 19 20 0
uf20-0526.mwcnf 97025 -1 2 -3 4 5 6 7 8 -9 10 11 12 13 14 -15 16 17 18 -19 -20 0
uf20-0379.mwcnf 49115 1 2 3 4 -5 6 7 8 9 10 -11 12 13 14 -15 16 17 -18 19 20 0
uf20-0240.mwcnf 41073 1 2 3 4 5 6 -7 8 -9 10 11 -12 -13 14 -15 16 17 18 19 20 0
uf20-0645.mwcnf 118143 1 2 -3 4 5 6 -7 8 9 10 -11 12 13 14 15 16 17 18 19 20 0
uf20-0599.mwcnf 82297 1 -2 3 -4 -5 -6 7 -8 9 10 11 -12 13 14 15 16 17 18 19 -20 0
uf20-0547.mwcnf 134308 1 2 3 4 -5 -6 7 8 9 10 11 12 13 14 15 16 17 18 19 20 0
uf20-0362.mwcnf 36459 1 2 3 -4 5 6 7 -8 9 10 -11 12 13 14 -15 -16 17 -18 19 20 0
uf20-0686.mwcnf 92253 1 2 3 4 5 6 -7 8 9 -10 -11 -12 -13 14 15 -16 17 18 19 -20 0
uf20-0443.mwcnf 33876 1 2 -3 -4 5 -6 7 8 -9 10 -11 12 13 14 -15 -16 17 18 19 20 0
uf20-0286.mwcnf 41205 -1 -2 3 4 5 6 7 8 9 -10 11 12 -13 14 15 -16 17 -18 19 20 0
uf20-0717.mwcnf 72006 -1 -2 -3 4 5 6 7 8 9 -10 11 12 13 -14 -15 16 17 18 -19 -20 0
uf20-0293.mwcnf 50871 -1 2 -3 4 5 6 7 8 9 10 11 12 13 14 15 16 17 -18 19 20 0
uf20-0247.mwcnf 54072 1 2 -3 4 -5 6 7 8 9 10 11 12 13 14 15 16 17 -18 19 20 0
uf20-0929.mwcnf 23755 1 2 -3 4 -5 6 7 -8 9 -10 11 12 13 -14 15 16 17 18 -19 20 0
uf20-0784.mwcnf 23599 1 -2 -3 4 5 -6 7 8 -9 10 11 12 13 14 15 16 -17 -18 19 20 0
uf20-0605.mwcnf 93722 1 2 3 4 -5 6 -7 8 9 -10 11 12 13 -14 15 16 17 -18 19 20 0
uf20-012.mwcnf 31063 1 -2 3 -4 -5 6 7 8 9 -10 -11 12 13 14 15 -16 17 18 19 -20 0
uf20-0677.mwcnf 98790 -1 -2 3 4 5 6 7 8 9 10 11 -12 -13 14 15 16 -17 18 19 20 0
uf20-0148.mwcnf 42068 1 2 -3 4 5 6 7 -8 -9 10 11 12 13 -14 15 -16 17 18 19 20 0
uf20-0100.mwcnf 36847 1 2 3 4 5 -6 -7 8 9 -10 11 12 13 14 15 16 -17 -18 19 20 0
uf20-0764.mwcnf 33180 1 2 3 4 5 6 7 8 -9 10 11 12 13 14 -15 -16 17 18 19 20 0
uf20-0398.mwcnf 52284 1 2 3 4 -5 6 7 8 9 10 11 12 13 -14 15 -16 17 18 19 20 0
uf20-0930.mwcnf 23613 1 2 -3 4 5 -6 7 8 9 10 11 -12 -13 14 -15 16 17 18 -19 20 0
uf20-0116.mwcnf 35791 1 2 3 4 -5 6 7 8 9 -10 11 12 13 14 -15 16 17 -18 -19 -20 0
uf20-0903.mwcnf 24995 -1 -2 3 4 5 -6 7 -8 -9 10 11 12 13 14 -15 16 -17 18 19 20 0
uf20-0568.mwcnf 103690 1 -2 3 4 -5 6 -7 8 9 10 11 -12 13 14 -15 16 17 -18 19 20 0
uf20-047.mwcnf 106552 -1 -2 3 4 -5 6 7 -8 9 10 11 12 13 -14 15 -16 17 18 19 20 0
uf20-0691.mwcnf 115943 1 2 -3 4 5 6 7 8 9 10 -11 12 -13 -14 15 16 17 -18 19 20 0
uf20-0291.mwcnf 63538 1 2 3 4 5 6 7 8 9 10 11 12 -13 14 15 16 17 18 19 20 0
uf20-0406.mwcnf 41124 1 2 3 -4 5 6 7 -8 9 10 -11 12 -13 14 -15 -16 17 18 19 20 0
uf20-0154.mwcnf 46899 1 -2 3 4 5 6 7 8 9 10 -11 12 13 14 15 -16 17 18 19 20 0
uf20-0715.mwcnf 93261 1 2 -3 4 5 6 -7 8 9 -10 11 -12 13 14 15 -16 17 -18 19 -20 0
uf20-0102.mwcnf 24128 -1 2 3 -4 -5 6 7 -8 9 10 -11 12 13 14 -15 -16 17 -18 -19 -20 0
uf20-0582.mwcnf 119717 1 -2 3 4 5 -6 7 8 9 10 11 12 13 14 15 -16 -17 18 19 20 0
uf20-0370.mwcnf 31014 1 -2 3 4 -5 6 7 -8 9 10 -11 12 -13 14 15 16 17 18 -19 -20 0
uf20-0196.mwcnf 43783 1 2 3 4 5 -6 7 -8 -9 10 11 12 13 14 15 16 -17 -18 19 20 0
uf20-0266.mwcnf 46749 1 2 -3 4 5 -6 7 8 9 -10 11 12 13 14 15 -16 17 -18 19 20 0
uf20-0713.mwcnf 118632 1 2 -3 4 5 6 -7 8 9 10 11 -12 13 14 15 16 17 18 19 20 0
uf20-0368.mwcnf 51688 -1 -2 3 -4 5 6 7 8 9 10 11 12 13 14 15 16 17 18 19 20 0
uf20-0472.mwcnf 130842 -1 2 3 -4 5 6 7 8 9 10 11 12 13 14 15 16 -17 18 19 20 0
uf20-0668.mwcnf 129006 1 -2 3 4 5 6 7 -8 -9 10 11 12 13 14 15 16 17 18 19 20 0
uf20-0644.mwcnf 117764 -1 2 3 4 5 -6 7 8 9 10 11 12 -13 14 15 16 17 -18 19 20 0
uf20-0146.mwcnf 35716 1 2 -3 -4 5 6 7 8 -9 10 -11 12 13 -14 15 16 -17 18 19 20 0
uf20-0980.mwcnf 20381 1 -2 3 -4 -5 6 -7 8 9 10 11 12 -13 14 -15 16 -17 18 19 20 0
uf20-0525.mwcnf 101121 -1 2 3 4 5 6 7 8 -9 10 11 12 -13 14 -15 16 17 18 19 20 0
uf20-0614.mwcnf 93772 -1 -2 3 -4 5 6 7 -8 9 10 11 -12 -13 14 15 16 17 18 -19 20 0
uf20-0428.mwcnf 34150 1 2 3 -4 5 -6 -7 8 9 10 11 -12 -13 -14 15 16 -17 18 19 20 0
uf20-0949.mwcnf 25103 1 2 -3 4 -5 6 -7 -8 9 10 11 12 13 -14 15 16 17 -18 19 20 0
uf20-0280.mwcnf 47811 1 2 3 -4 5 6 7 8 -9 10 -11 12 13 -14 15 16 17 18 19 20 0
uf20-0962.mwcnf 23588 1 2 -3 4 -5 6 7 -8 9 -10 -11 -12 13 14 15 16 17 18 19 20 0
uf20-0517.mwcnf 123890 1 2 3 4 -5 6 7 8 9 10 11 12 13 14 -15 16 -17 -18 19 20 0
uf20-0889.mwcnf 27437 1 -2 3 4 5 -6 -7 8 9 -10 11 12 -13 14 15 16 17 18 19 20 0
uf20-0104.mwcnf 35449 1 2 3 4 5 -6 7 8 9 -10 11 12 13 -14 15 16 17 -18 -19 20 0
uf20-0778.mwcnf 23973 1 -2 3 4 5 -6 -7 8 -9 10 11 12 13 14 -15 16 -17 18 -19 20 0
uf20-025.mwcnf 46674 1 2 3 4 5 6 7 -8 9 10 11 12 -13 14 15 -16 17 18 -19 20 0
uf20-019.mwcnf 37997 -1 -2 3 4 5 6 7 -8 9 10 11 12 13 -14 -15 16 17 -18 19 -20 0
uf20-0491.mwcnf 123685 1 2 3 -4 5 6 7 8 9 -10 11 12 13 14 15 16 17 18 19 20 0
uf20-0346.mwcnf 36171 1 2 -3 4 5 6 -7 8 9 10 -11 12 13 -14 15 16 -17 18 -19 -20 0
uf20-0635.mwcnf 135460 1 2 3 4 5 6 -7 8 9 10 11 12 13 14 15 16 -17 18 19 -20 0
uf20-0758.mwcnf 33250 1 2 3 4 5 -6 7 8 9 10 11 12 13 14 15 16 17 -18 -19 20 0
uf20-0117.mwcnf 37043 -1 -2 -3 4 5 6 7 8 -9 10 11 12 13 14 15 16 17 18 19 -20 0
uf20-0213.mwcnf 38149 1 2 3 -4 5 6 -7 8 9 -10 11 12 13 -14 15 16 17 18 -19 -20 0
uf20-0543.mwcnf 126497 1 2 3 4 5 6 7 -8 -9 10 11 12 13 14 15 16 17 18 19 -20 0
uf20-0497.mwcnf 83714 1 2 -3 4 -5 6 7 8 -9 -10 11 12 13 -14 15 16 17 -18 19 -20 0
uf20-0652.mwcnf 105380 -1 -2 3 4 5 6 7 8 -9 10 11 12 -13 14 -15 16 17 18 19 20 0
uf20-0142.mwcnf 37475 1 2 3 -4 -5 -6 7 8 -9 -10 11 12 13 14 15 16 17 18 19 20 0
uf20-0812.mwcnf 27441 1 -2 -3 4 5 6 7 8 9 -10 11 12 -13 14 15 16 17 -18 19 -20 0
uf20-0594.mwcnf 119866 1 2 -3 4 5 6 7 8 9 -10 11 -12 13 14 15 16 17 18 19 -20 0
uf20-0175.mwcnf 36665 1 2 -3 -4 -5 6 7 8 -9 10 11 12 13 14 -15 16 -17 18 19 20 0
uf20-0704.mwcnf 84462 -1 2 3 -4 -5 6 7 -8 9 10 -11 12 13 -14 15 16 17 18 -19 20 0
uf20-0859.mwcnf 31753 1 2 -3 -4 5 6 7 8 9 10 11 12 -13 14 15 16 17 18 -19 20 0
uf20-0433.mwcnf 40550 -1 2 3 4 5 6 7 8 9 10 -11 -12 13 -14 15 -16 17 18 19 -20 0
uf20-0696.mwcnf 88847 1 2 -3 4 5 -6 7 -8 9 -10 -11 12 13 14 15 -16 -17 18 19 -20 0
uf20-0267.mwcnf 44991 1 2 3 -4 5 -6 7 -8 9 -10 11 12 13 14 -15 16 17 18 19 20 0
uf20-0965.mwcnf 24396 1 2 3 4 5 6 -7 -8 9 10 11 12 13 14 15 16 -17 -18 -19 20 0
uf20-0184.mwcnf 37309 -1 2 3 -4 5 6 7 -8 9 10 11 12 -13 14 15 16 17 -18 19 -20 0
uf20-0573.mwcnf 104685 -1 2 -3 4 -5 6 7 8 9 10 11 12 13 14 -15 -16 17 18 19 20 0
uf20-0821.mwcnf 20594 1 2 3 4 -5 -6 7 8 -9 10 -11 12 -13 14 15 16 -17 18 19 -20 0
uf20-0911.mwcnf 26373 -1 2 -3 -4 5 6 7 8 9 10 11 12 13 14 15 16 17 -18 19 20 0
uf20-0735.mwcnf 23154 1 2 -3 4 -5 -6 -7 8 -9 10 11 12 13 14 15 -16 17 -18 19 20 0
uf20-0545.mwcnf 123432 1 2 3 4 5 -6 7 -8 9 10 11 12 13 14 -15 16 17 18 19 -20 0
uf20-0797.mwcnf 29067 1 2 3 -4 5 -6 7 8 9 -10 11 12 -13 14 15 16 17 18 19 20 0
uf20-0766.mwcnf 26587 1 2 -3 4 5 6 7 8 -9 10 11 12 -13 14 15 16 -17 -18 19 20 0
uf20-0952.mwcnf 25932 -1 -2 3 4 5 6 7 8 9 10 11 -12 13 -14 15 16 17 18 -19 20 0
uf20-0382.mwcnf 36208 -1 2 -3 4 5 6 7 -8 9 -10 -11 12 -13 14 15 16 17 18 19 20 0
uf20-0281.mwcnf 48533 1 2 3 4 -5 6 7 8 9 10 11 -12 13 14 15 16 17 18 19 -20 0
uf20-0910.mwcnf 26307 1 -2 3 -4 5 -6 7 8 9 10 11 12 13 14 15 -16 17 18 -19 20 0
uf20-0961.mwcnf 12469 1 -2 3 -4 -5 -6 -7 -8 9 10 11 -12 13 -14 15 -16 -17 18 -19 20 0
uf20-0754.mwcnf 32559 1 2 3 4 5 6 7 8 9 10 -11 12 -13 14 -15 16 17 18 19 20 0
uf20-096.mwcnf 29545 -1 2 3 4 5 6 7 8 9 10 11 -12 13 14 -15 16 17 18 19 20 0
uf20-0271.mwcnf 40126 -1 -2 3 4 -5 -6 7 8 9 10 11 12 13 14 15 -16 17 18 19 20 0
uf20-053.mwcnf 143419 1 2 3 -4 5 6 7 8 9 10 11 12 13 14 15 16 17 -18 19 20 0
uf20-049.mwcnf 99383 -1 -2 -3 4 -5 6 7 8 -9 10 11 12 13 14 15 16 -17 18 -19 20 0
uf20-0414.mwcnf 55729 1 2 -3 4 5 6 7 -8 9 10 11 12 13 14 15 16 -17 18 19 20 0
uf20-084.mwcnf 30794 1 -2 3 4 -5 6 7 8 9 10 11 -12 13 14 15 -16 17 18 19 20 0
uf20-0223.mwcnf 54995 -1 2 3 4 5 6 7 8 9 -10 -11 12 13 14 15 16 17 18 19 20 0
uf20-0479.mwcnf 96673 -1 2 3 -4 -5 6 -7 8 -9 10 11 -12 13 14 15 16 17 18 19 20 0
uf20-0255.mwcnf 44315 1 -2 3 4 5 6 -7 8 -9 -10 -11 12 13 14 15 16 17 18 19 -20 0
uf20-0630.mwcnf 108841 1 2 3 4 5 6 7 -8 9 10 -11 12 -13 14 15 -16 -17 18 19 20 0
uf20-0777.mwcnf 27326 1 -2 3 -4 5 6 7 8 9 10 -11 -12 13 14 15 16 17 18 19 -20 0
uf20-0103.mwcnf 39820 -1 2 3 4 5 6 -7 8 9 10 11 12 13 -14 15 16 -17 18 19 -20 0
uf20-0316.mwcnf 35633 1 2 3 -4 -5 -6 -7 8 9 10 11 12 13 14 -15 16 17 -18 -19 20 0
uf20-0716.mwcnf 105356 1 2 -3 4 5 6 -7 8 9 10 -11 -12 13 -14 15 16 17 18 -19 20 0
uf20-0383.mwcnf 36347 -1 -2 3 4 5 6 7 -8 9 -10 11 -12 13 14 15 -16 17 18 -19 20 0
uf20-0140.mwcnf 50971 1 2 3 -4 5 6 7 8 9 10 11 12 13 14 15 -16 17 18 19 20 0
uf20-068.mwcnf 107341 1 2 3 4 5 6 7 8 9 -10 -11 12 13 14 15 -16 -17 18 19 20 0
uf20-0268.mwcnf 54781 1 2 3 4 5 6 7 8 9 -10 11 12 -13 14 15 16 17 -18 19 20 0
uf20-0551.mwcnf 100937 1 -2 3 4 -5 -6 7 8 9 10 -11 12 13 14 15 16 -17 18 19 20 0
uf20-0269.mwcnf 38280 1 -2 3 4 5 6 7 8 9 10 -11 12 -13 -14 -15 16 17 18 -19 20 0
uf20-0422.mwcnf 58426 1 2 3 4 5 6 7 8 9 10 -11 12 13 -14 15 16 17 -18 19 20 0
uf20-0135.mwcnf 32081 1 2 3 4 -5 6 7 -8 -9 10 -11 12 13 -14 -15 16 -17 18 19 20 0
uf20-0151.mwcnf 44563 1 2 -3 4 5 6 7 8 9 10 11 12 13 14 15 16 -17 18 -19 20 0
uf20-0347.mwcnf 52489 1 2 3 4 -5 6 7 8 9 10 11 12 13 14 15 16 -17 18 -19 20 0
uf20-0593.mwcnf 101422 -1 2 3 4 5 6 -7 8 9 10 -11 12 13 14 -15 16 17 -18 19 20 0
uf20-0902.mwcnf 27764 1 2 3 4 5 -6 7 8 9 -10 11 12 13 14 15 16 17 -18 -19 -20 0
uf20-036.mwcnf 48541 -1 2 3 4 5 6 -7 8 9 10 11 -12 13 14 15 16 17 18 19 -20 0
uf20-017.mwcnf 45963 1 2 3 4 5 6 7 8 9 10 11 12 -13 14 15 16 -17 18 19 20 0
uf20-0571.mwcnf 111667 1 -2 -3 -4 5 6 7 8 9 10 11 12 13 14 -15 16 -17 18 19 20 0
uf20-0787.mwcnf 20502 -1 2 3 -4 -5 -6 -7 -8 9 10 11 12 13 14 15 -16 17 18 19 20 0
uf20-045.mwcnf 95429 1 2 -3 4 -5 6 7 8 -9 10 11 -12 -13 14 15 16 17 18 19 20 0
uf20-0294.mwcnf 52249 1 2 3 4 5 6 7 8 9 10 -11 12 -13 14 15 16 17 -18 -19 20 0