5.340576171875e-05
0.00010132789611816406
7.987022399902344e-05
0.00010085105895996094
0.00018644332885742188
0.0002655982971191406
0.00061798095703125
0.000179290771484375
8.130073547363281e-05
0.00010251998901367188
0.0001723766326904297
0.0001537799835205078
0.0002734661102294922
7.200241088867188e-05
0.0001010894775390625
0.00018858909606933594
0.00019621849060058594
0.0002491474151611328
0.00013184547424316406
0.00012230873107910156
5.9604644775390625e-05
6.389617919921875e-05
0.00011444091796875
0.00011491775512695312
0.00011682510375976562
0.00011467933654785156
9.465217590332031e-05
0.00017213821411132812
0.00021076202392578125
5.507469177246094e-05
0.00010204315185546875
0.0001513957977294922
0.00017452239990234375
2.4557113647460938e-05
4.982948303222656e-05
0.00010514259338378906
8.153915405273438e-05
0.0001652240753173828
0.00014710426330566406
6.699562072753906e-05
0.0003075599670410156
0.00044083595275878906
0.00012445449829101562
6.4849853515625e-05
0.00015091896057128906
5.1975250244140625e-05
5.626678466796875e-05
4.3392181396484375e-05
0.00017023086547851562
0.0001399517059326172
0.00010895729064941406
9.131431579589844e-05
0.00014162063598632812
5.817413330078125e-05
0.00021886825561523438
0.00010752677917480469
8.082389831542969e-05
0.00011730194091796875
8.463859558105469e-05
0.000133514404296875
0.00019621849060058594
0.00011301040649414062
0.0001010894775390625
0.00011873245239257812
0.00011539459228515625
0.00012540817260742188
0.00018930435180664062
7.343292236328125e-05
0.00014519691467285156
9.322166442871094e-05
0.00015687942504882812
0.0002875328063964844
3.552436828613281e-05
9.870529174804688e-05
9.417533874511719e-05
9.846687316894531e-05
0.00018334388732910156
0.00014400482177734375
0.0001373291015625
0.00010371208190917969
0.0001785755157470703
0.00015044212341308594
0.0001323223114013672
0.00023508071899414062
0.00013256072998046875
0.00010991096496582031
0.00010013580322265625
7.867813110351562e-05
0.00010776519775390625
5.1975250244140625e-05
0.00019693374633789062
3.504753112792969e-05
6.318092346191406e-05
4.482269287109375e-05
0.0003635883331298828
0.00020885467529296875
9.131431579589844e-05
0.00016450881958007812
0.0001819133758544922
0.00016880035400390625