2.9802322387695312e-05
2.6226043701171875e-05
2.4080276489257812e-05
2.3365020751953125e-05
2.288818359375e-05
6.175041198730469e-05
2.5272369384765625e-05
3.7670135498046875e-05
2.4318695068359375e-05
2.4318695068359375e-05
2.4080276489257812e-05
2.4080276489257812e-05
2.384185791015625e-05
2.4080276489257812e-05
2.288818359375e-05
2.3365020751953125e-05
2.3365020751953125e-05
2.288818359375e-05
2.2649765014648438e-05
2.3126602172851562e-05
2.3126602172851562e-05
2.288818359375e-05
2.288818359375e-05
2.288818359375e-05
2.288818359375e-05
2.3126602172851562e-05
2.3126602172851562e-05
2.288818359375e-05
2.288818359375e-05
2.288818359375e-05
2.288818359375e-05
2.2649765014648438e-05
2.3365020751953125e-05
2.288818359375e-05
4.1961669921875e-05
3.7670135498046875e-05
2.4080276489257812e-05
2.3603439331054688e-05
2.4318695068359375e-05
2.3603439331054688e-05
2.3603439331054688e-05
2.3603439331054688e-05
3.9577484130859375e-05
2.3603439331054688e-05
2.3126602172851562e-05
2.3126602172851562e-05
2.288818359375e-05
2.3126602172851562e-05
2.3126602172851562e-05
2.288818359375e-05
2.3126602172851562e-05
2.288818359375e-05
2.288818359375e-05
6.818771362304688e-05
2.4557113647460938e-05
2.384185791015625e-05
2.288818359375e-05
2.3365020751953125e-05
2.2649765014648438e-05
2.288818359375e-05
2.3126602172851562e-05
2.3126602172851562e-05
2.2649765014648438e-05
2.288818359375e-05
2.3365020751953125e-05
2.3126602172851562e-05
2.288818359375e-05
2.3365020751953125e-05
2.288818359375e-05
2.3365020751953125e-05
4.1961669921875e-05
2.4318695068359375e-05
2.3126602172851562e-05
2.3126602172851562e-05
2.3126602172851562e-05
2.288818359375e-05
2.288818359375e-05
2.3126602172851562e-05
2.3126602172851562e-05
2.3126602172851562e-05
2.288818359375e-05
2.2649765014648438e-05
2.288818359375e-05
2.2649765014648438e-05
2.3365020751953125e-05
2.288818359375e-05
2.3126602172851562e-05
2.3126602172851562e-05
2.2649765014648438e-05
2.3126602172851562e-05
2.3365020751953125e-05
2.2649765014648438e-05
2.3126602172851562e-05
2.3126602172851562e-05
2.3126602172851562e-05
2.3126602172851562e-05
2.3126602172851562e-05
2.3126602172851562e-05
2.3365020751953125e-05
2.3126602172851562e-05