1.71661376953125e-05
9.5367431640625e-06
7.867813110351562e-06
7.867813110351562e-06
7.62939453125e-06
7.3909759521484375e-06
7.62939453125e-06
7.3909759521484375e-06
7.62939453125e-06
7.867813110351562e-06
7.3909759521484375e-06
7.152557373046875e-06
7.152557373046875e-06
7.152557373046875e-06
7.62939453125e-06
7.3909759521484375e-06
7.152557373046875e-06
7.3909759521484375e-06
7.152557373046875e-06
7.3909759521484375e-06
7.152557373046875e-06
7.867813110351562e-06
7.3909759521484375e-06
7.3909759521484375e-06
7.3909759521484375e-06
7.3909759521484375e-06
7.3909759521484375e-06
7.3909759521484375e-06
7.3909759521484375e-06
7.152557373046875e-06
7.3909759521484375e-06
7.3909759521484375e-06
7.152557373046875e-06
7.62939453125e-06
7.62939453125e-06
7.867813110351562e-06
7.867813110351562e-06
7.3909759521484375e-06
7.3909759521484375e-06
7.867813110351562e-06
7.152557373046875e-06
7.62939453125e-06
7.3909759521484375e-06
7.3909759521484375e-06
7.152557373046875e-06
7.152557373046875e-06
7.152557373046875e-06
7.62939453125e-06
7.62939453125e-06
7.867813110351562e-06
7.62939453125e-06
7.867813110351562e-06
2.1457672119140625e-05
7.867813110351562e-06
8.106231689453125e-06
7.62939453125e-06
1.52587890625e-05
8.58306884765625e-06
2.3603439331054688e-05
2.0265579223632812e-05
7.3909759521484375e-06
7.152557373046875e-06
8.106231689453125e-06
7.867813110351562e-06
7.62939453125e-06
7.62939453125e-06
7.3909759521484375e-06
7.62939453125e-06
7.62939453125e-06
7.3909759521484375e-06
7.62939453125e-06
7.152557373046875e-06
7.152557373046875e-06
7.152557373046875e-06
7.62939453125e-06
7.3909759521484375e-06
7.3909759521484375e-06
7.62939453125e-06
7.3909759521484375e-06
7.3909759521484375e-06
7.3909759521484375e-06
7.3909759521484375e-06
7.3909759521484375e-06
7.62939453125e-06
7.152557373046875e-06
7.152557373046875e-06
7.3909759521484375e-06
7.152557373046875e-06
7.3909759521484375e-06
7.3909759521484375e-06
7.152557373046875e-06
7.3909759521484375e-06
7.3909759521484375e-06
7.3909759521484375e-06
7.152557373046875e-06
7.62939453125e-06
7.3909759521484375e-06
7.3909759521484375e-06
7.152557373046875e-06
7.152557373046875e-06