2.2172927856445312e-05
1.8358230590820312e-05
1.7642974853515625e-05
1.7404556274414062e-05
1.71661376953125e-05
1.6927719116210938e-05
1.7404556274414062e-05
1.71661376953125e-05
1.6927719116210938e-05
1.71661376953125e-05
1.71661376953125e-05
1.6927719116210938e-05
1.71661376953125e-05
1.6927719116210938e-05
1.71661376953125e-05
1.6927719116210938e-05
1.7404556274414062e-05
1.71661376953125e-05
1.6927719116210938e-05
1.71661376953125e-05
1.71661376953125e-05
1.6689300537109375e-05
1.71661376953125e-05
1.71661376953125e-05
1.71661376953125e-05
1.7404556274414062e-05
1.6927719116210938e-05
1.6927719116210938e-05
1.6927719116210938e-05
1.71661376953125e-05
5.1975250244140625e-05
1.7404556274414062e-05
1.71661376953125e-05
1.6689300537109375e-05
1.6927719116210938e-05
1.71661376953125e-05
1.71661376953125e-05
1.71661376953125e-05
1.71661376953125e-05
1.71661376953125e-05
1.71661376953125e-05
1.71661376953125e-05
1.6927719116210938e-05
3.62396240234375e-05
3.1948089599609375e-05
1.8358230590820312e-05
4.935264587402344e-05
5.1021575927734375e-05
1.8835067749023438e-05
1.9073486328125e-05
1.7881393432617188e-05
1.7881393432617188e-05
1.811981201171875e-05
3.0279159545898438e-05
1.6927719116210938e-05
1.71661376953125e-05
1.71661376953125e-05
1.71661376953125e-05
1.71661376953125e-05
1.6927719116210938e-05
1.6927719116210938e-05
1.71661376953125e-05
1.6927719116210938e-05
1.6927719116210938e-05
1.71661376953125e-05
1.71661376953125e-05
1.71661376953125e-05
1.6927719116210938e-05
1.6450881958007812e-05
1.6927719116210938e-05
1.71661376953125e-05
1.7404556274414062e-05
1.71661376953125e-05
1.7404556274414062e-05
1.7404556274414062e-05
1.71661376953125e-05
1.6927719116210938e-05
1.7404556274414062e-05
1.71661376953125e-05
3.528594970703125e-05
3.218650817871094e-05
1.7881393432617188e-05
2.9087066650390625e-05
1.71661376953125e-05
1.71661376953125e-05
1.7404556274414062e-05
1.7404556274414062e-05
1.71661376953125e-05
1.6927719116210938e-05
1.6927719116210938e-05
1.71661376953125e-05
1.71661376953125e-05
1.6927719116210938e-05
1.7404556274414062e-05
1.6927719116210938e-05
1.71661376953125e-05
1.7404556274414062e-05
1.6927719116210938e-05
1.6927719116210938e-05
1.71661376953125e-05