2.5033950805664062e-05
2.1457672119140625e-05
2.1457672119140625e-05
2.1457672119140625e-05
2.0265579223632812e-05
2.0742416381835938e-05
2.0503997802734375e-05
2.0503997802734375e-05
2.0265579223632812e-05
2.0503997802734375e-05
2.0742416381835938e-05
2.0265579223632812e-05
2.0503997802734375e-05
2.0265579223632812e-05
2.0503997802734375e-05
2.0265579223632812e-05
4.744529724121094e-05
3.361701965332031e-05
2.0503997802734375e-05
2.0265579223632812e-05
2.0265579223632812e-05
2.0265579223632812e-05
2.0503997802734375e-05
2.0742416381835938e-05
2.0265579223632812e-05
2.0265579223632812e-05
2.0503997802734375e-05
2.0265579223632812e-05
2.0265579223632812e-05
2.0265579223632812e-05
3.504753112792969e-05
2.193450927734375e-05
2.002716064453125e-05
2.0265579223632812e-05
2.002716064453125e-05
2.0265579223632812e-05
2.0265579223632812e-05
2.0265579223632812e-05
2.002716064453125e-05
2.002716064453125e-05
2.0265579223632812e-05
2.0265579223632812e-05
2.0265579223632812e-05
2.0503997802734375e-05
2.0265579223632812e-05
2.0265579223632812e-05
2.0265579223632812e-05
2.0503997802734375e-05
2.0265579223632812e-05
2.0503997802734375e-05
2.0265579223632812e-05
2.0503997802734375e-05
2.0265579223632812e-05
2.0265579223632812e-05
2.0503997802734375e-05
2.0503997802734375e-05
2.0265579223632812e-05
2.0503997802734375e-05
2.0265579223632812e-05
2.0503997802734375e-05
2.0265579223632812e-05
2.0503997802734375e-05
2.0265579223632812e-05
2.0503997802734375e-05
2.0503997802734375e-05
2.0503997802734375e-05
2.0742416381835938e-05
2.0265579223632812e-05
2.0742416381835938e-05
2.0265579223632812e-05
2.0503997802734375e-05
2.0503997802734375e-05
2.0503997802734375e-05
2.0742416381835938e-05
2.0503997802734375e-05
2.0265579223632812e-05
2.0742416381835938e-05
2.0742416381835938e-05
2.0503997802734375e-05
2.1696090698242188e-05
2.1696090698242188e-05
2.1696090698242188e-05
1.9788742065429688e-05
2.0265579223632812e-05
2.0742416381835938e-05
2.0503997802734375e-05
2.0503997802734375e-05
2.0265579223632812e-05
2.0265579223632812e-05
2.0503997802734375e-05
2.0265579223632812e-05
2.0503997802734375e-05
2.002716064453125e-05
2.0742416381835938e-05
2.0742416381835938e-05
2.0503997802734375e-05
2.0503997802734375e-05
2.0503997802734375e-05
2.0742416381835938e-05
2.0265579223632812e-05