2.8848648071289062e-05
2.5272369384765625e-05
2.47955322265625e-05
4.291534423828125e-05
2.4080276489257812e-05
2.384185791015625e-05
2.384185791015625e-05
2.3603439331054688e-05
2.384185791015625e-05
2.3365020751953125e-05
2.384185791015625e-05
2.384185791015625e-05
2.384185791015625e-05
2.3365020751953125e-05
2.4080276489257812e-05
2.3603439331054688e-05
2.4080276489257812e-05
2.384185791015625e-05
2.4318695068359375e-05
2.4080276489257812e-05
2.3603439331054688e-05
2.3603439331054688e-05
2.3603439331054688e-05
2.3603439331054688e-05
2.3603439331054688e-05
2.3603439331054688e-05
2.384185791015625e-05
2.3603439331054688e-05
2.3126602172851562e-05
2.3603439331054688e-05
2.3365020751953125e-05
2.3126602172851562e-05
2.3603439331054688e-05
2.3603439331054688e-05
2.3603439331054688e-05
2.3365020751953125e-05
2.3603439331054688e-05
2.3603439331054688e-05
2.3126602172851562e-05
2.3603439331054688e-05
2.384185791015625e-05
2.384185791015625e-05
2.384185791015625e-05
2.3603439331054688e-05
2.3603439331054688e-05
2.3603439331054688e-05
2.3603439331054688e-05
2.3603439331054688e-05
2.3603439331054688e-05
2.3603439331054688e-05
2.3603439331054688e-05
2.3603439331054688e-05
2.384185791015625e-05
2.3603439331054688e-05
2.3126602172851562e-05
2.384185791015625e-05
2.3365020751953125e-05
2.3603439331054688e-05
2.3603439331054688e-05
2.3603439331054688e-05
2.384185791015625e-05
2.384185791015625e-05
2.3603439331054688e-05
2.384185791015625e-05
2.3603439331054688e-05
2.384185791015625e-05
2.3365020751953125e-05
2.3365020751953125e-05
2.3603439331054688e-05
5.650520324707031e-05
2.5510787963867188e-05
2.4080276489257812e-05
2.384185791015625e-05
2.3603439331054688e-05
2.384185791015625e-05
2.3603439331054688e-05
2.3365020751953125e-05
2.3603439331054688e-05
6.127357482910156e-05
2.3365020751953125e-05
2.384185791015625e-05
2.3603439331054688e-05
2.3603439331054688e-05
2.384185791015625e-05
5.1021575927734375e-05
2.5987625122070312e-05
3.933906555175781e-05
3.600120544433594e-05
2.3603439331054688e-05
2.384185791015625e-05
2.3365020751953125e-05
2.384185791015625e-05
2.3603439331054688e-05
2.4080276489257812e-05
2.3603439331054688e-05
2.4080276489257812e-05
2.3603439331054688e-05
2.3603439331054688e-05
2.384185791015625e-05
2.3603439331054688e-05