3.24249267578125e-05
2.8848648071289062e-05
2.7418136596679688e-05
2.7894973754882812e-05
2.7418136596679688e-05
2.6941299438476562e-05
2.6941299438476562e-05
2.6702880859375e-05
2.6702880859375e-05
2.7179718017578125e-05
2.6941299438476562e-05
2.6941299438476562e-05
2.6941299438476562e-05
2.6702880859375e-05
2.6941299438476562e-05
2.6941299438476562e-05
2.6702880859375e-05
2.6941299438476562e-05
2.7179718017578125e-05
2.6941299438476562e-05
2.6941299438476562e-05
5.555152893066406e-05
2.7179718017578125e-05
2.6941299438476562e-05
2.6702880859375e-05
2.6702880859375e-05
5.4836273193359375e-05
4.124641418457031e-05
2.7179718017578125e-05
2.7179718017578125e-05
2.6941299438476562e-05
2.7179718017578125e-05
2.6702880859375e-05
2.6941299438476562e-05
2.6464462280273438e-05
2.6702880859375e-05
2.6464462280273438e-05
2.7179718017578125e-05
2.6464462280273438e-05
2.6702880859375e-05
2.6464462280273438e-05
4.482269287109375e-05
2.9087066650390625e-05
3.9577484130859375e-05
2.6702880859375e-05
2.6941299438476562e-05
2.6941299438476562e-05
2.6702880859375e-05
2.6941299438476562e-05
2.6702880859375e-05
2.7179718017578125e-05
2.7179718017578125e-05
2.6941299438476562e-05
2.7179718017578125e-05
2.7179718017578125e-05
2.6941299438476562e-05
2.7179718017578125e-05
2.6941299438476562e-05
2.8371810913085938e-05
4.7206878662109375e-05
6.0558319091796875e-05
4.3392181396484375e-05
2.8371810913085938e-05
2.8848648071289062e-05
2.8371810913085938e-05
2.9087066650390625e-05
2.6702880859375e-05
2.6941299438476562e-05
2.6702880859375e-05
2.7179718017578125e-05
2.6941299438476562e-05
2.6702880859375e-05
2.7179718017578125e-05
2.6941299438476562e-05
4.506111145019531e-05
6.151199340820312e-05
2.86102294921875e-05
2.9087066650390625e-05
2.86102294921875e-05
2.86102294921875e-05
4.3392181396484375e-05
2.9802322387695312e-05
3.0040740966796875e-05
2.956390380859375e-05
2.9802322387695312e-05
2.9802322387695312e-05
3.0279159545898438e-05
3.075599670410156e-05
3.0279159545898438e-05
3.0040740966796875e-05
3.0279159545898438e-05
3.0040740966796875e-05
7.152557373046875e-05
3.0040740966796875e-05
2.9802322387695312e-05
2.956390380859375e-05
2.86102294921875e-05
4.982948303222656e-05
4.982948303222656e-05
3.0517578125e-05