1 22 5221
2 22 5664
3 22 5496
4 22 4839
5 22 5126
6 22 6013
7 22 4200
8 22 5788
9 22 5872
10 22 6347
11 22 4620
12 22 4204
13 22 4165
14 22 4606
15 22 4443
16 22 5767
17 22 4614
18 22 5696
19 22 5383
20 22 5466
21 22 4852
22 22 5491
23 22 5127
24 22 4965
25 22 3949
26 22 5257
27 22 5447
28 22 5596
29 22 5333
30 22 4958
31 22 5433
32 22 6441
33 22 4444
34 22 4564
35 22 5015
36 22 6090
37 22 5570
38 22 4505
39 22 5697
40 22 4735
41 22 4943
42 22 5809
43 22 4724
44 22 4966
45 22 6821
46 22 5189
47 22 4367
48 22 4997
49 22 5135
50 22 5793
51 22 5698
52 22 4250
53 22 5370
54 22 5453
55 22 4017
56 22 4466
57 22 5276
58 22 6035
59 22 5776
60 22 5247
61 22 5635
62 22 5771
63 22 6336
64 22 5909
65 22 4249
66 22 5194
67 22 5390
68 22 5262
69 22 5126
70 22 5147
71 22 5548
72 22 4860
73 22 4616
74 22 5346
75 22 5384
76 22 5807
77 22 5016
78 22 5086
79 22 4323
80 22 5067
81 22 4439
82 22 5491
83 22 5619
84 22 5856
85 22 5510
86 22 4791
87 22 4870
88 22 4364
89 22 5027
90 22 5179
91 22 5783
92 22 4515
93 22 5849
94 22 5435
95 22 5568
96 22 4453
97 22 5518
98 22 4337
99 22 5545
100 22 4638