0.008046627044677734
0.05269932746887207
0.037801265716552734
0.029796600341796875
0.012166738510131836
0.06575965881347656
0.010968208312988281
0.03731417655944824
0.0028998851776123047
0.02997136116027832
0.018441200256347656
0.07251095771789551
0.020793437957763672
0.010344505310058594
0.012083292007446289
0.00843501091003418
0.05655026435852051
0.11319160461425781
0.059224843978881836
0.004324197769165039
0.027405500411987305
0.009989023208618164
0.01894068717956543
0.02254652976989746
0.011099576950073242
0.025905847549438477
0.07213521003723145
0.01915431022644043
0.05970430374145508
0.22462248802185059
0.03026294708251953
0.016850948333740234
0.0619053840637207
0.0461733341217041
0.030810117721557617
0.0247499942779541
0.008851051330566406
0.028481721878051758
0.013734817504882812
0.012294292449951172
0.014452934265136719
0.003937482833862305
0.012647151947021484
0.02636885643005371
0.04827618598937988
0.02088761329650879
0.025707244873046875
0.012063980102539062
0.01631903648376465
0.004921913146972656
0.03186631202697754
0.001569986343383789
0.010997295379638672
0.011190652847290039
0.0219419002532959
0.0062389373779296875
0.009273290634155273
0.06305694580078125
0.018318653106689453
0.002990245819091797
0.01264047622680664
0.018892288208007812
0.02735590934753418
0.05681920051574707
0.006371021270751953
0.014136075973510742
0.014688968658447266
0.03652477264404297
0.005431413650512695
0.01026153564453125
0.0030345916748046875
0.00541377067565918
0.013244390487670898
0.0054569244384765625
0.008693695068359375
0.009040355682373047
0.07365036010742188
0.0020325183868408203
0.026795625686645508
0.02577042579650879
0.02421879768371582
0.05011606216430664
0.0027205944061279297
0.012283086776733398
0.005097866058349609
0.011958599090576172
0.005280733108520508
0.01968240737915039
0.08864498138427734
0.028362035751342773
0.07797670364379883
0.008236408233642578
0.029273509979248047
0.007518768310546875
0.004567146301269531
0.005157470703125
0.024327993392944336
0.020128250122070312
0.025910377502441406
0.01024937629699707