0.0010874271392822266
0.0008130073547363281
0.0034568309783935547
0.004526853561401367
0.0037674903869628906
0.0021326541900634766
0.001146554946899414
0.0009725093841552734
0.0015289783477783203
0.0008647441864013672
0.001230478286743164
0.0010066032409667969
0.00017380714416503906
0.0007507801055908203
0.0007865428924560547
0.0019207000732421875
0.0011801719665527344
0.0009694099426269531
0.0025997161865234375
0.0007753372192382812
0.0008177757263183594
0.0009362697601318359
0.0003750324249267578
0.0004837512969970703
0.0010118484497070312
0.007317543029785156
0.0034444332122802734
0.0028421878814697266
0.001066446304321289
0.0015616416931152344
0.0016601085662841797
0.0007340908050537109
0.0009024143218994141
0.0007829666137695312
0.0002727508544921875
0.0016901493072509766
0.0014424324035644531
0.0020928382873535156
0.00035691261291503906
0.0005011558532714844
0.0007138252258300781
0.00413966178894043
0.0017342567443847656
0.005067586898803711
0.0023946762084960938
0.0002624988555908203
0.0019922256469726562
0.0019719600677490234
0.0008325576782226562
0.0051555633544921875
0.002025127410888672
0.0013649463653564453
0.002875089645385742
0.0003063678741455078
0.003122568130493164
0.0012845993041992188
0.0007121562957763672
0.0017681121826171875
0.0012073516845703125
0.002742767333984375
0.001528024673461914
0.0028295516967773438
0.0021555423736572266
0.0014717578887939453
0.0006182193756103516
0.0006656646728515625
0.00016188621520996094
0.003204345703125
0.0012431144714355469
0.0004942417144775391
0.0015900135040283203
0.00021123886108398438
0.0007007122039794922
0.0007970333099365234
0.0018892288208007812
0.00022983551025390625
0.0013086795806884766
0.00136566162109375
0.0004782676696777344
0.001771688461303711
0.001424551010131836
0.005438804626464844
0.0014379024505615234
0.0035719871520996094
0.0010874271392822266
0.0005366802215576172
0.001486063003540039
0.0011975765228271484
0.0007803440093994141
0.0033082962036132812
0.0008800029754638672
0.0010066032409667969
0.0006601810455322266
0.0016856193542480469
0.0007817745208740234
0.0004134178161621094
0.00043201446533203125
0.0004448890686035156
0.00419926643371582
0.002408742904663086