0.022290945053100586
0.026734352111816406
0.026465654373168945
0.02332305908203125
0.0242307186126709
0.03631019592285156
0.020688533782958984
0.02430129051208496
0.01910090446472168
0.021177053451538086
0.031571149826049805
0.03612780570983887
0.0216214656829834
0.02554154396057129
0.02715301513671875
0.028479337692260742
0.030042409896850586
0.018665552139282227
0.022010326385498047
0.025768518447875977
0.02341914176940918
0.02678513526916504
0.024950742721557617
0.022388935089111328
0.0226898193359375
0.027606725692749023
0.02509927749633789
0.022523164749145508
0.028401851654052734
0.022797107696533203
0.027848243713378906
0.02295207977294922
0.021071434020996094
0.024115562438964844
0.025187015533447266
0.02026677131652832
0.02103590965270996
0.027042865753173828
0.02358412742614746
0.020630836486816406
0.02261209487915039
0.024362802505493164
0.019869089126586914
0.022024869918823242
0.024425268173217773
0.021291732788085938
0.02123427391052246
0.023753881454467773
0.01796412467956543
0.02366042137145996
0.0172727108001709
0.01812291145324707
0.0196230411529541
0.025816917419433594
0.020760059356689453
0.018131732940673828
0.020374298095703125
0.024472475051879883
0.01600337028503418
0.015598535537719727
0.02562856674194336
0.030859947204589844
0.016382217407226562
0.019574880599975586
0.01930069923400879
0.023413896560668945
0.01787114143371582
0.020914793014526367
0.023261308670043945
0.02147054672241211
0.025687694549560547
0.016993284225463867
0.023169279098510742
0.023958444595336914
0.02426767349243164
0.01978898048400879
0.021176815032958984
0.02084064483642578
0.02138829231262207
0.02659440040588379
0.02509474754333496
0.025373458862304688
0.022078752517700195
0.020547151565551758
0.024295330047607422
0.020092487335205078
0.018703222274780273
0.02394700050354004
0.02480316162109375
0.023214340209960938
0.021477937698364258
0.01938486099243164
0.026690006256103516
0.020243406295776367
0.01714611053466797
0.0171966552734375
0.02107095718383789
0.024042606353759766
0.02211284637451172
0.026383638381958008