0.03181338310241699
0.03945803642272949
0.04498004913330078
0.03605484962463379
0.037795066833496094
0.030645132064819336
0.028579235076904297
0.033365488052368164
0.04403495788574219
0.032932281494140625
0.040060997009277344
0.036795854568481445
0.03173255920410156
0.02812051773071289
0.03532767295837402
0.03678536415100098
0.037784576416015625
0.04407215118408203
0.03298807144165039
0.0402681827545166
0.03657793998718262
0.029901504516601562
0.03789186477661133
0.02863168716430664
0.03424811363220215
0.035164594650268555
0.03339242935180664
0.03294086456298828
0.034297943115234375
0.046155452728271484
0.03875136375427246
0.043608665466308594
0.038072824478149414
0.04011392593383789
0.033644914627075195
0.031171321868896484
0.04195570945739746
0.04412531852722168
0.03270220756530762
0.037508487701416016
0.040315866470336914
0.03087782859802246
0.03298354148864746
0.032956838607788086
0.035486459732055664
0.04063820838928223
0.043931007385253906
0.03725481033325195
0.028382301330566406
0.034015655517578125
0.033384084701538086
0.03387928009033203
0.035459280014038086
0.03650355339050293
0.04013681411743164
0.030361413955688477
0.03608083724975586
0.038324832916259766
0.04082226753234863
0.040761470794677734
0.03963279724121094
0.03645634651184082
0.031768083572387695
0.03179574012756348
0.031193971633911133
0.03170371055603027
0.034369707107543945
0.03537416458129883
0.03145408630371094
0.03987264633178711
0.03078770637512207
0.03387761116027832
0.039160966873168945
0.03177237510681152
0.032465219497680664
0.03142046928405762
0.03614187240600586
0.038221120834350586
0.026712656021118164
0.03451824188232422
0.03505754470825195
0.02916431427001953
0.03402519226074219
0.03627777099609375
0.02690601348876953
0.040288686752319336
0.03444647789001465
0.03364849090576172
0.037445783615112305
0.03913068771362305
0.032247066497802734
0.03423571586608887
0.03304600715637207
0.035454750061035156
0.03175687789916992
0.0322420597076416
0.03146815299987793
0.03228902816772461
0.026613950729370117
0.030660390853881836