2.4557113647460938e-05
2.002716064453125e-05
1.9311904907226562e-05
1.8596649169921875e-05
1.811981201171875e-05
1.8596649169921875e-05
1.811981201171875e-05
1.811981201171875e-05
1.811981201171875e-05
1.8358230590820312e-05
1.811981201171875e-05
1.811981201171875e-05
1.7881393432617188e-05
1.7642974853515625e-05
1.811981201171875e-05
1.7642974853515625e-05
1.7881393432617188e-05
3.528594970703125e-05
1.811981201171875e-05
1.7881393432617188e-05
1.811981201171875e-05
1.7642974853515625e-05
1.7881393432617188e-05
1.8358230590820312e-05
1.811981201171875e-05
1.811981201171875e-05
1.811981201171875e-05
1.7881393432617188e-05
1.8358230590820312e-05
1.811981201171875e-05
1.7881393432617188e-05
1.811981201171875e-05
1.7642974853515625e-05
1.811981201171875e-05
1.7881393432617188e-05
1.811981201171875e-05
1.7881393432617188e-05
1.7881393432617188e-05
1.8596649169921875e-05
1.7642974853515625e-05
1.7642974853515625e-05
1.7881393432617188e-05
1.7642974853515625e-05
1.811981201171875e-05
1.7881393432617188e-05
1.7642974853515625e-05
1.7881393432617188e-05
1.7881393432617188e-05
1.7881393432617188e-05
1.8358230590820312e-05
1.7881393432617188e-05
1.7881393432617188e-05
1.811981201171875e-05
1.8596649169921875e-05
1.7642974853515625e-05
1.811981201171875e-05
1.811981201171875e-05
1.7881393432617188e-05
1.7881393432617188e-05
1.7404556274414062e-05
1.7881393432617188e-05
1.8358230590820312e-05
1.7881393432617188e-05
1.8596649169921875e-05
1.7881393432617188e-05
1.7881393432617188e-05
1.7881393432617188e-05
1.7881393432617188e-05
1.811981201171875e-05
1.7881393432617188e-05
1.7404556274414062e-05
1.7881393432617188e-05
1.7881393432617188e-05
3.2901763916015625e-05
1.9073486328125e-05
3.457069396972656e-05
1.7642974853515625e-05
1.7881393432617188e-05
1.7642974853515625e-05
5.173683166503906e-05
3.600120544433594e-05
3.8623809814453125e-05
1.6927719116210938e-05
1.6927719116210938e-05
5.030632019042969e-05
1.8596649169921875e-05
3.4809112548828125e-05
1.7881393432617188e-05
1.6927719116210938e-05
1.6927719116210938e-05
1.6689300537109375e-05
1.6927719116210938e-05
1.6927719116210938e-05
1.6927719116210938e-05
1.6927719116210938e-05
1.6927719116210938e-05
1.6689300537109375e-05
1.6927719116210938e-05
1.6689300537109375e-05
1.6689300537109375e-05