2.7179718017578125e-05
2.2411346435546875e-05
2.193450927734375e-05
2.1457672119140625e-05
2.2172927856445312e-05
5.459785461425781e-05
2.3126602172851562e-05
3.552436828613281e-05
5.507469177246094e-05
2.3603439331054688e-05
3.62396240234375e-05
2.2172927856445312e-05
2.2411346435546875e-05
2.193450927734375e-05
2.1696090698242188e-05
3.314018249511719e-05
2.0503997802734375e-05
2.0503997802734375e-05
2.0503997802734375e-05
2.09808349609375e-05
2.0742416381835938e-05
2.0742416381835938e-05
2.09808349609375e-05
2.0742416381835938e-05
2.0742416381835938e-05
2.0742416381835938e-05
2.0503997802734375e-05
2.09808349609375e-05
2.0742416381835938e-05
2.0503997802734375e-05
2.0742416381835938e-05
2.09808349609375e-05
2.0742416381835938e-05
2.09808349609375e-05
2.0742416381835938e-05
2.0503997802734375e-05
2.0742416381835938e-05
2.0742416381835938e-05
2.0742416381835938e-05
2.0742416381835938e-05
2.09808349609375e-05
2.09808349609375e-05
2.0742416381835938e-05
2.0742416381835938e-05
2.0265579223632812e-05
2.09808349609375e-05
2.0503997802734375e-05
2.0742416381835938e-05
2.0742416381835938e-05
2.09808349609375e-05
2.1219253540039062e-05
2.09808349609375e-05
2.0742416381835938e-05
2.0742416381835938e-05
2.0503997802734375e-05
2.0742416381835938e-05
2.09808349609375e-05
3.933906555175781e-05
7.486343383789062e-05
3.3855438232421875e-05
2.0742416381835938e-05
2.09808349609375e-05
2.0742416381835938e-05
2.0503997802734375e-05
2.0742416381835938e-05
3.838539123535156e-05
2.2411346435546875e-05
2.193450927734375e-05
3.743171691894531e-05
2.0742416381835938e-05
2.0742416381835938e-05
2.09808349609375e-05
2.1219253540039062e-05
2.09808349609375e-05
2.0742416381835938e-05
2.09808349609375e-05
2.0742416381835938e-05
2.09808349609375e-05
2.09808349609375e-05
2.0503997802734375e-05
2.09808349609375e-05
2.0742416381835938e-05
2.0742416381835938e-05
2.09808349609375e-05
2.09808349609375e-05
2.0742416381835938e-05
2.09808349609375e-05
2.0742416381835938e-05
2.0742416381835938e-05
2.0503997802734375e-05
2.0742416381835938e-05
2.0742416381835938e-05
2.0742416381835938e-05
2.0742416381835938e-05
2.09808349609375e-05
2.09808349609375e-05
2.0503997802734375e-05
2.0503997802734375e-05
2.0503997802734375e-05
2.0742416381835938e-05