2.86102294921875e-05
2.4080276489257812e-05
2.3365020751953125e-05
2.2649765014648438e-05
4.38690185546875e-05
2.2411346435546875e-05
2.2411346435546875e-05
2.2172927856445312e-05
2.2411346435546875e-05
2.2411346435546875e-05
2.2411346435546875e-05
2.2172927856445312e-05
2.193450927734375e-05
2.2172927856445312e-05
2.193450927734375e-05
2.2172927856445312e-05
2.2411346435546875e-05
2.2411346435546875e-05
2.2172927856445312e-05
2.2649765014648438e-05
2.2172927856445312e-05
2.2411346435546875e-05
2.2172927856445312e-05
2.2411346435546875e-05
2.2411346435546875e-05
2.2172927856445312e-05
2.193450927734375e-05
2.2411346435546875e-05
2.2649765014648438e-05
2.2411346435546875e-05
2.2172927856445312e-05
2.2172927856445312e-05
2.2172927856445312e-05
2.2411346435546875e-05
2.384185791015625e-05
4.1961669921875e-05
2.384185791015625e-05
2.4557113647460938e-05
3.647804260253906e-05
2.3603439331054688e-05
2.384185791015625e-05
2.4080276489257812e-05
7.510185241699219e-05
2.2172927856445312e-05
2.2172927856445312e-05
2.2172927856445312e-05
2.2411346435546875e-05
2.2411346435546875e-05
2.193450927734375e-05
2.2172927856445312e-05
2.2172927856445312e-05
2.193450927734375e-05
2.2172927856445312e-05
2.2411346435546875e-05
2.2172927856445312e-05
2.2172927856445312e-05
4.267692565917969e-05
3.719329833984375e-05
2.4557113647460938e-05
2.4080276489257812e-05
2.193450927734375e-05
2.193450927734375e-05
2.2172927856445312e-05
2.2411346435546875e-05
2.2411346435546875e-05
2.2172927856445312e-05
2.2172927856445312e-05
2.2172927856445312e-05
2.2649765014648438e-05
2.2411346435546875e-05
2.2411346435546875e-05
2.2172927856445312e-05
2.2172927856445312e-05
2.2411346435546875e-05
2.2649765014648438e-05
2.2411346435546875e-05
2.2411346435546875e-05
2.2411346435546875e-05
2.2411346435546875e-05
2.2411346435546875e-05
2.2411346435546875e-05
2.2172927856445312e-05
2.2172927856445312e-05
2.288818359375e-05
2.2411346435546875e-05
2.2411346435546875e-05
2.2649765014648438e-05
2.2649765014648438e-05
2.193450927734375e-05
2.2172927856445312e-05
2.2172927856445312e-05
2.2411346435546875e-05
2.2172927856445312e-05
2.2172927856445312e-05
2.288818359375e-05
2.2649765014648438e-05
2.2411346435546875e-05
2.2172927856445312e-05
2.2172927856445312e-05
2.2411346435546875e-05