0.16796159744262695
0.16289901733398438
0.13319921493530273
0.15239977836608887
0.14336442947387695
0.15167450904846191
0.18282198905944824
0.12579059600830078
0.11029314994812012
0.12067914009094238
0.14933514595031738
0.14365720748901367
0.1275486946105957
0.15095973014831543
0.15387272834777832
0.14234185218811035
0.11390829086303711
0.10898923873901367
0.1405484676361084
0.16355085372924805
0.15016412734985352
0.11317300796508789
0.19811344146728516
0.12623882293701172
0.1370553970336914
0.16974854469299316
0.15398788452148438
0.1486043930053711
0.13693571090698242
0.12848711013793945
0.13548564910888672
0.13657426834106445
0.1890556812286377
0.12279677391052246
0.1490776538848877
0.10983037948608398
0.1922135353088379
0.10776853561401367
0.15172958374023438
0.1195530891418457
0.11635637283325195
0.12170195579528809
0.166168212890625
0.1505420207977295
0.16158676147460938
0.17509078979492188
0.137312650680542
0.11236095428466797
0.1746809482574463
0.16495275497436523
0.15635228157043457
0.15757536888122559
0.11927247047424316
0.1421489715576172
0.13178157806396484
0.15700888633728027
0.1322038173675537
0.11098170280456543
0.11957836151123047
0.13288474082946777
0.1615297794342041
0.18291902542114258
0.13927125930786133
0.13628435134887695
0.14858698844909668
0.12268972396850586
0.1701822280883789
0.13657116889953613
0.15941858291625977
0.1442091464996338
0.15163445472717285
0.12593531608581543
0.14609432220458984
0.12031292915344238
0.18266773223876953
0.15502023696899414
0.15465712547302246
0.1680765151977539
0.16090035438537598
0.16169404983520508
0.13324356079101562
0.15753388404846191
0.1546642780303955
0.14856457710266113
0.17152738571166992
0.16396737098693848
0.15935802459716797
0.20604848861694336
0.15162110328674316
0.14430904388427734
0.20264554023742676
0.08078718185424805
0.14383769035339355
0.1448650360107422
0.13008928298950195
0.11179399490356445
0.1189727783203125
0.1582646369934082
0.1491868495941162
0.1306455135345459