0.003808259963989258
0.006320953369140625
0.004620075225830078
0.007025241851806641
0.009816884994506836
0.0025043487548828125
0.008248090744018555
0.005357980728149414
0.007892370223999023
0.0065460205078125
0.0036890506744384766
0.006706953048706055
0.009262561798095703
0.007924318313598633
0.005646228790283203
0.0063555240631103516
0.008136510848999023
0.012845754623413086
0.011146068572998047
0.007516384124755859
0.0052642822265625
0.005722999572753906
0.009340047836303711
0.00888371467590332
0.006240129470825195
0.009105443954467773
0.006440877914428711
0.006626605987548828
0.0050203800201416016
0.009989261627197266
0.006531476974487305
0.0058901309967041016
0.008352518081665039
0.01027059555053711
0.009138107299804688
0.010524272918701172
0.006689548492431641
0.007399082183837891
0.00919032096862793
0.005383014678955078
0.006414651870727539
0.01036977767944336
0.003679037094116211
0.010254859924316406
0.007078886032104492
0.006891012191772461
0.0057163238525390625
0.007976293563842773
0.010684490203857422
0.009074926376342773
0.007518768310546875
0.00464940071105957
0.011629819869995117
0.008999347686767578
0.006287097930908203
0.008874177932739258
0.00909733772277832
0.011482715606689453
0.008682012557983398
0.004304170608520508
0.007135868072509766
0.00609135627746582
0.01092076301574707
0.006064891815185547
0.006609916687011719
0.009315252304077148
0.004741191864013672
0.005398273468017578
0.005860090255737305
0.008073091506958008
0.00661468505859375
0.008233070373535156
0.007750272750854492
0.00766301155090332
0.009231090545654297
0.005001068115234375
0.011826515197753906
0.004122018814086914
0.0051212310791015625
0.0074462890625
0.008742094039916992
0.004777431488037109
0.004943370819091797
0.008086442947387695
0.009258031845092773
0.006323337554931641
0.0070536136627197266
0.007930994033813477
0.006288766860961914
0.0054285526275634766
0.008743524551391602
0.0031065940856933594
0.008424043655395508
0.007804393768310547
0.007470846176147461
0.0060694217681884766
0.007494926452636719
0.007502317428588867
0.006703853607177734
0.004361867904663086