3.266334533691406e-05
2.288818359375e-05
2.2172927856445312e-05
3.528594970703125e-05
2.1457672119140625e-05
2.1457672119140625e-05
2.1696090698242188e-05
2.1457672119140625e-05
2.09808349609375e-05
3.457069396972656e-05
2.09808349609375e-05
3.504753112792969e-05
2.09808349609375e-05
2.09808349609375e-05
3.170967102050781e-05
3.4809112548828125e-05
2.1219253540039062e-05
2.1219253540039062e-05
2.1219253540039062e-05
2.09808349609375e-05
2.193450927734375e-05
2.1219253540039062e-05
2.1457672119140625e-05
2.09808349609375e-05
2.09808349609375e-05
2.09808349609375e-05
2.1219253540039062e-05
2.1457672119140625e-05
2.1457672119140625e-05
3.4809112548828125e-05
3.4809112548828125e-05
2.09808349609375e-05
2.1219253540039062e-05
2.1219253540039062e-05
2.1219253540039062e-05
2.09808349609375e-05
2.1219253540039062e-05
2.1219253540039062e-05
2.09808349609375e-05
2.2411346435546875e-05
2.09808349609375e-05
2.1219253540039062e-05
2.47955322265625e-05
2.384185791015625e-05
2.1219253540039062e-05
2.1219253540039062e-05
2.1219253540039062e-05
2.0742416381835938e-05
2.193450927734375e-05
2.1219253540039062e-05
2.09808349609375e-05
2.0742416381835938e-05
2.09808349609375e-05
2.0742416381835938e-05
2.09808349609375e-05
2.1219253540039062e-05
2.1457672119140625e-05
2.1219253540039062e-05
2.09808349609375e-05
2.09808349609375e-05
2.09808349609375e-05
2.2649765014648438e-05
2.1219253540039062e-05
2.1219253540039062e-05
2.0742416381835938e-05
2.1457672119140625e-05
2.1457672119140625e-05
2.09808349609375e-05
3.6716461181640625e-05
2.002716064453125e-05
2.002716064453125e-05
2.0503997802734375e-05
2.0503997802734375e-05
2.0503997802734375e-05
2.0503997802734375e-05
2.0265579223632812e-05
2.0503997802734375e-05
2.0503997802734375e-05
1.9788742065429688e-05
2.002716064453125e-05
1.9788742065429688e-05
2.002716064453125e-05
2.0503997802734375e-05
2.002716064453125e-05
1.9788742065429688e-05
2.0742416381835938e-05
2.0503997802734375e-05
2.0265579223632812e-05
2.0265579223632812e-05
2.0742416381835938e-05
2.0742416381835938e-05
2.09808349609375e-05
2.0742416381835938e-05
2.0742416381835938e-05
2.0742416381835938e-05
2.0503997802734375e-05
2.0742416381835938e-05
2.0742416381835938e-05
2.09808349609375e-05
2.09808349609375e-05