0.042813777923583984
0.044121503829956055
0.04865288734436035
0.05004477500915527
0.04732513427734375
0.04854750633239746
0.04772448539733887
0.05365300178527832
0.04176616668701172
0.048413753509521484
0.04722094535827637
0.0505526065826416
0.05167889595031738
0.045000553131103516
0.04320192337036133
0.04851531982421875
0.04383659362792969
0.04523968696594238
0.04537463188171387
0.04518461227416992
0.05016446113586426
0.048905134201049805
0.04890179634094238
0.058243751525878906
0.046352386474609375
0.05524492263793945
0.05753183364868164
0.04549264907836914
0.04680752754211426
0.054769277572631836
0.048773765563964844
0.04479861259460449
0.03952527046203613
0.04735422134399414
0.04166388511657715
0.04458904266357422
0.0417943000793457
0.048189640045166016
0.04171180725097656
0.047139883041381836
0.05094003677368164
0.05086255073547363
0.044921875
0.0487060546875
0.04909491539001465
0.054749250411987305
0.044561147689819336
0.0518946647644043
0.04334211349487305
0.0486299991607666
0.051889896392822266
0.04178214073181152
0.050641775131225586
0.04723763465881348
0.04628157615661621
0.046587467193603516
0.04732227325439453
0.04777979850769043
0.045400142669677734
0.045379638671875
0.04485440254211426
0.04431772232055664
0.04166126251220703
0.04467153549194336
0.04348349571228027
0.04735279083251953
0.05039358139038086
0.05034303665161133
0.044077396392822266
0.048423051834106445
0.0449833869934082
0.03942060470581055
0.04570627212524414
0.0433955192565918
0.04553842544555664
0.04269146919250488
0.0487208366394043
0.04464387893676758
0.05144786834716797
0.04790353775024414
0.04150557518005371
0.04138517379760742
0.043332815170288086
0.0485994815826416
0.04646134376525879
0.04649066925048828
0.03991198539733887
0.0421292781829834
0.04090714454650879
0.05091381072998047
0.04894757270812988
0.04833340644836426
0.04494762420654297
0.05021381378173828
0.04879951477050781
0.04864835739135742
0.045577287673950195
0.04246973991394043
0.04203224182128906
0.04031062126159668