2.6941299438476562e-05
2.288818359375e-05
2.2172927856445312e-05
2.2172927856445312e-05
2.2172927856445312e-05
2.2649765014648438e-05
2.2649765014648438e-05
2.1696090698242188e-05
2.1696090698242188e-05
2.1696090698242188e-05
2.1696090698242188e-05
2.1457672119140625e-05
2.193450927734375e-05
2.1457672119140625e-05
2.193450927734375e-05
2.1457672119140625e-05
2.1457672119140625e-05
2.193450927734375e-05
2.193450927734375e-05
2.1696090698242188e-05
2.1696090698242188e-05
2.1219253540039062e-05
2.1696090698242188e-05
2.1457672119140625e-05
5.269050598144531e-05
2.1696090698242188e-05
2.1457672119140625e-05
2.193450927734375e-05
2.193450927734375e-05
2.1696090698242188e-05
4.172325134277344e-05
2.4318695068359375e-05
2.3365020751953125e-05
5.650520324707031e-05
2.4080276489257812e-05
3.719329833984375e-05
2.3365020751953125e-05
2.3365020751953125e-05
2.1696090698242188e-05
2.193450927734375e-05
2.1696090698242188e-05
2.193450927734375e-05
2.1696090698242188e-05
2.1457672119140625e-05
2.1457672119140625e-05
2.1696090698242188e-05
2.1696090698242188e-05
2.1457672119140625e-05
2.1219253540039062e-05
2.193450927734375e-05
2.1696090698242188e-05
2.1457672119140625e-05
2.1457672119140625e-05
2.1696090698242188e-05
2.1696090698242188e-05
2.1457672119140625e-05
2.1457672119140625e-05
2.1696090698242188e-05
2.1457672119140625e-05
2.193450927734375e-05
2.1696090698242188e-05
2.1457672119140625e-05
2.1219253540039062e-05
2.1457672119140625e-05
2.2172927856445312e-05
2.1457672119140625e-05
2.2172927856445312e-05
2.3365020751953125e-05
2.3126602172851562e-05
3.4809112548828125e-05
2.1696090698242188e-05
2.193450927734375e-05
2.288818359375e-05
2.1219253540039062e-05
2.1457672119140625e-05
2.1219253540039062e-05
2.1457672119140625e-05
2.1696090698242188e-05
2.1696090698242188e-05
2.1457672119140625e-05
2.1457672119140625e-05
2.193450927734375e-05
2.1457672119140625e-05
2.1219253540039062e-05
2.1696090698242188e-05
2.1696090698242188e-05
2.1457672119140625e-05
2.193450927734375e-05
2.193450927734375e-05
2.1219253540039062e-05
2.193450927734375e-05
2.1457672119140625e-05
2.1696090698242188e-05
2.1457672119140625e-05
2.1457672119140625e-05
2.1457672119140625e-05
2.1696090698242188e-05
2.1457672119140625e-05
2.1696090698242188e-05
2.1696090698242188e-05