3.0517578125e-05
2.6702880859375e-05
2.574920654296875e-05
2.5272369384765625e-05
2.5272369384765625e-05
2.5987625122070312e-05
2.5510787963867188e-05
2.5033950805664062e-05
2.5272369384765625e-05
2.4557113647460938e-05
2.5033950805664062e-05
2.47955322265625e-05
2.5033950805664062e-05
4.38690185546875e-05
4.5299530029296875e-05
7.033348083496094e-05
2.5272369384765625e-05
2.5033950805664062e-05
2.5033950805664062e-05
2.5033950805664062e-05
2.5033950805664062e-05
2.5272369384765625e-05
2.47955322265625e-05
2.5033950805664062e-05
2.5272369384765625e-05
2.47955322265625e-05
2.5272369384765625e-05
2.5033950805664062e-05
2.5033950805664062e-05
2.47955322265625e-05
2.5033950805664062e-05
2.5272369384765625e-05
2.5033950805664062e-05
2.5033950805664062e-05
2.47955322265625e-05
2.5033950805664062e-05
2.47955322265625e-05
2.5033950805664062e-05
2.47955322265625e-05
2.4557113647460938e-05
2.5272369384765625e-05
2.47955322265625e-05
4.363059997558594e-05
2.6464462280273438e-05
2.6226043701171875e-05
2.7179718017578125e-05
5.650520324707031e-05
2.7179718017578125e-05
2.765655517578125e-05
2.6464462280273438e-05
2.6941299438476562e-05
2.6702880859375e-05
5.5789947509765625e-05
2.5033950805664062e-05
2.47955322265625e-05
2.5033950805664062e-05
2.47955322265625e-05
2.4557113647460938e-05
2.47955322265625e-05
2.5033950805664062e-05
2.5272369384765625e-05
2.5510787963867188e-05
2.5033950805664062e-05
2.5033950805664062e-05
2.5033950805664062e-05
2.47955322265625e-05
2.47955322265625e-05
2.5033950805664062e-05
2.4557113647460938e-05
2.47955322265625e-05
2.47955322265625e-05
2.47955322265625e-05
2.4318695068359375e-05
2.5033950805664062e-05
2.5272369384765625e-05
2.5033950805664062e-05
2.5033950805664062e-05
2.47955322265625e-05
2.5033950805664062e-05
4.3392181396484375e-05
2.7179718017578125e-05
2.5033950805664062e-05
2.5272369384765625e-05
2.5033950805664062e-05
2.47955322265625e-05
2.5033950805664062e-05
2.5033950805664062e-05
2.4557113647460938e-05
2.4557113647460938e-05
2.5033950805664062e-05
2.47955322265625e-05
2.47955322265625e-05
2.5033950805664062e-05
2.5033950805664062e-05
2.4557113647460938e-05
2.47955322265625e-05
2.5033950805664062e-05
2.574920654296875e-05
2.47955322265625e-05
2.47955322265625e-05