1 10 332
2 10 182
3 10 217
4 10 321
5 10 238
6 10 262
7 10 282
8 10 295
9 10 286
10 10 253
11 10 188
12 10 231
13 10 228
14 10 355
15 10 244
16 10 285
17 10 330
18 10 206
19 10 246
20 10 309
21 10 189
22 10 345
23 10 358
24 10 261
25 10 189
26 10 264
27 10 267
28 10 148
29 10 295
30 10 227
31 10 233
32 10 263
33 10 387
34 10 335
35 10 317
36 10 182
37 10 287
38 10 204
39 10 343
40 10 159
41 10 260
42 10 310
43 10 368
44 10 238
45 10 247
46 10 200
47 10 222
48 10 251
49 10 247
50 10 273
51 10 252
52 10 223
53 10 317
54 10 294
55 10 345
56 10 392
57 10 232
58 10 247
59 10 249
60 10 294
61 10 371
62 10 284
63 10 257
64 10 177
65 10 332
66 10 194
67 10 301
68 10 313
69 10 287
70 10 370
71 10 221
72 10 389
73 10 237
74 10 204
75 10 364
76 10 379
77 10 201
78 10 363
79 10 371
80 10 335
81 10 301
82 10 344
83 10 319
84 10 395
85 10 298
86 10 238
87 10 296
88 10 210
89 10 214
90 10 273
91 10 351
92 10 324
93 10 293
94 10 270
95 10 377
96 10 334
97 10 378
98 10 308
99 10 204
100 10 187