0.049348230912476726
0.11790714812085483
0.05244412786038643
0.04150810429880197
0.04182379156667809
0.06000615447738229
0.059204961939667324
0.04631217838765009
0.037962788949445596
0.04668782635404935
0.07303931351027738
0.04263349175286553
0.0461750516884907
0.03125554963594388
0.028962444302991726
0.09702417854928705
0.06556122448979591
0.046910909828308776
0.060688055662930035
0.07682030728122913
0.02013693113169553
0.05454932878755593
0.028268551236749116
0.02752212389380531
0.04552715654952077
0.040854397910642666
0.019910208861994926
0.06770601336302895
0.03823047515019115
0.04392572153031546
0.06219544608842031
0.043743078626799554
0.05196898748752591
0.03463497453310696
0.054044507241257506
0.02824858757062147
0.03702993092862625
0.04835232522328303
0.05688949522510232
0.04367524465386009
0.0667831489031256
0.05789473684210526
0.03340871710526316
0.04466075007157171
0.055236945366737095
0.0383757594401292
0.05129947341600136
0.056021290751829676
0.013982958269608914
0.05287917584707914
0.06232876712328767
0.06634008635004982
0.02565668906536347
0.05248064238600516
0.0299354333789865
0.04544661549197488
0.055728267127230856
0.05409991854466468
0.027195099313161313
0.05165289256198347
0
0.05489659367396594
0.0610352819984548
0.07900651831872331
0.07991158718014112
0.06286233943389792
0.05495118549511855
0.04714828897338403
0.08621683967704728
0.0466315172817809
0.05266406089282041
0.05147842947164324
0.04127523485908455
0.01345183761710305
0.04095618830056295
0.07511165245635404
0.05191873589164785
0.059642719938532464
0.10870077811836831
0.045934807043836644
0.06949388639529484
0.04280422554534229
0.052476190476190475
0.05029040940643151
0.04310344827586207
0.048064760941057424
0.025193798449612403
0.04174474286904018
0.06101571063207892
0.03744939271255061
0.036254424541456616
0.045351170568561874
0.01266089892382359
0.07959278111985192
0.040629470672389124
0.024167210973220117
0.042404065183108464
0.03429787905069778
0.0665629005676616
0.054960835509138384
0.015888778550148957
0.053832946167053836
0.020154373927958835
0.05866823115283074
0.03869090909090909
0.0509777325647112
0.04215851602023609
0.03814064362336114
0.037635623869801085
0.013200498132004981
0.05251759610178668
0.05231447465099192
0.044810082268510416
0.03664003118300526
0.01675353685778109
0.06093115300489532
0.0220125786163522
0.06664845670581808
0.04303069646666048
0.06000770564438451
0.08705882352941176
0.03458394466568854
0.04839388413522233
0.03886147338738104
0.04504773269689737
0.05703259005145798
0.043991074274784825
0.07053034445051941
0.0763911054367486
0.05268071485729528
0.04780845421931056
0.0472116276672508
0.055182171913689425
0.05762748722409481
0.05411312756656511
0.10368802902055622
0.04689119170984456
0.023529411764705882
0.02871564778463264
0.05333568033796867
0.028857004675157182
0.04760456273764259
0.07586723234339905
0.060460973165571766
0.036479664729974284
0.04375292466073936
0.05135165705236964
0.03801980198019802
0.060676779463243874
0.032740969673556115
0.03093476798924008
0.03260869565217391
0.046490324058170156
0.03560565396314189
0.02811048643363481
0.043472445157838414
0.048807495741056216
0.054144965277777776
0.03887278904766663
0.03617963314358001
0.05253422123566408
0.06439061127149491
0.09174311926605505
0.04491199676309933
0.044863459037711315
0.02127659574468085
0.03316082039486295
0.04719552431501937
0.05095270500170126
0.049025720966484804
0.039345232225618774
0.05837640620249316
0.03994225216554379
0.04244269340974212
0.06831996109895454
0.058712631295448424
0.03295622233152976
0.04272058201505795
0.05597819915975928
0.05062386275019496
0.04350482708053281
0.06351300414624952
0.059262329050973894
0.05062430986154761
0.0678727537639631
0.038939967550027044
0.043818663972723826
0.03174473641259997
0.04131608690192139
0.04554416403785489
0.09596317280453258
0.043870112657389
0.05004291845493562
0.03685215093231537
0.05711076550889926
0.05807021417531464
0.054348595286957756
0.05614688664183076
0.06636020744931637
0.08402940193785499
0.038439330198795675
0.02037201062887511
0.05170299084819323
0.04032258064516129
0.03319554052361268
0.05854451822740209
0.05858565933524016
0.0438475665748393
0.12992781787895613
0.05299723879932306
0
0.04322344322344322
0.06202723146747353
0.04371485579539271
0.027914139955722398
0.043351837166270155
0.0732315363041446
0.08636507434356216
0.024771838331160364
0.0016666666666666668
0.02029621503017005
0.05476825608536179
0.02014892685063513
0.04661053727975002
0.04612382472946603
0.040166927490871154
0.09019607843137255
0.06256539024900606
0.04738457146934989
0.047240128928283644
0.04768113242689514
0.037599696164071404
0.058598865124399824
0.009641873278236915
0.04597980780926895
0.05412032577283475
0.043636995827538244
0.03625294036252941
0.05097900864349973
0.05521429568616502
0.04161176987263944
0.059360391778585736
0.07218621096051857
0.06153606480760243
0.07916464303059738
0.06183692027887239
0.02404110846026794
0.08756756756756756
0.0681175805539853
0.06611570247933884
0.09485753995830438
0.03574555004377006
0.03160064117242958
0.04619773949303193
0.03645320197044335
0.05803366136300929
0.05048076923076923
0.051830910070005384
0.0312271285679434
0.03779628443305574
0.06406685236768803
0.07752774352651048
0.060459492140266025
0.03125
0.052749476118216634
0.04484811939398507
0.026055833929849677
0.02040816326530612
0.08484663512894858
0.05163155720776538
0.06749116607773852
0.05633606899429684
0.02736920498975982
0.06593280587088636
0.03162727427308281
0.07793764988009592
0.05555992141453831
0.049162861491628615
0.05076518018759256
0.10580645161290322
0.07000646877021491
0.037368704551575545
0.05499594766701401
0.03923550491592392
0.03663545260390997
0.07587887225896275
0.02026735661923243
0.053973013493253376
0.06412198323740281
0.056004732794320645
0.056037358238825885
0.05676151364036374
0.06334274067105676
0.048130108148270456
0.03931777378815081
0.043896572459410706
0.045913383262780855
0.045249862712795165
0.06762900659240736
0.057946768060836505
0.03168837675350701
0
0.0896392939370683
0.06343713956170703
0.08469647400945111
0.03807034891933889
0.06816275167785235
0.08985416339971773
0.05554725996714947
0.027906976744186046
0.07937373422651503
0.04021269524759056
0.040732061153889075
0.06111712826860591
0.029960820465545056
0.04618720636067944
0.07097186700767263
0.04672897196261682
0.060718469347910975
0.06470588235294118
0.036121970289288506
0.06587596456130324
0.050416054821341164
0.049120679199514856
0.07829181494661921
0.03230885070846738
0.04386415315777892
0.0726856601688896
0.03263305322128852
0.07358712715855573
0.03102764493176251
0.03067484662576687
0.033695481026609984
0
0.04982587731047415
0.06599874765184721
0.06883933676386507
0.049919584312755165
0.061364887176664835
0.05825844437558104
0.05271629778672032
0.0426324006244746
0.05033946017552575
0.05192786069651741
0.04251668255481411
0.044400347265285876
0.03342101191397184
0.05663716814159292
0.033375314861460954
0.03229872380652277
0.028703398218409767
0.050243393602225316
0.0661115133960898
0.04180514255728529
0.09903121636167922
0.046888200506899465
0.026019417475728154
0.07721280602636535
0.029426816786079835
0.020390455531453362
0.059000602046959665
0.06603489771359808
0.08731056322099072
0.04567485418549248
0.049522461973823845
0.057965943550268254
0.06329955142050174
0.036114302125215395
0.08227382578543659
0.05879476836572546
0.03803131991051454
0.04918851435705368
0.041401273885350316
0.06003967043027159
0.05692712310172224
0.030341608317419902
0.02005231037489102
0.04726558236000437
0.05298255229743309
0.07186796699174794
0.05857071464267866
0.04926653750345973
0.04451038575667656
0.059094397544128936
0.032307171853856564
0.06726348899104767
0.02849002849002849
0.020665691294806145
0.04164576016056196
0
0.03570797242354605
0.06471036585365854
0.023275677984198162
0.04021857923497268
0.05530121357459487
0.03706941773037244
0.06327881619937695
0.02506132025167964
0.04856025595449698
0.036813264015736966
0.031246561777973376
0.08266773162939298
0.0463881296368606
0.04543061301241068
0.07611268939393939
0.051722436087256934
0.03601451199008937
0.03612637362637362
0.032533490357721184
0.05129344830651614
0.04922303898762445
0.031660598385309484
0.04087894684747105
0.06062539885130823
0.05061662198391421
0.04020666979802724
0
0.04539877300613497
0.0434883182974786
0.052829814649618397
0.020041753653444676
0.03524083985179086
0
0.059646236116824354
0.03750620963735718
0.04779109870257842
0.02233732599546779
0.04634974533106961
0.0450148329678834
0.038155530840961585
0.05684439017772351
0.05329126128495048
0.07814106518609912
0.04301970580072162
0.036477300315610584
0.03946345256609642
0.05588235294117647
0.026327873871115872
0.052947864219587464
0.051639833035181874
0.052748423763431314
0.06002060793405461
0.04306397723054078
0.06767214150347442
0.03634107427761035
0.044444444444444446
0.03943064273715852
0.05091514143094842
0.038537906137184115
0.04535851870262209
0.019042534258764905
0.04158544509421702
0.16707317073170733
0.06040204816992224
0.053558590941768514
0.05122950819672131
0.02884842752423741
0.06486108334999001
0.03666006973895015
0.045748775367389784
0.05118340720916618
0.03579049466537342
0.03360012080942314
0.05309619628716085
0.057793149615084236
0.05368790767686904
0.033901479677842294
0.028367617783676177
0.055102832751261155
0.03212610994712162
0.08168920416759033
0.04672771343926744
0.053972470417773484
0.07700142595233245
0.058358061325420374
0.036384976525821594
0.05187182741116751
0.054538799414348464
0.04858569051580699
0.06830601092896176
0.055822067160924554
0.04135138722952343
0
0.04408766564729868
0.03461879869809646
0.05255697306727729
0.06906491410123371
0.0463329732325051
0.0484901641398321
0.03824232395660967
0.04674983585029547
0.04399835006187268
0.036213696665471494
0.041328236980410896
0.04449494209060255
0.040972157556569515
0.04057134174137669
0.03553586577434254
0.04184884447220487
0.044972861204445595
