0.002420856610800745
0.0014738393515106854
0.0028492565221262577
0.0017618040873854828
0.0021426122728830993
0.00307723869114781
0.0017855464711963162
0.0016335865392469167
0.0013155421913174216
0.001740554929865875
0.003991219317501496
0.002096729102599944
0.001837813002526993
0.0015982951518380393
0.001273074474856779
0.0024798512089274642
0.002551020408163265
0.001487089360551575
0.001803891251127432
0.0028628685943315204
0.0012082158679017317
0.0026635414447048794
0.001859773107680863
0.0023893805309734514
0.002196485623003195
0.001492398097192426
0.0017567831348819052
0.0008908685968819599
0.0019115237575095577
0.0019389961965843837
0.0030123150527155136
0.003137689184200812
0.001995854763184156
0.0018109790605546124
0.0020016484163428707
0.0006277463904582549
0.0015349194167306216
0.0033877425315676007
0.002319236016371078
0.001812250815512867
0.0023296447291788003
0.0023219814241486067
0.0017475328947368421
0.0014314342971657602
0.0024147298520977964
0.0024609705452587863
0.0030575845082384916
0.0021290751829673984
0.0019663535066637536
0.0012505210504376823
0.002054794520547945
0.0028229823978744603
0.0031765424557116677
0.002294235732721537
0.0014674232048522795
0.0025296580600139566
0.0024179620034542313
0.001968503937007874
0.0018563207722294413
0.002535687453042825
0
0.0033454987834549877
0.002231951240449824
0.0033715441672285905
0.0027203944571962935
0.0020461520973058997
0.0022315202231520223
0.0019011406844106464
0.0014417531718569781
0.00140597539543058
0.002057189878625797
0.0028114396509936984
0.002498500899460324
0.0015613740091280327
0.001223790487068614
0.001218026796589525
0.0018393110943901011
0.002401075681905494
0.0016505541145956143
0.0015736230798051704
0.002476396842594026
0.0017835093977225957
0.001238095238095238
0.002266610001416631
0.001893939393939394
0.0025297242600556538
0.0028608342561830934
0.0017697272537997085
0.0016441359152356595
0.003036437246963563
0.0024670170545961602
0.00274247491638796
0.0016881198565098122
0.0035863026376677463
0.0016213638531235098
0.002177226213803614
0.0014017872787804452
0.002128833872112276
0.0021058414209851675
0.0026109660574412533
0.0013902681231380337
0.002423997576002424
0.001286449399656947
0.0011733646230566149
0.0018909090909090909
0.0018085226630496214
0.0030916245081506464
0.0013905442987683751
0.0019213381555153706
0.0017434620174346202
0.0023010286951813752
0.0016899338721528287
0.0028881498337125855
0.0021438316117715845
0.0033507073715562173
0.0016664930736381626
0.0013477088948787063
0.0017754711827369571
0.00268941852916628
0.002119052205740705
0.00411764705882353
0.001467197652483756
0.0014027212792818067
0.0025555163905534015
0.002287191726332538
0.002144082332761578
0.00334714695569015
0.002733734281027884
0.002447068837110331
0.002667377967457989
0.002339728591483388
0.002473971755489125
0.002476123098691192
0.0013047732956398825
0.0019207842098291164
0.0036275695284159614
0.002072538860103627
0.0030959752321981426
0.00179472798653954
0.0028164055624009857
0.0009672738997259391
0.0019771863117870724
0.0024956326428749688
0.003785769958801915
0.0022859319935231927
0.0016378100140383716
0.0026015156656486824
0.002112211221122112
0.002500416736122687
0.001835039598222909
0.0033624747814391394
0.0020380434782608695
0.002633688308714073
0.001610305958132045
0.002118471441375377
0.0017388978063135367
0.0018739352640545145
0.002170138888888889
0.0013990206855201358
0.002150537634408602
0.004069552349241583
0.0027613907367892558
0.003462004500605851
0.0014161440420797087
0.002925877763328999
0.0017119100024455857
0.0019168104274487254
0.0027255773920527903
0.001701258931609391
0.0028838659392049883
0.0020708016960851987
0.002331002331002331
0.0019249278152069298
0.0017908309455587394
0.002674446875759786
0.00269323996768112
0.0012297097884899164
0.0022840707215971575
0.002611558987169297
0.002209513906940473
0.002810705120371502
0.0028269883151149644
0.0017958281530598148
0.0022933831648687675
0.0029140359397765905
0.002163331530557058
0.0026518499810582142
0.0017953321364452424
0.00182092176315459
0.002168769716088328
0.0028328611898017
0.0026507620941020544
0.0020600858369098714
0.0013213918660989576
0.0030240193537238638
0.003311989401633915
0.0024768240039629184
0.0022174915735320207
0.002593116454502593
0.0028399599064483794
0.0025571228243834033
0.001328609388839681
0.002358713086140202
0.002304147465437788
0.003006388575723412
0.0018972760536658084
0.0019725811223986586
0.003443526170798898
0.00277623542476402
0.0013360648436804134
0
0.0014652014652014652
0.0023638426626323753
0.0014511155450752766
0.0022138800654538456
0.0019384967838576087
0.0027007375090890204
0.00506168933881683
0.000434593654932638
0.004166666666666667
0.0029255805448893763
0.0028342780926975657
0.001314060446780552
0.002083152504122906
0.002394890899414582
0.001630151278038602
0.011764705882352941
0.0012554927809165098
0.002354956112181546
0.0017123287671232876
0.0030731979884522256
0.001139384732244588
0.001855085115670013
0.0009182736455463728
0.001824595547986863
0.003065066993607146
0.00260778859527121
0.0006918500069185001
0.0022931733991885693
0.002303504118386151
0.0021958717610891525
0.00170661126363434
0.003142801021410332
0.003738900140208755
0.0024283632831471587
0.0016671718702637162
0.0007340796476417691
0.0014414414414414415
0.0022611644997173543
0.0019834710743801653
0.004517025712300208
0.0014590020426028597
0.002289901534234028
0.001975200263360035
0.002167487684729064
0.0032189828014347467
0.001153846153846154
0.0012116316639741518
0.002683581361307636
0.002348921631432842
0.001392757660167131
0.004007398273736128
0.002297460701330109
0.0010548523206751054
0.001372931570200159
0.0029396246325469207
0.0030064423765211166
0.0010204081632653062
0.0015260186174271325
0.0017898939832025334
0.0021201413427561835
0.0025038252886354154
0.002978961087320797
0.0028666437335167984
0.0033157626254038427
0.0033306687982946974
0.0025147347740667974
0.00228310502283105
0.0018101036695738028
0.003870967741935484
0.00301875943362323
0.0012119579854565042
0.0008104665971981012
0.0014701828539924653
0.0012321340561853129
0.0024364775495997215
0.0021561017680034496
0.0017491254372813594
0.0032313440371604563
0.0020705975152829816
0.0027637472600781474
0.0027867409797594604
0.0018814675446848542
0.0021464542227359034
0.0026032315978456013
0.0018898720041233572
0.0016281341582546401
0.002416254805052169
0.0025005683109797683
0.0019011406844106464
0.0013777555110220442
0
0.0035303146584804296
0.00461361014994233
0.0018175209014903672
0.0018364175731035457
0.0008389261744966443
0.004077152265955779
0.002986411826190832
0.0015503875968992248
0.002025237575946409
0.001661681621801263
0.0015623256332998549
0.0030945381401825778
0.0021894445724821385
0.0021684134441633538
0.0014919011082693947
0.0015214083894805478
0.0024404529480671613
0.0017825311942959
0.0028146989835809225
0.003429551300371535
0.002936857562408223
0.0015918738629472407
0.0017793594306049821
0.0016428229173796975
0.0017604342404459767
0.0025254518191145134
0.0016806722689075631
0.003728414442700157
0.0016330339437769742
0.0021728016359918202
0.001889466225791214
0
0.0024109295472810074
0.002379461490294302
0.0032018296169239566
0.0015464555239391314
0.0020638414969730325
0.003202148538374135
0.0014084507042253522
0.0024018253872943435
0.0031462162609703593
0.002798507462686567
0.0017159199237368923
0.0019843730621356814
0.00139254216308216
0.002450646698434309
0.00163727959697733
0.0011028832519300457
0.0029693170570768723
0.0027816411682892906
0.0023171614771904415
0.002099002973587546
0.0032292787944025836
0.0033793297662630243
0.001941747572815534
0.004017576898932831
0.0017911975435005118
0.0013015184381778742
0.002752214672744474
0.0026323706377858
0.0049762497172585385
0.0027109176045346257
0.0021223912274495934
0.0010496850944716584
0.001993686658913441
0.0020821367030442275
0.002626878217925817
0.002566923359002567
0.0011633109619686801
0.0011235955056179776
0.0028308563340410475
0.00251754653646628
0.003223890727072198
0.0011669849352853809
0.0013077593722755014
0.001200742277043991
0.0031972229834657897
0.0033008252063015755
0.002798600699650175
0.0013838915029061722
0.0020881415540169247
0.002609363008442057
0.0016069012178619756
0.0012097749818533753
0.002849002849002849
0.0021945866861741038
0.0020906506104699783
0
0.00265158211065936
0.001676829268292683
0.0016015374759769379
0.0022950819672131148
0.0029067654966935543
0.0024479804161566705
0.0024338006230529593
0.00202623440332729
0.0025595449697831496
0.0016861036953772657
0.002860600726152492
0.003194888178913738
0.002264740335806326
0.002106054907860098
0.004971590909090909
0.0017767249037607344
0.0016812671445004866
0.0016483516483516484
0.001324893272486383
0.0021335229798204285
0.0020470829068577278
0.0017413329111920215
0.0024745125210333565
0.004850031908104659
0.003431635388739946
0.0015969938938468764
0
0.002331288343558282
0.002081887578070784
0.001784121320249777
0.0012526096033402922
0.0021407986825854263
0
0.00390785684903332
0.0015731081304851797
0.002134997536541304
0.0009711880867594691
0.0019524617996604413
0.001547787953050432
0.0017965608691932586
0.002577669244335911
0.003155403628714173
0.002056343820686819
0.0026829493940234987
0.0010318038358824958
0.0023328149300155523
0.002058823529411765
0.0019898974437471298
0.0019490011369173298
0.001073345259391771
0.0027528638664417013
0.002232526189249528
0.0027224353421606237
0.0021320277953253315
0.002127282396738167
0.0024691358024691358
0.0024754663601803555
0.0019966722129783694
0.002256317689530686
0.0019883186280601466
0.0005339028296849973
0.0009746588693957114
0.004878048780487805
0.002086098994879575
0.001557632398753894
0.0020491803278688526
0.0010640813431071175
0.0023985608634819106
0.002921496560173405
0.0017494751574527643
0.0016726603663126203
0.0011639185257032007
0.0015101177891875567
0.002596391016487083
0.0021198259511324333
0.00288509784244857
0.001311106948866829
0.0031519575315195753
0.005044625533566162
0.0017958695001496557
0.0032143648858346265
0.0021545919741448962
0.002414875633904854
0.0034630270930943166
0.002472799208704253
0.0019072769953051643
0.002458756345177665
0.0018301610541727673
0.002995008319467554
0.0042122040072859745
0.002180549498473615
0.00205761316872428
0
0.001783893985728848
0.0020712101785185914
0.0023988659906226148
0.0017295053614666206
0.0016804705317488896
0.0022553564716200976
0.0011031439602868175
0.002232435981615233
0.002474907190980338
0.002151308712800287
0.0026278069756330625
0.0015393637296584079
0.0017692522581245927
0.001367573317125057
0.002167970591007635
0.0006246096189881324
0.0012923235978288964
