0.010162146006127176
0.014895789536909124
0.013749079302725264
0.004189578423671118
0.012819807427785419
0.009122952519178934
0.016403719569532963
0.0197041938308845
0.01544943820224719
0.010330805583031103
0.017375335499364316
0.010953177257525084
0.02179054054054054
0.02286401925391095
0.06003159557661927
0.012345679012345678
0.00641025641025641
0.019366581725518747
0.015694339214200673
0.008500400962309543
0.0200652790411472
0.015123331985442781
0.011565518063669965
0.008073196986006458
0.014448949502395872
0.008877744646245595
0.018246083301490256
0.01950692591180582
0.016923693170438615
0.012323507555115184
0.015355805243445693
0.01224451351605915
0
0.013058055408505381
0.01237224314147391
0.007045561296383279
0.010133637342453606
0.007330103118399801
0.007213178672385223
0.011034633453512509
0.018702311972921805
0.015987933634992457
0.01591797428199173
0.0140641158221303
0.014021192336508616
0.01751014307068119
0.01526053991403873
0.006363949088407293
0.015770781917775235
0.011813225220187334
0.015254409081694708
0.015280135823429542
0.016470407142307398
0.010767872903795234
0.011485148514851485
0.0062339567290062336
0.010380622837370242
0.0005192107995846313
0.008
0.008115323011211959
0.014178260001331293
0.014846919955735892
0.006820005349023803
0.01901743264659271
0.014947920807823806
0.019195046439628483
0.011626890462453012
0.014262769033087054
0.015159660251585851
0.013563097890184773
0.021238938053097345
0.011549825409615902
0.011139745614764319
0.011460302457466919
0.010881262704771015
0.01243205154016509
0.012417994376757264
0.020903954802259886
0.019748858447488585
0.004500818330605565
0.01260427449308896
0.013784067085953878
0.016870847176079735
0.019594243107334836
0.0076178384383431205
0.008657094594594595
0.009983835694589712
0.017325537735343025
0.013567438148443736
0.0073760981269683406
0.015271838729383017
0.023268008127416924
0.02178471575023299
0.012804878048780487
0.011857065511640497
0.019203866208826147
0.019363356315094615
0.015918367346938776
0.011903595571666504
0.01511491048751781
0.013726281792490917
0.015032652893580318
0.01910480349344978
0.02403266836256527
0.007718638834821129
0.015034168564920273
0
0.014518276706327047
0.012259524707657487
0.012262508515630913
0.014747191011235955
0.010515247108307046
0.01615049600774256
0.010733615318142539
0.01495581237253569
0.014068554396423249
0.014089443431936072
0.019172084383707044
0.014218009478672985
0.013930183900451492
0.01113886113886114
0
0.011223021582733812
0.013726868118997423
0.01727423618368476
0.010102344007923408
0.011456442831215972
0.014084507042253521
0.007702763932940644
0.011294810934686528
0.01004322400203407
0.01172403427025402
0.012207650933703995
0.010367365336939374
0.020078799818154264
0.015574618239338079
0.013975155279503106
0.013611867325962554
0.01640127388535032
0.020693852708460133
0.014655716993051168
0.010171204750773896
0.026411657559198543
0.010518407212622089
0.010392325667199607
0.016195836873406966
0.01229712858926342
0.012232415902140673
0.012161471640265712
0.015088258990698015
0.02242466713384723
0.010662779993863149
0.010711553175210406
0.01236253318164581
0.02037752037752038
0.01563160118293198
0.017522389720198032
0.009588911041488655
0.009829734948218361
0.012771965855850075
0.012794086289004193
0.014825482887156896
0.018804243008678882
0.01651073197578426
0.02454884196682984
0.016742522756827048
0.017580095105432538
0.009369369369369369
0.014965986394557823
0.012917526561186271
0.010866456963111238
0.02259746709709461
0.01250775273930122
0.014323407463249152
0.01787331682869392
0.017831761209458587
0.013995375441158574
0.017565073506014127
0.012760527435133985
0.018833583920234234
0.02075971731448763
0.014570708790086472
0.007460265974699967
0.0073150705381801896
0.01463467125793608
0.019644467345098546
0.015268932709276452
0.013351813351813352
0.014569020123763583
0.015853420830355403
0.010008534409186127
0.010596510459486617
0.01241697949754548
0.013536478171696455
0.02077787156678138
0.015444273584274922
0.013168640261331155
0.01229296066252588
0.014770777151262564
0.01604559403770276
0.014686598478888015
0.012431941923774954
0.01253248628356916
0.012085838934087961
0.015871723913397362
0.013511740784468058
0.019657005315414703
0.013847502191060474
0.025800022145941758
0.01670843776106934
0.013193256779868068
0.008773920278345056
0.014243070362473348
0.0147003569415743
0.01580411797440178
0.013669344389738275
0.011851319806069313
0.015446363415227439
0.01403020242047767
0.011208853575482406
0.014638854630275082
0.013888888888888888
0.011067660296613296
0.01112099644128114
0.016066311911584117
0.021509192872861505
0.02230038691523039
0.01112198594180977
0.013511830635118306
0
0.014322291566650665
0.011760915095859513
0.01608888888888889
0.015181165866097373
0.015045293422607325
0.018401937046004842
0.002849002849002849
0.01919191919191919
0.02564102564102564
0.010539692031693826
0.005296394377673661
0.02392638036809816
0.016252726377260256
0.01767942863833275
0.025682872358701255
0.012883539582980165
0.011655355562112718
0.019953541008993984
0.017159985013113527
0.015047737650477377
0.013965087281795512
0.014635724104471578
0.01681895366701706
0.016777251184834124
0.00816718712466971
0.015668965517241378
0.021715706589307916
0.013746399150957699
0.009306514560192134
0.00714871674674792
0.01412794746791364
0.015796519410977244
0.011438627364716234
0.021133345801383954
0.016063396872992075
0.016531981196852057
0.012160413971539457
0.013692307692307693
0.01422776911076443
0.01614063945718104
0.01804090139377361
0.016144761079206846
0.011474713132171696
0.004408060453400504
0.01678183613030602
0.01686681959249764
0.020242149073023078
0.010193399085349055
0.015421590226316844
0.014464373136321153
0.017252478434401957
0.012488328664799254
0.016800888642043876
0.015789473684210527
0.01751439539347409
0.019630838262288394
0.022616562282533056
0.013600777187267843
0.0149453219927096
0.021653098145635458
0.01383399209486166
0.024659266544892512
0.017526826775677056
0.016617621602908084
0.011222093994985872
0.012575950261410201
0.01350438892640108
0.02716914986853637
0.017153243212541178
0.01578572156024035
0.020349713596623454
0.002108814846056516
0
0.014236174484394962
0.017724537915334165
0.013592963642349843
0.021990257480862908
0.014306006493506494
0.017188667708404104
0.011812865497076023
0.01283147989734816
0.008078036884621246
0.015701377573692787
0.0157033948002867
0.01305393335623497
0.0022742779167614284
0.00613721049170746
0.012489186851211073
0.013662406346408109
0.011912568306010929
0.010931845597104946
0.018841409462343205
0.01926961926961927
0.009070294784580499
0.01569916027747353
0.010095344924284913
0.01584208210221915
0.015954738330975955
0.010727455581629233
0.006002143622722401
0.0073224896464798035
0.013491488591090185
0.015488580871109357
0.006851661527920521
0.013044130141436353
0.014725151307169152
0.010774028919761838
0.013083015547081255
0.015487056711057908
0.010876194348444806
0.00750659362953946
0.013024044389642418
0.0225917619386248
0.018334985133795837
0.008703220191470844
0.0177471399237313
0.014235315962121681
0.017799804551165713
0.016821345707656612
0.017982565379825653
0.011389096340552652
0.01864006300866369
0.012461459403905447
0.012984457997245721
0.016714350248456557
0.012953102600860127
0.01240694789081886
0.004334564135495264
0.017066165911852425
0.013848729264952063
0.01905258281213806
0.012884882947190127
0.013997811417107422
0.020400233145521664
0.014904427776433584
0.01423272664538946
0.011637080867850098
0.015332896031485733
0.011330527678860473
0.010394210040036957
0.005118045236915965
0.013238490416913653
0.011530815109343936
0.012931327843190635
0.015081618168914124
0.014275936247188814
0.011340623734305387
0.008871701546860783
0.015475124696252718
0.013179701681003866
0.01148089933711474
0.014726688102893891
0.01958559742043351
0.019366422983198666
0.010575793184488837
0.015739356260328952
0.01513495792809529
0.009916610322289835
0.008874546187979023
0.015562547835700314
0.012949782522736259
0.017488250081976173
0.018245004344048653
0.013017332861690838
0.012816430504696705
0.020550161812297733
0.013486370157819226
0.006062832996509278
0.016479937467430955
0.016819342243580115
0.013047210300429185
0.01748676081200353
0.002537427048972342
0.016793551276309895
0.022675124848157646
0.017739697097689012
0.014996413901023669
0.013733285146367907
0.015373723070698897
0.017253742045352693
0.01785965405709464
0.012362574700059303
0.016199973871009885
0.01706596652445028
0.016770483948251078
0.01565877323598636
0.013391304347826087
0.013763677654669328
0.009822763185991885
0.017330210772833723
0.02155368516833485
0.009805537244561634
0.020809414466130886
0.017294520547945204
0.006138963817319319
0.016132093376352248
0.014713837498647625
0.01466649662032904
0.011450014432791302
0.01121538109407187
0.01459894532334166
0.011675921970667805
0.008596783139212423
0.014669234254644314
0.01624607386548251
0.012676818427765324
0.01354062186559679
0.019846010885437408
0.01327129890931279
0.007162116616110549
0.01526214658248696
0.019111816019032515
0.01301808066759388
0.011918951132300357
0.015048431734317342
0.012803458596607914
0.01577652337530757
0.011692933401118455
0.016140189070786258
0.01550245379076274
0.014282587282477837
0.02005888847994111
0.007942430703624733
0.012835359969117931
0.010963700018426387
0.01655563617175648
0.01216405029999178
0.019385677613525713
0.01108057034873733
0.01690913731495661
0.012263562668883808
0.01541613815982047
0.001664816870144284
0.017320427916454408
0.011187117001567621
0.013466334164588529
0.03453689167974882
0.029018885306310457
0.01354380721090977
0.01820240376241073
0.018959135886396253
0.020675059691773388
0.008743523316062176
0.014481094127111826
0.010743801652892562
0.01672152732060566
0.013829279923700524
0.012596459373581479
0.012902340264909752
0.016307692307692308
0.007188334360238242
0.006957866254348666
0.0062050136510300325
0.013243736951983298
0.01377219028365658
0.0028653295128939827
0.013365395369645454
0.014351320321469576
0.005226480836236934
0.019103600293901544
0.013349175286552977
0.011129848229342328
0.014169122647925641
0.014151464897733555
0.013457241519398741
0.009207708779443255
0.013182263863165922
0.01283987915407855
0.013903161458018497
0.010794770342336142
