0.023191193758683337
0.013888888888888888
0.020184291355857833
0.027157828766407856
0.01930167807961472
0.028018189819568724
0.02785763175906913
0.01984732824427481
0.022580283375079443
0.022069360848380626
0.02812825947982908
0.018864460458071327
0.02172065350835773
0.02097406106457714
0.021750388399792854
0.015619785061077364
0.0258843498051923
0.021413190844564958
0.033439943141435675
0.022727272727272728
0.02128589536255955
0.020062458597520583
0.02630396460544053
0.023411371237458192
0.022351650845278168
0.0257431906614786
0.03181692423224378
0.028503012513517688
0.08758076094759512
0.036875
0.021521023205943172
0.025435496086846757
0.022656691134952004
0.02302142424409319
0.019977917327996687
0.03059609636011957
0.038365867026434505
0.025500125704845025
0.028264025275382118
0.029370357784358463
0.017844224740776463
0.019440124416796267
0.013013698630136987
0.02568608895498175
0.0211864406779661
0.02294802402313339
0.023501301665418493
0.02728395061728395
0.02486275004732757
0.019725400457665902
0.0638063806380638
0.023756660746003553
0.02746182081841664
0.025107604017216643
0.02508814754542989
0.028655060853489445
0.029566590629935077
0.021787461093819474
0.021711424670004552
0.06465673810388667
0.020237136792798066
0.022731937602627258
0.024126514511129897
0.024048421822317912
0.026056094182825486
0.02490143183233036
0.02494721875134646
0.019782460910944936
0.03136136849607983
0.019718579496506173
0.03848692896752046
0.023360140051425133
0.01984339804783868
0.027628190119409975
0.015094952118162636
0.024346731031587784
0.018452611218568664
0.023640395384673208
0.03408012151129675
0.02132295719844358
0.024752215637946405
0.028972825822760197
0.018335565974547892
0.024967148488830485
0.02291820686874118
0.026833184656556645
0.029831503134308452
0.022437758273283016
0.02882925670862028
0.01766608609106743
0.028381117868520128
0.027349850166715907
0.029320198875516935
0.02276224672993075
0.033246900863140694
0.03054141601110597
0.022654315326057047
0.023281786941580757
0.02214896466467498
0.031181260371242234
0.019908116385911178
0.03454121635939818
0.02485743529755812
0.025889277488697432
0.025736885600724096
0.02616175948918056
0.024763010253433932
0.02684468934336477
0.029052492571805876
0.03668208856576338
0.022060549166862238
0.024793388429752067
0.021783778323962156
0.019959404600811907
0.029371287845864118
0.018542267820882762
0.014955229567536674
0.022514772982272422
0.028338538889312107
0.030727073438070882
0.03690433536366894
0.020108275328692964
0.039081659274719543
0.02571035529623832
0.023157328672738883
0.02681245212062121
0.017178109876083605
0.030897703549060542
0.008092485549132947
0.015061034513041187
0.019570632190724708
0.023642394322739894
0.027486502164115835
0.021852168761929837
0.03718304375334599
0.021793998637875085
0.023401520831102068
0.0239000363624343
0.029912527335207748
0.028246104674390732
0.02009577561142466
0.02574365055835557
0.03586122822166912
0.013261000602772756
0.028755560225561277
0.015899053627760253
0.02016166932982423
0.02215860504889021
0.03327759197324415
0.030170024025133985
0.029808070338468138
0.03805431947214976
0.026583292262198126
0.03397799858055359
0.028188865398167725
0.03128523111612176
0.019612314709236033
0.019016829894456595
0.033122156554275264
0.023547265873598667
0.02040004545971133
0.02446964923335434
0.010311362717347351
0.01611677056408697
0.023086541037777977
0.02424311839040965
0.03052866716306776
0.022868721956867854
0.03744919682601122
0.01751950780312125
0.019827933862078238
0.02601156069364162
0.022552255225522552
0.025820867730122276
0.029130695720419188
0.029598728645212555
0.03460381143430291
0.019764279238440617
0.029402091692429126
0.030833076105223445
0.028176100628930816
0.015232974910394265
0.027241470510446973
0.017639856126119232
0.021799669306413715
0.023252032520325202
0.021000292483182217
0.021996037980736387
0.03215686274509804
0.028751500600240096
0.025813692480359147
0.02406832298136646
0.019908814589665653
0.03032276445927795
0.016558535876827735
0.026500053861898094
0.028172694961321347
0.03323978249429924
0.01645589505930406
0.027152232659889333
0.022656581365757104
0.045858680393074405
0.01952396621695733
0.025098689019932747
0.02483023526990877
0.027545829734139552
0.03716598091965456
0.016166281755196306
0.027613496149427732
0.024751711007049863
0.02893799002138275
0.03427275960170697
0.02264403982049827
0.028212191220899237
0.014195346035093004
0.029465143589196115
0.02891369190801501
0.016897255613517806
0.023581492359426214
0.023169241026780755
0.01785076758300607
0.043795620437956206
0.0253245228591554
0.02409863627872221
0.02320556181886509
0.030511170558889453
0.023475586889672242
0.02246217808060977
0.033605090475243585
0.02485231207985333
0.02143698468786808
0.023504273504273504
0.01537806953561877
0.02682344295425317
0.029583146571044376
0.03274478330658106
0.02274799416484318
0.02142588648039093
0.017231409737481208
0.028803156510302498
0.022237071685785353
0.016276116818654048
0.024791442411194832
0.02113864463984368
0.02717731829573935
0.02251583144398405
0.03056726715216558
0.026244622003687768
0.021100709648195683
0.030925912109229278
0.022567213283298207
0.026465207242445273
0.02146652497343252
0.032802681189777964
0.02993408297789841
0.028519692168401993
0.02061665899677865
0.013617747440273038
0.015541426985568674
0.03328003198081151
0.019143804642749472
0.030083208875613398
0.0341228613639613
0.026426111693367272
0.019595806969496646
0.024526337705600667
0.01918649270913277
0.022960137611248224
0.02297002822134105
0.02485394119337228
0.024366688953272417
0.0272938198692259
0.03689752201143687
0.02887160820648577
0.019677494741762093
0.028920382532549832
0.025634352635003254
0.027479945993169726
0.022348364560177834
0.022121271973138457
0.031880009715812486
0.027325195362378058
0.03340595497458242
0.023420394119487018
0.0160597682216601
0.026885245901639345
0.030182254382231165
0.029835902536051714
0.02385146393715782
0.018743524536121315
0.028990923651895355
0.018018806035425324
0.021146452289409298
0.028486413162385683
0.005412719891745603
0.02940718842383694
0.0270281543274244
0.025281962001362502
0.029531952886233302
0.034368027557051706
0.019109428519920677
0.024402006172839507
0.019519968130664277
0.02303628038041564
0.018009768009768008
0.032666644028659715
0.024559471365638765
0.016497714172132777
0.01896282199415483
0.029012429073223454
0.029774127310061602
0.03431532560796475
0.025603688872709623
0.024258474576271186
0.015675151153243264
0.01922654843948905
0.028631609010745778
0.031706110332316316
0.019867549668874173
0.025482093663911846
0.028367332921217115
0.025860713724257193
0.011856623946268248
0.03168371073776479
0.02440181300727311
0.02826389672951714
0.023481883600555486
0.029226223748303123
0.02523891203136486
0.015600624024960999
0.02856477011685588
0.029014942695488176
0.026566811194324004
0.03322014482673976
0.02356746765249538
0.03181076672104405
0.03930211202938476
0.03725938631599009
0.03349779278109582
0.028402635764598956
0.037916947606393525
0.026716516727031975
0.02503858024691358
0.022954870594355574
0.025689690232495087
0.027083844294173296
0.05384130982367758
0.029123837493881546
0.02847113884555382
0.021850013785497658
0.021260146888287593
0.02990436941934802
0.03437278525868179
0.02923351158645276
0.02041172365666434
0.015262085571402111
0.033576642335766425
0.021869110287905374
0.02153968887116075
0.022495650012428536
0.037784567715281665
0.0166623722408314
0.019941504918904545
0.024655963302752295
0.024103281607733403
0.025235302141590508
0.024319536157191173
0.01811031770671634
0.02360930159106163
0.02839098099397946
0.02679886129380583
0.03494983277591973
0.023220941690587377
0.026026730155294626
0.024290393013100438
0.016470397798551254
0.02046081843273731
0.025090645395213922
0.031256682586071706
0.021056206486670063
0.013437158729405062
0.02565922920892495
0.020555022510886412
0.021231139003872346
0.01945690386713541
0.01722413601511279
0.029684276773539388
0.0186487312748395
0.022591254650347767
0.021877457639236434
0.02299201383590213
0.02387212842513147
0.029696132596685083
0.02592810842663524
0.023163764025607488
0.015367965367965367
0.029811208118797106
0.03757225433526012
0.026238309664011084
0.019087004930809608
0.03975334018499486
0.03430232558139535
0.022460622152057696
0.027327361378841137
0.02982292637465051
0.025381997248171483
0.021760764280501558
0.01939655172413793
0.024795534207451644
0.02283393501805054
0.017832772268219454
0.024458397711956344
0.014849132810643859
0.026046295938478185
0.029876373626373628
0.022598194535780474
0.03132356291290151
0.02431740614334471
0.03489297718025827
0.023404255319148935
0.035442435775451954
0.024880292930241292
0.026729750495369808
0.030377871079278834
0.02191464821222607
0.02136089577950043
0.021051981726139028
0.02951220540494962
0.0232901565334796
0.024907492141805595
0.022685763722003267
0.021826826105748452
0.024126539193112424
0.023109056972713538
0.016797466611593006
0.026338190376045265
0.01920588083035668
0.016897746967071057
0.02503625677429204
0.015719063545150503
0.026296655356277267
0.03216311905472849
0.020249328466147805
0.037955346650998825
0.02344241661422278
0.026649175412293852
0.021694517736734097
0.02573349862879898
0.02655446776464425
0.023481444004642717
0.025659611481588865
0.027093954843408593
0.02178874391766783
0.029487179487179487
0.02620224366517612
0.03690303907380608
0.023149792776791002
0.02760274354541906
0.025311428055605704
0.029887238623508373
0.011253535535896973
0.022179746105020198
0.03186670980265286
0.02022960836959541
0.027905382242029483
0.02402173913043478
0.03147382638235174
0.019739646522608782
0.017214397496087636
0.01822079314040729
0.020883366398663464
0.020318272236430804
0.019141207153502236
0.028268107293171682
0.025130088766452403
0.025190326914464847
0.020639147802929428
0.022520513735283625
0.018664047151277015
0.020703309947058064
0.013803983435219878
0.023614895549500452
0.02727015558698727
0.02692595362752431
0.02158440352777348
0.021335045845374434
0.022695867007244252
0.023181856222278016
0.016823821339950373
0.017099748533109808
0.023050010290183165
0.027220630372492838
0.030306091524396405
0.018187454789707555
0.021544895760724922
0.02964608549103723
0.019186291000841044
0.021608757734412183
0.015647837675178404
0.014160740134684373
