0.003863031166785433
0.003426816898319489
0.003138331780512921
0.0027989724320386486
0.002646216989793163
0.002562621814769364
0.0031698207952797915
0.0024600889819419002
0.004081015719467957
0.0029140359397765905
0.0019398642095053346
0.002651766265744862
0.002989481454142831
0.0020929651380732226
0.0037343955614041325
0.0025213675213675213
0.0027607730164446046
0.0030537762550275583
0.003165691076334966
0.003614604216025758
0.002124615184494645
0.002756873556366888
0.002087179898852051
0.003153910849453322
0.0024395572385668514
0.0033742078841247636
0.0038187229741113047
0.004643337819650067
0.003463491009156901
0.003242520474678255
0.003045685279187817
0.0028707729978469203
0.0028056112224448897
0.0024779623837185684
0.0023321468025039893
0.0028645188669236482
0.0035475792988313858
0.002862233125967464
0.0032003491289958903
0.002187374842108506
0.003047945205479452
0.002288690711072528
0.0031752751905165114
0.0029682906641550363
0.0032852282060307405
0.002883922134102379
0.002099802371541502
0.0020440810522573765
0.002664777710315051
0.0018698946954039957
0.0027788303650372616
0.0019981555487242546
0.003481012658227848
0.0031960581948929654
0.0036392795460152973
0.0031101078505141712
0.0020893286553396143
0.00278669143725722
0.0026759688440770295
0.0021241830065359475
0.0019702859577187285
0.0036603221083455345
0.0027776920465417735
0.00283059175389874
0.002361898410581305
0.003091564877398236
0.001324722636198046
0.0021542118555935223
0.0029222854707619253
0.0027505916970511097
0.002628120893561104
0.0027195245037568688
0.004467637783450969
0.002353477072578196
0.0019341596273782268
0.0025038520801232665
0.0027742915648325517
0.0036461850101282916
0.0037011039499712847
0.002207055787579369
0.0030492763050902587
0.0030049566294919456
0.0035022992193348306
0.004166666666666667
0.0034813962885828853
0.003705904975002622
0.0008470986869970351
0.002851815290117363
0.0034879971861535306
0.0022388439424006513
0.0019877422560874605
0.0032072021381347585
0.0037121187878012096
0.0035379082482968334
0.0022130614016055545
0.0028935523469924593
0.003965107057890563
0.002028793258163942
0.0025964723789059004
0.0034318398474737846
0.002476640774513115
0.00296979006656426
0.003297022982189611
0.0033371227401078145
0.0042899571004289955
0.002300588293292142
0.0018558172733761599
0.0022234949297577737
0.0035632386664314693
0.0033318909562959757
0.0025958913306180905
0.0026403557531962203
0.002016796604557358
0.002327148018862147
0.0015772870662460567
0.003362678051913704
0.004452998226348164
0.0034158090650317496
0.003756526168343308
0.0027945971122496508
0.0024227277364072225
0.006238133984269053
0.0037547955268957636
0.0035120092859906543
0.002007112926511497
0.003338201543918214
0.0038094684192160055
0.0036329339434799314
0.0033743939195387236
0.0019998571530604956
0.0027258850039979647
0.0029119017365523085
0.0030673712997523928
0.003971101861154969
0.0025989327049691594
0.0029921083143209784
0.0035284590467376214
0.0037775763070414022
0.0022920759659463
0.003093080132355057
0.003575586229835357
0.0034733599842715775
0.0031730921783277802
0.002729133500113714
0.0033955145671766924
0.003343764736142667
0.0021800741225201656
0.0029010506507762272
0.0034768917899432547
0.0029905083864256925
0.003188405797101449
0.0038004128034596863
0.003054212267752609
0.002825517795577676
0.003259945195124256
0
0.003205770386696053
0.0013832215229268967
0.002787892580791989
0.004148702513625641
0.0027184857027788964
0.0031589465880153436
0.0027980922098569156
0.002525813256356167
0.003282735437785598
0.0034095030830612987
0.0021680686844159224
0.00307662255213166
0.0029261426772353508
0.003046748548033895
0.003216619199195845
0.0030441400304414
0.002612671456564337
0.0022260559853080307
0.002097293979231674
0.0025534522674656134
0.002053899296695089
0.002025182706700713
0.0021823562049195487
0.002623484711416682
0.0028764880293844315
0.0031545741324921135
0.0015734912995186967
0.002821654817560652
0.0018845297241733767
0.003341687552213868
0.0027266530334014998
0.003400113337111237
0.0029611999778601872
0.0026782823674838863
0.0024328680473192834
0.0025188916876574307
0.0034892638036809814
0.003169572107765452
0.0037490236917469407
0.0041571100917431195
0.002431705298013245
0.0017618323055978216
0.0015555555555555555
0.002476208972616042
0.0033103253979433725
0.0017196313110469116
0.003241013553329405
0.0024610624758288507
0.00283451438099208
0.0029477374123645633
0.0030175015087507543
0.002642007926023778
0.0025558861676966507
0.002250329789710561
0.002817043110820464
0.0029980325411448736
0.004461026847270662
0.0035149384885764497
0.00208183776022972
0.0023515952713868056
0.0033280085197018106
0.0031891568666533787
0.0034368760433373703
0.003131200396825397
0.0024791006053617756
0.0019499025048747563
0.003706672009617311
0.003232666950233943
0.003107973294451692
0.0029999210547090867
0.0021632981024785215
0.0031427053824362606
0.0035037732943169566
0.003134642699711025
0.011467889908256881
0.0023375171502617
0.0034005894355021537
0.004095563139931741
0.0021217907914279654
0.003998760074395536
0.002949694304408452
0.0026840490797546013
0.002192517151142231
0.0020218358269308533
0.0025177290084343923
0.0013256738842244808
0.003334269268566615
0.0036830270605567187
0.0022224966045190763
0.0025820333512641203
0.0036672884195883787
0.00337284378914908
0.0031940135061142546
0.0028307165662749744
0.0021457069098467832
0.0034050328045843368
0.002654339397554429
0.002116024073208937
0.002781694166063331
0.0026120152702431183
0.0044080170810661895
0.0020482059910025235
0.003838488226175537
0.0028624192059095105
0.002871812723000609
0.007817811012916384
0.0024652696805143753
0.0028554352878677205
0.0038214296294101966
0.0037087994257342825
0.002679489061811775
0.0029312174660130388
0.003042271562766866
0.0023853972204936737
0.0023843069253278422
0.003406275805119736
0.0024796032634778436
0.003533932615110135
0.0030896919395389695
0.0030930287889602663
0.0032780271319784154
0.0034339298685861453
0.0032012543690588965
0.0024107086214553066
0.0029494315208600922
0
0.004685059864653826
0.003349041225808364
0.0033464962184592733
0.0029809813390568175
0.0029693265682656828
0.0031412711390335214
0.002620322916265269
0.0029006013441811107
0.0021967010944966858
0.0025113750517047804
0.0023942537909018356
0.003239556692242114
0.003006012024048096
0.003602369823454107
0.003907130513186565
0.0030678207516160842
0.0037334025906567542
0.0026922429749284874
0.0032084581067041494
0.003885841170323929
0.0017224994060346876
0.00265991539546212
0.0030450023014552277
0.002877237851662404
0.0019526116180391274
0.0025026416773260662
0.002457247218993857
0.002753097234388687
0.0022240377632534495
0.0028280018544274456
0.002925769059295586
0.003576294277929155
0.0027938964109176876
0.0022709010236523076
0.0032336297493936943
0.0036319612590799033
0.004023296804352824
0.002136244956088298
0.0027517564402810306
0.0026840127569547506
0.0031738659235175724
0.0027124773960217
0.002155241740920642
0.003197935368043088
0.003700657894736842
0.0025634971497959323
0.0030432136335970784
0.004148641940287923
0.004041693256753882
0.0035902345619913834
0.0028399505117534586
0.002976190476190476
0.002533783783783784
0.002802690582959641
0.0033909696340196738
0.002758247701460249
0.0036712328767123286
0.0038646513225695637
0.002722219038340306
0.0019241652518392756
0.00400269340116714
0.0021797045289416324
0.003386514148103552
0.0030627126883811377
0.0034383421615091533
0.00244427419649046
0.0032507223827517224
0.003419916944874196
0.0026945829590857002
0.0023259911894273127
0.0037154630818077416
0.0026342451874366768
0.002987990576337413
0.0032082922013820336
0.0027765550401246063
0.003156426631432137
0.0029956032275208965
0.002831767280216244
0.0024761055811419797
0.002374971454670016
0.003069863633425968
0.00215744053883393
0.00305230404504371
0.0027520915896081023
0.003594080338266385
0.002086337557144172
0.003004479405659347
0.003672316384180791
0.003040600965837954
0.002490909611475363
0.0028547671840354768
0.0031399435386299476
0.0029458179905312992
0.0029980420949583947
0.003248186691895301
0.0024806567834150376
0.0034679575175204105
0.002521613832853026
0.002029697681871595
0.0026613663926694517
0.0030846566891351537
0.004231248886513451
0.0021001287175665606
0.0034239010382151537
0.0033204605334392033
0.0036591166892312194
0.0034507999581721216
0.003533883708499139
0.0030983528414808537
0.0056144728633811605
0.003911887580706419
0.0033599683767682187
0.0038824994505897003
0.0025842329080798167
0.0029561174410929025
0.002810730376555202
0.003036975172727963
0.004270186335403727
0.0037850547685955153
0.0018343014368694588
0.0032552083333333335
0.0025110240078392945
0.0024354603019970775
0.0025999350016249595
0.0031464864234937652
0.003865596193874517
0.0029720763063312136
0.003140484332472608
0.002112676056338028
0.0023323615160349854
0.0018423191547006232
0.0021778240696903703
0.0029609994078001185
0.00222667557336896
0.0029507851196121826
0.002425560388089662
0.0035714285714285713
0.002657184166308468
0.0026832892998678998
0.0032748988634174535
0.0030813673567645643
0.0025334644180594417
0.001965968408921429
0.0019015925837889231
0.0033954074488938674
0.0035288928098809
0.003109586103366931
0.0034700661138912224
0.002792181890706023
0.0027205978759669595
0.0027280100272801004
0.0023927848334253637
0.003587830080367394
0.002060228816902643
0.0032092235461920185
0.009245742092457421
0.0029504405725449545
0.00292663235442527
0.003087831655992681
0.003271469015413652
0.002211777716339508
0.0025217391304347826
0.0025520160927132436
0.003123685949420316
0.002296713512331164
0.0034819756554307114
0.0025673940949935813
0.0020757223513782797
0.003792036722881948
0.0029646422810306492
0.0016599653251687632
0.003960194963444354
0.0035739032128660514
0.004982871379632514
0.0023620132689568933
0.003981225379264102
0.0032145481263776633
0.0020901950848745882
0.0022474500086440384
0.0028461016241056974
0.003347994485656141
0.003649132470393831
0.002474337111712977
0.0024891520064583405
0.003530821806873765
0.003599476439790576
0.0022598870056497176
0.002796985471214358
0.0028420964640976346
0.0017679558011049724
0.0036579958616612474
0.0030197689525615365
0.0031086511486845096
0.0025081998842369285
0.0033365555520908042
0.0028460837887067394
0.001721593703885883
0.0033464112624048002
0.002926737160120846
0.0034404374270442955
0.0033735723285778156
0.0024410347451179304
0.003626341746446185
0.003563791874554526
0.0029738476340418086
0.0034466045559803974
0.003548240978408576
0.0018274623479740374
0.0031606245610243666
0.00248015873015873
0.002894821486008363
0.003203278310054254
0.002576543416429647
0.002628906016609906
0.004013584439641865
0.00295557810225418
0.003219900246227666
0.002488593944421402
