0.015564640138018978
0.01855964032129835
0.01417152944637866
0.014454967217514665
0.009288761678457633
0.01281310907384682
0.016100178890876567
0.015074587804239727
0.017291414752116083
0.015314877772381415
0.012285806660200453
0.014458439877513654
0.01199483299501753
0.015556666250156191
0.01557776434185724
0.013162393162393163
0.01266354579282199
0.017875763444063757
0.016604945645681518
0.015430411275135168
0.009539088583445345
0.015796140377021085
0.008669824195231596
0.01345668629100084
0.012889600932129333
0.016747592790716814
0.018532037962598977
0.02139973082099596
0.011481709920766713
0.01972254721711516
0.015850663173407564
0.013425085489931186
0.014378757515030061
0.010764918552220011
0.017122867313121393
0.016126180287866464
0.009808013355592655
0.012792429685446421
0.013528748590755355
0.014448997196463231
0.013287671232876712
0.010969931339278668
0.016864239345187694
0.019550760624482688
0.015096405803903165
0.017063205960105743
0.013916337285902504
0.01346427301813011
0.011907171287863455
0.010661680280812255
0.014736221632773357
0.012296341838303105
0.01718354430379747
0.014149215966974065
0.016746854182087344
0.012691246551291698
0.012969606181259117
0.013384563418341497
0.016724805275481435
0.015032679738562092
0.010756696309707652
0.01793557833089312
0.015925434400172835
0.012230292672505874
0.013309992219628764
0.012548116267086958
0.002815035601920848
0.012590996880106968
0.013089403671121123
0.0126015480074202
0.013562981039984982
0.014634966917124594
0.02271362066376333
0.014993926510780443
0.01085497750059209
0.012422958397534668
0.017240240438602287
0.012018906144496962
0.017675961967966308
0.01599266578384435
0.019759310456984876
0.014467162329615861
0.017163939685595122
0.019166666666666665
0.01871250505113301
0.017340838373597175
0.004659042778483694
0.0119922489122884
0.015241668376469208
0.014043657456876813
0.013168792446579427
0.011984807989871993
0.01312041985343531
0.018098885997485454
0.011499240616185723
0.01575378500029228
0.015482798987953628
0.01010495103585502
0.007431283015489301
0.012202097235462344
0.009793988517392773
0.014746543778801843
0.013834567023305428
0.017859107411346217
0.02023979760202398
0.010319781772767607
0.014418272662384012
0.010241552403732776
0.014817428117833834
0.021549112938122027
0.016380969431141746
0.011742634797109505
0.012281388278498541
0.014146610325188316
0.012968804766912022
0.017342350852004383
0.020415864749613193
0.022465513466170352
0.01926015535464154
0.013888300800270991
0.013006222584922983
0.029563330621101166
0.017957717737327565
0.01229203250096729
0.012359590126412901
0.022011266430210723
0.012678841456321973
0.016976979774338912
0.01608570305333508
0.015570316405971002
0.011921203750817766
0.014135959339263024
0.016371632358919398
0.025596861394191664
0.015316376741284912
0.013763698245876501
0.013477556686719112
0.013297068600785736
0.006712508185985593
0.011796863760609984
0.01841842674205887
0.01402451012517203
0.018007298112010153
0.008793874611477523
0.0160553343114651
0.012088995584515797
0.011118378024852845
0.018190371648110396
0.016105225177944698
0.018983227148615264
0.011014492753623189
0.01343249352946958
0.010392805633324849
0.013090701713456205
0.01384295568364358
0
0.011487343885660856
0.010235839269659036
0.01570323167956304
0.02253314894655495
0.017586253188347428
0.015407923153789124
0.01640699523052464
0.012351504385477961
0.01707022427648511
0.022270583968081247
0.012227907380105802
0.013771548566684572
0.0137047188680643
0.016185851661430068
0.012531412296867148
0.010619897606198976
0.02612671456564337
0.013578941510378986
0.01089569798966699
0.009566934495437832
0.01176324142652642
0.012547327639341375
0.012761235435546513
0.014248235932694047
0.01708191352834447
0.01608520473498454
0.013328396890040726
0.015574428061633793
0.009508309062874764
0.012402801876486087
0.010279481935923653
0.01570052335077836
0.015221121381524327
0.013980045324778527
0.01280296809901773
0.015456835356079689
0.012001533742331288
0.012195962240749673
0.011767768810205675
0.016857798165137616
0.01371067880794702
0.009770160967406103
0.009555555555555555
0.009662070304913575
0.014509085786730526
0.010936855138258357
0.014535454724022786
0.010793516858277959
0.014617201611782687
0.01041002761844062
0.009656004828002414
0.007831666352141914
0.011520561532005799
0.009234111895708854
0.01765682378389255
0.015895818369195215
0.021088490550734043
0.009775922671353252
0.008686288585786073
0.012075759501716028
0.008719382321618743
0.014882732044382433
0.015416843965827633
0.014446924603174604
0.011934275007206688
0.013799310034498274
0.017631737126828292
0.014249255635899617
0.012585373340495741
0.013578590037104286
0.011063724581247296
0.013677407932011332
0.01678730941013399
0.013077337512856934
0.09174311926605505
0.012094110473093144
0.014622534572659262
0.022525597269624574
0.014215998302567368
0.018505889646621202
0.012201008259144053
0.009777607361963191
0.01336728198599618
0.009300444803881924
0.014057320297092023
0.008641429763833652
0.016706443914081145
0.0117856865937815
0.015927892332386714
0.010363994979379594
0.01337295690936107
0.015370530981979378
0.01231976638072641
0.014647312465027484
0.010460321185503068
0.009467652188356449
0.01261556814792723
0.011789276979306934
0.014746789620089167
0.016073940124573034
0.01914732419588126
0.008924326103653853
0.020299697349966783
0.01592797783933518
0.010965103124184144
0.013936097892590074
0.010360795549188792
0.019191181353343516
0.015967058684124773
0.018274810073577796
0.009800323006900601
0.01591954313438116
0.015691716481639625
0.011270137592477357
0.013077562226798164
0.014244426094137078
0.013917773156294992
0.016262952034584506
0.017265925544482478
0.013323816321674994
0.010943567502143325
0.015980981311497063
0.016169601149838304
0.013449216519698028
0.01170258313115456
0
0.014228700329689398
0.01816780771168608
0.01602971688641992
0.01275860013116318
0.01421240774907749
0.013812986789448771
0.01344842202612616
0.0067209055535903785
0.009596115307538153
0.010695503161378007
0.012673583399840383
0.015515771526001705
0.011847223859483674
0.016285093334127244
0.014952287925463971
0.008984332201161389
0.013602571178132
0.017701497560154805
0.015981177045774002
0.017469958202716823
0.012889047279638868
0.01727342648378413
0.012073788195305031
0.010469948849104859
0.010288761218129248
0.011178466158723097
0.01421218661796447
0.0157677387060443
0.010847857661583152
0.01330551692165044
0.015464779313419528
0.01605074931880109
0.01773049645390071
0.011284631240610698
0.01638088754627069
0.01627656712402475
0.01528852785654073
0.013054830287206266
0.013407494145199064
0.014493668887555653
0.013676007637921248
0.012055455093429777
0.01174124231994081
0.009677962298025134
0.019736842105263157
0.014402806354774514
0.019679448163927773
0.01655910928302957
0.021272069772388852
0.01260571246210308
0.011781576875492071
0.008071025020177562
0.010919401544401545
0.011603139013452914
0.014174864055721879
0.015251487290427258
0.012273972602739725
0.020869117141875643
0.015387701300934151
0.011092246745897
0.01705820739188987
0.010559457495761686
0.013470800722456351
0.010768108896451143
0.013753368646036613
0.0131698952975083
0.01530895754612136
0.02003094210569172
0.013565831449190076
0.011066079295154185
0.02063770857258664
0.015226516138370241
0.013158650807332068
0.011623889437314907
0.012223614262011986
0.010496953681274316
0.01386674397255641
0.010651306474449736
0.009755855989699401
0.011555149577529115
0.01602791960188716
0.01336560724058093
0.012179582160320047
0.01343020695728754
0.012447145877378435
0.012579388212192802
0.01682508467169234
0.008757062146892656
0.015637376395738048
0.01491682652389269
0.0102549889135255
0.011781989975226134
0.016692968613010697
0.011869799314733235
0.011132134973194575
0.012521410430571141
0.015605808828841846
0.011887608069164265
0.008011964533703664
0.018932758388357365
0.017365474694390495
0.015900587920897914
0.009484452272881241
0.012370223105809586
0.01725195798895586
0.01449010208935563
0.015267175572519083
0.01713488151095801
0.015253429373444203
0.03368683718028696
0.018306114698063047
0.017364542451365164
0.02047469049886455
0.011939810271508014
0.014263984157506529
0.013722977720828339
0.016020044036140005
0.017740683229813665
0.01614383208120663
0.01088352185875879
0.016648065476190476
0.013106320431161195
0.009904205228121448
0.014624634384140396
0.015382822514858408
0.010209138665873724
0.011266242742604368
0.01409728522576593
0.011619718309859155
0.014678666497654962
0.007206719046328908
0.014203200454502414
0.017455796508840698
0.013415720329547985
0.012997505884006041
0.01405152224824356
0.03642857142857143
0.013364073307022
0.012549537648612946
0.016230013484877674
0.011410688493018777
0.015352038115404976
0.011321266354823402
0.007051739164883924
0.014176701204144498
0.021393912659902956
0.015279862749303024
0.014574277678343135
0.011487834064619066
0.014815786023338141
0.007520460075204601
0.016994907663046812
0.018979621125143512
0.01358874326042169
0.017026713814518764
0.026277372262773723
0.014194011403054105
0.014902277390924076
0.012236962488563586
0.01459578483799937
0.016477743986729333
0.011652173913043478
0.014591527306572191
0.011353397008469995
0.010827363700989774
0.018463249063670414
0.010982741406361431
0.014197940883427433
0.016032997372185078
0.014997602127566814
0.01139842856615884
0.015434606011372868
0.019145910068925277
0.015493615696044846
0.008961756226336447
0.017098315313050037
0.011572373254959589
0.007917405624524955
0.011121996196623062
0.013917175831636116
0.016083502921289305
0.015560451666207656
0.015113518574246832
0.012647583167950486
0.017589323313141784
0.014338410280818658
0.015706214689265537
0.013674151192603528
0.014043300175541252
0.008103130755064457
0.018918120011823827
0.015169071947750974
0.015619076503146562
0.013457457071194289
0.013626867067884874
0.01688676381299332
0.011682242990654205
0.01615508885298869
0.013406344410876132
0.015113350125944584
0.01776206153721091
0.015533857468932285
0.017406440382941687
0.009517420653222088
0.01272631855156127
0.01653293122946847
0.013287030046806583
0.0085701682525679
0.02093576098114431
0.013578869047619048
0.013991637182373754
0.015698949555581206
0.016563493391333443
0.015295453187548545
0.021889472059277555
0.017336450659490934
0.00991224193446556
0.015899350200470067
