0.0006017364394395255
0.0006056935190793458
0.0005834615180607861
0.0006462999328842378
0.0006981290142418319
0.001075268817204301
0.0007902015013828526
0.0007045705183188334
0.0005895840157222404
0.0008898154268571719
0.0007761966364812419
0.0008988186954288649
0.0007798996669617638
0.0007043139227770091
0.0005514199062586159
0.0006093559576263242
0.0006704576494251447
0.0007294268473287505
0.0007849666983824929
0.000659429846809374
0.0006817628439250061
0.00072867177708473
0.0008141304732575838
0.0008505528593585831
0.0012759170653907496
0.0007971116425188728
0.0006861324998094076
0.0005175365261355946
0.0006128304409593582
0.0007175316909830184
0.0005916940941533228
0.0006675402378421144
0.00089025574619618
0.000570060426405199
0.0009631294297779863
0.0009071416790367805
0.0008859357696566999
0.0008001347595384486
0.0008493496408464376
0.0006900605719835408
0.0007927995149932379
0.0007231801848629348
0.0007890583903208837
0.0006993175625165786
0.0007537372806833885
0.0005157297576070139
0.000898530261215583
0.000800555051502375
0.0008759274525968673
0.0006813935597318387
0.0006666666666666666
0.0007487616634028338
0.0005818637543639781
0.0004833252779120348
0.0005389201387719357
0.0005690799873537781
0.0009258422906693163
0.0006419135781614244
0.0008471831161388384
0.0006626417317037256
0.0007941447919126011
0.000727200608204145
0.0009208352517401078
0.000813816800795732
0.0007607832759989415
0.000979172731362638
0.0005972401219627196
0.0008935322015258781
0.000800990315298915
0.0008884048833610363
0.000553296262483747
0.0005624296962879641
0.0005816489748436818
0.0007079526683073189
0.0010738325345066918
0.0006902139663295621
0.000728650539201399
0.0006247396917950854
0.0005577244841048522
0.000977803852547179
0.000669867143016635
0.0005950019833399445
0.000703037120359955
0.0006758713913295356
0.0007328833172613307
0.0006395030147999269
0.0006492725742455213
0.0006632619221330503
0.000708842814105972
0.0008311489035227927
0.0006485925541574783
0.0006945133445778351
0.0006575918984678109
0.0007771819382917541
0.0007612789486337046
0.0008829465186680121
0.0006689522535329041
0.0006438113632705617
0.0005738743693359795
0.0007938673745317423
0.0007888399900357054
0.001544998068752414
0.0009749025097490251
0.0009364307581487485
0.0006025911419102139
0.0007345739471106758
0.0008963728911227071
0.0006086221470836856
0.0006605019815059445
0.0006845564074479737
0.0007677089792423303
0.0005913660555884093
0.0007120884128973454
0.0007745558406351358
0.0006524575902566333
0.00060817515444448
0.0005050157243532355
0.0007971303308090873
0.0008197617225926331
0.0004439511653718091
0.0007977417771232204
0.0005805668443553069
0.0005799022450501201
0.0008189471615291381
0.0008358059258640144
0.0005582226191805292
0.0007650133877342854
0.000521699435912485
0.0006779398376818332
0.0010531566986308964
0.0007797488094906569
0.0007176441474882455
0.0006018456600240739
0.0007197018378100501
0.0006922240168770808
0.0007813979920439477
0.00068359375
0.0006854479402289396
0.0005883737349964697
0.0007086502574762603
0.0005973715651135006
0.0006795070059515441
0.0006690216227788482
0.0012187015289164636
0.0005820016005044014
0.0008333333333333334
0.0007352014451959837
0.0007298709280885064
0.0007630522088353413
0.000449842555105713
0.000607133822413357
0.0006794401413235494
0.0006528125340006528
0.0005802443852822718
0.0007720402648691986
0.0008350498246395368
0.0008199121522693997
0.0005932574995486085
0.0006203901564761839
0.0005279831045406547
0.0007173410558197614
0.0005728920940891016
0.0008944543828264759
0.0006272588787000807
0.0009420631182289214
0.0008297968183219138
0.0007472212708988449
0.0006014434643143544
0.0006495128653509867
0.0006131508596375052
0.0007371586955239724
0.0006730262772868263
0.0007050897030788917
0.0006888475580354068
0.0007518283097532636
0.0008811029335544729
0.0006727211570803902
0.0006114711997064938
0.0008178228990411732
0.0005825286223198082
0.0006925527494344153
0.0006330616443776212
0.0006981795614398014
0.0008933098336512228
0.0007352766774981618
0.0006787426292792602
0.0007217437328585864
0.0007845890198831375
0.0004945139854736517
0.0005848767581116836
0.0006846384253316217
0.0005547542438699656
0.0005659600740893188
0.0008004846177145082
0.0005343307507347048
0.0006722779465942399
0.0008505871125679432
0.0007164844496337969
0.000672298383560843
0.0005856888209829386
0.000558755265193845
0.0007603478591455591
0.0008422065812428563
0.0010177599104371278
0.0006029423587105072
0.000853517877739331
0.000668985817500669
0.0007494646680942184
0.0008533636751528943
0.0005799623024503408
0.0006256517205422315
0.0008711749972775782
0.000508920240888914
0.00042788493186755313
0.0008350232613622808
0.0006967701332853836
0.0007726889575723518
0.0006519274376417234
0.0008400772871104142
0.0008039323778022785
0.0008370535714285714
0.0007668344116942248
0.0007674597083653108
0.0004950767368942186
0.0007033490234269328
0.0006107284633393276
0.0006430868167202572
0.0005881806643345819
0.0007237199203908088
0.0009307473649787437
0.0009225092250922509
0.0006343567622430855
0.0007232495406388052
0.000680071634212137
0.0005634362985549517
0.0007921576393702346
0.0007762468464971861
0.0009042408897730356
0.0007238167170191339
0.0007108944575621398
0.000646579593948015
0.0007710617184618995
0.000726427429899753
0.0009168003667201467
0.0009258160237388724
0.0006255686988171065
0.0007221433213778494
0.000889034461783216
0.000617464495791492
0.0008844202392589489
0.0007519200816370374
0.0006211031747927665
0.0007088846880907373
0
0.000577906201378084
0.0007767995857068876
0.000627604558919516
0.0008603650738286246
0.001156737998843262
0.000726005517641934
0.0007282563462338743
0.000687316715542522
0.000835421888053467
0.0008723254743269766
0.0008294166436273154
0.0006308670636923387
0.0006840530141085934
0.0007456962672575422
0.0007601259637311326
0.0006773302766633669
0.0007519503712754958
0.000682419175978845
0.000870213823968175
0.0007774093975077169
0.0007244626901714562
0.0006519197913856668
0.0006370328425821065
0.0005190952910641453
0.0006273683153905995
0.0008811043174111553
0.0005354035604336768
0.0010415832064738402
0.000743351797232813
0.0007394301106504345
0.0007133901163042069
0.0006786102062975027
0.0006945133445778351
0.0006717044500419815
0.000594656585821688
0.0006521739130434783
0.0006174918603345683
0.0006776465042279249
0.0006286766356818896
0.0006418485237483953
0.001049501486793773
0.0005698330389195966
0.0006854904520972744
0.0008298587216127596
0.0007741291047571482
0.0005732301519059903
0.0007223113964686999
0.00041567471564070587
0.0007352040191153045
0.00046416967186774737
0.000855266788059372
0.0006956094766561643
0.0007028044163322678
0.0005996906858567686
0.0007521168449911444
0.0005331556147950683
0.0005669923237962317
0.0008316238842379553
0.0005123293163744905
0.0009929154143409188
0.0006786452947259566
0.0009469024453755652
0.0006720430107526882
0.0005206396429899591
0.0006011204885907331
0.0006101958173850336
0.0006359619761681617
0.0011407386282617994
0.0006996197718631179
0.0008229631661637448
0.0007178106774338268
0.0006807351940095302
0.000914380714879468
0.0006004460456338995
0.0007610832751950275
0.0007204610951008645
0.0006822445846836091
0.0005689900426742532
0.0006389387531566617
0.0008795074758135445
0.0006140889551715063
0.0004886575074708215
0.0008350343291890889
0.0007562736335510484
0.0004794684749477722
0.0007939754108221255
0.0007407596618048992
0.0009791832886052079
0.0007349651690419889
0.0005125905042609086
0.0008963920221110032
0.0008006405124099279
0.0007431856434020415
0.0006953883111546606
0.0006629189647857445
0.0006780938029760784
0.0005960896518836433
0.000692979813196746
0.0008459163388740853
0.0006889424733034792
0.0005558643690939411
0.000768859013224375
0.0009763539282990084
0.000617093489663684
0.0007251908396946565
0.0007506653624803803
0.0007968524328900842
0.0007939028262940616
0.0009466249180805359
0.00058883182308875
0.0007292882147024504
0.000589159465828751
0.0007431260837255387
0.0008169308927522913
0.0006685289974452642
0.0009614328095813646
0.000717835450027609
0.0006073752711496746
0.0005698153280323241
0.0006842753524018064
0.0005311457995219688
0.0007476471105638139
0.0009553739786297926
0.0007000994878219537
0.0007785525692234784
0.0006071799023452324
0.0006956611357312172
0.0007001852102814293
0.0005899008966493629
0.0006187917277316398
0.0007149446494464944
0.0014731879787860931
0.0005048975058063213
0.0008018489693882364
0.0005303707012058955
0.0006925945657964837
0.0007772020725388601
0.0005878894767783657
0.0007713344085267513
0.0007288417247310574
0.00046061722708429296
0.0009991507218863967
0.0007404993927904979
0.0008762705923589204
0.0006902204391527544
0.0006186295881694455
0.0007053429730206313
0.0005592705167173252
0.0007834385831631927
0.0005109675535603489
0.001095690284879474
0.0008216656806678498
0.0005260389268805891
0.0007353141425420082
0.0005581098679139979
0.0007048872180451127
0.0005903346123916601
0.0006544159991623476
0.0006533456743071813
0.0006285684353884029
0.0007246226786194903
0.0005924609346071244
0.0007230657989877079
0.000549484095488125
0.0007010779072824468
0.0007743825868564253
0.000672182006204757
0.0007831194257124211
0.0004426737494466578
0.0006282576321667907
0.000704303666085925
0.0005638100291854603
0.0007807417046193884
0.0006462539555199001
0.0006161113107768137
0.0006774233279960586
0.0006952564548241317
0.0009017988513930419
0.0007140229785576736
0.0007689153167931105
0.0006484510861555693
0.0006875443577004968
0.0007641040879568706
0.0007134703196347032
0.0007488426976490878
0.0008665511265164644
0.0006055834796826743
0.0007910840177761232
0.0008582287792717316
0.0006295094668539054
0.000534584657420332
0.0007347697361312212
0.0007068279580750046
0.0007946669021235266
0.0007724351016579768
0.0005496015388843089
0.0007138702342551953
0.0008718818115766529
0.0006536690729267322
0.0006196883852691218
0.000649204019419668
0.0006620324395895399
0.0006970678179528692
0.0005856440811753622
0.0008825754391863495
0.0007291928589388987
0.0007092757506501694
0.000744166268006166
0.0008280202036929701
0.000486576826249762
0.0008424599831508003
0.0006522245515956208
0.0007018638384153474
0.0007236292791539104
0.0008209784130970203
0.0007539947220369458
0.0008819603356216628
0.0009798432250839866
0.0009179364787956673
0.0006371165923363976
0.0005449278687584249
0.000710191244356516
0.0007219214216298765
0.0005979818113865704
0.0005271307613744935
0.0006442261233693026
0.0005084119060824551
0.0007834797694330965
0.000722170638605179
0.0006748184738305396
0.0006716610694910876
0.0007505253677574302
0.0008980243464378367
0.0007895553111693878
0.0006008087810514154
0.0006274050527020244
0.0006636901170508024
0.0007685656643289462
0.0007932215612042546
0.0005957017825230262
0.0005562422744128554
0.0006012425679738125
0.0008070175438596491
0.0006899034135221069
0.0007665478517496454
0.0006909164803901646
