0.012607160867372668
0.011340274554015518
0.009549973835688121
0.010185288536667038
0.010504030616399316
0.006606702220807132
0.012593221095878177
0.004851490485688103
0.010029376663912605
0.008080701383754094
0.011784148882661494
0.015569856757317833
0.007212533254507833
0.009274939939348588
0.006610356224752111
0.007557929036929761
0.012965129885326469
0.011072890250332689
0.012834616795012835
0.009330905780609923
0.010515086863761049
0.013206379945668253
0.012894138043124932
0.008998154224774405
0.009646193800802725
0.008624361158432708
0.01222192044640873
0.011040549988347704
0.01083891218519336
0.01032834086166363
0.01103691337414209
0.008096325513805272
0.008532864456740962
0.007970047449584816
0.010411527976113203
0.02152974504249292
0.010512625988945486
0.010652003865089955
0.009039799886073755
0.009619118745332337
0.008621455870589281
0.007483283539621568
0.009972768087142122
0.007446957987916257
0.011933424055270595
0.010212277682157201
0.01005941405449703
0.009210286339595112
0.009353216271066797
0.010663321310961267
0.008238237627387563
0.00957911880678896
0.008176782626534979
0.008586699377902391
0.012129946556176064
0.010579978351199414
0.012428546682833882
0.010947964966512107
0.010939954256110667
0.015521276087683271
0.009679348232304357
0.013249907986750091
0.007861593175923203
0.009205927238714124
0.010108698961727005
0.010645724258289703
0.010166193435657129
0.011021277475651868
0.01370498851810231
0.011252163877668782
0.014405026434755958
0.011166908946742434
0.01182570726826162
0.01472348575532679
0.010066039623774264
0.009488345447384439
0.012960521406005125
0.00837245696400626
0.009989053092501369
0.012122907632769152
0.013226732487323263
0.012993107493767414
0.008611572745127662
0.011342291576361798
0.010807673171540716
0.01070118531542729
0.012495838419709243
0.010953757225433526
0.00921595598349381
0.013516910101376825
0.012119533224834654
0.007188248775914158
0.011054965453232958
0.011399897066392177
0.010591061289852963
0.010493752274657285
0.01152908136870889
0.0128525165294832
0.010358842188739096
0.009295009295009295
0.006590909090909091
0.01004980826023714
0.010884577441631042
0.009917798427448178
0.013795316008982997
0.00967347882069398
0.009120439780109945
0.01078809410337507
0.00825643516270034
0.010181927079434005
0.009809316458119003
0.00815898721690164
0.012114182614859205
0.010062568535122234
0.01249050151975684
0.012107992610563334
0.011253691821977798
0.014028298464143186
0.008898665200219967
0.011758745170892355
0.009817150679573677
0.012991082188479152
0.011203009039250976
0.01169564438071339
0.01304445948995712
0.010580438077688947
0.011413580457224626
0.008687984646904743
0.009066701877159394
0.00899274880466103
0.01036037866168285
0.010277972436346648
0.013183775450534263
0.010062484784549217
0.00910875968146613
0.01002469317804887
0.01109838017568691
0.009268795056642637
0.011212088032409941
0.006622516556291391
0.015554728975754911
0.009272777492798801
0.008936270282981893
0.009576383055322213
0.008413879424240317
0.010874238171104873
0.008773873354898746
0.011548670813359217
0.00783716120605203
0.01436988682124539
0.010978373264691
0.00975609756097561
0.012514310528601318
0.006760211327614611
0.011956169033771809
0.010015227831791026
0.00914306202940122
0.011490699232235791
0.010654899639455416
0.010611610054688676
0.008564164324902984
0.010553328912084426
0.011458908249888301
0.011890417187677617
0.01098989465783901
0.011658821478382148
0.009718529384798754
0.009489947975216333
0.01145311381531854
0.010148804917416588
0.010944625407166123
0.012584248479992458
0.010477427915848837
0.00993436754176611
0.010782681099084097
0.010520435713620706
0.011051143664867643
0.010153429602888087
0.010841309823677581
0.011698571862655728
0.005100801554529998
0.009515159378919598
0.01154844677866969
0.011666299801893022
0.010554021624132326
0.010173338028720115
0.0076579616842323865
0.01154306360415738
0.008562164353024622
0.016765938671961175
0.010308469166165197
0.012285783248853488
0.009316770186335404
0.00964250573958675
0.009771107752105377
0.011171178781095577
0.01052657228489973
0.013096534584345593
0.00989097725815204
0.010944959913521304
0.014668198285764779
0.010458443882273093
0.011444054829454894
0.010330427137519232
0.012355133506917854
0.00940319369731882
0.008609543031946765
0.009763738975558465
0.011540030229601017
0.011700617639160624
0.011907555138432661
0.008456701295117192
0.010377014131511706
0.006354833131592599
0.012652586708002326
0.009542293385088146
0.009301683052057192
0.00809222924287773
0.012235470378925027
0.01283268804636326
0.011641519250780438
0.008164753052669947
0.0026362038664323375
0.010404551598403169
0.011237411937589143
0.007044784702753217
0.01154562383612663
0.00963542873025432
0.007950348789495281
0.010112772738416279
0.00807766990291262
0.008342864832133486
0.010742798278209044
0.009979228754628375
0.014793493540397617
0.00884526838725312
0.009946230846067201
0.009697841726618705
0.011076020753440108
0.0114760255393732
0.004821753221089242
0.012318286151491966
0.008767471410419314
0.010047846889952153
0.008818304402731106
0.010773870324432121
0.01184066486450258
0.007943312487391567
0.010452867803550743
0.010208248264597795
0.010547685246480427
0.009246009906439185
0.008430573390653787
0.007135447772923019
0.011021505376344085
0.008498048596248269
0.012421562118518836
0.011713948275446504
0.010849128512627674
0.006620025577371549
0.008996718410088124
0.008699855002416627
0.011785834549332136
0.0104995961693781
0.010397116215330533
0.010352286773794808
0.0063631612923058
0.010194816986173442
0.011236931904627356
0.011154422788605697
0.011825992494568437
0.00959730396346675
0.00931855319524798
0.010648540398983285
0.010369275536361747
0.011346171232257481
0.0074177238184625635
0.007516551346508039
0.009029859240429488
0.013140604467805518
0.009608250482267398
0.012404387519346806
0.015106247272483131
0.01066041783557213
0.01350974032947443
0.013493638379829578
0.007035680953406562
0.010073587197256555
0.009836409395973154
0.010768033212247017
0.009750958283831343
0.01046219343735139
0.010708451811966847
0.009411981821956678
0.010909498836133158
0.012251609616008153
0.0070731418184691985
0.008399760006856946
0.010081613058089293
0.008913985368278997
0.01162076505417291
0.010855104598476814
0.01354892168499317
0.01242
0.01373867290266004
0.012604906910190039
0.010467403521918321
0.006962117887962557
0.011728983091212194
0.009624887208353028
0.012337005395683453
0.010336493772076594
0.011534383324281687
0.009269684005103956
0.010864607091022185
0.009529977794226499
0.008896036991430654
0.008940972222222222
0.014408863935607284
0.007876323405502436
0.006649539066042013
0.011169652265542677
0.012859767299448868
0.010995483997643826
0.011684683590428763
0.008501525082743851
0.00959042399769253
0.00877745268693752
0.005931893079458074
0.0061154221696901176
0.009894419306184012
0.006307437639134654
0.010861386462524944
0.01486176071734979
0.01272264631043257
0.013598538664501725
0.014657461497610196
0.009707428879600917
0.007668276057938086
0.013308029333895645
0.011058524760475585
0.00979464867477983
0.009333662999134627
0.011257631257631257
0.024808033077377438
0.008353543519267044
0.011644652923507385
0.012369074752234373
0.005962867597235398
0.009710329003974269
0.010121413989470291
0.009457077762971241
0.013051493179304412
0.014203737076733378
0.011933790412805876
0.008684253645747993
0.005240350700393026
0.010222419305902397
0.012737016654250078
0.010180613903284168
0.013279139049906468
0.012625866206185105
0.008208763788157925
0.008961068878138677
0.01179811142171645
0.009173397148270018
0.009311671445024382
0.010099090538889643
0.012762893795270094
0.010527155275540314
0.00905952216544676
0.011197871975287455
0.009448018963765662
0.010923945472070502
0.013754232475972156
0.009652886115444619
0.01031220703957274
0.00980003959611958
0.007411919991877348
0.010028502058482002
0.008894150502382904
0.009017674642298907
0.010334238809495688
0.008000520359047743
0.011982477237588043
0.0103073157465325
0.011750698830106637
0.011650078575170246
0.010398613518197574
0.01013155905035536
0.009348510535238556
0.009765718958964737
0.002301255230125523
0.008827769768215593
0.011914357682619647
0.011614472484037701
0.009688338975137155
0.007840222499280713
0.011390042284103463
0.009987334150038413
0.007476339981478553
0.009489293905492236
0.009953669107756687
0.00879252635260029
0.009858551221603087
0.00852074754513779
0.010320593049003563
0.010218716385801362
0.00817018996807822
0.005773263897070952
0.009303084707034438
0.013737063603398533
0.008578715511245073
0.012248468941382326
0.010557661072008662
0.009721692718261532
0.009103977000479156
0.013208416525879282
0.011010152519586482
0.013835685483870968
0.006407711936489935
0.010877663537475785
0.008954008954008955
0.010277179511190187
0.011651816312542838
0.008282956481079457
0.010143329658213893
0.008904790300139137
0.009155774452232115
0.011461922508965614
0.008618073678460885
0.008452911100115455
0.006851391499423998
0.010445849675818459
0.013061920685863052
0.009964883476991836
0.009866697712323185
0.010252324037184594
0.009722042184403992
0.01387450817974736
0.010017181573572795
0.010476167903107297
0.013804235226095545
0.009065111146145357
0.01210938477319923
0.01359373655682698
0.010174697638702246
0.007254387177007047
0.009979653134386203
0.006943405261425194
0.012917840088159667
0.007514450867052023
0.009113016766926916
0.011790689772341148
0.007686980609418283
0.010424632722881867
0.010697793145058362
0.008356729975227085
0.007586231344606331
0.010490501842925999
0.01813955838512455
0.013642564802182811
0.008886776761316384
0.008459743290548424
0.010218483599616102
0.01431010468616615
0.008627357648598798
0.009409275652803296
0.0064815525044105236
0.009290178953677541
0.0107747562852745
0.011251980982567354
0.009419008717917454
0.009328936613962403
0.010812423101301219
0.009816976866619182
0.012268749307632658
0.010824034047116383
0.01145979584866998
0.007902491293865523
0.011205680902497985
0.009735349716446125
0.01027790384153341
0.009120431147654253
0.011408925677747121
0.010221650720310355
0.011788150102444639
0.009268355187289114
0.011185682326621925
0.009670133170203755
0.013278511728228633
0.009109714376640942
0.011810930993106369
0.009945250891556583
0.01398680150453839
0.011615766118506917
0.009099826769352785
0.009936908517350157
0.009875887381078863
0.011861649084133731
