0.0007166175650927622
0.000795808740632668
0.0006105006105006105
0.0005022882018082375
0.0005428439595038406
0.0005173923425933297
0.0006921805921493324
0.0005929599482507682
0.0006885155604516662
0.0005281504172388297
0.0007904002299346124
0.00041519618019514223
0.000650310375406444
0.0006695285731164586
0.0005279103929489534
0.0004978276611151339
0.0007020828457758015
0.0007281492454867301
0.0006417308397506417
0.0007965407373691397
0.0006313406191492141
0.0006724226041582614
0.0007151370679380214
0.0006408941755537326
0.0006745590070491416
0.0006743327654741624
0.0007901039480506654
0.0005826147751106968
0.0005640157924421884
0.0005547190744116015
0.0006028566128733074
0.00048439554356099926
0.0005171433004085432
0.0005189798339264531
0.0006750616642866416
0.0007554296506137865
0.0007586431126043134
0.0007132011227166061
0.0004953315006067811
0.0004779686333084391
0.00044440494178295264
0.00039834969412434203
0.0006255979980864061
0.0005620345651257552
0.000837433267036533
0.0009179575444635686
0.0005531653349723417
0.0005699434616086084
0.0005882525956645784
0.0006944600013441162
0.0006305811517259616
0.0006000342876735813
0.000674071686058439
0.0007885744326645054
0.00048039392301687384
0.00041900904361185797
0.0007794907327212888
0.0007727975270479134
0.000799140235333021
0.0007880032475285352
0.0005605800134539204
0.0007098164992901835
0.0005080621440222478
0.0006892138039679023
0.0006698535456566087
0.0005584642233856893
0.0007346663224986598
0.0006823680238208473
0.0008061757951824889
0.0006924408540103866
0.0008428472913952953
0.0007929166116030131
0.0007049940871463659
0.0010773282259995212
0.0005603362017210326
0.0005370761573991192
0.0008955446652901813
0.000495565988523735
0.0006385696040868455
0.0006061453816384576
0.0007780430874896037
0.0006452559026250183
0.0006546809689278341
0.0007946828492992342
0.0006910276963900714
0.0005759844787340467
0.0006436577516368882
0.0006358381502890173
0.0005502063273727648
0.0006981875052364063
0.0006232902801343537
0.00048616175296037784
0.0007218727441476745
0.0008492022645393721
0.0006187217935652934
0.0006975615673905131
0.0006651393097332053
0.0008433409796248819
0.0007682394924662966
0.000572000572000572
0.00030303030303030303
0.000617093489663684
0.0006576783952647156
0.0006701215153681201
0.0008287883648807615
0.0006272904354716234
0.0008120939530234882
0.0007365365452103461
0.0006151853650639469
0.0005989368870255296
0.00052635356604541
0.0005137901270089194
0.0006443714156840003
0.0004837773334193382
0.0007123860182370821
0.0008012642168755147
0.0006110601894286587
0.0007558350465594389
0.0006499025146228066
0.0006333255926872004
0.0006844626967830253
0.0007953723788864786
0.0007279933671715435
0.0007617852661767341
0.0005867749943579328
0.0005052456385413261
0.0007495485673401247
0.0006224227806737727
0.0006381901806738408
0.0006649567778094424
0.0005688051029943525
0.0007341408883104749
0.0008505661580989846
0.0005139441153398794
0.0006545216537580451
0.0007739652821287731
0.0006964570555592999
0.0004577182744021055
0.0006788568925873207
0.0007159477358152855
0.0007101071923714199
0.0005524207868050349
0.0007054950223406757
0.0007440297611904476
0.0006258257422988666
0.0005563563715449005
0.0007533123587539327
0.0007329345113109623
0.0005170349406770436
0.000784197363401297
0.0007480254328647174
0.0004956306247554455
0.0005921598041924914
0.0005680849855138328
0.0007238599206250155
0.0005271172543047909
0.0007171029042667623
0.0007213891894677178
0.0005381262444169402
0.000602077166223471
0.0006244703153575092
0.0006055188720048442
0.0006570474913926779
0.0006820506991019665
0.0006165062856836518
0.0006319735006973501
0.0004889826105559121
0.0006012914695040653
0.0011930326890956812
0.0005969885245539169
0.0005863192182410424
0.0007541122684639676
0.0006634782849086335
0.0006861575178997613
0.0004579517069109076
0.0006517084070384508
0.0008995116936520175
0.0005333114538890713
0.0006448362720403023
0.000846464383383253
0.00024289531212047608
0.000648760866744518
0.0005072961117245084
0.0007704160246533128
0.0005935024385208887
0.000665179794185546
0.0005711022272986865
0.0009149989442319874
0.000506636943965954
0.0006618133686300463
0.0006540906831323095
0.0006758387641805455
0.0006587615283267457
0.0006996829561604897
0.0007287842798531634
0.00061240866663851
0.000682277833280538
0.0005864119963139817
0.0006166444674658379
0.000653094315827403
0.0008836264027569144
0.0006478682050965632
0.0005419190309212624
0.0006349671526607566
0.0006381783836217899
0.0007624211105934178
0.0005361253902677473
0.0007725156112529774
0.0007917276456898826
0.0007288909348985307
0.0007038948850305022
0.000650515484239784
0.0005214579965583772
0.0005619920456510462
0.0006587870567719435
0.00048520135856380397
0.0007828149103216448
0.0004988360492184902
0.0008323449237363963
0.0007061630993254925
0.0007154006243496358
0.0007654455986878076
0.0008787346221441124
0.0006286738125923365
0.0007347538574577516
0.0006469700237222342
0.0007914338919925512
0.0006948626488164172
0.0004616331555190808
0.0006741848492277519
0.0006601941747572816
0.0006391710960102267
0.0007358081012471948
0.0005870134561546103
0.0006693888479817927
0.00048467224039743125
0.0006800841604148513
0.0007482014388489208
0.0007218587863749154
0.0005425030254976421
0.00039522567385977394
0.0007651109410864575
0.0007623888182973316
0.0005741626794258373
0.0004922839836476102
0.0006080062259837541
0.0006255445588793816
0.0006052047609441194
0.0004579864759287696
0.0007712898688807223
0.0005737234652897303
0.0004402861860209136
0.0007258109541622466
0.000534372740703486
0.0006182795698924732
0.000692433589323933
0.0007924099972158568
0.0006266721299621586
0.0006606026729000457
0.0004513653802753329
0.0006636923417278124
0.0005799903334944418
0.0007183746772926254
0.0006922810661128419
0.0006554056066970537
0.0007946318205897933
0.0006455381021179797
0.0006225842434304391
0.0007607207285531092
0.000719640179910045
0.0008147343472249655
0.0006593567608488607
0.0007507839067261406
0.0006354463529230532
0.0007390129558208817
0.0007458638459452129
0.0005449756274788822
0.000597341828861566
0.0005691087756573206
0.0008581619244281155
0.000704852351981006
0.0007177945761647339
0.0007049582060492128
0.0006270834020924783
0.0005799093623144826
0.000723707248745185
0.0006461339651087659
0.0007144388083160677
0.0006921140939597316
0.0006811105345096004
0.0006052318934791867
0.0005661360085146856
0.0008469961885171517
0.0006459203211146739
0.0008133045404829346
0.0007874380471536431
0.00047417710514877304
0.0005714122453644181
0.0006134314823705126
0.0006747638326585695
0.0007370464093555758
0.0006555480574568592
0.0007390320919087183
0.00078
0.0008237888974515692
0.0009325058683558957
0.0007259273136005995
0.000585051923358198
0.0006549178375803762
0.0006660078202208568
0.0006463579136690647
0.0005205428518311953
0.0008275790725942018
0.0006004653606545072
0.0006634874559402861
0.0007401924500370096
0.0006031211519614003
0.00043402777777777775
0.0006707574590713736
0.0004762428105652636
0.000377814719661478
0.0007639620653319283
0.000612369871402327
0.0007068525427056745
0.0009474067776023321
0.0006165228113440197
0.0006249399096240747
0.000592570645531647
0.0005126327352618089
0.0004625109203967316
0.0006636500754147813
0.0005708088361207832
0.0007197304282396048
0.0008856170259873246
0.0008010555084346433
0.0007538635506973238
0.0007010090281465746
0.00037076985304031277
0.0007100255609201931
0.0009371851643588482
0.0006002539535957521
0.0007356495785778843
0.0006181233774261342
0.0006349206349206349
0.0017720023626698169
0.0005688793077637055
0.0005760605686540756
0.0008707009142359599
0.0006098387315354384
0.0006145777850616626
0.0006661652519608897
0.0006662941151184284
0.0008848469952070788
0.0007113724746277151
0.0006598009122464787
0.0007100333169479491
0.0002015519500151164
0.000676826849020935
0.0006008026723702867
0.000735947993008494
0.000623542181473869
0.0006727815029938777
0.0005130477367598703
0.000598940336328035
0.000814421870528934
0.0005484096121248379
0.000637114362027984
0.0006244061354689833
0.0006981411990575094
0.0005582582343089561
0.000469548404916448
0.0007293633087351982
0.000745005079580088
0.0007343828888786891
0.0007571137142736966
0.0005606474258970359
0.0008238402318115962
0.0005444466442288655
0.0006345821910853893
0.0005278158978148422
0.0005463983243784719
0.0004508837321149453
0.0006102121963702217
0.0006179263691947444
0.0007515890740422608
0.0006255099265705739
0.0005952997204679573
0.0007543216343635412
0.000590830313533953
0.0005544634306164626
0.0007023492371034148
0.0005772838793476692
0.0006276150627615063
0.0006432294554729954
0.0008564231738035264
0.0006283571500962805
0.0006770164585035602
0.0005274767430708737
0.0006475943773570531
0.000581383276925313
0.00038398120750796197
0.0006477931263896914
0.0006277088626513227
0.0004995753609431983
0.0009108444063437634
0.0006018371872030409
0.0006931741600077019
0.0005378271782000717
0.0005580730852512445
0.0005655442184885831
0.0005440400413470432
0.0009263915724835234
0.0006492000927428704
0.0008322130465399142
0.0002707092582566324
0.0008895666539585716
0.0004791566842357451
0.0007679311933650745
0.0009735292754160679
0.0006804435483870968
0.0007371703997731783
0.00048427954105200415
0.0006105006105006105
0.0006086712238973687
0.0006854009595613434
0.00046758625296416283
0.0006890848952590959
0.0007553170343868018
0.0005998610848014144
0.0007735039729976795
0.0005158706075135037
0.0004535708395183902
0.0006669496149881768
0.0004802689506123429
0.0009201696703099401
0.000524467551420623
0.0006112113627102858
0.0006640106241699867
0.0006851724968056147
0.0006442557695405075
0.0005511070768632281
0.0008295608068071389
0.0008190994724035751
0.0005780650585947764
0.0006254847506817784
0.0006237632280822507
0.0005279324246496448
0.0005872599143291419
0.00046022672221683944
0.0005387124771795409
0.0006530345700175503
0.0005780346820809249
0.0006655574043261231
0.00047570506286102616
0.0006925207756232687
0.00046286979271483196
0.000765785626435848
0.00046242774566473987
0.0006026445460668581
0.0005873060877313784
0.0009347683290384519
0.0005457025920873125
0.00047522870381371034
0.0005834305717619603
0.0005363292497036075
0.0006964101181650716
0.00041649312786339027
0.0005845999665942877
0.0005369333435606351
0.000727802037845706
0.0007183170856849666
0.0006339144215530904
0.00064012680607206
0.0005636819706321694
0.0006338316990417957
0.0005883992443714968
0.000581588567630442
0.0007372407090915184
0.0003794634386976815
0.0004687918564157514
0.0005288074133763095
0.0007561436672967864
0.0005339170826770603
0.0008291301043322048
0.0006350457670914904
0.0007192206263757819
0.0004490723848550338
0.0005125357707256652
0.0008006593665371482
0.0005411510046586043
0.0007077379347533028
0.0006961572121887183
0.0007058325294685081
0.000527399668491637
0.0009009211919187369
0.0007830853563038371
0.0005635213825057918
0.0006506309148264984
0.0006519534456946927
0.0005248517293864484
