0.03100088573959256
0.11328388401888065
0
1.0
0.10913705583756345
0.08043875685557587
0.10874755806381593
0.07372229760289462
0.1709649376992176
0.43951612903225806
0.13112693757855048
0.2035110533159948
0.12901000344946534
0.09969788519637462
0.07894097643915472
0.12008895478131949
0
0.1251528740317978
0.08677169292323081
0.14128887985362878
0.12535748331744517
0.02243125904486252
0.11750278706800446
0.12378842425920798
0.10606060606060606
0.1258330066640533
0.09427828348504551
0.1255306246209824
0.021109976166155942
0.11262504311831666
0.17554371948513095
0.11844561343967419
0.046991655687307864
0.23242841204908887
0.12521222410865873
0.23986765922249792
0
0.17311072056239016
0.1239028373137375
0.24242424242424243
0.08745059288537549
0.18704761904761905
0.12969078354848393
0.24549067563436258
0.09706000805477245
0.13560267857142858
0.11529560277719335
0.07866868381240545
0
0.2396025027603975
0
0.12374839537869063
0.06766381766381767
0.10707456978967496
0.10353095030514385
0.13998660415271266
0.11460151250727167
0.08468899521531101
0.11858162560442091
0.11501454464085925
0
0.20733149389042177
0.12550607287449392
0.16320820704126837
0.11853517507227755
0.1013498055364905
0.08570524984187224
0.10269005847953216
0
0.06664142370314274
0.21599304650152107
0.15798671793079344
0.19276160503540518
0
0.2630853994490358
0.06745498521902714
0.17045900353079638
0.17250747079597936
0.1654368932038835
0.12532299741602068
0.17139334155363747
0.15373690750932006
0
0.12553418803418803
0.08098698153194066
0.212001579155152
0.1252737625930793
1.0
0.12513484358144553
0.0698034018113541
0.14362176628010706
0.20981432360742705
0.28620689655172415
0.112565445026178
0.06542594013814275
0.15848782260996003
0.14611638041527814
0.12508406186953597
0.1176614481409002
0.12551652892561985
0.12736335510484703
0.12786596119929453
0.3273855702094647
0.09290226681531029
0.12517257248044178
0.15948275862068967
0.1598802395209581
0.18530168716042322
0.10959430878677177
0.07177289769683985
0.12142080463936208
0.12515540820555326
0.16118891111746214
0.14970563498738435
0.19674255043494354
0.13445378151260504
0.12515337423312883
0
0.17440694954894753
0.12226640159045726
0.11233842538190364
0.1489668428640077
0.10553191489361702
0.08349056603773584
0.1406465874550981
0
0.0940403353727623
0.12521150592216582
0.13639162561576354
0.08100509576524337
0.11174496644295302
0.17715724422064547
0.1251175917215428
0.09446162496485802
0.11895996318453751
0.12129527991218442
0.17636837532580366
0.1251246261216351
0.1971563981042654
0.10499410145497444
0.14397394136807817
0.16329804299005454
0.1560081466395112
0
0
0.14947121034077557
0.11000442673749447
0.1987363584147042
0.12510220768601799
0.14933333333333335
0.20678513731825526
0.1252517116391462
1.0
0.12427506213753108
0.10241980866629151
0.16876077851687607
0.09746287128712872
0.14010378057820608
0.12520458265139117
0.07587460245343026
0.061717352415026835
0
0.17512232809683234
0.07743691241959426
0.10565568676196395
0.14231354642313546
0.13424821002386636
0.14204081632653062
0.07859159114544643
0.12535154680594615
0.12505125051250512
0.15587846763540292
0.15842812823164426
1.0
0.16154806491885143
0.18624641833810887
0
0.16453977735541678
0.09299116997792495
0.14436183395291202
0.11616571892770106
0.19062664560294892
0
0.08745160555682077
0.15638888888888888
0.0927367055771725
0.09037420569545776
0.009433962264150943
0.16065192083818394
0.07057211373758136
0.14093959731543623
0.09946347503095336
0.17017629774730655
0.1939034716342083
0.091796875
0.17880462079357107
0.070795033059184
0.14613861386138613
0.17043253712072304
0.15413153456998313
0
0.12515042117930206
0.14116575591985428
0
0.12539610683567226
0.19282511210762332
0
0.12550200803212852
0.12432223082881487
0.14285714285714285
0.08668813741277509
0
0.12506059137178865
0.2469299701294391
0
0
0.1251435132032147
0.125
0.1252600915522264
0.20884632922936616
0.20752427184466019
0.033185840707964605
0.05970790378006873
0.1257383966244726
0.15105008077544427
0.08602941176470588
1.0
0.1365750528541226
1.0
0.16805111821086263
0.1637400228050171
0.14134668892598776
0.13201517874975036
0.17743092931467527
0.14854517611026033
0.12518628912071536
0.1251564455569462
0.1300148588410104
0.14014752370916755
0.24113475177304963
0.14334763948497853
0.14461653293524912
0.12517099863201095
0.1252
0.050078247261345854
0.1357424840570908
0.15525905389014036
0.19584280610587854
0.11256926217556139
0.11068611044704757
0
0.13215731636784267
0.11642675698560542
0.1255663430420712
0
0.23438466295609153
0.12110605530276514
0.15136279439005026
0.09749303621169916
0.08838912133891214
0.15148954151700825
0.1282936580047247
0.11846318036286019
0.1112475442043222
0.17180394138453764
0.12543859649122807
0.13850110213078617
0.13208983631518842
0.12564831855445877
0.17203742203742203
0.12125421710656877
0.09389197375063099
0.07715648027741656
0.1507338357794526
0.11598258706467662
0.12160828811050814
0.19193817878028405
0.3201267828843106
0.10681871072841517
0.17973231357552583
0.1417142857142857
0.12510748065348237
0.10608875128998968
0
0.14394160583941606
0.11017084464314227
0.20908311910882604
0.09712531398269607
0.14361904761904762
0.14339339339339338
0.1646120377084844
0.09955448937628512
0.08115375213884136
0.17600343421335052
0.11950027159152635
0.18051575931232092
0.0843191542914674
0.11961325966850829
0.21561181434599155
0
0.20814220183486237
0.12512266928361138
0.12536960378474277
0.12684200708822982
0.14638196915776988
0.12510024057738572
0.3042604501607717
0.17211258492397283
0.0913399396811719
0.10019361084220717
0.17369507519905633
0.2089061566049014
0.12522045855379188
0.09850175326745297
0.13482115560990524
0.20799273387829245
0.1257359125315391
0.12505562972852693
0.2675233644859813
0.14076143904994762
0.1589189189189189
0
0.11754537597234227
0.08257788033624526
0.10867025005842487
0.08025382605449795
0.1977329974811083
0.14231499051233396
0.12538631346578366
0.12540561175796908
0.12525922853587723
0.1061847389558233
0.16864197530864197
0.24964336661911554
0.17265004110715265
0.08943370165745856
0.16760450160771703
0.15569064505234717
0.12685714285714286
0.12547770700636943
0.11282711282711283
0.15130830489192265
0.2296875
0.1942912747324035
0.10642661804922517
0.15784629544408652
0.13029386343993085
0
0.20279720279720279
0.04407176287051482
0.1062553556126821
0.06251224769743288
0.10293453724604966
0.0523961661341853
0.21705963938973646
0.11893907998342312
0.08377896613190731
0.18563392470791865
0.09515178975985501
0.09263803680981596
0.11912751677852348
0
0.49712643678160917
0.12523105360443623
0.1467546362339515
0.17945089159354657
0.07584770969660916
0.18753462603878115
0.17292344073307714
0.12541694462975317
0.0876539673446004
0.06563818949206811
0.2445961319681456
0.13560645497136908
0
0.07859078590785908
0.12505075111652456
0.20900123304562268
0.34328358208955223
0.10957112970711297
0
0.10713163682060949
0.125
0.11276891047883414
0.06845052893590542
0.10420293459338473
0.12536687631027255
0.1632420091324201
0.1052531041069723
0.13822525597269625
0.09010989010989011
0.20838709677419354
0.15153664302600472
0.08119052439765134
0
0.05555555555555555
0.11719086600603189
0.07912732009117551
0.1276089828269485
0.1618632707774799
0.04404567699836868
0.09007053716766142
0.125
0.17475728155339806
0.17424242424242425
0.125
0.03308823529411765
0.0587467362924282
0.125
0.1438888888888889
0.13437195715676728
0.15625
0.13150759219088937
0.14337947244711413
0
0.0880503144654088
0.25421734013338565
0.08140350877192983
0.13508872352604465
0.11683168316831684
0.14831688180207542
0.1195449459157031
0.1382596188421431
0.17920184190330007
0.11819569272511446
0.125157496850063
0.12020033388981637
0
0.25036710719530103
0.1708132194578537
0.09314434480763668
0.09640208733864324
0.08214981899192425
0.11768707482993197
0.1117061973986228
0.22437180342450522
0.1865350544166034
0.11985559566787003
0
0.13368016285908166
0.16135317038611408
0.15941269008914524
0.12287847929395791
0.09976105137395459
0.08204390068369917
0.10137085137085138
0.12505245488879563
0.10537822474857893
0.0796574987026466
0.12513181019332162
0.1272815770260404
0.12759113652609005
0.16189650187915583
0.13546532518864535
0.19857954545454545
0.14359214218896166
0.15953221535745807
0.10203019260801666
0.12521739130434784
0.10871830496700244
0.10231164383561644
0.24613686534216336
0.0795638126009693
0.11581450653983354
0.17102803738317757
0.11483253588516747
0.10197945377098472
0.21029824114198317
0.1741586833701793
0.12533215234720993
0.18952618453865336
0.23925501432664756
0.03571428571428571
0.11021759697256386
0.086651411136537
1.0
0
0.10828370330265295
0.15295887662988966
0.061925199264255056
0.15215014577259475
1.0
0.16304985337243402
1.0
0.05419415645617342
0.08648648648648649
0.10108958837772397
0.09495849362219072
0
0.10876235935901807
0.2002820874471086
0.09947348627303497
0.14616019818331957
0.10606060606060606
0.1438621174815336
0.18383773341918866
0.11206507004066878
0.08065268065268065
0.10117878192534381
0.10414971521562245
