0.010049751243781095
0.005233286651433626
0.005505465570892843
0.005947513196044904
0.00659054333665415
0.006829206025019147
0.005021243723445346
0.005119932669378595
0.006086674241194611
0.007243725762786274
0.004005778828473864
0.006083748624684486
0.006887052341597796
0.005870561282932417
0.006582556226001097
0.005171255876427133
0.006558693615312542
0.0077902723208237365
0.0057377684732883615
0.005802562170308967
0.007482258562172169
0.00887177770338132
0.0036141023749815607
0.007178043631245602
0.007735946364105209
0.005970881727466056
0.0044099756690997565
0.003511450381679389
0.0058828618392594515
0.007274931797514398
0.007910549935346466
0.006205945448973338
0.006122895254756178
0.0046210720887245845
0.007111466240511386
0.008508549455943712
0.006038414594976553
0.006902802956351973
0.005501969841054204
0.008315833683326333
0.006056259462905411
0.006947810631766037
0.005542514345331246
0.005408403827485786
0.007285665875974246
0.0073427113927964135
0.006757818639006758
0.005122251058598552
0.00592470376481176
0.006932276986363983
0.006800286327845383
0.0059376223411196655
0.012387682107650701
0.005639227013272814
0.003912412443995709
0.00825505266154284
0.0049395850748537124
0.006533132313877522
0.00681044267877412
0.005054151624548736
0.006508319914117016
0.007069408740359897
0.007407407407407408
0.007604264659767952
0.0067026081888387
0.006617241590588812
0.007303807303807304
0.004434589800443459
0.004981009899757176
0.00425634436235143
0.007392964497522138
0.006298059318930795
0.0035994343745982776
0.007770993577035921
0.007621168008220586
0.003818839608736433
0.007094295004433935
0.007211875087522756
0.006492052831878218
0.006329113924050633
0.006263048016701462
0.005933837709538644
0.006157822715523795
0.010147299509001636
0.006728661072049596
0.008298117556665386
0.004214667041303737
0.008754939180289766
0.00597106330858149
0.009004460153159977
0.006207888560829738
0.006360371146363364
0.0064200304951448515
0.005567271193589203
0.004304529392868616
0.0051877661633759195
0.005356521739130435
0.004204675028506272
0.007112375533428165
0.006670990456777541
0.005625
0.005422330838552009
0.0076666011401611955
0.005934515688949523
0.005936278929966937
0.007567810579949048
0.006552891193202275
0.007609159436779974
0.006752608962553714
0.00765286599831637
0.004743769626511659
0.005121739815617366
0.004016630258614615
0.007376671277086215
0.006856309263311451
0.007130584192439862
0.006076111288775184
0.006981086127120708
0.006630981864664057
0.00464740351586179
0.007790805307004011
0.0073473716103620666
0.007493240633449208
0.009861779779468862
0.007283791259450488
0.00761990138951143
0.006492985971943888
0.007600732600732601
0.006310527960012496
0.00572309046885318
0.005650546708740002
0.00577445652173913
0.006243578597960958
0.004595521190458822
0.007835922594712455
0.006095871432529786
0.005253522247870732
0.006037837112572118
0.004185752645711578
0.00829975825946817
0.004699181203275187
0.006772200118513502
0.007258210851025223
0.008165019338203695
0.006965000870625109
0.009722453049692537
0.00824989423212523
0.006395438434273385
0.005356017643352237
0.010838409172339664
0.007676854641985938
0.006692086218971286
0.005533333333333334
0.005917620493654131
0.005377601122281974
0.007993668381480017
0.006229903536977492
0.006983240223463687
0.008051529790660225
0.009559372666168783
0.006445115810674723
0.007841637180835803
0.008077910312547183
0.006344230482161517
0.005725737188663041
0.006067610517191563
0.006961506961506962
0.005384090392052779
0.0066555740432612314
0.008209939891511508
0.005712193335774441
0.005953857603572314
0.004936073798349248
0.0053774704937495635
0.006806206088992974
0.006712445027389862
0.005381568129157635
0.009313877677739833
0.006321384957977157
0.004018500265372659
0.005424188490550047
0.008353960396039604
0.004216945633839367
0.007768361581920904
0.005407963225850064
0.006756290934160634
0.007191683281116491
0.008553028778426243
0.004312477907387769
0.006633887458050418
0.0064569308971012505
0.0066343645173313455
0.0060688947773313955
0.005611672278338945
0.005427408412483039
0.005227492739593417
0.006560182544209926
0.006930551586167477
0.0064965197215777265
0.007955036748811067
0.005110188438198659
0.005365587486358676
0.008995388918285585
0.006638655462184874
0.006122750073768073
0.004076923076923077
0.00692979813196746
0.006080665024630542
0.006521889960452369
0.005803794308537194
0.00974264705882353
0.005891766075065464
0.005808440018966334
0.005362505362505363
0.004653906659674882
0.00697759823723834
0.005945059450594506
0.007196886245134758
0.006089943785134291
0.004017991004497751
0.006449823150010403
0.0061879671608871464
0.008490704142878057
0.005707842999083926
0.007251287611818921
0.007316697473813925
0.007056533376591775
0.008573784006595218
0.0068244261278028896
0.005317231434751261
0.007902535396773132
0.003449648401220645
0.0036636978080980356
0.005072967338429465
0.004893393918210416
0.006506849315068493
0.00534036803500193
0.004043399150886178
0.005319148936170213
0.008646748681898067
0.008416276346604216
0.008676789587852495
0.005491525423728814
0.007827342503229728
0.009045388467129704
0.005797286105625279
0.005830317651789305
0.005331066986015607
0.006882261525937986
0.005475437649417753
0.007046246051672471
0.005060907432472194
0.00496443390634262
0.005342050709615691
0.005336179295624333
0.007983558611967433
0.005573681348559
0.005406754283813009
0.0062551195174622085
0.00791914925710838
0.009467989179440937
0.00646316773088304
0.008459214501510574
0.006478516643085859
0.007617793661243299
0.007369875633348687
0.007946928339437496
0.007811158798283262
0.003657749408305243
0.005870697879210391
0.007374301675977654
0.006438631790744467
0.008526187576126675
0.008719506221220731
0.00854000136640022
0.006347731847035145
0.005648818521759885
0.007611391430770546
0.00660604647547991
0.007794338848625735
0.006667665567875337
0.007816862088218872
0.008542713567839196
0.00798990748528175
0.006941157911342483
0.006873857404021938
0.006170428805748653
0.00709399543957436
0.00986249407302039
0.007821853300343204
0.005413823791159894
0.007221533299292436
0.006624850236098386
0.006617360840794083
0.005718041406506736
0.005750710178064159
0.008147445024521437
0.005634209765963594
0.006387967979299749
0.006064847212502915
0.007518214230351883
0.00570663660701705
0.006553841048614568
0.00380099097264644
0.006468069600072879
0.004279921910196726
0.0060189165950128975
0.00820283370618941
0.005847953216374269
0.005295227041926592
0.002513902643406719
0.007158465827744706
0.004272181289084267
0.00621776301844132
0.0066141940604537335
0.00777866171660921
0.003972330662283406
0.0037737943282091127
0.009078681909885675
0.00869316010699274
0.00686631369953673
0.007535863446522607
0.005444878611235667
0.006510587925818756
0.007951653944020356
0.008907758907758908
0.005559465165376495
0.006406324541675185
0.007289944385991282
0.00857458188301214
0.006963562753036437
0.006881340979267755
0.010306686777275012
0.0070637777626842355
0.008581969842797561
0.006708440840398083
0.00676667210174466
0.005834659392286125
0.007206324774365074
0.006045340050377834
0.0048323544717864845
0.005556425105650337
0.005943094866651809
0.009726443768996961
0.0035493957576269754
0.0041339116291677965
0.006077568972411036
0.005010089764108274
0.009698621352997755
0.006846583355490561
0.006193980907964731
0.004942096333997197
0.004982389829052487
0.003016480282519129
0.008344810823948797
0.004999242539009241
0.006148726851851852
0.009644766997708174
0.008017492711370262
0.006656293222683264
0.004571121269158376
0.008144269924374637
0.006440561836245289
0.008607140184117954
0.003444173085352871
0.005928385107896609
0.005369848301785474
0.010466222645099905
0.006796737565968335
0.007111869710546902
0.005859512883868691
0.008604690399865025
0.006336753168376584
0.006101235311840916
0.007438631291842301
0.006003082664070739
0.008471615720524017
0.009277899343544858
0.009979091427485268
0.0044994375703037125
0.007882004058061495
0.007850676920612032
0.010410066081289037
0.005677691952201756
0.006959847036328872
0.007338864071474154
0.004787269907625919
0.006839241064862479
0.004154051960853341
0.00772573635924674
0.008758101243650377
0.007241495453014483
0.0051707094517527185
0.00550314465408805
0.00627566436817231
0.008062986150635554
0.009138679460817912
0.006761537856749745
0.0051513200257566
0.006551935004804752
0.007701700009392317
0.005429553264604811
0.006568516421291053
0.010505050505050505
0.00590449479666396
0.008210316802123072
0.005625879043600563
0.0057332725258974525
0.004716644036303866
0.006552125800815376
0.008899500759713479
0.006714481916679384
0.006398348813209494
0.004919813430451728
0.0056282435494481396
0.006186224489795918
0.006092388370478908
0.005515973339462192
0.004581806064645118
0.008008898776418243
0.007953053818237974
0.007378217489729186
0.005807200929152149
0.00504746120235046
0.005318790816670033
0.006321419888159494
0.004781313685530648
0.006433764395547835
0.00576287862815377
0.006647879182021823
0.005193095377413692
0.005273405808859322
0.005895082456533095
0.005845540196685235
0.0069740126266333875
0.006493506493506494
0.00492029128124385
0.005260888313928417
0.0072277145468139905
0.007052076875387477
0.0062717179421984915
0.004196013786902443
0.005902402527225871
0.003866658855234636
0.004988953032570736
0.009216589861751152
0.007208320461332509
0.005201465201465202
0.0084359325125399
0.005963122793252256
0.005666347781293693
0.0069458095799751
0.009812667261373774
0.008846684522360197
0.005124000819840131
0.009717987804878049
0.006796116504854369
0.007895959126799815
0.009587581798812967
0.007574267165060004
0.007219947897283216
0.007231224952082244
0.004764425622022234
0.008135225526529875
0.007720288026130205
0.006371271358239212
0.008803934010152285
0.00624950557709042
0.008712789129758324
0.006389541715628672
0.004482477587612062
0.009896802571476907
0.005048832974673068
0.009354917432685269
0.00899711101939744
0.007681228996639462
0.005847514806207362
0.005076495132127956
0.005258964143426295
0.005295169946332737
0.0061723632435768845
0.005702679478165769
0.005904455179817499
0.004958112497862883
0.0050117924528301884
0.007421636252510259
0.0067308339503264454
0.007912885662431942
0.006671670419481278
0.008317655213387464
0.005471742359102634
0.0037313432835820895
0.0065745237205827416
0.005857134231024697
0.006279791178028297
0.008530131901113656
0.006975006227684132
0.009666159491631613
0.009231905465288036
0.005008130081300813
