0.05049884881043745
0.03442999234889059
0.01754578352889571
0.022111801242236023
0.030805073776857365
0.033013270039918004
0.030814782322623094
0.03044496487119438
0.020867430441898527
0.027063058258898813
0.01559241235475221
0.019964461168600397
0.02613590671491757
0.027716914986853636
0.028146989835809225
0.02497687326549491
0.024091293322062553
0.027934083601286172
0.024838140082401414
0.031242873432155073
0.026095158247746802
0.02348831606841725
0.029282576866764276
0.03234283404083283
0.025983746792130027
0.025398147184344747
0.02532008408178865
0.02448927801040477
0.02471594236851353
0.028963938179736692
0.04114097641250686
0.02107956622395516
0.029021855965603725
0.030434782608695653
0.030470302495032017
0.0258816406841229
0.022194682289319513
0.04070609932815176
0.032134831460674154
0.03681131155533886
0.04525946156847444
0.020976353928299007
0.023303632625085675
0.034661091549295774
0.02
0.016753185464841905
0.013312296617690563
0.038891650099403575
0.020187924458089125
0.02518472265584348
0.04090029041626331
0.017510944340212633
0.01226876258027413
0.01735922751437561
0.0288153681963714
0.021743222891566265
0.01564118500103584
0.03174402428228152
0.023062843197071387
0.03881726457399103
0.03292453872500276
0.01736793135531893
0.019085615699805908
0.030495944142109047
0.0297723292469352
0.031558691468890315
0.028260625770999213
0.03595368677635588
0.03038012571086501
0.023871564259897452
0.02994612203984463
0.03004884264174984
0.044034890264490714
0.0121580547112462
0.03054989816700611
0.02915542643702013
0.02809940694719006
0.018404307391091532
0.031880139686831135
0.028280018544274456
0.038171262699564584
0.038248551191242756
0.027220475002711204
0.025883069427527404
0.038280091656557484
0.022516155088852987
0.015298427063132945
0.029733460762450887
0.03370205727282125
0.019324324324324325
0.022032902467685075
0.030947097979680017
0.02883799830364716
0.028602970694500202
0.026751452691590835
0.027915227336383158
0.047501469723691944
0.02363439044977692
0.01940420880021864
0.027647469807366005
0.027136904156926517
0.025602219699836046
0.023765756302521007
0.021598030438675024
0.025225982762245112
0.01593279258400927
0.022643201434816726
0.02951739618406285
0.022103778021633484
0.02774367787871348
0.02214292249977125
0.035326397622041844
0.020609703735508803
0.021134849529060418
0.03394719325493677
0.02962279622796228
0.0304798962386511
0.021885521885521887
0.03441984918511311
0.028656532456861134
0.037237643872714964
0.022002588539828213
0.015554602016734606
0.02448146888813329
0.03360266769270232
0.019656528036416304
0.02731673582295989
0.031573692749282414
0.020283533260632498
0.0350132625994695
0.03540772532188841
0.0213089802130898
0.02041598773123742
0.03946630788204956
0.02795887662988967
0.030018036588508115
0.025328330206378986
0.01967984934086629
0.030727706841067164
0.022595596755504054
0.021991380263012488
0.03110388290302907
0.026787715758798476
0.03604621954282843
0.05183585313174946
0.01825621655649984
0.024004424778761062
0.026562299499550877
0.023336214347450302
0.025497195308516064
0.024072416194170894
0.041240666283744974
0.027377956718671364
0.013637460777214578
0.03822960518830356
0.030784959672838806
0.02417854928704278
0.029421711193777476
0.033236994219653176
0.021560886729426056
0.017742582197273458
0.02677133655394525
0.023735810113519093
0.026258705331658864
0.021384823004256204
0.023935143482177325
0.020892471897354378
0.03413801511826384
0.023875114784205693
0.019849336362549326
0.029653087663739745
0.03334835511491663
0.0374698336085355
0.034318299637117675
0.027255029201817
0.03996829710144927
0.04232100079850945
0.03313319991105181
0.026346919023550918
0.02109655732004173
0.030868463487675652
0.03268921095008052
0.024850682593856654
0.022214548802946592
0.02980688497061293
0.02540156892043332
0.03133760512615138
0.026587563172929027
0.018680089485458615
0.023335474202526227
0.027523983554134306
0.03127748998142899
0.024926845128427442
0.020184790334044064
0.014805496419585833
0.02359311545155676
0.014052089642640824
0.02015948391721172
0.022688746903116442
0.037661874777236544
0.02869233150995975
0.029071170084439085
0.030556191348134584
0.04882221344913804
0.03502402562733582
0.02063273727647868
0.03241701244813278
0.026347627369270064
0.03137559963697653
0.02345159350571257
0.025259239563945757
0.026741293532338308
0.02426550598476605
0.030749100425253518
0.0207286432160804
0.02065021709202584
0.026961964371689937
0.029014759682099156
0.011644248142943184
0.024601414845317283
0.03742262239729882
0.02078901566428157
0.03302839491505287
0.031270358306188926
0.028936910084451067
0.023548354634195433
0.04747774480712166
0.017754981258630894
0.02154398563734291
0.03315585672797677
0.03908890521675239
0.030433983082015448
0.04832234012044737
0.024722321748477247
0.0334438518091394
0.024451163402129616
0.02092969472710453
0.019664316218095144
0.025052192066805846
0.0340486752187987
0.031120929785803476
0.014676034348165496
0.028692579505300353
0.024919013207076998
0.029430103504177577
0.028978507606858248
0.02299074525085241
0.048049340218014915
0.024138254907485678
0.02631578947368421
0.023470434089096503
0.03231574913782092
0.014793486894360604
0.02988691437802908
0.03256621797655232
0.028988950932636332
0.027138858464159667
0.01845018450184502
0.028065960467401986
0.03050171037628278
0.03772170871846115
0.02143427203283548
0.03464708912931479
0.0313719820731531
0.02100257578759659
0.02195533871270407
0.02679496669133975
0.021211300658904232
0.027635856943799348
0.03588888888888889
0.03717627401837928
0.026470588235294117
0.037575910931174086
0.038737850401465
0.0360440538435866
0.021767297227260948
0.018613061050840245
0.036451095670764294
0.027690700104493208
0.028337061894108874
0.04385746324445552
0.024186132058120285
0.022228665313617474
0.03182060864922584
0.014858396489828481
0.026618210391906493
0.03318508381799521
0.021011588866024045
0.03006312185728041
0.027302416721097324
0.03731343283582089
0.014590618593994936
0.023113443278360818
0.016404114047650045
0.023886177173122858
0.0291427874649433
0.038866026520347506
0.0254427030327702
0.02609002232929839
0.015725288831835688
0.03165485211439746
0.026104644592609333
0.037616763443574855
0.025578314480790787
0.024724356832609422
0.01511826383808827
0.05758729108058911
0.01905183872396987
0.04935767410412441
0.04479707906192951
0.028973980229519372
0.03950173942318483
0.024822695035460994
0.017610594533671458
0.0305806277785262
0.01480946360845223
0.019743800681631216
0.02616073532877681
0.020578034682080925
0.015487447016628627
0.01403922409173722
0.026091825307950726
0.017406809883671562
0.03539488600579418
0.03421868941450174
0.021165780141843973
0.018961978301241324
0.02326055906957764
0.0299830530569678
0.040707016604177824
0.02129731045393696
0.029467680608365018
0.021402310924369748
0.030049261083743842
0.032764505119453925
0.03121529919802591
0.02470611675632596
0.017401937729282287
0.022037538519002708
0.029210554891953525
0.02211548083658561
0.020591581342434585
0.03548145773217912
0.02311339391544844
0.020161290322580645
0.031138335885655948
0.026948989412897015
0.017853639395722973
0.02650103519668737
0.01479893855888957
0.028939316675165732
0.02566358703622232
0.018832014424521686
0.01823808997457721
0.023484434735117424
0.03942419919595383
0.02680392347285617
0.01699661999034283
0.022000429276668815
0.029678123295144573
0.02940174821205585
0.029681801031316814
0.02550287356321839
0.028430549727234578
0.02742409402546523
0.01490376426503151
0.03172063253012048
0.03073572120038722
0.021122038444345105
0.021432305279665446
0.021967616702963735
0.03780213603147836
0.027795325331648767
0.025529445894981143
0.03607382550335571
0.027318932655654382
0.023985067662155857
0.017054067710965133
0.04315722469764481
0.04165568151858687
0.019102718043881674
0.03127936635790039
0.022881739918441325
0.04589691217109215
0.029044394281414598
0.021922202914048925
0.022737505628095452
0.02741148375038937
0.029117868271193725
0.03612753921316534
0.032363785333879555
0.031891655744866756
0.03177611773887836
0.03844328429046037
0.039464993394980184
0.02551852714984852
0.03292806484295846
0.03409279893563945
0.01675977653631285
0.024642126789366052
0.020562770562770564
0.023774765380604797
0.017546283503730314
0.042149894001745854
0.013040643338404694
0.03777107568576763
0.02854261220373172
0.015708849643867696
0.02189402772379842
0.029771231588843622
0.02405727923627685
0.02644041041831097
0.01595358955765047
0.028318304065812372
0.027548965769723596
0.04207159552220446
0.026644983737803354
0.028374892519346516
0.033252882810404935
0.03187772925764192
0.016015200868621064
0.02902277736958119
0.021926053310404127
0.01989389920424403
0.048372911169744945
0.03158129673027564
0.03394197378738658
0.04241680305510093
0.022779461743363646
0.036286142149521944
0.03745743473325766
0.034004708344232276
0.022903063787041687
0.0296086508753862
0.025610083132207025
0.028278937766065274
0.018509254627313655
0.03187956608368386
0.036896428995135844
0.024678604224058768
0.024563180552038492
0.03273637589062199
0.026148042149082867
0.026627595872085616
0.023969319271332695
0.03905160390516039
0.02087417829546765
0.0283775447254781
0.03184119371169731
0.03182461103253183
0.03521288837744534
0.030538783093358106
0.014349098461247994
0.019432370237790847
0.026736292428198433
0.01320361362056984
0.022252545397291906
0.03236279849183075
0.022692222956598368
0.015207991650514388
0.025866373714171578
0.021247429746401644
0.02913135593220339
0.03214695752009185
0.05557404326123128
0.04334975369458128
0.037952234570820524
0.035029846057178765
0.025190161019460634
0.024983176312247644
0.025556383771696306
0.03837441705529647
0.02669644756434801
0.04638691513607722
0.019726204592001726
0.022596058132590087
0.02231338803281969
0.03855755894590846
0.028983820277034104
0.019984794178342567
0.01814973531635997
0.026120641947980076
0.024351676154332702
0.03835840037309082
0.030671670764850525
0.02309138100778663
0.020823302840635532
0.024779265166619196
0.02366244372317035
0.02267804815900115
0.025970292285577384
0.033923486442986255
0.027163288404156806
0.01944943147815679
0.026612398246712587
0.020305071315372424
0.027770465912082126
0.022648752399232246
0.029005524861878452
0.042728402734617775
