0.030322051083965042
0.03350377404431459
0.03051454138702461
0.028151828125680917
0.026289804986423106
0.021420987027376392
0.02561580231368537
0.021108296671554904
0.02613293711488878
0.02912447351913254
0.02833830845771144
0.0250487412053912
0.022279471399265303
0.026272418807561804
0.029996018227668893
0.023869525937901193
0.03399581589958159
0.03765052838535267
0.03500473036896878
0.03005648764859624
0.027644996813256852
0.031919814957594446
0.0275125677097541
0.02529058116232465
0.028694404591104734
0.02457181782794862
0.027513396784771656
0.033445797271527064
0.02259806708357021
0.024041093006610247
0.03147120719341879
0.026493194211859677
0.034045850234720385
0.022758676745509226
0.03137597746369421
0.03313266853545333
0.026269270298047275
0.029917924278527932
0.022199365732407647
0.02139547560643227
0.020533963094904534
0.02425986842105263
0.029763440860215054
0.031066369061176147
0.02218079439963476
0.03409574468085107
0.0217873713939883
0.026869107166570757
0.02232202410067144
0.030084545727651173
0.02681569385032887
0.031622531622531626
0.03238184370613009
0.022452941672997384
0.03288247383262438
0.0248647135659638
0.029295959501265584
0.026481894547007737
0.028287493299245393
0.026786072848479982
0.03196906827612222
0.024646427419726356
0.029802273378546185
0.030616583982990785
0.027509231982075433
0.03334935127342624
0.028290177616092448
0.023574177746675997
0.022822299651567943
0.02698279294023975
0.02743631689647114
0.026447427071467487
0.025906735751295335
0.03225246342839779
0.028324778348110126
0.031015373614587057
0.041310468390069105
0.0268792071802543
0.031098509100887222
0.030627479418163205
0.02487355940635105
0.030403978792286398
0.023692198525643554
0.027476953369730602
0.023212953617973583
0.029718165752023067
0.031009930672662545
0.03791398912506179
0.033776301218161685
0.02882548368184483
0.02864950634696756
0.030531049991350978
0.031985309817653844
0.019942416800745193
0.032780468711776506
0.03130635838150289
0.026385224274406333
0.028556905873111223
0.018948264849904195
0.028861852846684573
0.019377313302852167
0.02707079094872327
0.035120938187148794
0.02416445738624017
0.03162769159527668
0.023955516624138324
0.030297637585086978
0.023698417055540304
0.03864375290292615
0.02504089593557317
0.02771644665758444
0.028550759585242343
0.029924016050542134
0.02534957536244317
0.022812079246008848
0.03857186763651265
0.03337076128452728
0.02090453153433048
0.0316512391758734
0.020358610384759057
0.01556236736618722
0.029876647436799398
0.025661973184679707
0.020105179876204218
0.028648546263850744
0.026106800547695118
0.03411365011402243
0.030733506351591312
0.02599133622125958
0.022870705000269703
0.040412914561827364
0.02055571902980369
0.029097415132539196
0.02822596789045922
0.023034919469554445
0.01511508072827207
0.02156724596837326
0.01863457842399933
0.030097462539178225
0.03413906009244992
0.030986778293940476
0.04054979198483333
0.02473412826297132
0.026735833998403832
0.029913058448824997
0.02929960354917878
0.03261791652527995
0.02459736456808199
0.03146436027438115
0.023702889978029405
0.03147826086956522
0.024898435300269497
0.02209090909090909
0.03543878754877938
0.02321075197889182
0.024755050724009364
0.031255322772951795
0.03057809563104571
0.031909345218339574
0.028784055429622344
0.03571428571428571
0.02838488609001667
0.031096311475409835
0.02225972722711308
0.03422445501031668
0.028232685090412827
0.033288948069241014
0.032866050916592435
0.034547801052318076
0.028264933677557197
0.032057489424596096
0.02472952086553323
0.030457287077041536
0.014635976982737053
0.030030301659807336
0.028550823010351264
0.036119153948078714
0.03396608723472326
0.02649734147734763
0.03374685520950811
0.03219102161463144
0.023225257951076245
0.025026436376454
0.03478633292090987
0.030506769118185145
0.025998992996750125
0.02491651682507064
0.027344928119030863
0.035124235722648625
0.027504356426317524
0.024542537507588242
0.023886144223360377
0.01948679806619561
0.028604982803456087
0.025609365710888555
0.027314112291350532
0.029458314187981824
0.03031427208649107
0.018004192244347957
0.026203777600425644
0.028769260776282425
0.020271920540584548
0.025857087827426812
0.03356742193366018
0.032354903268845894
0.024826859989469846
0.023112259546368072
0.025860498998360956
0.02311585827587581
0.03218788627935723
0.027802412202908834
0.03661784287616511
0.028019041256054786
0.030379078061022323
0.025052283025444405
0.025473830638149886
0.0290867339616323
0.027185861660747504
0.037480660777561514
0.030258174060690497
0.03336732381599819
0.029603092297539362
0.025831259895951142
0.02265451859147993
0.019066430183811673
0.029166120075210984
0.03271537622682661
0.02445313507241394
0.03044284830899491
0.03584988962472406
0.031193111931119313
0.035328009703830994
0.0323821737736454
0.02674532067772554
0.021823494498470528
0.03420779465886572
0.03115466395488583
0.025312581970796538
0.023685044359949302
0.03134549495323641
0.023992085085332675
0.03609986504723347
0.029551615340176866
0.033328291231785406
0.03465687399586872
0.02837311822914224
0.036954521237952245
0.029025538851657307
0.031919814957594446
0.026117982873453852
0.027875409041328323
0.024233876137966407
0.029115934356802542
0.02424624814097075
0.022824077794744033
0.02290735074919589
0.027214998488055638
0.035138867577106034
0.031964123849053006
0.03854780658285953
0.02669452181987001
0.026369082777824657
0.02887174028738691
0.032593448304315535
0.01924129510336407
0.02864113198341059
0.02566334991708126
0.022959291735502183
0.02520259663116806
0.030763929907462097
0.03455425017277125
0.028416714586927353
0.030699189708462117
0.024204145648764358
0.03193466629118558
0.030051443997351397
0.021011610622313284
0.029090587559131704
0.028706083976006855
0.029273644941847705
0.04253293128074909
0.03425094459983316
0.030956272987331425
0.03268399274722209
0.023751686909581647
0.034018726767985695
0.032234664732284535
0.025885180734029768
0.03225281873373807
0.030634379565275136
0.02701525054466231
0.031179832618901816
0.02500523560209424
0.02400574785512024
0.029499644296893526
0.023197654363573645
0.02832689892553142
0.03143257206315485
0.03311379436516648
0.0314666218543881
0.03265566686309173
0.036632390745501286
0.022272650865691714
0.020353570597813446
0.03163620747244358
0.02837057494350992
0.03673919899085462
0.018135959644487148
0.03236647536321803
0.03029749120321711
0.024907711654699606
0.019739715258974583
0.032544510056386804
0.026991614255765198
0.028736435191653857
0.02562156006832416
0.023283747574609628
0.022621322124570117
0.019204389574759947
0.031019792313836867
0.03270742358078602
0.03211789155488381
0.030757097791798107
0.01910613584715091
0.031337780898876406
0.02237127145475754
0.022550847825144195
0.03131238835767574
0.027365971384244094
0.03377769343896769
0.029347472210594857
0.02392067754596158
0.03889120660084365
0.023882647700638488
0.03176640462056794
0.026653038760908878
0.030371508632378197
0.03515960945009359
0.03370055082623936
0.03823957444673057
0.02097368755561205
0.035211267605633804
0.021356297093649085
0.024769797421731122
0.03348281016442452
0.0302205042607397
0.02913456986702242
0.029635222500117974
0.022881905070468167
0.026489751272173873
0.014504494078617444
0.02793632928692017
0.02222036936674032
0.027214849354375896
0.03280105545698558
0.04271258455861799
0.03073848900982101
0.034518342706774674
0.02080715685781776
0.03559284610289247
0.024541204986149586
0.024580620121609383
0.03244994895014871
0.020793623288858084
0.02030687786922536
0.03976749818357956
0.03424957431281927
0.025618299991559044
0.025380487375736782
0.02544472962209045
0.020461903734081587
0.028783048940558786
0.025795084929526563
0.032546131708142884
0.029029793735676088
0.028728497960631316
0.02612119886239335
0.029359389982192594
0.03514960897653859
0.026450116009280742
0.03126889047645216
0.029454217410915653
0.03812807382244081
0.029313819998247306
0.03708952306489445
0.023819117976270426
0.020805256064690025
0.03146686947428463
0.019528102819873393
0.020285558242958572
0.0325707460492466
0.026671706989247312
0.03158979644421541
0.02251129788402247
0.038385961705433444
0.02934383915228909
0.02443908433076958
0.02127929604873509
0.026998744244453747
0.022929279917557645
0.028149597545248366
0.02683877061115265
0.02457630791903255
0.030922565806286738
0.03385861345562765
0.038526138988032754
0.018625594842142965
0.037318955492123905
0.023863350916855063
0.02096656682587226
0.02804698316287794
0.031134289439374185
0.024650171439162264
0.026831486687613693
0.02863149464410852
0.033450360834796175
0.02550567778566359
0.017450650079910156
0.021644467213114756
0.021352171136653896
0.028711519991912248
0.021802982376863986
0.02697133437127942
0.02335844514777337
0.024696456595358057
0.031457779255319146
0.022248338466526178
0.02949788993196107
0.024536205864751647
0.03227081138040042
0.022286439861640178
0.024802467570879283
0.023701938876109104
0.033030111397577465
0.026917044635666142
0.022473593527605064
0.02650844538016173
0.02122630359759845
0.03249115218246166
0.019905899384726745
0.03949230914409738
0.0236085406039814
0.0310960304917728
0.028825683385846887
0.0414683169364223
0.025496334129664715
0.02556242041220582
0.02033100898933042
0.025984571660576532
0.03531944606074712
0.028249081686199055
0.02552007740686986
0.023432343234323433
0.02638196309082385
0.026858809016485366
0.0296878612716763
0.026387302587531015
0.02505724854676766
0.03591470258136925
0.03321967851924014
0.028200683936852954
0.020310428870740155
0.03620144183392977
0.02101633691815122
0.023385023633800482
0.017352185089974295
0.016733821231806594
0.02953360951490044
0.030758714969241284
0.029775733725285667
0.016740498950804383
0.041017550778939066
0.028390388413429887
0.04022795843110962
0.034482758620689655
0.030190725842899755
0.030492977660476952
0.020390860146678538
0.012971851083149565
0.023968565815324167
0.03034288824383164
0.024075493003185868
0.02607671601615074
0.0343130294855412
0.030669667979741137
0.031093498236293166
0.04086406848837788
0.025163444805042096
0.02954455792749748
0.03039211252317851
0.0333928485257926
0.022199358948992918
0.027061970575122603
0.024127934162536238
0.021997800219978002
0.028452978398428978
0.02207599235831034
0.02899824253075571
0.027498604131769962
0.029893839115177897
