0.04108047270680923
0.029982363315696647
0.03784119106699752
0.03519910888331941
0.031170051689030438
0.029561671763506627
0.027573214591539646
0.02556375350722228
0.030821740704349176
0.03486238532110092
0.03625410733844469
0.0326630311292888
0.026665330058643678
0.03147827758554402
0.02683226902571914
0.042833198832950524
0.0388699161751009
0.028332884460005387
0.03214391035092893
0.0496402068810434
0.05028922205170582
0.03706195339734573
0.04010970174837161
0.030429392539163755
0.034407783877806165
0.023889620203793087
0.03763543052651587
0.02773585887495447
0.02718852703913953
0.022610647851186657
0.03936915887850467
0.046086843473738946
0.02689253041117925
0.03694017652827721
0.03631028791490922
0.04765469061876248
0.029546846295162278
0.03232607167955025
0.04896122800052931
0.03162163643338631
0.03561643835616438
0.03358963982193444
0.028470209339774556
0.032552083333333336
0.03497137674998583
0.02914798206278027
0.03707890572009948
0.028254668747645446
0.032024736348075754
0.03361800858962334
0.033352803738317754
0.04935610143529812
0.027396571658372292
0.03387286255058086
0.029585492227979276
0.028319502074688797
0.04414660484024646
0.02857142857142857
0.03671990778857237
0.03537532355478861
0.0399622218286996
0.03306088232212093
0.030887372013651878
0.03738890591480233
0.036686267367435084
0.03178384660081348
0.034249421261945745
0.03572442778440393
0.03517924023542001
0.029729168828473592
0.023828571428571428
0.032618186353997755
0.028719927128543106
0.02594691321204891
0.025643703974512978
0.05174257002351935
0.033345139907908716
0.03074008433661309
0.04365612406887288
0.03369803063457331
0.039440203562340966
0.03672029504516543
0.030453632230094112
0.03840743685401504
0.028826751225136928
0.04622856808473287
0.04239757728129821
0.030161745236861798
0.03406416449894711
0.03150778391118278
0.043035734041376256
0.03016599003032016
0.03705725376031053
0.043262204033908215
0.033056892652090705
0.04151223128243143
0.02747830660005259
0.030035793951340976
0.03253018691073496
0.03910944206008584
0.0316622691292876
0.03758929583853045
0.028251599147121536
0.039121628824219164
0.044029280017480604
0.028630524711517526
0.029978845572680567
0.04049188500526228
0.05033579811410352
0.042290857530361874
0.0496753451427851
0.030066210789102356
0.025369632822303454
0.036590486473516884
0.022225636298458546
0.033659799617246425
0.030782122905027933
0.029924047741419678
0.03820428522843215
0.02889001520527116
0.03742107012296444
0.03644194136160345
0.03119747899159664
0.0294466168977367
0.03903869372736158
0.03162532123564273
0.027140022675736963
0.027984860649157013
0.037132987910189985
0.03467256838043355
0.02520852641334569
0.038596286348242435
0.034173786205459473
0.03746862674793833
0.04107063030844881
0.02336448598130841
0.040853798485196234
0.039738805970149255
0.03471287874710726
0.03140032774752868
0.02702702702702703
0.04038814581694204
0.031496516381643344
0.040241081212711555
0.030777871384442573
0.027620045206461215
0.04043222703793861
0.03562005277044855
0.021506395073424917
0.03565188905874645
0.04202317773204809
0.026366001734605377
0.041056081122859085
0.028459714120889688
0.03595206391478029
0.03212177335339739
0.03798653789874159
0.03945434232962897
0.03133887551957996
0.03102803738317757
0.050394656952034
0.047913845360159926
0.03269820280098575
0.024042421746293244
0.03919155276284252
0.02387294071224228
0.033873699491894504
0.02473530074341068
0.03933449217779985
0.027754077791718946
0.031598606834586845
0.021402958314657106
0.034045226130653264
0.03446749304325829
0.0400659622549319
0.04429279598274641
0.026046155319352678
0.026874618979882137
0.031136746465213617
0.03386285543548628
0.026735483870967743
0.04209129511677282
0.03537541819777327
0.03454604339846702
0.03696036047007246
0.030627871362940276
0.04117965367965368
0.02689535172756649
0.027644492911668483
0.03087983970770228
0.03810408921933085
0.03023212280044927
0.031652598844957795
0.02630655910206945
0.045020463847203276
0.029405576012624935
0.034448939561113154
0.033781251673001764
0.04831307367898784
0.024984384759525295
0.04736408566721582
0.039101497504159734
0.04546247311202837
0.036259952657628575
0.037564060625885944
0.03885060026678524
0.03760198652004257
0.03577987461212083
0.03971786619187838
0.0338865096359743
0.03393821063512117
0.038885737694586246
0.03768322354756394
0.026534427251012568
0.03550419074392212
0.03864857947274123
0.042100584201168405
0.03585835948005379
0.03609640725306904
0.03354053354053354
0.03886880165289256
0.03784166119335119
0.045953033734652524
0.03164763458401305
0.02318553639347679
0.026920031670625493
0.03159315379424575
0.041512652829115725
0.03120645032848895
0.04170555296313579
0.046274790066106845
0.037312209778748974
0.04128552262471033
0.02729960925124089
0.03272075302554908
0.041294579375462145
0.024893037728510307
0.03557332779393436
0.023776293490180442
0.025253304531193746
0.03655433500899895
0.03213928538958087
0.0371769276425835
0.05524089738874586
0.0495254319785836
0.031104827307614623
0.03051106025934401
0.039572823167136215
0.027240325865580447
0.03000571042932046
0.02901202300052274
0.026934898016205643
0.04152957973803464
0.0340762571375944
0.026739279756648023
0.04331851851851852
0.0350296668188042
0.03564166290103931
0.02440597785184389
0.028522600035358597
0.030514939605848695
0.05031625328690214
0.050550226563879246
0.028315546736740495
0.041671124424949184
0.03483892579978784
0.021422577619823288
0.027737838485502035
0.04234938240483993
0.031170655286046133
0.027639971651311126
0.03357844397593459
0.0455509199097189
0.05445872532131973
0.0259163272861903
0.03691436830061424
0.027804878048780488
0.02700435215772639
0.036924269264836135
0.03543211377172724
0.03722958242495388
0.030937750467539406
0.03217276333186426
0.04030324629041664
0.04165995597788157
0.03386117543969456
0.04431586978636826
0.05191786129407207
0.048013663967611336
0.02765910833607186
0.03431899134957879
0.04947933101924897
0.029447209850668062
0.034049760541992755
0.03516137496720021
0.025971441365242053
0.019088283310310185
0.04204414954702054
0.04923399240539479
0.030234612741729654
0.038365155131264914
0.0401160590387284
0.04411582724910283
0.02157073695535234
0.04175910217930315
0.031759749378848436
0.0483296079260557
0.0538109980834439
0.04019116715610065
0.03932522729762296
0.03167135512658842
0.03260160834601174
0.02923533865237901
0.043907910902195396
0.03058103975535168
0.03301751363766867
0.03198148440376624
0.04187917941743171
0.040302118369032865
0.046837864471624836
0.03263270845168213
0.041449391629897046
0.03288457294195542
0.03667355371900827
0.03473419064032878
0.03751272233800223
0.03419646100358051
0.034916877387421316
0.042047645705044476
0.03612523414503613
0.01966939716485996
0.03328978015111061
0.025997707616963635
0.03580344638616574
0.04223265003704618
0.044792966197350445
0.029106029106029108
0.03452598589710107
0.025815853848956436
0.052510421203260126
0.04105044920525225
0.0462605548854041
0.034363225320271286
0.036575326355403975
0.032802347516243974
0.03129052263629701
0.04369073244516842
0.038255596413134633
0.03912963978789541
0.03796068796068796
0.039732519639031356
0.036092676679473745
0.029748399132758535
0.026525198938992044
0.041856880298808324
0.0383059573424859
0.037920155320956196
0.03857861713362738
0.039423232705081815
0.052280815270139114
0.03441468359833529
0.054556120453656626
0.028908524439450432
0.03665183537263626
0.027449324324324325
0.026211321985969874
0.03113080547453444
0.03254009611487464
0.034797869765190025
0.047829937998228524
0.026333989466404212
0.03431860954278756
0.038461538461538464
0.04156645081714462
0.022529224229543038
0.037889518413597736
0.027273680897933493
0.02726059973319413
0.04284818504842193
0.05156502097450791
0.028994201159768047
0.030241086995731376
0.04060445973339886
0.02667438312200768
0.025938892425206875
0.03784158530244382
0.029773635153129162
0.036438990257817966
0.03077090355550723
0.03586472499699121
0.036428487896152495
0.03006012024048096
0.03906801600376559
0.028194256239891594
0.04606107978337334
0.03417721518987342
0.03862881996108504
0.03388147003641982
0.03543624161073825
0.02837470153811983
0.042412302303945715
0.02810316751589011
0.024189475810524188
0.03654994794235301
0.03568912890349847
0.03912412443995709
0.030207273311552676
0.023467157483032325
0.027012094051200197
0.03268162887552059
0.027743756323552905
0.03067657322976472
0.0312731584407885
0.03197674418604651
0.034779533128979016
0.029539402307919915
0.029784148586089576
0.02691947565543071
0.05449017773620206
0.028500159218766585
0.052300831137239004
0.02958772979440879
0.027375918094814156
0.029825585165013293
0.025931188470516595
0.02742462767889575
0.03834043341359511
0.04361797084201131
0.032055680815606315
0.034689901504491825
0.033114256825075836
0.029151200197970798
0.02758534606503152
0.032016871165644174
0.02992791449167288
0.03266657072960138
0.025731835537601683
0.042588558982001604
0.0388041108688882
0.03355058090110513
0.0436979969183359
0.044739208633093525
0.04318956750613148
0.03658131027602261
0.04577959782409388
0.04119286510590858
0.031637652454915045
0.03541866096063968
0.02954923140839219
0.03929908132017693
0.03544093178036606
0.030186492466547254
0.04351473796073606
0.04974927421483241
0.028147918603450058
0.034991090231653976
0.02085128381871446
0.030306549001393405
0.03257497414684592
0.03492221118834823
0.03014938392759786
0.03948558872948171
0.028010910616869493
0.026385972876354764
0.029296335194295507
0.04357675111773472
0.026272315480948574
0.03887139743279244
0.03791114908158907
0.04473144504184912
0.03829238257198147
0.033279269538054906
0.030980345158197507
0.05772776400279738
0.03631333218052914
0.039479616152508536
0.03348692670381483
0.035561074734703095
0.02921660408415205
0.04944887643870653
0.026997728680569894
0.03471875312219003
0.024704193276894895
0.03340679735529521
0.03802661863304313
0.050165892501658926
0.03551615359512673
0.033826279109297974
0.037404756407296236
0.02983253853831651
0.034471803018268465
0.02673524756952295
0.035843305486565814
0.026397515527950312
0.03309840772644218
0.034572450417253715
0.03342351482358246
0.02741487501285876
0.036351582785481465
0.04682570432279847
