0.0019696117051209903
0.0018774534903567162
0.0015790660951951275
0.0017265385686438318
0.0012530674045841382
0.0016631793551156178
0.0017126220243192328
0.0013509300633897953
0.0013962869111030667
0.001363040629095675
0.0012595837897042717
0.001249715973642354
0.001453561225001253
0.0012975778546712802
0.001991915167848146
0.00180023589297908
0.0020490530891027633
0.00134661998384056
0.002005308168681805
0.0014054418709242185
0.001829772163853146
0.0018959085071249464
0.0015426808364758314
0.0012960667192606784
0.0016850573463064631
0.001462629808395495
0.0016473420769182031
0.0014050059842847479
0.00134448760083657
0.0013363267051528759
0.0015771028037383178
0.0021450858034321374
0.0014577259475218659
0.0013621009044350006
0.0020783666483281376
0.0013722554890219561
0.0011226780975709329
0.0013514244013189901
0.0017202593621807596
0.0015344988217241191
0.0016116035455278
0.0015681910157830839
0.0015458937198067632
0.0016145833333333333
0.0013603128719605509
0.0012229922543823889
0.0020913407189690255
0.0015069156665410903
0.0019325271934183645
0.0010366786789751691
0.0014018691588785046
0.001418278776876383
0.001105916654099432
0.0013705782534917112
0.001450777202072539
0.001504149377593361
0.0019691291367591947
0.0013462976813762154
0.001756408145342774
0.0016177739430543571
0.0017708517797060386
0.0017290160326941214
0.0016496018202502845
0.0020226785167024213
0.001352968725607535
0.0012783265543288786
0.0017807324746245622
0.0014198898165502358
0.0016720171214553237
0.001245200788627166
0.0014285714285714286
0.0016215541973306723
0.0016074586079408454
0.0011929615269907546
0.001357915078080117
0.0021381227282446015
0.0014167889490461975
0.0023834260221230826
0.0018927830015874954
0.0018052516411378556
0.0017349063150589867
0.0017638569672350207
0.001586126678650735
0.0014678001345483456
0.0014413375612568463
0.0019895839428872375
0.0015427689846294497
0.0018419386404190411
0.001548371113588505
0.0019227190969422563
0.0017147914592322159
0.0011305822498586771
0.002062105773896167
0.0014030985092078339
0.0014498637128109958
0.0014825796886582653
0.0015119642387588746
0.0013487575867614256
0.0011578541103820917
0.0017167381974248926
0.0011609498680738787
0.0013606984918925048
0.001652452025586354
0.0015456774331094765
0.0011471648639790233
0.0016329196603527107
0.001813236627379873
0.0019387359441644049
0.0015602740655315107
0.002157696812773565
0.0017020740086994893
0.0017366764354716162
0.0014185171040427737
0.0015595945054285886
0.0013827008757105546
0.0016323314195654621
0.0015083798882681565
0.0014276740334646792
0.0019272191361523637
0.0013177901672579827
0.001661681621801263
0.0017116669427419801
0.001207983193277311
0.0018959592368764072
0.0014948542517104581
0.0016782923375465463
0.0015589569160997733
0.0013763046220896893
0.0019121638292622749
0.001588922937237544
0.0013438368860055607
0.0018101132780567557
0.0013023546572202543
0.0019122744113780328
0.0015645954403218597
0.001738752445120626
0.0010901996786779895
0.0018034825870646765
0.0013992788332167268
0.0014272876248876672
0.0017024898914662695
0.0013637555730396014
0.0014970921863303966
0.0023134055765250214
0.0012917719741645606
0.0013782457687854899
0.002078014605474084
0.0014207428455449563
0.0008526764566556134
0.001310329766324525
0.0020036824434095093
0.0019080659150043364
0.0020404377666481174
0.0012819691045445804
0.0018308921438082556
0.0017941891422618358
0.0018144571261340357
0.001822778855765273
0.0015313935681470138
0.0017757009345794393
0.0022937327126762463
0.002063584187786161
0.0016829957324036786
0.0015959637561779243
0.001619485651357129
0.0011344579264082075
0.001512218727316719
0.0013967109709394007
0.001787931462627266
0.0012547051442910915
0.0012114481853515724
0.0017368892873151054
0.001507537688442211
0.0017075638755375663
0.001649056373297502
0.0020601300457091356
0.001292731973570813
0.001422475106685633
0.0012250523199428308
0.0014939495045067476
0.0015483870967741935
0.0018577494692144374
0.0015356770690506225
0.0011875202418223038
0.0012178042988491749
0.0015313935681470138
0.001406926406926407
0.001391996022868506
0.0015812431842966194
0.0016500677706405798
0.0014521375464684014
0.0014507675028079372
0.0015548645046645935
0.001519934525897346
0.0019895407003183265
0.0014729089952656496
0.0015324261370601936
0.0017131538090904223
0.0022947159513768294
0.0018738288569643974
0.0015886090844904684
0.00115192627671829
0.0019184931108656472
0.0012373574349042393
0.0015265510849416639
0.0019453090262338817
0.0019510464703795672
0.0023431068330061425
0.002533725946723276
0.0014989293361884369
0.0014356265074078327
0.0014495493792147224
0.0017209661147706368
0.0011423823865406584
0.0015097089905773335
0.00148451497312516
0.002032004064008128
0.001344688480502017
0.0014641288433382138
0.0018777518777518777
0.0018724173553719009
0.0014651644520790178
0.0016688520681845274
0.0015769439912996194
0.0014588652112749439
0.0015369568254855386
0.001963069750322066
0.001350582883139039
0.0013438184351980888
0.0016332244517032197
0.0016675600023822285
0.0018027861240098335
0.001951457494816441
0.0014785088182490231
0.0015688032272523531
0.0015357488197485923
0.001666944490748458
0.0011944329040299128
0.0012959824543913867
0.0015944041557372833
0.0013032954757028485
0.001227384307664333
0.0014029029299088113
0.0021331371827877895
0.0018861036748600633
0.0013633609371844072
0.0011695906432748538
0.0019000196553757452
0.0011710794297352342
0.0011420858640917822
0.0017642446419236801
0.0017882089969265158
0.0016760816934632814
0.001841959845275373
0.0014718869590815426
0.0016592592592592592
0.0011980830670926517
0.0013556258472661546
0.0016127298139984947
0.0018857917378749484
0.0010595465140919686
0.002132044630800938
0.0015888895427528982
0.0017160937416206361
0.0016582860810955386
0.0018982748031935682
0.0014314625598499432
0.001737359213994728
0.00201663725737333
0.0013505483226189832
0.0016107209587011145
0.0011827017020620146
0.001709869365980439
0.0016562872664634954
0.0017453853070291427
0.0017463567385282428
0.0014634146341463415
0.0011011483404121441
0.001328609388839681
0.001762489364288319
0.0017329084912516071
0.0013358268768367619
0.0017628911414720142
0.0021382751247327157
0.001717936328984807
0.0018151092195030356
0.0019710071210579856
0.002324680356450988
0.0019610323886639675
0.00186219739292365
0.0019223158251823374
0.0024613442726412115
0.0011527377521613833
0.001343301016236421
0.0014169509315140384
0.0013931041345340565
0.0017581313575285697
0.0011483986219216536
0.0018331805682859762
0.0016197113968783744
0.001610978520286396
0.0022707203229468905
0.001608711793094914
0.001506186121570737
0.002414198094740963
0.0015123690180404018
0.0016915362774119495
0.0024325519681556835
0.001554672655035412
0.0013692627889144485
0.0016490445242021534
0.0015757444033905673
0.00168889406557568
0.0014956466000747824
0.0014513035816099103
0.0011962867260024883
0.0015780337699226763
0.001813442139861725
0.0012391573729863693
0.0013332560431279347
0.0015779839676828883
0.0019387618665597005
0.001379386448907526
0.001446280991735537
0.00185602545406337
0.0015993796345659865
0.0015567432930309792
0.0011298219185452197
0.0017416184611556882
0.001337971635001338
0.0014715259724334135
0.0016474464579901153
0.0015629884338855893
0.00146136515861901
0.0018523092121511483
0.001485177924315333
0.0019666235882452097
0.0017759206059023245
0.0016655389579971894
0.001430971193927705
0.0018659295093296476
0.0015681544028950543
0.0012057272042200451
0.0018228860402210985
0.0016767973171242926
0.0012967243615042002
0.00157077200535226
0.0019998709760660604
0.002133235813981837
0.00214987714987715
0.0016879828604817243
0.0018046338339736873
0.0015126304643775525
0.0016276826621654209
0.0014228967806960337
0.0020225545476832557
0.0017594952068923674
0.0022364415729639064
0.0014041151374412702
0.0018117114202523454
0.001760751253868317
0.0022161387042106636
0.0015322539455539098
0.001557285873192436
0.0012065637065637065
0.001359508401761923
0.0016827462418667265
0.0012738115916854844
0.0016339869281045752
0.0016449449576110338
0.0013299994680002127
0.0011624045167718366
0.0021189161422884295
0.0014801110083256244
0.0010095642933049948
0.0015681910157830839
0.0011014371131857757
0.0015660344527579607
0.0019508116770013237
0.002000645369474024
0.0013997200559888023
0.001623279023627728
0.0019042938755451809
0.0023675487978113328
0.0014322087842138765
0.0018487492056155758
0.0018641810918774966
0.0013456052532429086
0.0013591388496248776
0.0016849199663016006
0.00146181733130628
0.0013360053440213762
0.0015886090844904684
0.0014424968308781746
0.001395790296465859
0.0013233601841196778
0.0010301018656289345
0.0016554464187175809
0.0017181208053691276
0.001610305958132045
0.0014775898867181087
0.0012607028418343226
0.0013634986365013634
0.0015891281714066525
0.0017609767551068326
0.0016406890894175555
0.0013389748808312356
0.001495456114114805
0.001657560316778194
0.001966682091624248
0.0014910272112466053
0.001519756838905775
0.0011857121683711278
0.0017441860465116279
0.001886347559537845
0.0006904033928395306
0.0016732667744994143
0.0016385767790262173
0.0022606797630183974
0.0015391147436577858
0.0022974525305763903
0.0013053410203415642
0.00150233696861785
0.001685793944109447
0.0012686491423931797
0.001210800339024095
0.001975674507624869
0.001606664683130021
0.001127340456817959
0.001461197099253166
0.001959049544994944
0.001435288294976491
0.0017474879860200961
0.0011503067484662577
0.0012925677355207557
0.001151244783422075
0.0016047811410547287
0.0017195918835263098
0.0014325755216443475
0.001700198356474922
0.0012942989214175654
0.0013489208633093526
0.0017945803672907818
0.002061855670103093
0.0018336287512988204
0.0017837235228539577
0.0013030334618993017
0.0011824990145841545
0.001609887827170752
0.001531133038448452
0.0013865779256794233
0.001317037193130334
0.0015101515744728453
0.00217735550277118
0.0009296560272699101
0.0015119606890220854
0.0011488310643919812
0.0017998142127264283
0.0015511892450879006
0.0015447423590422597
0.0016901101297568423
0.0017448623497479643
0.0016261015526647083
0.0017590648584236508
0.0015477309159250456
0.001669150521609538
0.001332267519317879
0.0017558730927585372
0.0016552755232806494
0.0014965910980544316
0.0019351433765319886
0.00186219739292365
0.0015580057526366252
0.0022887659736791914
0.0019021269237420025
0.001932118245636633
0.0014466352336048006
0.0013547076089410702
0.0012859420811686642
0.0022532123500395834
0.0014453850918851952
0.001348786092516735
0.0009406406257735532
0.00197192901055562
0.0014510157109976984
0.0020570670205706703
0.0013053410203415642
0.0010765482463595672
0.0016162549064881089
0.0012753687479205944
0.0016415144294413555
0.0015261134976260456
0.0016369383608037932
0.0012422360248447205
0.0017227877838684417
0.0010837758751490192
0.0017472663735768233
0.0015430511264273223
0.0013811391635821224
0.0014390878397077544
