0.03629712999437254
0.03840245775729647
0.07759981953530341
0
0.07810786821907795
0.01266162347765438
0.06565051093223725
0.06894939208147148
0.06154005274861664
0.03753604193971166
0.02267250821467689
0.024539877300613498
0.07047265801212972
0.038494809688581315
0.09678364286132755
0.07070581662424731
0.019683328158956844
0.029841098841906815
0.01108817457976998
0.012705194513154936
0
0.04592991254357531
0.0990743914981145
0.08739997745970923
0.07582758058379084
0.040222319730876116
0.07495406449977825
0.07321642295883853
0.044517478338810874
0.10412657686551208
0.028154205607476637
0.033021320852834116
0.04649643108474917
0.062384221423123026
0.007518796992481203
0.08626497005988024
0.018626250255154114
0.04584031569274015
0.02335582903268493
0.06395571874828739
0.03228579102874026
0.02291582355321732
0.09191626409017713
0.08505208333333333
0.07889814657371196
0.029504688136975134
0.009326249152159167
0.030407405414132716
0.0641599028214897
0.0599792664264205
0.09117990654205607
0
0.09088624139144423
0.04659966061871818
0.03538860103626943
0.06410788381742738
0.036397128882678015
0.04078783345799052
0.04116581590647127
0.08363891285591027
0.041910158786376245
0.0792727653777638
0.08236632536973834
0.08256205945448973
0.0832075766248634
0.06321905868680999
0.07348489345284027
0.029249730220934855
0.029427501337613696
0.057798069938777626
0.0672
0.08475739054509168
0.06837057279108397
0.040461278457103095
0.05687575077035567
0.06093649775497113
0.03627991701664727
0.02163417466234798
0.08596898278178043
0.039934354485776806
0.005493869997686792
0.0429739697471805
0.08728983821507878
0.06721301449452632
0
0.039674644508163145
0.014227758413804926
0
0.030410008670878237
0.033368479811449483
0.06471954862263525
0.067218253764325
0
0.038935983630517396
0.09847474337412283
0.05955028416110699
0.044307125953194845
0.063391606577787
0.09141533881016706
0.02033261802575107
0.08543535620052771
0.0517632384624107
0.098454157782516
0.02020040507408592
0.017917622637386648
0.005007620291748313
0.07246902387428227
0.03567274137262505
0.07387558510277457
0.01596695641452438
0.06039210741978188
0.090524259198958
0.0432647716733046
0.007498050506868214
0.04977723152557997
0.022627490712597096
0.0511731843575419
0.026326309177088687
0.037127309828817595
0.007856056766345666
0.0832834828846793
0.08563856219976809
0.04296218487394958
0.05367934589406328
0.04323578451101018
0.08045313893113756
0.08319160997732426
0.09920862484229843
0.037934863064396744
0.08914992622857791
0.016867469879518072
0.010393553661100082
0.08017295269847885
0.007230787618023186
0.026933392936969155
0.06156270376005216
0.06328896029378013
0.034017412935323385
0.05828534524514289
0
0.023462438816769526
0.06509310254392867
0.0962169632060805
0.05192986728357482
0.06413928671721426
0.03974860797177353
0
0
0.06764566556134534
0.03789036907621751
0.017004223979205025
0.06938421509106678
0.011067829097879182
0.08185372732517146
0.09703728362183756
0.0728093529343674
0.06163301141352063
0.07061798083142236
0.030080945088602058
0.02929906542056075
0.09343587667813533
0.08538079576965242
0.08288753982088116
0.0735172981878089
0.014510591436159875
0.0929762257078031
0.022138882167916766
0.011083577382293309
0.019716910851750685
0.06830614805520703
0.0034829135328857705
0.041741371582250116
0.10722361809045226
0.059827978750316216
0.07946008672815
0.06888559840339921
0.057742028152829646
0.02438528754318228
0.025470879485478024
0.06951845027638066
0.04495483870967742
0.009766454352441613
0.049690122305709426
0.09041347295692541
0.022042257809170067
0.053051848610807265
0.05844155844155844
0.016107382550335572
0.07148309705561615
0.053568271554010255
0.029158921933085502
0.019234369150131037
0.08607285650821857
0.08207646439845669
0.03160527512505684
0
0.056393281843815125
0
0.044157777226494666
0.0840099937539038
0.013297246410920217
0.06533981825163189
0.010987733271321435
0.044598665805896276
0.033802202595136846
0.05613606047132059
0.03239919593236372
0.010638971566081946
0.07046497295076354
0.040524625267665954
0.004823705064890318
0.09491397239553791
0.08035131446204972
0.05872883996261294
0.081524285491176
0.008855899667263885
0.024384048768097535
0.08264231286418647
0.060310845815970265
0.029072779072779074
0.05862603305785124
0.05289748901126661
0.02044343783526046
0.027297444263186515
0.05277965925076851
0.06143169857016441
0.07152935402736028
0.07989764003411999
0.033744774039418675
0.08726084927671489
0.027752962896789947
0.019393608303742146
0.01305037199658495
0.009874326750448833
0.03221649484536082
0
0.06690003889537145
0.03453469048608226
0.08588376034293689
0.09093246926914571
0.045118848135046234
0.0048640785525956905
0.021583121998597098
0.00419271791099669
0.009734728644439037
0.06730963441728943
0.03351131451817951
0.0872698683089825
0.05631364562118126
0.09297617193583554
0.10520125457396759
0.024140821458507964
0.012849959649885157
0.010560569779578805
0.06785398881365912
0.024888888888888887
0.06549520766773163
0.05422503389064618
0.027631437479840877
0.0854499381224586
0.07676414494596313
0.03915855305237723
0
0.026224057489140345
0.08328875575050819
0.04433029981575568
0.052964114714447896
0.06440210879463217
0.06913284597932946
0.05099670466209281
0.09535468075510599
0.02241991052604515
0
0.001788790247780575
0.0754218014491987
0.02119715765386005
0.06653658536585366
0.0937024802055477
0.06903232949512843
0.09274340585875775
0.0371177818771312
0.02115949772909431
0.053052005288673425
0.044255815460377115
0.0632415311107532
0.08393315390874381
0.009537131230925738
0.07497094149554437
0.07236842105263158
0.05192244495563589
0.0858257477243173
0.03622593878195014
0.016400314383023317
0
0.06449750721595382
0.05731628439225832
0.07239733768680146
0.08147250223299732
0.018986513028676183
0.06184352606262884
0.07977326968973747
0.09883940961271603
0
0.07272727272727272
0.05559180477619731
0
0.03950945447955054
0.045112781954887216
0.10122646398341682
0.01801949830211414
0.06634979144436899
0.06960443381873506
0.06592510628385068
0.08124565995406229
0.015964339397709013
0.017992152359077425
0.037452001472831516
0.1023461407684461
0.08975039830058418
0.07112631151817286
0.02632077258095058
0.0812274368231047
0.05743765173250938
0.06043388429752066
0.07629590348667639
0.03625260505016236
0.09631051839551658
0.0033356647118954106
0.09056415998009579
0.004227990366604228
0.014911463187325256
0.010679997727660057
0.08377618005626758
0.1117335444194118
0.011607804396147196
0.016039921582605598
0.07984491768275552
0
0.018633217092593555
0.05170161139799664
0.1060124395300622
0.10096501809408927
0.05008791760864104
0.07479713042455603
0.05627750995598407
0.09702880983255342
0.04648321601023911
0.05173859750983807
0.01633449137563235
0.03845208845208845
0
0.031086273140062872
0.029294609993445266
0.0526886906197251
0.04001897195707595
0.08856337337582741
0.06764955709258585
0.013480772814810213
0.04628179510719879
0.028987382724037527
0.082061679649984
0.10474514404901578
0.10066908422289188
0
0.05526061776061776
0.026863886018815595
0.08604442450078528
0.08245035029818772
0.048535463568143304
0
0.059903176038729584
0.043949961253182776
0.05066135867471427
0.01757631822386679
0.04070138150903294
0.006829218939700526
0.05989719920276933
0.09251203526477582
0.038946561694419284
0.03646337528234914
0.03999200159968006
0.07695545000901821
0.03206585171079305
0
0.012624655208996393
0.013865619042116818
0
0
0.01467869957594868
0.09760500661932844
0.02736522044205356
0.08166332665330661
0
0.043668313152948376
0.06230807883423595
0.030149597238204835
0.06329403685475564
0.04442114556892175
0.02153020134228188
0.09295352323838081
0.07595906528758277
0.011188737721279613
0.06337743662256337
0.007781248287577401
0.026473350551772717
0.023095854104877894
0.08499812543516684
0.08995743701829058
0.0712137024986187
0.0934752429430819
0.1002715799563342
0.09096026117302713
0.06185465145002717
0.07474160206718346
0.0071327517095024755
0.04655291448860834
0.08366333872497071
0.05945692883895131
0.07678515746803867
0.05498354739411952
0.05784174606392324
0.04438159469161319
0.004618295125751169
0.09083835829605136
0.0754085050238506
0.05442547523913307
0.05303451256405507
0.012020232073787563
0.06391530242133124
0.07646931486091568
0.04783872598584429
0.05023509032417718
0.08980840042438994
0.0417465490797546
0.04200845140442456
0.018276010936825442
0.07891096231531182
0.06935687263556116
0.041482404235440674
0.0922640974780391
0.06157164869029276
0.06598471223021583
0.06041753903212299
0.1117392750249418
0.01265203838396186
0.0963768115942029
0.08349838423850725
0.07556731797961597
0.05748857498961363
0.013326528297606896
0.02323904603438713
0.03592877462859551
0.028133564517031154
0.08834784903668515
0.02210515442619564
0.04298288244505643
0.07409960365328279
0.06984440315838365
0.04896587383660807
0.08744345139578506
0.09268345872860102
0.023458704924389298
0.06750944187998321
0.060262157407932816
0.026808910507987397
0.0014307004470938897
0.022009059419131363
0.09142649551949625
0.03022212729602734
0.053877279529959535
0.006626400046912567
0.0373040187421157
0.10067114093959731
0
0.014525332872211656
0.02872415791846461
0.08808401200171453
0.06711447279295552
0.057198703770382185
0.07125022836611655
0.031798472021474296
0.06514137276451194
0.01841675330461904
0.02343115647836678
0.02136495546882818
0.10736562707365627
0.08022408354182531
0.05649045271686781
0.10771184483952898
0.0519019629588555
0.014614773629864972
0.061948903459190595
0.008015353352901333
0.04182194616977226
0.06358653093187157
0.0366858133737943
0.015894487656408524
0.021345540582244624
0.07822772222529142
0.027785465212818952
