0.021120789331688893
0.013024549079866828
0.013147768086198051
0.01819290578310804
0.01895612485276796
0.013111588651156997
0.014171649787425253
0.014250909454994493
0.013752831934650116
0.0180955100292669
0.02023429179978701
0.013674383090965884
0.01602609061579464
0.019528984106113926
0.015895294571739358
0.01753961115339376
0.013897130008431966
0.012394645513138325
0.013627267240557796
0.010807868750485965
0.017779378540322844
0.013907091888743265
0.018153117600631413
0.014785246686891266
0.016951752703842908
0.01629022586448131
0.017744371224601867
0.016353061922682176
0.014175900968353798
0.01349054599532611
0.014561087227846346
0.013714213486696582
0.01719964793897609
0.014393964461798088
0.015256392145783303
0.016517008586222716
0.02082746974387841
0.016271566839668957
0.01607905247211128
0.014708812006109304
0.016406447192874915
0.015664073353709364
0.017226101442597383
0.021731497015332994
0.017211763089185105
0.015775817332641412
0.017434578015504926
0.011892929362168831
0.01658380810683311
0.02332408412755861
0.014505395102410027
0.01575634074451439
0.014807432191927102
0.01593349497748528
0.019180168951668745
0.015552784095077397
0.01625126963043988
0.017495975925537127
0.014050266347288263
0.012532188841201717
0.018746878721524335
0.014888730498138908
0.01468752999904003
0.020150138285262742
0.014093351008162981
0.012872184209704127
0.01405420909221282
0.018854875696138026
0.013152592049825976
0.020387117245755988
0.014892524392927885
0.009723132089783815
0.016174878180833786
0.01317027281279398
0.01583865497708987
0.016065495152947626
0.016651350854622313
0.01550485314509013
0.017869038755437126
0.010657073038284007
0.013557865124638586
0.010227991222523896
0.013753695890501978
0.015130581297388373
0.01731157525404654
0.01620057134265524
0.016202049082678104
0.022389492684050848
0.015673566563058
0.014381313943761662
0.017476129743890248
0.017920747996438113
0.016563007030827474
0.015492185357828352
0.011540860885839051
0.012659466866781951
0.016858327466166
0.01699683958991752
0.017691154422788607
0.014115873505327715
0.01570274180458026
0.01654649657977445
0.020028314457028646
0.01731380355773094
0.017182623668256986
0.01224382033596251
0.011768591071482181
0.016545917368317994
0.014226929088647165
0.014549363913277191
0.020554172101664096
0.023048327137546468
0.016560086872586872
0.015173895528400698
0.01466508125247721
0.01319623538868607
0.016004285666454614
0.016684547371536382
0.016997934513933565
0.012490093517197653
0.017711667151585685
0.01375940333054716
0.013830285982184717
0.01601069789294879
0.013205985794083167
0.01448520216756982
0.016366241798023984
0.01909599911008936
0.018934164332767938
0.015349354076955132
0.010675215652576264
0.017085941498366206
0.022056150272672187
0.01626291716076571
0.01784141812473678
0.01323110327045732
0.014925878291477696
0.014129232525778714
0.01742123930732318
0.01683988434789404
0.01763584366062917
0.015154027257353184
0.015616866215512754
0.018411772684117728
0.018426516387364675
0.017978149633522334
0.01460944331098805
0.016671346342833075
0.017726289343289833
0.013810136709917556
0.012106619641888226
0.013497281577949171
0.013260219341974078
0.013027016620676377
0.017981263221517076
0.01874974244859274
0.010424176880557558
0.020235712697353792
0.01615933859451334
0.020325499927017952
0.01778467414657436
0.01572708291237287
0.015484152369874963
0.0159761614130825
0.015740511478193202
0.014173071164786905
0.017050652915245778
0.015261652943810934
0.02053357314148681
0.013614124654328865
0.01735284110241579
0.016429699842022118
0.014966412585708817
0.01962141257887238
0.017596782302664656
0.018007571365233108
0.013051363430273981
0.01609539039143433
0.016377018226657932
0.013963921271285502
0.018081084116347845
0.022254291356524382
0.016632588864422773
0.016836885731201894
0.016957659627863622
0.016821705426356588
0.015554026152787337
0.014404673964139414
0.017075773745997867
0.019460089337735482
0.017152600170502984
0.01973657872612995
0.013564431047475508
0.018901049643270704
0.016991522353452648
0.017270531400966183
0.015903530234183852
0.01376103255195976
0.01930594609423222
0.014720963313374575
0.01595119316195863
0.012498760043646464
0.013716830047757549
0.017187211236370358
0.01724275246893915
0.017111735769501053
0.015151515151515152
0.014106297779395705
0.0167486329401245
0.015817285526829095
0.016425904885570525
0.014418509974216311
0.01837057762397379
0.013572520195036752
0.014467491720411365
0.012659033078880408
0.01834540267719991
0.01741412213740458
0.01406342465276569
0.017181247476045377
0.01327114982339426
0.019534429431873678
0.015853327648358465
0.015978449389276356
0.015273876404494381
0.01732171438733772
0.016052880075542966
0.018419626963857287
0.017582092860045063
0.019665337399327548
0.013299536863186882
0.015226308836821247
0.015461825159599984
0.0154186594332215
0.016814556503124675
0.017168885774351786
0.01375070240967838
0.01873623862739396
0.012822698905296184
0.011161863098301595
0.017868241143567432
0.019938461538461537
0.012956810631229236
0.016290400565328968
0.016052880075542966
0.01486109640297928
0.01371382474538671
0.015318757517865987
0.015151515151515152
0.01379192334017796
0.012805804471179188
0.01732365145228216
0.018722947354293192
0.018268750446014417
0.01726565643019981
0.014801016088060965
0.015293631363072716
0.01585356798099057
0.019640514765838266
0.017972681524083392
0.013628506847493685
0.015688650978015688
0.01875527070332265
0.020148546144121364
0.012905198776758409
0.017079482439926064
0.018303589999584008
0.016156716417910447
0.013380257151817137
0.01755955709652164
0.013864226198606748
0.017343962667703675
0.01643505711589156
0.016753301489182356
0.015357142857142857
0.017551914112162736
0.01125132094237583
0.012428955093373306
0.015474253717225984
0.01454944251507951
0.018229068584987383
0.017593453598660963
0.022888433658997794
0.014750990866793039
0.0173883511631856
0.014017267648552564
0.016193495038588752
0.017203796237298365
0.016711229946524065
0.009959363133701951
0.017194085769719675
0.013385116859699009
0.012845010615711253
0.014065240266573133
0.016706600584238684
0.02001683316866103
0.01258905720412257
0.015258303966409238
0.013313890826095225
0.016937300909020278
0.015234459410790175
0.01723534217795588
0.019097288798558116
0.01637320511987525
0.015252235532309769
0.015373537353735374
0.01376220195231237
0.011564895585514143
0.014567798950566141
0.013503072224879502
0.019914406019189618
0.01575157515751575
0.017768695230508124
0.012993891458634936
0.009429020429544265
0.016090161610433796
0.011142938084296013
0.016234758686275177
0.019104946349123266
0.018170019467878003
0.016698945556272864
0.016985892470061475
0.013497394688932136
0.012480021763525691
0.021103962627545794
0.01650871293182513
0.01917233396035306
0.019508926811965477
0.01466580937509568
0.015877640203932994
0.009801708850556182
0.018748416518875096
0.01040808228794677
0.01946942111912016
0.013519451110284922
0.012897870574338345
0.01757097261884764
0.009007642848477496
0.015233949945593036
0.015258215962441314
0.013806832776778834
0.015076451509427238
0.01196592528754682
0.013192946847646835
0.01470643831991229
0.01812575210589651
0.014841012758643485
0.017083499221832135
0.012755911060995807
0.014190175510065519
0.017014020462296324
0.01599207472403057
0.01602660016625104
0.01608797114772647
0.01831438243208055
0.015444134942742185
0.01723217146722683
0.01855055394015238
0.018910770917348576
0.014501773822119873
0.0166015625
0.01664636622005684
0.015158744723802532
0.016497998763463605
0.021771418221336714
0.015746227125413296
0.01612328811474083
0.01592292089249493
0.012963521254145313
0.016280217069560926
0.01586909757731777
0.02210265541534412
0.012437893894427957
0.015138339920948617
0.016579406631762654
0.01421884972696972
0.020393951452447275
0.012980393489415203
0.015753682124184123
0.015577356489460428
0.0172649273332166
0.01742683523084445
0.013427760053290327
0.015631995224593343
0.018871381458409674
0.014219277995249089
0.01638758970330965
0.014060203233846744
0.01779542613427458
0.010720395362098461
0.013799480741188605
0.015687540348612007
0.01974471479856402
0.01497715640136031
0.01606221135560989
0.013989369555588365
0.018417199660938584
0.015521842955471274
0.017432160975111504
0.01573953488372093
0.016586391696628452
0.016648609606356085
0.012673346161502223
0.015372344282503081
0.009942691431333287
0.017003261850232494
0.013651993327205257
0.011900690787223856
0.017122752150117278
0.014938857161294486
0.0158475133279778
0.018065187239944522
0.01713562072104159
0.019873091137298654
0.010468913050796108
0.01853068280034572
0.014086286400101067
0.018180342504666828
0.012393026941362916
0.019992097984986173
0.013360005715510466
0.013528951957188383
0.0124
0.014614418333895034
0.012700379462557114
0.013349317953536598
0.016453708330359054
0.019093851132686083
0.015807015807015806
0.012042209807572936
0.016316262353998204
0.015066982928540407
0.015716665459549504
0.01673542720255523
0.019807991500018975
0.018584303664232617
0.013242858706358761
0.019068128425998435
0.014694812632956963
0.017679004737511075
0.017712928401764506
0.018207743775364705
0.019046515221758615
0.012794221174742127
0.014387991560889565
0.01985977019933189
0.01502556432819728
0.014978986314163584
0.014255042061173489
0.015229080137802248
0.015970637833548258
0.014774551291405223
0.014287730191208636
0.012784277639016696
0.01799064622947462
0.018253595997498435
0.015587828001278272
0.016067849985685657
0.0192203573362209
0.021469519277605004
0.016850586792783326
0.01866497943688706
0.018701098207080453
0.019912369924106096
0.01615804690009637
0.014285186962459857
0.011051354364793074
0.012814693250462656
0.014150476630273443
0.015326550705612077
0.011868737811848565
0.015538543166830895
0.016285434334560936
0.014226324421221253
0.016682205647309538
0.01447202355910812
0.014737001209189842
0.0160481444332999
0.01501278867183156
0.0145586599489629
0.010925967705546782
0.01559071108054109
0.01694345458212869
0.014677307425399029
0.012480041708755581
0.01762383230072871
0.017538265306122448
0.012594218108959068
0.014342368130721293
0.014463179751548347
0.014294011357769747
0.014586357039187228
0.014130586106083809
0.02048868778280543
0.019175529850166913
0.015399715697556353
0.015326680474486914
0.016878377429995088
0.015442641616851693
0.017101338917444
