0.010171894382420698
0.008398123544270577
0.009779951100244499
0.007961022832213482
0.00901840317898712
0.007353889820668301
0.007096411154182819
0.008889137362330183
0.00949177379604343
0.009968932436584617
0.009607560868748826
0.010079433949669581
0.01161817039983253
0.009222620345848262
0.008372454624286098
0.009789254585664108
0.00577167916254067
0.008651135664063765
0.010455903364073257
0.009052946989257595
0.009476361355955823
0.006700465474813958
0.010376900117998196
0.009938230077671091
0.00954653937947494
0.006772218442698992
0.007304078826764436
0.010395348081733424
0.008400727227133096
0.008797744803444751
0.007849196538936959
0.008423069300389774
0.006733507356430944
0.008980012230841031
0.008992314001883526
0.01066631551224651
0.010074991848712097
0.008768124922543067
0.008671265553478177
0.01098977052806193
0.009143073333753705
0.008425414364640884
0.008750365817968979
0.009024481638770922
0.008555660777846717
0.008729184925503944
0.007481916115612679
0.008435896628789071
0.007820332865450171
0.007300161886435138
0.010407081892312086
0.008271868753015785
0.009334848954565808
0.01035706294153374
0.008721298997843461
0.009789130205957685
0.009138067264419939
0.009353642997799142
0.010574639860693368
0.006330286561264822
0.008515167642362959
0.00866254164683484
0.0071057136397403185
0.010844790824204103
0.011538461538461539
0.005854079368991866
0.008449152023510684
0.006435208437970869
0.008935071811503078
0.008717159834705758
0.009474182851729039
0.011192035279967927
0.007980485454435946
0.009917412488337538
0.00972581108240023
0.009143171671457404
0.008957482221213496
0.008077594810379242
0.010164443868962838
0.009651778955336867
0.0069229010874179535
0.008386123680241327
0.007872648335745297
0.010311117453974597
0.007665914500324565
0.009675564125985317
0.008068794148030266
0.007295778016983614
0.008857242097950677
0.008932621515056352
0.009233580214688897
0.010005300821627353
0.00654507374116415
0.009978152411386833
0.01098335965911178
0.00887651490337373
0.0073961279095062
0.006465637366924921
0.006398672867849631
0.007927229176765804
0.007165263331682351
0.010350797952423968
0.007902461052156242
0.008220351077493934
0.00845612149664866
0.008454616824687481
0.0076038797748772605
0.009258947510184842
0.008520179372197309
0.006895765657947228
0.008818980552173485
0.006370154540520467
0.010100674485829152
0.009370816599732263
0.009562617068121324
0.008258432556134124
0.008917324139759994
0.010273224043715848
0.008325711942981488
0.007645961403186837
0.009413087000807839
0.010573545267990678
0.008990511743661533
0.009527678274677794
0.0074148663493225925
0.0069269521410579345
0.010873736727644877
0.010755751834176224
0.01061685741020658
0.009035684849964896
0.008296493671652637
0.009610584123814278
0.009325579746117297
0.007889303214274708
0.008404126213592234
0.009187352655664956
0.00803449559498697
0.0073343953272268685
0.008410403759240969
0.010471204188481676
0.006558654501769538
0.008404719573298853
0.011616792882876259
0.007356334319606938
0.010150919296830358
0.008386809835440625
0.008637203831288858
0.009858703776203865
0.008861278420737284
0.008203643382796477
0.009939539742331676
0.008444922952694974
0.010847163466753443
0.007044468205547519
0.010308607850151214
0.009296187683284458
0.0109042991269972
0.009470116872010895
0.010242181344842942
0.011021009952082566
0.010590063096483719
0.008705645740554518
0.009110873694207027
0.010552781614079819
0.008104444182482613
0.011176879071459277
0.009387369084731515
0.01299319229924603
0.00983463002256576
0.009030244679791508
0.0086652871184687
0.010045774323369483
0.00999522521088652
0.01061994791490513
0.008938796284514569
0.00929173144365306
0.010091800804828974
0.01193615050238723
0.008566496205335332
0.009515227969003424
0.006583691256230994
0.008573954036535061
0.008774318477504463
0.008868456176775915
0.007450801956546468
0.010873212967313242
0.009646628757108042
0.01091301998919503
0.005503050604139251
0.008957627402959037
0.008642471574595153
0.009843370689368495
0.009584759636850721
0.008165572689299959
0.00977954026078774
0.009890928798861866
0.009194568942789349
0.007960365174794032
0.010409967845659163
0.008185583020577198
0.010058472445238888
0.008499231800202674
0.010041265474552957
0.008670036487798346
0.01282051282051282
0.008476532867178997
0.008995653785249823
0.007421030555286677
0.00971084076387134
0.008423006841544333
0.009904153354632588
0.008882399464622498
0.008524590163934427
0.007513574946331607
0.007968389858412908
0.009281961471103328
0.00835117773019272
0.009443117348462227
0.00943940267702674
0.008537666174298375
0.009178258998996129
0.009427703481266803
0.009557984015658131
0.007612499232610964
0.008086988126968743
0.007487878229914687
0.00919315403422983
0.009157983302051647
0.00882372236436397
0.008178213459632117
0.0077279752704791345
0.009337310335883803
0.00838635049161365
0.009276381604874647
0.0068943261162940795
0.008979666382564228
0.011113148725472217
0.009099013248901049
0.009913733129261165
0.007123349381986091
0.009220582319997525
0.01002227171492205
0.007543323139653415
0.007963716877365903
0.00545938288241595
0.011180695609100236
0.009654720994927181
0.009207992296581608
0.007546507546507547
0.00751340566155381
0.008049286399801864
0.010608424336973479
0.007662353975631202
0.008757251227130745
0.008826443303611637
0.010672931699949656
0.008634222919937205
0.009384619982665352
0.010913500404203719
0.009732680103902937
0.008275234919672627
0.008272341472415278
0.008664398947435979
0.007827788649706457
0.008145781398125065
0.00857577708833343
0.007543488863599414
0.0071125014756227125
0.009741227924853385
0.009475826632411331
0.009125976103114122
0.010378057820607857
0.00978196429747711
0.010475868636908236
0.0073686048541994065
0.008162714608560731
0.010076252723311547
0.010954773869346734
0.009950406917599186
0.009287535812108429
0.008217540714178993
0.007811293957825188
0.008363872798203097
0.008435117079425063
0.009240966158944618
0.01020735700070617
0.009666218287609097
0.008828589048654615
0.008182435825480755
0.009117551286225985
0.008783284023668639
0.00977592948916889
0.010805047094366447
0.010537928935555049
0.007958511366972178
0.007773475600744835
0.007528691660290742
0.01135243657601752
0.007656447778703961
0.010435395734179446
0.009908184160116256
0.007596240504699369
0.0088135198813229
0.007735697018533441
0.008475560199698131
0.008631906318428485
0.006582539586240369
0.007310957372889036
0.00854673998428908
0.005559795050692249
0.008727677880597938
0.00692432053198304
0.006721976624477684
0.008807985907222548
0.006892605404843031
0.0093656067077994
0.011343283582089553
0.007327650665470316
0.007886170676868351
0.010841816634624477
0.009476177941563569
0.010308285163776493
0.01046011254551473
0.008229841345296808
0.011151236160165086
0.00736003861003861
0.008691453404152583
0.0091683038637852
0.01051143571713364
0.006185567010309278
0.0113314447592068
0.008181993197715459
0.010638297872340425
0.00956999261376409
0.008587232221984537
0.0072817689370393394
0.007252708843061866
0.00796812749003984
0.009793623331685616
0.007966442243293737
0.010722093063603872
0.00928130915308054
0.011845364155210165
0.009207261329502416
0.00783918290342517
0.006366322458801669
0.009724038493779969
0.007798321234119782
0.008060736713843848
0.009343603482920295
0.0073059074376019065
0.011107724609705712
0.006551950067243698
0.008245576109446899
0.008570524984187223
0.008383124009267162
0.010473664775588304
0.010399862708083062
0.006738964238185576
0.010200416636735868
0.009277142766678277
0.008108798365470566
0.010187849043831444
0.007447095295861976
0.009254563894523327
0.009857056828626668
0.00924250896293129
0.008630418907256191
0.010044331462938276
0.008629426035684673
0.008682344857740717
0.00869114022571021
0.008544263137607606
0.008964019851116625
0.008969530982540226
0.00886043387543945
0.009957671223371036
0.012043619297398027
0.00915246163791637
0.00937766410912191
0.010894418291862811
0.007375359330991028
0.008399440037330844
0.006271327123489809
0.010354029532111723
0.011199134612325412
0.008177972740090866
0.007122651040614265
0.0077306356635965575
0.008580293819655522
0.008285829984736629
0.010993382273171084
0.008919338159255429
0.008029841396395114
0.010995311814901008
0.00845774139176499
0.011476995963033396
0.007738799526718045
0.009083456304312182
0.007744076703235918
0.008487420430433464
0.012727212308510285
0.008200955701924318
0.01020408163265306
0.00930683470673776
0.008581736663280675
0.007649651642257927
0.00802407221664995
0.007562163547808255
0.009605055292259084
0.010355770836813095
0.009571109064596763
0.006664993446554561
0.010333665338645418
0.007916638473509709
0.006896350194325122
0.007881773399014778
0.009224560392043817
0.009275491664807319
0.010113227833215738
0.008773947619204102
0.009620670698185816
0.009485464719530504
0.007766339769750868
0.007914659325533379
0.007356704196519959
0.008800950759644108
0.007734164832477379
0.007905138339920948
0.007738554031139201
0.008767586146631324
0.008070109072567933
0.007228832318760377
0.008175855769518733
0.009713717821306062
0.009721756620851492
0.010449556457675537
0.006566170350504023
0.00732258064516129
0.009842822429331611
0.008274874731567645
0.008427057336401646
0.009302325581395349
0.009898047142050352
0.009176952100786596
0.008936636985417473
0.007595557007513885
0.007258594576058069
0.007157154121429005
0.008091430010704616
0.008741660915573959
0.008994742509659847
0.010371014686694992
0.008877721943048577
0.007785821609069799
0.010480985402615496
0.011151539653662152
0.007148005766458434
0.008819714656290532
0.008692687915459348
0.00948481545848184
0.008838303554396897
0.008132644054974152
0.01089108910891089
0.01172735760971055
0.00833571043707014
0.008444582427817447
0.010964467005076143
0.007655414130234274
0.008107439039485085
0.010537826821751665
0.0068080649384655665
0.006989701164950194
0.007723605268602165
0.008541004215041042
0.00898174984871166
0.009402565511001972
0.0061162079510703364
0.009546974764366068
0.011634928942388986
0.009491410103759142
0.008794670692088079
0.00896817743490839
0.010814047694529571
0.007261583558175943
0.009610813013652108
0.007479498963683879
0.01006297474517951
0.005812099089201545
0.007942135867252871
0.007539480387162506
0.009952442442757708
0.005923324205262532
0.010147086203686465
0.008836471182283777
0.009583885132780372
0.008392275738183451
0.006962469844565914
0.011042097998619738
0.008489421910793694
