0.0012616704516780217
0.0011486058301647655
0.0010003000900270082
0.0009732724414164858
0.0008839779005524862
0.0009141410589972575
0.000968609865470852
0.0009022452024846445
0.0009834568508306698
0.0012241186345831002
0.0009660280148124296
0.0010809601908453855
0.0011273109875244252
0.001192321449862883
0.0012433171702101206
0.0007738226840592527
0.001062296077092344
0.0008037508372404555
0.0011551095549218497
0.0008137800081378001
0.0010516431924882629
0.0012662234884457107
0.000999750062484379
0.0011228124516029115
0.0010098743267504488
0.0011299435028248588
0.0009470773193923552
0.0008715862870424172
0.001239250441248263
0.0011409826713256793
0.0011372116990653542
0.0007705856450902686
0.0013336296954878863
0.0008463266169721037
0.0012398016317389218
0.0008581542532270176
0.0010020812456640715
0.0008556759840273817
0.001402355958009456
0.0007801899592944369
0.00111540749553837
0.0009684361549497848
0.001030377041673027
0.001004165426956263
0.0010798331843908252
0.001035832118468503
0.001078001078001078
0.0010776722279875468
0.0009817467820522144
0.0011387495106935696
0.001082290125906418
0.0010317869756736378
0.001197748233321356
0.000734100919557994
0.0009184085816097866
0.0013310310094251385
0.0010117664693097504
0.0009401677259223046
0.0011158638646085177
0.0011490609398526032
0.0012281118770303462
0.00110438190238689
0.0009683166782864668
0.001100694576232588
0.0010936044392239458
0.001068284761986155
0.0011378586921736657
0.000864994344267749
0.001196587794804493
0.0009088366890380313
0.0009626777251184834
0.0008648648648648649
0.0011383262678599465
0.0011281224818694602
0.0011587485515643105
0.0011293671900615687
0.0010234292189041996
0.001161309657600959
0.0010604079035735747
0.0009574340766745123
0.001012292118582791
0.0014349427961993406
0.0011019283746556473
0.0009583133684714902
0.0008904389121804623
0.0011389521640091116
0.0010050251256281408
0.0010205624433020865
0.0007901754848055839
0.001017901017901018
0.0010852962456789131
0.0011476526916042033
0.0011256016146561094
0.0010579522745973904
0.0008386916410399776
0.0009493778184653986
0.000987045033929673
0.001142552462200556
0.0009163641490149085
0.001161092175736919
0.0009227440498918162
0.0009674521456706517
0.001447352550958871
0.0010966693744922827
0.0013175230566534915
0.001215495608531995
0.0011235519739645886
0.0008321129010784183
0.0012376237623762376
0.0012901006278489722
0.0008121277747698972
0.0010142383460113127
0.0011851851851851852
0.0008050283308047187
0.0012427506213753107
0.000841099485247115
0.000757908173441302
0.0009175409901464076
0.0013228096476916972
0.0008899537908608592
0.0009123790283163348
0.0010404707233065442
0.001053481757207571
0.000983517601573628
0.0012040237697595836
0.0010220843219565614
0.0009935589968480198
0.0008653638133698709
0.00087492391965916
0.0011017007505336363
0.0010322961215160006
0.001021025563454848
0.001103915219311157
0.0011920727164357026
0.0013736263736263737
0.0012070461317943496
0.0010194131725910823
0.0008802220868034396
0.0012987509072157073
0.0011170509853985478
0.0012754052497325763
0.0010508447174844395
0.0012520051645213037
0.001043883245673907
0.0009509051208001691
0.00073117231294175
0.0009977359069803138
0.0010417040841984267
0.0014083923615426039
0.0014334063308779614
0.0009907026367931718
0.0010696370610799647
0.0008459091831900927
0.0011712698832508407
0.0011865211200759373
0.0012123048946810122
0.0010555818439922833
0.0012421364747365468
0.001141846845187668
0.0011790714812085483
0.0010444253795367227
0.0008200642383653387
0.001005458201666188
0.0008451162034779782
0.001148576585445894
0.0012845215157353885
0.0009580379383023567
0.0011305112423062428
0.0010517387616624258
0.001235807522978296
0.0008964924731986104
0.001337879245608735
0.0010834627469392178
0.0009973772671862879
0.0008700065250489379
0.0010603290676416818
0.0010090425738347498
0.0013426888426888426
0.0012068720715604146
0.0013590121922808108
0.000946073793755913
0.0010395010395010396
0.0010229805268349714
0.0012692307692307692
0.0010670991975414035
0.0009858287122612446
0.0010167576727546602
0.0009048828872724741
0.0008283631544068919
0.0009910075243163884
0.0011317956523435977
0.0008806187303775174
0.0009397789639876701
0.0012712032733484288
0.0014242555028053517
0.0010591142666614365
0.0009516256938937351
0.0008413461538461539
0.0009492862097922524
0.0006129746296611613
0.0010965326880175445
0.0011672838512316857
0.000994530084535057
0.0010096099913996185
0.0012941319205726533
0.001120615591498263
0.001532033426183844
0.00092234559579978
0.001293337227251867
0.001104580062329875
0.0007984031936127744
0.000987129351911614
0.0009079023823358513
0.000957548675390999
0.001171875
0.0012933657942787583
0.0010924981791697013
0.001061354451565498
0.0011041880274469595
0.001101517251181466
0.0009454774661203908
0.001105208741844629
0.0009202101146428435
0.0010765421466250404
0.0010485477613505294
0.000940801852655956
0.0011951715071112704
0.001117898351099932
0.0009080114549137389
0.001306018881301541
0.000992287222046818
0.000956768249468462
0.0011883769071532623
0.001136525074584458
0.0012258188086573453
0.00144706480503735
0.0009036688957166094
0.0012359550561797752
0.0009124449557662554
0.00112391121101433
0.0007915268930684859
0.0011664074650077762
0.0008507490290364342
0.0011257505003335556
0.0012454300751275561
0.001051952899657267
0.0011415104761203373
0.0009076812526001286
0.0010021971244651737
0.001089160970479982
0.0009035552936554704
0.0008471142867666016
0.0013287042990013287
0.000747132877582278
0.0008155276463872126
0.0010383017997231195
0.0015224672669537605
0.0012696621288001693
0.0012438877927425582
0.0010666260332939698
0.0009946494718068321
0.0010043651253524935
0.0009286009079653323
0.0008401115057089395
0.0011407153915098183
0.0009478007512198547
0.0008294349888855712
0.0010853975268442066
0.0009292019584718202
0.001117197635865648
0.0010423405937747107
0.0008537583152502579
0.0008275291359216606
0.0009452153200499074
0.00129680661371373
0.0010765807794444844
0.0013012618296529969
0.0010023985966419646
0.0008639471114116144
0.0007759260508737602
0.000994207659721622
0.0010627698439056791
0.0010607786901347582
0.0010707593468367983
0.0011337868480725624
0.0010190217391304348
0.0011985617259288853
0.0010701673028216745
0.000995104087887593
0.0010643523825118715
0.0007925295475690018
0.0011820796721699043
0.0009908698421685893
0.0007255891092529887
0.0008731647370803958
0.0012062310449407225
0.0011147828164191583
0.0009816625436839831
0.0013267774916100835
0.001169545046976726
0.0012983640612827837
0.0009736004493540536
0.0010898390670977586
0.0010958323023083176
0.0009047726758651889
0.0011329934353027425
0.001154068090017311
0.0010362310795307354
0.0009956971658191386
0.0011553784860557769
0.001020049243756595
0.0010189448260246056
0.000982936227097586
0.0010435508557117017
0.0009065840667850263
0.0010940919037199124
0.0009784735812133072
0.0010990569382400908
0.0010775862068965517
0.0008849217036666538
0.0012823595415564638
0.0009384898134751496
0.0011673962893475089
0.001045761061627781
0.0008297258297258297
0.0009050403787245892
0.0008080536008888589
0.0010450776841078521
0.0011208967173738991
0.0009201748332183115
0.0010744216030370317
0.001165093790050099
0.0011282984531392176
0.001023765996343693
0.0009370119729307652
0.0007690963118335955
0.0009593741928342127
0.0009184923118791673
0.001038756357905294
0.0013560715019519211
0.0011696413099982672
0.0013500970382246224
0.0010218757096359095
0.0009838646202282567
0.0010361898913919484
0.0008462026655383964
0.0009470731796160711
0.0012212342098233027
0.0012391573729863693
0.0012425609835851155
0.0010185892538833714
0.0008968931620865323
0.0011475786091347257
0.0010755579456843238
0.0011411617026132602
0.0007162554166815887
0.0013272590307421889
0.0008611267512337297
0.000990694547641793
0.0009349539201282223
0.0010067958721369243
0.0011317418213969937
0.0007413945278022947
0.0011420020477278098
0.0009045832216563924
0.001038098204090107
0.0008184828304624428
0.0012559433031308872
0.0008889474204062819
0.0012891128559709363
0.001049239301506408
0.0010681647347390909
0.0011216151257811247
0.0009757797525701342
0.000977326035965598
0.0011007533280588903
0.0011911118412946153
0.0017377355968453416
0.0008239059479671705
0.0009217297795529611
0.0011327240059370361
0.0011294876966518757
0.0009608125729188114
0.001222625768636053
0.001264686684073107
0.0014816069085213563
0.0011062736421383198
0.00110801050558109
0.0009330937240807299
0.0010733068584308253
0.000721129082105697
0.0008197597747442706
0.0010716199321307376
0.0014650884836334194
0.0006933294409575244
0.0015300267754685707
0.001081275905568571
0.0011850347045877772
0.0009746588693957114
0.0012624330527926549
0.0009239930187194142
0.0011847490486106124
0.0010328871260948604
0.0009941675503711558
0.0008037742442774769
0.001173131504257332
0.0012390134355519417
0.0012780513475923769
0.0014120774150676967
0.001018144794734737
0.0010540581237765397
0.0009066183136899365
0.0011262846684499507
0.0010759544114130868
0.0009184493513451456
0.0010016322896572191
0.000945488926870068
0.0011162049033286825
0.0014199237725132652
0.0011406410402646286
0.0008644666616552658
0.001097071952788076
0.0011628389883300801
0.0009755040104053761
0.0011669519215808308
0.0011681788092364005
0.0009285051067780873
0.001129168851070694
0.000872691730373163
0.0010298268365245252
0.0010578922409075985
0.0010783475253783512
0.0008758568164508758
0.0012993575398830579
0.0009815854568298716
0.0007879629282203294
0.0008958789567987259
0.0011171401212894988
0.0012326787384170704
0.0012738853503184713
0.0010155483961339124
0.001115084400353751
0.001361324066776528
0.001033573312424264
0.0009738283627510651
0.0005697802784801111
0.0007395841893335525
0.001403946650027299
0.001005260865194518
0.0010356612697207167
0.0009079412432309738
0.0010059583687998142
0.0009613733905579399
0.0010787098630038474
0.0011514104778353484
0.0012188888452011166
0.0009188555495706727
0.0010759712561964417
0.0011055621211543594
0.0009110021023125438
0.0011216151257811247
0.0010377750103777502
0.0010030090270812437
0.0010662496445834517
0.001134407760913785
0.0011330731461664358
0.0010442046641141664
0.0010676680656799941
0.0013478126925446704
0.0009996297667530544
0.001291484032561052
0.0010239389873596498
0.0009513071665139877
0.0008496490579977835
0.0010499300046663555
0.001049317943336831
0.0009813927926513308
0.001428736919334286
0.0008509189925119128
0.0012758356723653994
0.0011500421682128345
0.0009461812126258421
0.0007788689468337284
0.0011598757810453847
0.000889335704895213
0.001125130595515551
0.0009669448125201447
0.0013417521704814522
0.0010924186148131964
0.0012789257024099757
0.0010021971244651737
0.0011084355769598287
0.0009721547114783695
0.0013690765357947268
0.0009622985187476372
0.0009775935557032808
0.0009620181001924037
0.001161309657600959
0.0012223658016973422
0.0007046270509680233
