0.020639866720143153
0.01586033774532177
0.014832063580450024
0.01571915861284821
0.018000947418285174
0.01404217972926252
0.01675821381344726
0.016899379432624113
0.017004363158209312
0.022864717090547593
0.02043223162425922
0.02078581204379562
0.015313007794210801
0.015660712774062474
0.01180731618978631
0.01715151515151515
0.017745883400089008
0.01704288638962006
0.01782605090788492
0.017068093963722865
0.01776243093922652
0.018131806444369597
0.01799680870543305
0.018073089700996678
0.020155849877467852
0.018974794675729253
0.01731292786720588
0.019636691187509384
0.013310019051595897
0.017944346519490277
0.01759887540212484
0.017590197413206263
0.015483002356109055
0.02015668353190795
0.020504161138584005
0.019580613803638385
0.020595160420980967
0.013684455596657786
0.02037268596175547
0.01651537004044003
0.017864690467468792
0.018290113224510438
0.017893703547889498
0.013467479996831181
0.02106290975031385
0.019576719576719578
0.012368583797155226
0.018068044084900075
0.01726704376302471
0.020761138613861387
0.014820323497383868
0.016423257095618628
0.018022217043424223
0.018090370730915874
0.015887374908124613
0.020177297555442796
0.023702837846613416
0.014883890072211543
0.015867884371885018
0.019222937199641608
0.019332656972156467
0.017464148800227175
0.015886036146884313
0.013086629387826799
0.019090644127076655
0.015938193874136936
0.014507560277891296
0.01909436677631579
0.02001906577693041
0.01659878368576689
0.017767825985809005
0.017197551359203155
0.017445015894347816
0.01873838220303412
0.01693460724297729
0.014225074536358583
0.013581294852997916
0.017981562053123193
0.016584425822651756
0.01576834862385321
0.01627958662073564
0.019191334980808664
0.02541781572914244
0.016263051440441698
0.015107041874242628
0.014822366873186417
0.014522981846272692
0.01639220994059704
0.019976203895046653
0.025780909034229065
0.015557255802091304
0.014094935872008463
0.016238229877305388
0.015303608020128135
0.019785397978880435
0.01692070281831226
0.018142583120204604
0.02148139784339186
0.017446167207336074
0.017832924541913143
0.019803386748494148
0.01989639745702849
0.018701838436895726
0.02245260663507109
0.021593406593406594
0.02194684116046094
0.026275716831362386
0.01411183161475497
0.019010425071813577
0.015096729921613133
0.01907683726119091
0.015437534397358283
0.023234348642541137
0.019686464511458248
0.015782983970406905
0.015794745357885817
0.01713228271251194
0.01881415568931926
0.01660849331006399
0.0189700415482178
0.016254839444317923
0.015701207584570043
0.013024858728429161
0.017342561646359115
0.019426486590283558
0.017466421143847485
0.018604000559518812
0.014623318971145058
0.018659558263518658
0.02007132262442011
0.019613678173357862
0.015227426255347894
0.0143597609351034
0.017651731340648995
0.020017225505627987
0.020051594746716698
0.014065120004004304
0.016363281576673265
0.015655577299412915
0.02050249992138612
0.018534889203206034
0.014690394534309092
0.019534696140952285
0.01876792617533358
0.0168724171514306
0.020393893485607738
0.021099459802986973
0.026839633191679715
0.01653442675328825
0.0216785290628707
0.018090154211150653
0.01740011825323085
0.01973380874804045
0.018895897352957033
0.020808454740864582
0.018724575257238574
0.018286236749621418
0.022114762682107988
0.016967646898357794
0.01911819988185382
0.020335647515443065
0.012941527149883253
0.01756813198287564
0.019948849104859334
0.015088610732432768
0.02214499313020286
0.017653981953707338
0.016174329103390887
0.01745262230057294
0.012243078859060402
0.01524741081703107
0.024292628443782577
0.017545334790773283
0.017574031278551082
0.018354326844429905
0.019618498994619857
0.01813921433494142
0.021191499522445083
0.019165323302883754
0.019437982123178647
0.019235813587479233
0.01708869712830669
0.019167196439923713
0.01908891266400135
0.017743163319084147
0.020460844519319604
0.015694282380396732
0.01570281670975643
0.0198319909933316
0.015276486988847584
0.01898977929195675
0.019138073643079206
0.016269233763200913
0.01969601582876158
0.022929409331324056
0.02313387686900406
0.01591432831774434
0.014454019853823497
0.015269587194608256
0.015059977234918134
0.018859545239223115
0.016265225297033403
0.01353357697578803
0.015292553191489361
0.015695831040536644
0.018113938053097346
0.015886161722632134
0.020455410376760116
0.014787234042553192
0.01838321942022154
0.016735386854232356
0.019430675541707975
0.015308233347124535
0.018305673917918815
0.023970899141897775
0.0253041065821164
0.016696649426579717
0.01607725939454314
0.021273223004248304
0.013738738738738739
0.020770985806986875
0.017319533604087514
0.015259384010819362
0.015129701855875193
0.015561455038409399
0.02331816198017333
0.019420358712436157
0.016738030362008563
0.01603763498342778
0.01767932264763832
0.018265230523736253
0.018504502153203706
0.018187100522951773
0.018767198679141443
0.017682943971212506
0.018366242899648364
0.019645916619074815
0.017103952175357023
0.014775990409545848
0.01920129084308189
0.01967829307390415
0.019055303829681583
0.023856239683577814
0.019804364183596688
0.01852553007356123
0.016750871315483747
0.014219694276573054
0.015742849911414832
0.017009927396651355
0.015903326018183374
0.017925484016208915
0.020189343300684802
0.01769294694796665
0.016484400128658733
0.014552901023890785
0.01317452208748958
0.01755073477956613
0.020046260601387818
0.021440797573646437
0.019130255670846315
0.014893303899926416
0.017720292006179385
0.018609423967606845
0.022302610883925763
0.012108928385822679
0.018779467076336282
0.016798504242772905
0.010027720862962516
0.0166036149642707
0.013397918169638257
0.015884121061359866
0.015272140701425747
0.016329124416323598
0.017766894180169853
0.019393181107288084
0.015202656348618315
0.014998972673104582
0.016562650024003842
0.01925898752751284
0.0210419141354149
0.020834519269084077
0.019271821631878558
0.019336865679794615
0.018889508928571427
0.014648679963585202
0.02035897761146699
0.01626934229772383
0.019002091425156856
0.021016694333949322
0.018272711601448027
0.018854604818072183
0.018034726441339174
0.0174448174143017
0.016514822848879247
0.01850595113802464
0.013768355686763545
0.022136536381036923
0.016841211435041043
0.02131234995998933
0.02049227911296877
0.02282932956508086
0.019478329304626455
0.020526139410187667
0.01608460945246227
0.0191091558977179
0.015429049175343924
0.017231887249504516
0.02017083165002597
0.021835943111621892
0.020641143911439116
0.018985423383207956
0.02050273459600722
0.018695121242077107
0.014875440587848737
0.018325742788982868
0.019445863850564925
0.017819125667123566
0.01855880166313297
0.02343682435354147
0.016267470857739372
0.02018831113750106
0.018497176443471246
0.016552402283466716
0.016456562660430094
0.020081865882805416
0.018981835438032217
0.014913968757074937
0.019635649612741356
0.020686277334408944
0.014586666666666666
0.0196078431372549
0.019504788600794208
0.02002895752895753
0.0163519115614924
0.01689664883131512
0.017725944336711003
0.015037379444159105
0.014165745195899705
0.01721322817213228
0.017741270985683386
0.014008725157537566
0.018698021221680527
0.01828997834424818
0.02239797150446752
0.018214461529551442
0.017109739196169836
0.015640079477717853
0.016296494514316296
0.01953708663415184
0.013865451681853977
0.01776613205102364
0.01683937823834197
0.02280936844558378
0.021175092065617677
0.018171994084859516
0.018676399304268485
0.018239364840942008
0.018346058114495065
0.015973729615406024
0.01969613259668508
0.018344919091984192
0.017822476272648834
0.014550435479285658
0.02125615118073552
0.018038548130250947
0.018294614572333685
0.019392663860493084
0.018379235839509886
0.020532863591324453
0.020673992184629772
0.01865041906233016
0.01885484942107239
0.0180583646344987
0.019485240657263342
0.015200217924271316
0.018757104964001514
0.012597941312029497
0.014177354847607227
0.018299757409555955
0.01628964656223061
0.018755680409815748
0.016131678241373654
0.020089434692651672
0.020857307249712312
0.015681346300950715
0.019893782459434874
0.0145972608227547
0.01247056304859773
0.018826977819114455
0.013517166801838334
0.020047927991115787
0.01702020202020202
0.01682081512348816
0.011314855710776407
0.017046522241013665
0.018789024460101965
0.017760697964270877
0.01961645899375412
0.01704043793042557
0.01885299188784307
0.020260253664964586
0.017510857838391104
0.01822403809411834
0.013635206148575132
0.017602217602217602
0.015698756507431286
0.015190599025508742
0.017857142857142856
0.020672210269233007
0.01609398889514766
0.019922748526123194
0.0166073546856465
0.01783610970890123
0.01643626002532714
0.016546563192904658
0.01729022459768101
0.020223470987977
0.020781334780249593
0.021096197510993592
0.014760409040455329
0.024693829879534154
0.019117061364541527
0.020299211620833073
0.014565431040999924
0.024492518822071856
0.018304548771588422
0.015877177649595058
0.01626214248992072
0.017094017094017096
0.01638321110937744
0.017108167770419427
0.014542820527107595
0.019081160639192598
0.019172635420354585
0.02190923317683881
0.018327605956471937
0.017146614069690994
0.017004634994206257
0.022422434021843043
0.01821662702326391
0.015479789497256747
0.016711560661865757
0.01918253727641044
0.01879170531733445
0.018077032091455926
0.016422481085625076
0.011972289941828187
0.01670337738619677
0.016301292861157952
0.016622705791845258
0.022599372075114033
0.013296068162700458
0.016880839592766102
0.015362746706030288
0.017320983854268685
0.018308132407029016
0.015979864200421447
0.021634964425729635
0.020601004511790245
0.01964117664916062
0.01657427937915743
0.02142517947428699
0.01662027181922384
0.014274654021097455
0.017470224305688044
0.020743104627307954
0.016619148573238783
0.01824100578099568
0.017932547299149986
0.015666804578678802
0.018640380328221105
0.01677384780278671
0.016093386977956592
0.02411280289116654
0.014886610083268628
0.016059602649006622
0.01418496128963835
0.015345996584027742
0.017513573715717667
0.017937330984692485
0.016862422780178698
0.016210205992509365
0.017536614910252175
0.01662154845695723
0.017136569935359648
0.017609563729259158
0.01828037598754397
0.020541577081759545
0.01913141035103776
0.01980748412768074
0.019886280798950284
0.015654218090505958
0.014256562211723925
0.013287117273252455
0.023855982879083526
0.020549127957174926
0.018055369800722216
0.015956762321451552
0.01538940648275504
0.01567366110175116
