0.032552353307070285
0.032665964172813484
0.0
0.0173718610251118
0.0
0.0
0.0
0.0
0.010259179265658747
0.06901485965877821
0.0
0.0
0.0
0.0
0.0
0.0
0.0
0.08117283950617284
0.0
0.0301814095360411
0.02273168836215271
0.06113917435986762
0.0
0.0
0.0505726872246696
0.0
0.0
0.0
0.03339281162375733
0.0
0.0
0.0
0.0
0.0
0.033443311337732456
0.0
0.0
0.053288590604026846
0.033493975903614456
0.03337843933243121
0.0
0.0
0.0
0.0
0.0
0.0
0.0
0.0
0.03336921420882669
0.09036144578313253
0.010769230769230769
0.0
0.0
0.0
0.0
0.0
0.0
0.0
0.0
0.03346456692913386
0.059520958083832336
0.03900210822206606
0.0
0.0
0.007931538300981006
0.0
0.0
0.0
0.0
0.012672329759086479
0.07403529763685313
0.0
0.0
0.0
0.03782600039816843
0.0
0.0
0.0045480386583285955
0.033476219636660545
0.06114686951433587
0.0
0.0
0.0
0.0
0.0
0.0
0.03786787404815806
0.0
0.04142011834319527
0.0
0.13593041547145368
0.03345981372887202
0.06932773109243698
0.0
0.0
0.0
0.036216872633759556
0.0
0.0
0.043404543913190916
0.03298471440064361
0.024943310657596373
0.0
0.0
0.0
0.00949050949050949
0.08907254361799816
0.22012578616352202
0.03347034644744568
0.0
0.0
0.0
0.032553813446718045
0.08196181698485847
0.0
0.0002512562814070352
0.06513353115727002
0.0
0.0
0.0
0.0
0.0033783783783783786
0.0
0.0
0.0
0.0
0.0
0.03016142735768904
0.0
0.0
0.0
0.0
0.06408907592495178
0.0
0.0
0.0
0.0
0.03336872440467162
0.03750915750915751
0.0
0.0
0.0
0.0
0.009777376654632972
0.0
0.0
0.0
0.0
0.0
0.0
0.0
0.0
0.06231109044408277
0.0
