0.001093693036820999
0.001224739742804654
0.0010307153164296021
0.0010186757215619694
0.0010641127959563714
0.001040582726326743
0.007404442665599359
0.001076260762607626
0.001066910531931108
0.0010601643254704478
0.00044444444444444447
0.001025220422390814
0.0010225623433170602
0.0010469986040018613
0.0011496895838123706
0.0011171624074849881
0.0010427528675703858
0.0011846001974333662
0.001100594320933304
0.0010658708164570454
0.0010706638115631692
0.004836369498629695
0.0010086746015735323
0.0011177347242921013
0.008288861133189508
0.007821092508859831
0.001141552511415525
0.001125070316894806
0.0012062726176115801
0.001001001001001001
0.007212847033206315
0.0011111111111111111
0.0011737089201877935
0.0010651896037494673
0.0010512483574244415
0.0010043617998163454
0.0011641443538998836
0.001155802126675913
0.0011042402826855124
0.0035866099893730073
0.0010804970286331713
0.0010826904858573555
0.0010323468685478321
0.001171875
0.009093759799310128
0.0010357327809425167
0.0011049723756906078
0.0011413663786075331
0.0010137418337463392
0.0010388839418224993
0.0010991426687183997
0.0010021295252411375
0.0010812271928639006
0.001017293997965412
0.0012882447665056361
0.0011111111111111111
0.0011965300628178283
0.001095290251916758
0.001083815028901734
0.0010162601626016261
0.001095290251916758
0.001252740369558409
0.0012201073694485115
0.005816623297106995
0.0019490011369173298
0.0010935791282612093
0.0010779734099892202
0.0010130766872392327
0.0011139992573338284
0.001151505181773318
0.0010070493454179255
0.0010109945659042083
0.0023752969121140144
0.0010703363914373089
0.005896805896805897
0.001045400238948626
0.0011823126034523528
0.0010799136069114472
0.008267124758428173
0.0010277492291880781
0.001076757421935087
0.006338028169014085
0.0010565240359218173
0.0012326656394453005
0.00041631973355537054
0.0015682174594877157
0.001008233910267182
0.0010761366693570083
0.0010482180293501049
0.0011467889908256881
0.005112474437627812
0.004586571537775513
0.0011069600110696
0.0010799136069114472
0.005390835579514825
0.0010789602746444336
0.0012493753123438282
0.001325820351342393
0.001037498147324737
0.0008244023083264633
0.0011237758869802536
0.0024826216484607746
0.0012875536480686696
0.0011420740063956144
0.007335778592864288
0.0012239902080783353
0.0031302672766674693
0.0010945709281961471
0.001004448270914048
0.0010344827586206897
0.010999563509384549
0.0010086576447843995
0.0010618216139688533
0.0010706638115631692
0.008746948738812042
0.0010590976488032196
0.0011025358324145535
0.0010909884355225835
0.006381620931716656
0.001451378809869376
0.0010053360142293713
0.0004224757076468103
0.0010551305724083356
0.0011231748408835642
0.0010836845273931367
0.0010085728693898135
0.0011682242990654205
0.0011850681414181316
0.0010214504596527069
0.0010402734433050973
0.0010946907498631637
0.0010546933855657677
0.0011432926829268292
0.001038637307852098
0.0005649717514124294
0.0011087840335099175
0.0010938924339106654
0.0011347057869995137
0.0010610079575596816
0.0038193970808893737
0.006157063197026022
0.0010851871947911015
0.004460871781799643
0.0010692068429237946
0.005341712490180676
0.001171875
0.001095690284879474
0.0011332728921124207
0.001126488574187319
0.0011867088607594937
0.0010978454782489364
0.0032851511169513796
0.0033707865168539327
0.0010391152675721814
0.0010334137099552187
0.0035211267605633804
0.0010080645161290322
0.0011081560283687944
0.0010670081092616305
0.0010381135992881506
0.004929346040092014
0.0010930668332292317
0.0010679196924391287
0.0015564202334630351
0.001025010250102501
0.001002673796791444
0.001141769743101808
0.0011587485515643105
0.0010279117577291056
0.0011102886750555144
0.001463057790782736
0.001059001512859304
0.0011210762331838565
0.008956467402624454
0.004889975550122249
0.0010559662090813093
0.0037105751391465678
0.012992732878220656
0.0010900667665894536
0.0041753653444676405
0.001199040767386091
0.00101243853051779
0.001200192030724916
0.0012981393336218088
0.0010139416983523447
0.0012056908608632747
0.003543586109142452
0.0010030090270812437
0.0035252643948296123
0.001007252215954875
0.0010682334089998666
0.0012319063751154912
0.0010427528675703858
0.005008012820512821
0.0011023622047244095
0.001005458201666188
0.0010460251046025104
0.01180822307582871
0.0010667804565820354
0.0011410314924691922
0.001430615164520744
0.001071080817916261
0.0012113870381586917
0.0010604453870625664
0.0012080942313500453
0.001030795000644247
0.0013856812933025404
0.0011850681414181316
0.0010595090941197245
0.0011597564511452595
0.0010156408693885843
0.001037344398340249
0.0011747430249632893
0.007252786131257739
0.001002362123857451
0.0012391573729863693
0.0010630758327427356
0.0011343380327337547
0.005470595548924531
0.0010513404590853338
0.0013029315960912053
0.0011135857461024498
0.006633291614518148
0.0011933174224343676
0.0013297872340425532
0.0013392857142857143
0.0010668563300142249
0.0011516314779270633
0.0010670460608216254
0.00141643059490085
0.001096319498825372
0.001222792858889704
0.0010223455527968454
0.005770263016639828
0.0010273972602739725
0.0010793308148947653
0.001053740779768177
0.0013477088948787063
0.0011392765593847907
0.0010931948619841486
0.0011851149561507466
0.0010787486515641855
0.0010360904852357105
0.0068910681155579115
0.009052007899934168
0.0011992804317409553
0.0010968192242496759
0.001078167115902965
0.0010469011725293131
0.0011961722488038277
0.001174053419430584
0.006672226855713094
0.0010035122930255895
0.001221001221001221
0.0037218413320274243
0.001224364860728497
0.001080613788631943
0.010186757215619695
0.004073714839961203
0.0010188487009679063
0.0010176390773405698
0.0011531365313653136
0.003032600454890068
0.0010660980810234541
0.001101494885916601
0.0010958236941434312
0.001029336078229542
0.00855784469096672
0.001279317697228145
0.0010706638115631692
0.0036900369003690036
0.001053740779768177
0.008397561256183135
0.0010167768174885613
0.001226993865030675
0.001070434596446157
0.003278688524590164
0.0010402219140083217
0.001072731173567904
0.0010613457864572277
0.006484766915453322
0.003472770323599053
0.0011787819253438114
0.0010578279266572638
0.0010442046641141664
0.0010474631751227496
0.0012406947890818859
0.0013513513513513514
0.0010473397570171764
0.001076320939334638
0.006607929515418502
0.0012007684918347744
0.0011746280344557558
0.0011644832605531296
0.0010501995379122034
0.001000705625761755
