0.0
0.010104102878138396
0.010101010101010102
0.0
0.010109071561585529
0.010145681581685745
0.009205523313988393
0.01014760147601476
0.0
0.010071561091969255
0.0035555555555555557
0.0
0.010027708140915689
0.010004653327128897
0.0
0.0
0.0
0.0
0.0
0.010019185674696228
0.0
0.016443656295340964
0.010086746015735323
0.010059612518628911
0.036221187691608946
0.02285225467432482
0.0
0.010125632852053253
0.010253317249698432
0.0
0.035247686445291235
0.0
0.0
0.010012782275244993
0.0
0.0
0.0
0.010171058714748035
0.0
0.019527098831030817
0.010264721772015126
0.010014886994180539
0.010151410874053681
0.0
0.023204766384446535
0.0
0.0
0.01010924506766672
0.0
0.010092015434847135
0.0
0.010021295252411374
0.010001351533991079
0.01017293997965412
0.0
0.0
0.0
0.010131434830230011
0.0
0.0
0.0
0.0
0.010004880429477794
0.018827491198530538
0.0008120838070488875
0.010154663333854085
0.0
0.010010797264692945
0.0
0.0
0.010070493454179255
0.010109945659042083
0.0023752969121140144
0.010091743119266056
0.019164619164619166
0.010005973715651135
0.010167888389690235
0.0
0.021473051320592657
0.0
0.01015228426395939
0.015211267605633802
0.0
0.010169491525423728
0.004163197335553705
0.01150026136957658
0.01008233910267182
0.0
0.0
0.010129969418960244
0.00408997955010225
0.02356988151356861
0.010101010101010102
0.010027769207034866
0.006738544474393531
0.0
0.01024487756121939
0.0
0.0
0.00741962077493817
0.010113982982822282
0.005461767626613704
0.0
0.0
0.03134378126042014
0.0
0.008668432458463762
0.0
0.01004448270914048
0.0
0.03963334788302052
0.0
0.0
0.0
0.013628966639544346
0.0
0.0
0.0
0.021218889597957882
0.010159651669085631
0.0
0.007182087029995775
0.010023740437879188
0.010108573567952079
0.0
0.00016809547823163558
0.0
0.0
0.0
0.010105513449249518
0.0
0.0
0.010099085365853659
0.0
0.010169491525423728
0.0
0.0
0.010050251256281407
0.0
0.021688719137907517
0.023466542750929367
0.0
0.016186591893958706
0.0
0.021681068342498035
0.0
0.010226442658875092
0.010199456029011787
0.01013839716768587
0.0
0.0
0.006570302233902759
0.0033707865168539327
0.01002004008016032
0.0
0.01936619718309859
0.0
0.010195035460992909
0.0
0.010084532107370607
0.02103187643772593
0.010149906308557152
0.01003844510892781
0.010116731517509728
0.0
0.0
0.0
0.0
0.0
0.0
0.008778346744696415
0.000151285930408472
0.0
0.019995834201208082
0.023402025847013622
0.0
0.011131725417439703
0.030756808338838728
0.010083117590952446
0.008947211452430659
0.010191846522781775
0.0101243853051779
0.010081613058089293
0.01038511466897447
0.010139416983523447
0.010127803231251507
0.009213323883770375
0.0
0.013513513513513514
0.0
0.010014688209373748
0.010163227594702803
0.0
0.025040064102564104
0.0
0.0
0.0
0.04239578887466212
0.010027736291871132
0.010041077133728891
0.010014306151645207
0.0
0.01029678982434888
0.010250972074938141
0.0
0.0
0.0
0.0
0.010065336394137384
0.0
0.010156408693885842
0.0
0.0002936857562408223
0.015566955598797099
0.0
0.0
0.0
0.0
0.023250031082929255
0.010162957771158226
0.0
0.0
0.010262828535669587
0.010143198090692125
0.010195035460992909
0.005357142857142857
0.00017780938833570413
0.0
0.0
0.015580736543909348
0.0
0.0
0.0
0.014895330112721417
0.0
0.0
0.010058434715968963
0.0
0.0
0.010112052473353375
0.010191988622896421
0.0
0.0
0.020540683805989928
0.014318630678077683
0.0
0.0
0.0
0.010050251256281407
0.0
0.01027296742001761
0.014178482068390326
0.0
0.010073260073260074
0.00861900097943193
0.0
0.0
0.009141961603761264
0.008923375363724539
0.010188487009679063
0.0
0.0
0.004548900682335102
0.0
0.0
0.010105929623767199
0.0
0.022028526148969888
0.0
0.01009483022330988
0.02214022140221402
0.0
0.02611296445415852
0.010167768174885612
0.0
0.0
0.006557377049180328
0.010055478502080445
0.0
0.0
0.020433133488315183
0.021468034727703235
0.0
0.010049365303244006
0.0
0.0
0.0
0.0
0.0
0.0
0.032262244104690335
0.0
0.0
0.0
0.0
0.0
