0.004231684739486909
0.04046242774566474
0.016506189821182942
0.004081632653061225
0.004019733235885255
0.05565912117177097
0.013392857142857142
0.0040172166427546625
0.004052016584998115
0.014765675155146587
0.0040563111429253165
0.004042553191489362
0.015474919957310566
0.004119935912108034
0.004133858267716535
0.004101963082332259
0.004103967168262654
0.004168245547555892
0.004125950054288816
0.004080118694362018
0.004036697247706422
0.0049881235154394295
0.004242681374628765
0.0041762372102735435
0.010091302258529554
0.005283381364073006
0.0040847587439366865
0.002430133657351154
0.004142011834319527
0.004150607767565965
0.004037685060565276
0.007397133610725843
0.004072959093323889
0.004
0.004126031507876969
0.004004004004004004
0.004148629148629149
0.03565768621236133
0.004024144869215292
0.0040906230333543105
0.03394284462936604
0.004060017652250662
0.00411522633744856
0.021110333566596688
0.004037005887300252
0.013577023498694517
0.004029719178944717
0.004024729264345878
0.023034330011074196
0.02774176821363754
0.016955332725615314
0.00401227283455275
0.0041850732387816785
0.004011789749467824
0.004002801961372961
0.004
0.021676840662763174
0.0041906757464641176
