0.0
0.0
0.009957129027796986
0.005292652552926526
0.015013512160944851
0.004601226993865031
0.010901162790697675
0.0
0.0055359838953195776
0.0
0.0
0.0
0.0
0.0
0.01754170755642787
0.00512214342001576
0.0
0.015917881582862243
0.0
0.0052835505459668895
0.011821471652593486
0.0009606147934678194
0.0
0.016415208207604105
0.0
0.0
0.0
0.01188843164151806
0.0
0.0
0.0
0.0
0.005238489109456851
0.0
0.005042723070458047
0.013493253373313344
0.0
0.0
0.005065123010130246
0.0
0.005067567567567568
0.002472187886279357
0.004595060310166571
0.005179110919292188
0.0
0.005128978729823503
0.010787366548042705
0.0
0.0
0.0
0.005087948829771769
0.005012531328320802
0.0051766138855054815
0.009982683100743609
0.0
0.005023655074867093
0.0
0.012827586206896552
0.00019234468166955183
0.011323763955342903
0.0050798258345428155
0.005205868433506862
0.016646610509426393
0.006303724928366762
0.004540295119182747
0.0
0.0
0.008258258258258258
0.004768717215069146
0.009248177565009248
0.0
0.0
0.008381689232753063
0.0
0.005291005291005291
0.0
0.0
