0.010043324143363529
0.01002710027100271
0.02295671414742083
0.010273972602739725
0.0472425182664398
0.009713701431492843
0.02049418604651163
0.010097719869706841
0.0055359838953195776
0.010075914423740511
0.010106528270964218
0.010235131396957123
0.01019108280254777
0.010077519379844961
0.053606476938174684
0.01004728132387707
0.010141987829614604
0.03510859863135971
0.010073875083948958
0.010214864388869321
0.03618817852834741
0.0067243035542747355
0.010040745052386496
0.053590826795413396
0.01004147566033617
0.010073452256033578
0.010104529616724738
0.033683889650967844
0.010004349717268378
0.010021198689535556
0.010052910052910053
0.010090609555189456
0.010201268265784396
0.010222804718217562
0.010085446140916094
0.03557312252964427
0.010119595216191352
0.01003878621948437
0.010026876162910895
0.01011029411764706
0.010135135135135136
0.01277297074577668
0.016082711085583
0.010142425550280535
0.010112112552209276
0.010107105144063962
0.0498220640569395
0.010017421602787456
0.010258358662613981
0.01
0.01003052769297863
0.010025062656641603
0.010048721071863581
0.023021289599674036
0.010034814663116936
0.010047310149734185
0.010062202707647273
0.027586206896551724
0.010001923446816696
0.025199362041467305
0.010159651669085631
0.010175106483672503
0.05816285599679102
0.006303724928366762
0.004540295119182747
0.010132822127892648
0.010025062656641603
0.008258258258258258
0.010014306151645207
0.019257969753019258
0.010096847310941686
0.010142630744849446
0.032452181388351604
0.01001001001001001
0.01027077497665733
0.010221889803041636
0.010154346060113728
