0.011282273812106747
0.0
0.0
0.0
0.011267145656433704
0.0
0.02011935208866155
0.0
0.0002595380223202699
0.0
0.0
0.011130638547158758
0.00029403116730373417
0.0
0.0
0.0
0.0
0.00593742863667504
0.0
0.0
0.021726278451078922
0.0
0.011155378486055778
0.012695533892541374
0.0
0.0
0.00030656039239730225
0.0
0.00010862480990658266
0.013591433278418451
0.0
0.023732470334412083
0.03875468285751195
0.0001452643811737362
0.03582485625829279
0.0
0.014671361502347418
0.0
0.0
4.1061016670772766e-05
0.0
0.0
0.0146948003014318
0.00031826861871419476
0.0
0.00017507002801120448
0.0
