0.0
0.0
0.03669724770642202
0.0
0.0
0.0
0.038539553752535496
0.047236377891023126
0.0677137353682027
0.0
0.0
0.0
0.0
0.053928610896231625
0.033283550245359506
0.012095032397408207
0.0
0.0
0.0002979737783075089
0.0
0.041738700913805875
0.0
0.0
0.029824249955618675
0.0
0.0
0.0
0.034878384580082605
0.007531865585168019
0.0
0.0
0.04908802537668517
0.0
0.0
0.019068984856982614
0.0
0.06058631921824104
0.022988505747126436
0.0
0.0
0.0
0.02936096718480138
0.010841507485802787
0.0
0.0
0.0
0.0
0.02277533756303888
0.0
0.029808374733853796
0.003271861986912552
0.0668685927306617
0.0
0.0
0.0
0.06104571584998631
0.024652547981469226
0.0
0.0
0.0
0.03726888921240355
0.0
0.0
0.0
0.0
0.0
0.0
0.00016286644951140066
0.016510285095633345
0.004777830864787387
0.05295514880536538
0.0
0.006781750924784217
0.0
0.0
0.0
0.0
0.0
0.0
