0.09590494377254402
0.1909375
0.0
0.15576171875
0.021564264932397742
0.0
0.20811945870275314
0.028044018459353923
0.8399941011650199
0.1927846674182638
0.36478201634877383
0.0020920502092050207
0.0
0.0
0.03769760843129307
0.0038064165307232192
0.3022366660294399
0.04216073781291173
0.0
0.0
0.5665584415584416
0.008787346221441126
0.2881854987118145
0.1686721774615465
0.2091810997141416
0.16564019448946515
0.26155391828533153
0.0
0.20929394812680116
0.08808109052778748
0.30947023931274287
0.011823273179838207
0.004763525008506295
