0.015811801002699577
0.015690776884806735
0.015632785251619333
0.015669887699138157
0.015839171489491318
0.015671375994301316
0.015706806282722512
0.08341968911917098
0.05522191299252966
0.015745148297326986
0.0157543391188251
0.012464046021093002
0.01575091575091575
0.00041597337770382697
0.015642051655147326
0.015756087579292
0.015684612123781264
0.01568627450980392
0.02762619372442019
0.015631848064280498
0.015694076038903625
0.015662975965433434
0.015748031496062992
0.03637534202478674
0.06024603091157607
0.015647568608570053
0.020689655172413793
0.015638963360142984
0.0156957928802589
0.0490814367973677
0.01569599339116068
0.015659955257270694
0.06442670215125305
0.01576652130157665
0.015748031496062992
0.015659955257270694
0.008970976253298154
