0.006556112610875434
0.006314580941446613
0.006290483308420528
0.006267955079655263
0.006396588486140725
0.006292294906802802
0.006399069226294357
0.02227979274611399
0.049948732972022854
0.006590992310508971
0.006275033377837116
0.015659955257270694
0.006593406593406593
0.007071547420965058
0.006365951255001819
0.0063433599345201555
0.006287975130705101
0.006355645706558485
0.013642564802182811
0.006281957633308985
0.0062997347480106105
0.006481231433972455
0.006333447449503595
0.02720103009818123
0.024497949742403533
0.006259027443428021
0.006896551724137931
0.006255585344057194
0.006310679611650485
0.017000274197970934
0.00660883932259397
0.006462838677603778
0.026169882457307607
0.00637370010063737
0.006333447449503595
0.006316620607974733
0.005277044854881266
