0.1695344129554656
0.0
0.046540656205420826
0.0
0.17958244869072895
0.0842791088692728
0.0035787321063394683
0.12380952380952381
0.3459783228750713
0.13005671077504727
0.019334660221779928
0.05654147750722245
0.0
0.0
0.2519433013260174
0.0
0.0
0.2
0.13556763285024154
0.13566243194192376
0.18173235780033042
0.037991348504795935
0.3999483604441002
0.32326530612244897
0.6820596046031278
0.08070404172099087
0.19980663873670643
0.0
0.5986154967209133
0.12330285397617069
0.23393478949034505
0.32771878432808493
0.2526186075169439
0.17349231035078624
0.0
0.6365428205380901
0.0
0.15357917570498916
0.03161676646706587
0.15358931552587646
0.0
