0.10796296296296297
0.1979009235936188
0.024822695035460994
0.0904797414864529
0.2185830029305292
0.23675385647216632
0.43649233189146674
0.20420386484348513
0.9090567253975075
0.20338520338520338
0.0
0.28980070339976555
0.08411654135338346
0.624965706447188
0.02458541110982257
0.04662921348314607
0.45438409655662054
0.2877064220183486
0.05647058823529412
0.029038112522686024
0.11702463676563488
0.16592427616926503
0.020299812617114305
0.4284876905041032
0.6666666666666666
0.011912714317523937
0.0
0.09401847949424542
