0.016296296296296295
0.016288832913518052
0.05918317437026168
0.01640566741237882
0.016376486812618513
0.01643192488262911
0.01651592607156901
0.016273025200587637
0.016222604211431027
0.01638001638001638
0.03790849673202614
0.016412661195779603
0.019971804511278196
0.01646090534979424
0.05821639800533457
0.016292134831460674
0.01632942847000355
0.0163302752293578
0.03309803921568628
0.04083484573502722
0.016266582438408086
0.045842613214550854
0.016239850093691444
0.016412661195779603
0.016221374045801526
0.01625473168559341
0.023268112109994712
0.01637218349813584
