0.1251035625517813
0.1251234771155746
0.1254432624113475
0.125
0.12503584743332377
0.125
0.12515664160401002
0.16873348241512504
0.12507645259938838
0.1253305129561079
0.12506704809583408
0.12503183091418385
0.1250694315867432
0.1251464729318022
0.1250300360432519
0.1251625487646294
0.12513701132626964
0.1251551510136533
0.1251143940384364
0.12515337423312883
0.125
0.12503242542153048
0.125
0.12504590525156078
0.12517308224868456
0.1251412885515905
0.12504042255039344
0.125001411233418
0.12511353315168028
0.1255205234979179
0.12506059137178865
0.1251059022874894
0.12510735757228744
0.12501730582860307
0.1251425313568985
0.12501800374477892
0.125
0.12510760401721666
0.12512987976844292
0.12517193947730398
0.125
0.12505125051250512
0.12502965599051008
0.12519893899204243
0.1255539143279173
0.125
0.12522851919561243
0.1252119841718485
0.1250583294447037
0.12513368983957218
0.1251044859292282
0.12509225092250922
0.12512187195320118
0.1250436401722332
0.1251972645975802
0.12517580872011252
0.12513966480446928
0.125
0.1250633767111712
0.12513631406761178
0.12506864360241626
0.12513997760358342
0.125
0.1250220419679069
0.12504974134500596
0.1250487963565387
0.12502476718842878
0.1250565969392375
0.1251802711277762
0.12506960686045215
0.12508239947264338
0.12536106296938185
0.12502851927903263
0.12505175983436853
0.125
0.12511170688114387
0.12535612535612536
0.1252040102588016
0.12529205607476634
0.12508436445444318
0.1252853881278539
0.1252783964365256
0.12513484358144553
0.12506459948320414
0.1251303441084463
0.12503726893261777
0.1250291036088475
0.1253469010175763
0.1250735149970594
0.12522686025408347
0.12520868113522537
0.1251109139307897
0.1250355214549588
0.12517713745866793
0.12502644383329808
0.12511102651947723
0.12523770714479762
0.0023455824863174357
0.12530371398819853
0.12503480924533555
0.12505415162454875
0.1251798561151079
0.12511671335200747
0.12504665920119448
0.2151277013752456
0.1251895170023825
0.12520115867396203
0.12506459948320414
0.12538540596094552
0.12548156301596036
0.12512017580002746
0.12522045855379188
0.12500905687718875
0.12514919011082695
0.12508294625082947
0.1250971250971251
0.12506363482097405
0.12508934953538242
0.12505776874017932
0.12503477051460363
0.12504247366632687
0.12513584847073436
0.125165271044513
0.12502279773846434
0.12542372881355932
0.12502040816326532
0.12523674242424243
0.12502671511006624
0.12502332524724763
0.1250308261405672
0.1251499400239904
0.12506000960153624
0.12520868113522537
0.12515566625155666
0.12516823687752354
0.1252561475409836
0.12520503007107708
0.12503927112786678
0.125
0.1250474383301708
0.12525136455041655
0.12516425755584756
0.1250565355042967
0.12547348484848486
0.1251596424010217
0.1252461599054746
0.12520064205457465
0.125
0.12568735271013354
0.12548369264787176
0.12502899559266992
0.125
0.12517385257301808
0.12502149613069646
0.12534059945504086
0.1252096143096702
0.12505371723248818
0.1250852079072938
0.12514092446448705
0.12519774011299434
0.12502699201036493
0.12512841586192727
0.1604855023600809
0.12504258943781943
0.12508175277959452
0.12505943889681406
0.12525320729237002
0.12512046257629297
0.125
0.12500074643354053
0.12511190689346463
0.12517099863201095
0.125083836351442
0.1251908396946565
0.1252364737041241
0.12517482517482517
0.1251027453559099
0.1250206987911906
0.1250986582478295
0.1251311647429171
0.12525879917184266
0.125
0.1252498334443704
0.125
0.029780564263322883
0.12512283000327545
0.12502639915522704
0.12500048201691302
0.12507155123068117
0.12507271669575334
0.12502360717658167
0.12537917087967643
0.12512820512820513
0.12510785159620363
0.12519440124416797
0.12502545306454896
0.1251323311454584
0.1250963762528913
0.12502251846514142
0.125114995400184
0.12522090381216863
0.12541726275631854
0.12528912875867387
0.12505150391429748
0.1250222935616194
0.12502243762340692
0.125
0.12518471606502005
0.1253731343283582
0.125
0.12507883119613203
0.12511671335200747
0.1250749850029994
0.125
0.1250732278851787
0.12520702219277907
0.12505822077317186
0.1251678753693258
0.12533692722371967
0.1251072593101081
0.12514797902925756
0.1250732851280047
0.125
0.125
0.12523540489642185
0.1250367322950338
0.12513414895900407
0.125
0.12508735150244585
0.1252200150867488
0.12509534706331046
0.12502841554898841
0.12539610683567226
0.1251492715548125
0.12502530876695686
0.12508884150675195
0.1251529987760098
0.057235923685435085
0.12509077705156135
0.12504731861198737
0.12506047411707788
0.1250313833793623
0.1252236135957066
0.1253395421032208
0.12502994011976049
0.12522796352583587
0.12518740629685157
0.12538768276473194
0.12507444907683143
0.125
0.12520281233098973
0.1250262219425215
0.12504900039200315
0.12517580872011252
0.12507739938080495
0.1254871395167576
0.12502332524724763
0.12501874906254687
0.12525751957148742
0.12513966480446928
0.12507138777841234
0.1250292124328114
0.12526205450733752
0.12507271669575334
0.12525910571513177
0.125
0.125
0.125234521575985
0.1251525187380164
0.12515770880645977
0.12519561815336464
0.12502655619290418
0.125
0.12506112469437652
0.12505427702996091
0.12509834775767112
0.1250355214549588
0.12529110386585934
0.1251617674246626
0.12508960573476702
0.12504968598457747
0.12532063026749726
0.12514188422247446
0.12517166960957427
0.12514384349827387
0.12513368983957218
0.12500582832097729
0.12520710059171597
0.12508236327696023
0.125114995400184
0.12555720653789004
0.12503943632348302
0.12502117567338641
0.12528560548362527
0.12502050188617353
0.12543859649122807
0.12506406970784215
0.1250778816199377
0.12529955494693598
0.12552301255230125
0.12515337423312883
0.1252644942869234
0.125103220478943
0.1250223573600429
0.13527851458885942
0.12527964205816555
0.12521489971346705
0.125
0.125195007800312
0.12505075111652456
0.12501450957632038
0.16446432201667005
0.125
0.12516680010675207
0.1253395421032208
0.12508038585209003
0.1251528740317978
0.1251289102784462
0.12510220768601799
0.12506354855109303
0.125
0.125
0.12506738544474394
0.12505885676617384
0.12514585764294048
0.04363636363636364
0.12502771004211927
0.12507856693903205
0.12510711225364182
0.12514551804423749
0.12506228201295466
0.12502815949538185
0.125115562403698
0.12514678745176983
0.12518463810930577
0.1250340506673931
0.1712846347607053
0.12504305890458148
0.12504215851602024
0.12506811989100816
0.1252040102588016
0.1256127450980392
0.0816235504014273
0.12503686228251254
0.125
0.12518518518518518
0.12507997440818938
0.12507565059511802
0.12520259319286872
0.12514955731036134
0.12500594643451787
0.12503721345638583
0.12506268177715374
0.12530712530712532
0.12500659456607754
0.125
0.125
0.1250375713856327
0.12501773804455796
0.125024925224327
0.12510740677092283
0.125241592578276
0.12506265664160401
0.125024154589372
0.12510548523206752
0.12519961673586713
0.12509682416731216
0.1252737625930793
0.12504453152832204
0.12517225539733579
0.12506745817593093
0.1250423968343697
0.12519978689397976
0.12504624491305957
0.12512873326467558
0.1250779139829628
0.12508674531575295
0.1250519318653926
0.12539184952978055
0.12506166748889985
0.12510045539780337
0.12531860662701785
0.1250420168067227
0.12506118453255016
0.12525837122778008
0.12515762925598992
0.12515931684935
0.125
0.12528622832842656
0.12512343066723092
0.12505768343331794
0.12561750176429076
0.12516195905675045
0.125114995400184
0.12527634487840825
0.1251102616877389
0.12523294819232203
0.12514220705346984
0.12503907471084713
0.12500240167540877
0.125
0.12508497620666215
0.12542871141597256
0.125
0.12507492507492507
0.041688654353562005
0.12524366471734893
0.125
0.12521626297577854
0.12523133867982728
0.1252136752136752
0.12510234157524153
0.1251970987070325
0.12526997840172785
0.1250528988573847
0.22666666666666666
0.1251824817518248
0.1250720461095101
0.12536023054755044
0.12511861190185714
0.12511059989382411
0.12508497620666215
0.1251988184503522
0.1251646903820817
0.12543073742246727
0.12520812520812521
0.12502751485802333
0.12511609393657955
0.1251372118551043
0.12510530749789384
0.1251121076233184
0.12518899304505593
0.12541726275631854
0.125
0.1251477790913697
0.1252909231962762
0.1250501002004008
0.12552594670406733
0.1250424352155709
0.12520948048838879
0.12520027466239414
0.12508101101749838
0.125
0.1250996015936255
0.12521079258010118
0.12508059316569956
0.1251778093883357
0.13535911602209943
0.12514934289127838
0.12507936507936507
0.12502016454266818
0.12524146812620734
0.12509462528387585
0.12511415525114156
0.1802168021680217
0.1250996015936255
0.12505504183179217
0.12520525451559936
0.12504517528008674
0.12507778469197262
0.12502318679280283
0.12511387792286668
0.12509593246354567
0.12508833922261484
0.12505811250581125
0.12515856236786468
0.1250585480093677
0.12504708097928438
0.1250260470931444
0.125
0.12508391138957262
0.12507956715467855
0.08037825059101655
0.125
0.12508316699933467
0.125
0.1250350434538828
0.12507456750845097
0.12541726275631854
0.12517449976733364
0.125
0.12517221019484354
0.12509752925877762
0.12506757974409805
0.12505427702996091
0.1251303441084463
0.1250761421319797
0.12506486766995328
0.12521079258010118
0.32222222222222224
0.12530833744449926
0.06093528578176665
0.12508038585209003
0.12517700368167659
0.12534722222222222
0.1251826595226498
0.12523854961832062
0.12504077416548876
0.16792562463683905
0.12509855453350854
0.1253932584269663
0.1250845165652468
0.1250244188318031
0.125
0.12523234200743494
0.125
0.12508031698436495
0.12503361118580264
0.12501609372988284
0.1250305947621767
0.12542047092743874
0.12503332444681417
0.12514408035567265
0.1253140703517588
0.125
0.1250186483664031
0.12531328320802004
0.1251848201084278
0.12506400409626217
0.12526284169420246
0.12509349289454003
0.12508444044134204
0.12525910571513177
0.12510402219140082
0.1252359974826935
0.12510088781275222
0.1252068394925538
0.12505341119498647
0.1252082837419662
0.12502426713259562
0.12525117213663764
0.12503094825451844
0.12526997840172785
0.12521440823327615
0.24066599394550958
0.12502393260578212
0.12501208235332023
0.1250045795933321
0.1250235360572397
0.12514002240358457
0.1253291205897841
0.12534246575342467
0.05530546623794212
0.12506979341150196
0.12503937007874016
0.12518565669424994
0.12511415525114156
0.1250317662007624
0.12510936132983377
0.125
0.12507171543316123
0.12501761804087386
0.12510435301132974
0.1251025430680886
0.12502488552657776
0.12505789717461788
0.12510088781275222
0.12515387771850636
0.12513089005235603
0.20726636025388487
0.1255656108597285
0.12513578101238323
0.12517660356032778
0.125193199381762
0.12520439149731372
0.12510154346060115
0.12514092446448705
0.12505075111652456
0.12502226179875334
0.1253293187805796
0.12502434274586174
0.12521036687983844
0.125
0.1250577901063338
0.1250290495003486
0.04525089605734767
0.12515438452037875
0.12507271669575334
0.1251542828931128
0.12511671335200747
0.12533068783068782
0.12507534659433395
0.12569444444444444
0.125
0.125
0.12504086302713305
0.12509612919764163
0.1250996015936255
0.12502596053997922
0.1252336448598131
0.12514511260738334
0.12507601864990878
0.12506278252134606
0.1251908396946565
0.12518796992481204
0.12510088781275222
0.12507416637000118
0.12512785543811797
0.12505504183179217
0.12523117569352707
0.08753148614609572
0.12514220705346984
0.12502653364466143
0.12831541218637993
0.12529439472444653
0.1251602975121826
0.1250241919876137
0.12501998401278977
0.12506811989100816
0.125
0.15420655938072927
0.12514538264712724
0.12511039152193112
0.12508129200086712
0.12515622210319585
0.1252948113207547
0.1251744070161451
0.1250515889393314
0.12502298216583932
0.12510049847242322
0.22836598065955865
0.1250206714073094
0.12508038585209003
0.12513144058885384
0.12528560548362527
0.12511693171188026
0.1251700680272109
0.12518796992481204
0.12524682651622002
0.125181246979217
0.12516609088493225
0.1251131221719457
0.12502453385672227
0.12548156301596036
0.125
0.12506695232994108
0.1250498036313962
0.12505141916906623
0.1250292671505502
0.12507714462044847
0.125
0.12502967006883456
0.12518373346398823
0.12510425354462051
0.12502988285919198
0.12519809825673534
0.125
0.1250138657792568
0.1250013868907389
0.1250423202798781
0.12514041788362165
0.1250996015936255
0.12503568369968598
0.12511332728921123
0.12525252525252525
0.125193199381762
0.12523839796567068
0.1251706873008648
0.1250208925288317
0.12510903426791278
0.1250277592715967
0.12529079428381523
0.12512681772066284
0.12517848643503093
0.1250896914613729
0.1250967642049853
0.12507516536380037
0.12520272461887771
0.12504638218923933
0.125
0.12530813475760066
0.12506380806533945
0.12513255567338283
0.1251824817518248
0.12521357090554064
0.12505705157462346
0.125177304964539
0.12532233109850438
0.2634730538922156
0.12525458248472504
0.12503937007874016
0.12552552552552554
0.12534381139489195
0.12534722222222222
0.12519440124416797
0.13693901035673187
0.125
0.1253107906514172
0.12517330164388987
0.1251828631138976
0.12504780114722752
0.1251234771155746
0.05572755417956656
0.12529904306220097
0.12504127682993946
0.1251840942562592
0.12519280205655528
0.12512218963831867
0.12507896399241947
0.125
0.12506278252134606
0.12505910165484632
0.12529873677022874
0.12511117699377408
0.12513368983957218
0.12504124051468163
0.125
0.12509593246354567
0.06437125748502993
0.08955223880597014
0.1251798561151079
0.12521440823327615
0.1250062981810853
0.12521539345203905
0.12553846153846154
0.12515151515151515
0.12505663797009514
0.12521150592216582
0.12516980399767125
0.12502295515480957
0.1252821670428894
0.125
0.12502329047885224
0.12512151090126372
0.12521688837478312
0.1250949126803341
0.12511729746637473
0.12522490104354084
0.12502143714628708
0.12503677552221243
0.12505504183179217
0.12514538264712724
0.12508767827916764
0.1251360174102285
0.12511344483339815
0.12503052503052503
0.1251356238698011
0.12508735150244585
0.12523822488429076
0.1251180358829084
0.1251696986152593
0.12511320998835554
0.12516869095816463
0.12520593080724876
0.12521653056174215
0.12508710801393727
0.12542209358417752
0.12509082102203922
0.12502216705089556
0.1253364090734333
0.125
0.12508638562543192
0.12510810031709427
0.1253904506916555
0.12513089005235603
0.1250498338870432
0.1251098740111339
0.1250901225666907
0.12501428408181922
0.12516394978452314
0.1251525187380164
0.1251531594608787
0.125
0.12510425354462051
0.12523088289619505
0.12509270704573547
0.12514143471373615
0.24904798172124903
0.12513631406761178
0.12514851485148515
0.1251137397634213
0.12528132033008252
0.12502382313703067
0.1251881585549423
0.1250199330250359
0.12521739130434784
0.12506354855109303
0.12508901020650368
0.12528132033008252
0.12508917954815696
0.12514898688915377
0.12507645259938838
0.12517146776406035
0.1251902587519026
0.1251523770824868
0.1251246261216351
0.12507155123068117
0.1250334672021419
0.12504543802253726
0.12510220768601799
0.12532252119424991
0.12513349946600213
0.12521588946459414
0.12532637075718014
0.1253731343283582
0.12501887362222558
0.12519359834796076
0.12508784258608574
0.12503536067892504
0.12504091653027824
0.12508710801393727
0.12529156947684106
0.1251638269986894
0.12500431029528397
0.12510220768601799
0.1252096143096702
0.1252637130801688
0.12506059137178865
0.2504543802253726
0.12528107934468358
0.125
0.16052710392333033
0.125
0.12501922781110597
0.1250340506673931
0.1253384912959381
0.12508555783709788
0.12502132014327136
0.12524693796918215
0.12535612535612536
0.12522923762116844
0.125115562403698
0.12513144058885384
0.1250244570534142
0.1251492715548125
0.12513089005235603
0.12510220768601799
0.1252821670428894
0.12506909894969598
0.12505362505362505
0.12505353319057816
0.1252236135957066
0.12510326920807271
0.12544589774078477
0.14150943396226415
0.1251711859764448
0.12503088707684704
0.12514050206069688
0.125
0.1250075414781297
0.1251425313568985
0.12504665920119448
0.12521514629948366
0.12513461124273098
0.12510537851964257
0.12545620437956204
0.12516644474034622
0.1250632911392405
0.12508017960230916
0.12522851919561243
0.12518939393939393
0.12521688837478312
0.12509126308104163
0.125108350187807
0.125
0.1254355400696864
0.12536564981195153
0.12504179204279506
0.12508947745168217
0.12511969358442387
0.12512613521695257
0.12537136066547833
0.12522752093192574
0.12510187449062754
0.12527233115468409
0.12501779866154064
0.12505175983436853
0.12501086673041814
0.12563543936092955
0.1252129471890971
0.12527472527472527
0.12521777003484322
0.12504498020870816
0.125
0.12526096033402923
0.12510602205258695
0.1251303441084463
0.12515599928686041
0.12511984659635667
0.12505019677134366
0.1250620347394541
0.1251372118551043
0.21612384398874146
0.12514484356894554
0.1250281425891182
0.12502520669489817
0.12512512512512514
0.12512537612838515
0.12523937188816545
0.2846153846153846
0.12506513809275666
0.125
0.12518323072412782
0.1251760917689676
0.125
0.12505800464037123
0.12515151515151515
0.1251450676982592
0.12507357268981753
0.1253180661577608
0.1251499400239904
0.12509448223733938
0.12519632039488446
0.125006845938989
0.12504124051468163
0.125075675021189
0.12521869532616844
0.12554112554112554
0.12525320729237002
0.1251067463706234
0.12515021459227468
0.14710933028048082
0.12503544088460447
0.12512007684918347
0.1252498334443704
0.12504070335395637
0.1250865451188553
0.12514870330716155
0.12522780525904711
0.12513218188227002
0.12505694760820046
0.12509834775767112
0.125
0.1250763591936469
0.12530266343825666
0.125157496850063
0.12562814070351758
0.12512716174974567
0.12521663778162911
0.12544483985765126
0.12500460795517382
0.12522163120567376
0.12518020182604517
0.12519359834796076
0.12524177949709864
0.12513223515188152
0.125
0.1250025786062324
0.12524801587301587
0.12504765535646206
0.12508784258608574
0.13772274237390517
0.12515362556329374
0.12511291779584463
0.125
0.1251564455569462
0.125
0.12508809020436928
0.12505245488879563
0.12517926654374104
0.12524309607156747
0.12505353319057816
0.125
0.1250224537452847
