0.0033140016570008283
0.0026341784655910436
0.0026595744680851063
0.002511961722488038
0.0025810151993117293
0.0025906735751295338
0.002506265664160401
0.00955478755844684
0.002599388379204893
0.0026441036488630354
0.0025031289111389237
0.002546473134708429
0.0025921125717459728
0.002577923599718772
0.002563075690828995
0.002600780234070221
0.0025575447570332483
0.0026892842366570127
0.002614720878546215
0.003067484662576687
0.0025673940949935813
0.0025940337224383916
0.002569169960474308
0.002570694087403599
0.0027693159789531985
0.0025835620862263847
0.002587043225180554
0.0025007056167090035
0.0027247956403269754
0.00297441998810232
0.002666020358700921
0.0025416548997458347
0.002576581734898368
0.0026304859476671744
0.002565564424173318
0.002592539248163618
0.002685546875
0.002582496413199426
0.002523378358319727
0.0025217790004585052
0.0026088929219600728
0.002870028700287003
0.0026097271648873074
0.002652519893899204
0.0029542097488921715
0.0026726973684210527
0.002742230347349177
0.002543810062182024
0.0025664955669622027
0.00267379679144385
0.0025076623014767345
0.0025830258302583027
0.0025999350016249595
0.0025020365413708835
0.0026301946344029457
0.0025785278949835913
0.002681564245810056
0.002840909090909091
0.0025350684468480648
0.0027262813522355507
0.0026084568918176825
0.0025195968645016797
0.0026785714285714286
0.0026450361488273674
0.002586549940310386
0.002602472348731295
0.002575787596592035
0.0025355428778411665
0.0025959042399769255
0.0025615324646397148
0.0026367831245880024
0.0028885037550548816
0.0025096965548710927
0.002691511387163561
0.002551020408163265
0.002680965147453083
0.002849002849002849
0.0025647003963627886
0.002628504672897196
0.0026996625421822273
0.0025684931506849314
0.0027839643652561247
0.002696871628910464
0.002583979328165375
0.002780674313521029
0.002534287418008348
0.002561117578579744
0.0027752081406105457
0.002548519898059204
0.0025926886180969665
0.002671118530884808
0.0026619343389529724
0.0025575447570332483
0.002834199338686821
0.0025386079966151893
0.0025377490166222563
0.0027166530834012497
0.007818608287724784
0.0027768136063866713
0.002506265664160401
0.00259927797833935
0.0026378896882494006
0.0028011204481792717
0.0026129152668906306
0.0029469548133595285
0.002599090318388564
0.002574831026713872
0.002583979328165375
0.0025693730729701952
0.00275178866263071
0.0026095316577393213
0.0028218694885361554
0.002511773940345369
0.0025575447570332483
0.0026542800265428003
0.00259000259000259
0.0025453928389614798
0.0025017869907076485
0.002588039560033275
0.0025034770514603616
0.0025484199796126403
0.00263934171712467
0.002644336712208021
0.002553346708006566
0.002824858757062147
0.0025306122448979593
0.0026041666666666665
0.0025646505663603335
0.0026124276917335325
0.0027127003699136867
0.0027988804478208716
0.002640422467594815
0.002671118530884808
0.002646326276463263
0.0026917900403768506
0.0025614754098360654
0.002733734281027884
0.0025133521834747093
0.0029069767441860465
0.0026565464895635673
0.002585463947141626
0.002628120893561104
0.0027137042062415195
0.002840909090909091
0.002554278416347382
0.0027569909413154787
0.0025223572575097455
0.0025793650793650793
0.003142183817753339
0.002763957987838585
0.002551612154952447
0.002802690582959641
0.0025498377375985167
0.0025795356835769563
0.0027247956403269754
0.002515371716042482
0.002578427159432746
0.002556237218813906
0.0026305900037579856
0.002711864406779661
0.0025912329950334703
0.002671049928087117
0.004045853000674309
0.002555366269165247
0.002616088947024199
0.0025134162081380342
0.0027008777852802163
0.00256986829424992
0.0026187150837988825
0.0025020452279010887
0.0026857654431512983
0.0027359781121751026
0.0026827632461435278
0.002544529262086514
0.0026485054861899358
0.002797202797202797
0.0026302811112937697
0.002649445272396092
0.0027624309392265192
0.0026232948583420775
0.002587991718426501
0.0028011204481792717
0.002664890073284477
0.0025452488687782806
0.001567398119122257
0.0026203734032099572
0.0025343189017951427
0.0025026318123450315
0.0025758443045220377
0.002617801047120419
0.002644003777148253
0.0025278058645096056
0.0026666666666666666
0.0025884383088869713
0.0027216174183514776
0.0026471187130930563
0.0025407579928011857
0.0025057825751734772
0.0025220680958385876
0.002529898804047838
0.0025246149962130774
0.002861230329041488
0.0026985350809560524
0.0026782035434693035
0.002675227394328518
0.0025130138215760187
0.0025933609958506223
0.00253324889170361
0.00255863539445629
0.002586206896551724
0.002522598276224511
0.0026455026455026454
0.0026994601079784043
0.002566735112936345
0.0026362038664323375
0.002649884067572044
0.0025617140195621797
0.0026860059092130005
0.0026954177897574125
0.002574223442594817
0.0025367833587011668
0.0025405511041625955
0.0025894538606403015
0.002607561929595828
0.0025109855618330196
0.002644725242433147
0.0025756600128783
0.00298804780876494
0.0025157232704402514
0.002514458134272064
0.002669717772692601
0.0025005683109797683
0.002716161158895428
0.002627179364700263
0.002530876695687386
0.0028429282160625444
0.0027539779681762548
0.00604932526756631
0.002541757443718228
0.002523659305993691
0.002660861151427189
0.0025106703489831783
0.0025044722719141325
0.002716336825766395
0.0026347305389221557
0.002735562310030395
0.002623688155922039
0.002658396101019052
0.002552539777078193
0.0025201612903225806
0.0027041644131963224
0.0025173064820641915
0.0027440219521756176
0.0025785278949835913
0.0027863777089783283
0.003117692907248636
0.0026124276917335325
0.0025498725063746812
0.00288421920065925
0.002553870710295291
0.00266514372739387
0.002570694087403599
0.002620545073375262
0.0025208454527826255
0.0026650873556411016
0.002551020408163265
0.002595846645367412
0.0025797373358348967
0.0026146069374237404
0.0025233409033560434
0.0026082420448617634
0.0025493945188017845
0.0025252525252525255
0.002567237163814181
0.0026052974381241857
0.0026226068712300026
0.0025575447570332483
0.0027945971122496508
0.00258827879460159
0.0025089605734767025
0.002543922410366484
0.002565042139978014
0.002553916004540295
0.0025505199136747108
0.002589182968929804
0.00267379679144385
0.002517834662190516
0.0026035502958579883
0.0025258071601142102
0.002529898804047838
0.0029717682020802376
0.0025239247029130297
0.0025410808063696427
0.0026656511805026656
0.0025012301131704115
0.002631578947368421
0.0025627883136852894
0.00264797507788162
0.0027387880862718246
0.0031380753138075313
0.003067484662576687
0.0025391451544646637
0.002890173410404624
0.002504024324807727
0.006820765441455097
0.002609992542878449
0.0025787965616045844
0.0025845864661654134
0.002730109204368175
0.0028420625253755584
0.0025536854323853744
0.011587721081520634
0.0025289017341040463
0.0026688017080330933
0.002716336825766395
0.002572347266881029
0.0026498165511618424
0.002750085940185631
0.0028618152085036794
0.002541942043721403
0.0025235531628532972
0.0027114967462039045
0.0026954177897574125
0.00254261229870986
0.0026254375729288216
0.016363636363636365
0.002660164043449346
0.00251414204902577
0.002570694087403599
0.002619324796274738
0.0025909317389138015
0.0027033115566569045
0.002773497688751926
0.0025163563160543532
0.00258493353028065
0.002724053391446472
0.005037783375314861
0.002755769893213917
0.002529510961214165
0.0027247956403269754
0.0025647003963627886
0.0030637254901960784
0.008028545941123996
0.0025557849208689668
0.002669902912621359
0.0025925925925925925
0.0025591810620601407
0.002622553964091184
0.0028363047001620746
0.002632208662359416
0.0025093953665382236
0.0026793688597796963
0.0025072710861498344
0.0029484029484029483
0.002505935109469797
0.0025286375822568853
0.0025
0.002705139765554554
0.002513734314500598
0.00259222333000997
0.0025777625021481355
0.002705836876691148
0.002506265664160401
0.00251207729468599
0.002531645569620253
0.0025550942190993293
0.002711076684740511
0.002628120893561104
0.0026718916993231207
0.0025264124942581535
0.0025634106853750674
0.002543810062182024
0.002663825253063399
0.002589715131335553
0.0025746652935118436
0.0027010180760440473
0.0026023594725884803
0.0029081844619858743
0.002612330198537095
0.002713369511593488
0.002678810608090008
0.002548853016142736
0.002689075630252101
0.0026921194322075378
0.0028937577511368336
0.0025220680958385876
0.0025490695895997962
0.002512562814070352
0.0026169447170428526
0.0025391451544646637
0.0025380710659898475
0.0028228652081863093
0.002591344908007256
0.0027598896044158236
0.002579218865143699
0.0026462805057336078
0.002609019754006709
0.002502844141069397
0.0025007814942169426
0.002516955828385882
0.0025252525252525255
0.002719238613188307
0.002939735423811857
0.0027602523659305996
0.0025974025974025974
0.0063324538258575196
0.0026803118908382065
0.0028317152103559872
0.0025951557093425604
0.0030845157310302285
0.002564102564102564
0.0026199443261830688
0.002522863450015768
0.0032397408207343412
0.0025391451544646637
0.005333333333333333
0.0025547445255474453
0.0025936599423631124
0.002881844380403458
0.0025755727260403957
0.0026543974517784464
0.002549286199864038
0.0027266530334014998
0.002635046113306983
0.0027567195037904893
0.002664002664002664
0.0026414263702399295
0.0025208969085843175
0.0027442371020856204
0.002527379949452401
0.0026905829596412557
0.002721499848805564
0.002861230329041488
0.0025390625
0.002533355852052018
0.0027152831652443757
0.0028056112224448897
0.002805049088359046
0.002602693221681566
0.0026334689968877186
0.0025177386129549098
0.002592352559948153
0.0025887573964497044
0.0027888446215139444
0.002529510961214165
0.0025789813023855577
0.002844950213371266
0.014314414866901055
0.002688172043010753
0.0025396825396825397
0.0025810614615260526
0.0025756600128783
0.0026495079485238456
0.0025875190258751904
0.0040650406504065045
0.0027888446215139444
0.002642007926023778
0.0028735632183908046
0.002529815684857246
0.0026965359883841526
0.0025041736227045075
0.00258123291831157
0.002609363008442057
0.00265017667844523
0.0025569502556950256
0.002536997885835095
0.002576112412177986
0.0026365348399246705
0.002500520941862888
0.0026552287581699347
0.0026851644663235625
0.002546148949713558
0.005319148936170213
0.0025584795321637425
0.0026613439787092482
0.0025933609958506223
0.002523128679562658
0.002585006959634122
0.002861230329041488
0.002791996277338297
0.0025477707006369425
0.0025585514662468016
0.002600780234070221
0.002522977112993332
0.0026052974381241857
0.002780674313521029
0.0026395939086294416
0.002594706798131811
0.002529510961214165
0.012037037037037037
0.0029600394671928957
0.001889466225791214
0.002572347266881029
0.002548853016142736
0.002777777777777778
0.0029225523623964927
0.0026240458015267176
0.002500815483309775
0.0017431725740848344
0.002628120893561104
0.002696629213483146
0.002535496957403651
0.0025395585075210004
0.002502274795268426
0.0025557620817843866
0.002564102564102564
0.002570143499678732
0.0026888948642108095
0.0025749967812540232
0.0025291670066084687
0.0028832292167227293
0.002665955745134631
0.002634612218014161
0.002512562814070352
0.002506265664160401
0.00253617783082202
0.002506265664160401
0.002957121734844751
0.002560163850486431
0.0027035145689396217
0.002617801047120419
0.0025895068678225626
0.0026650873556411016
0.0027739251040221915
0.0025173064820641915
0.0026903416733925207
0.0027578599007170436
0.00256373735935052
0.0026184241847179244
0.0025237817899437004
0.0026791694574681848
0.002723446397623174
0.0026997840172786176
0.0027444253859348197
0.010847628657921292
0.0026804518475971664
0.002513129490607984
0.0025279355193258838
0.0025418941818866505
0.0025604096655464873
0.0026329647182727752
0.0027397260273972603
0.008360128617363344
0.002512562814070352
0.0025196850393700786
0.002546148949713558
0.0025570776255707762
0.0025412960609911056
0.0026246719160104987
0.002505183137525916
0.0025817555938037868
0.0025135071646699555
0.0025044722719141325
0.002871205906480722
0.002588094764085208
0.0026246719160104987
0.0026903416733925207
0.002872384078785392
0.002617801047120419
0.014664040271394178
0.003393665158371041
0.002606995437757984
0.002543091268719977
0.0027820710973724882
0.002569493109086662
0.0027078256160303275
0.0026305900037579856
0.002639058059277304
0.0026714158504007124
0.0026345502446368085
0.002531645569620253
0.0026926960619320095
0.0025412087912087913
0.002542764678687009
0.0025563560306762724
0.0017921146953405018
0.002881844380403458
0.002617801047120419
0.0027153789187854853
0.0028011204481792717
0.0026455026455026454
0.0027124773960217
0.002777777777777778
0.0028735632183908046
0.002551020408163265
0.002615233736515201
0.002563445270443476
0.0025896414342629482
0.0026998961578400833
0.002616822429906542
0.0025539818899465985
0.002635313196837624
0.0025113008538422904
0.002544529262086514
0.002631578947368421
0.002623083131557708
0.0026106562240417706
0.002727582679849983
0.002642007926023778
0.002642007926023778
0.0031486146095717885
0.00260035754916301
0.0025472298874973467
0.0035842293906810036
0.002826189354686764
0.0025647601949217746
0.0025159667118250435
0.002557953637090328
0.0027247956403269754
0.0027056277056277055
0.014055815848441637
0.0025587345894394044
0.0026493965263467765
0.00260134402774767
0.002678093197643278
0.0026533018867924527
0.00259118995415587
0.002682624845233182
0.002574002574002574
0.0025727608940344106
0.01462930820728986
0.002645940135604432
0.002572347266881029
0.0026288117770767614
0.0026656511805026656
0.0025724976613657625
0.0027210884353741495
0.002631578947368421
0.002538787023977433
0.0026582890285161915
0.0026574541589157587
0.0027149321266968325
0.0025515210991167814
0.00275178866263071
0.002551020408163265
0.002678093197643278
0.0025044111787808072
0.002879473467708762
0.0025755092484195737
0.0026743468422135365
0.002514367816091954
0.002551625919772134
0.0026947574718275357
0.0025020850708924102
0.002629691608893139
0.002641310089804543
0.0029411764705882353
0.0025513033832501386
0.0025001017053208527
0.0025956438325245457
0.0026960233655358348
0.002549800796812749
0.002569226377390808
0.0027198549410698096
0.0028282828282828283
0.0027820710973724882
0.0025429116338207248
0.0027309968138370506
0.0025071034598027745
0.002616822429906542
0.002664890073284477
0.0026586905948820204
0.002705444707473791
0.002617801047120419
0.0026309495336044007
0.002631986375599938
0.002605732611745841
0.0025948751216347712
0.0025974025974025974
0.002798507462686567
0.002875924404272802
0.002552322613578356
0.003181336161187699
0.0025547445255474453
0.002684891383939468
0.002510269283432223
0.0026595744680851063
0.0025786487880350697
0.005988023952095809
0.0027155465037338763
0.0025196850393700786
0.003003003003003003
0.00275049115913556
0.002777777777777778
0.0027216174183514776
0.00863060989643268
0.002551020408163265
0.0029835902536051715
0.0025747672806496337
0.0025078369905956114
0.0026768642447418736
0.0026341784655910436
0.009287925696594427
0.0026913875598086126
0.002531645569620253
0.0025247212286976647
0.002570694087403599
0.002932551319648094
0.002526847757422615
0.0025289017341040463
0.0025113008538422904
0.0026004728132387705
0.0027313076135199728
0.0026682478505781204
0.00267379679144385
0.0026393929396238865
0.0026041666666666665
0.002609363008442057
0.010479041916167664
0.010945273631840797
0.002589928057553957
0.002572898799313894
0.002519272434121026
0.002584721424468696
0.003076923076923077
0.0027272727272727275
0.002718622564567286
0.0027072758037225042
0.002522802251115855
0.0025342490909758693
0.0025395033860045146
0.003246753246753247
0.002608533631451463
0.002638522427440633
0.0026026604973973396
0.0026575550493545936
0.0025023459493274947
0.0025188916876574307
0.0025724575544503517
0.00264783759929391
0.0025539409951563187
0.0025587345894394044
0.0025718961889174656
0.0025389916575988395
0.0025930247633864905
0.002686202686202686
0.002531645569620253
0.002620545073375262
0.002722570106180234
0.0025967894239848914
0.0027151778441487917
0.0025876568766981497
0.002699055330634278
0.0027457440966501922
0.002722098490472655
0.0025261324041811846
0.002894356005788712
0.002542988617098571
0.0026600461074658627
0.002691272587466359
0.002586206896551724
0.002591568762957844
0.0025944076102623233
0.002677376171352075
0.002617801047120419
0.0025249169435215945
0.002636976267213595
0.0025234318673395817
0.0025139984001828364
0.0026231965523702454
0.0026146069374237404
0.002625590757920532
0.002649625935162095
0.0025020850708924102
0.0025858884373845584
0.002719406674907293
0.0027155465037338763
0.015232292460015232
0.0027262813522355507
0.0025742574257425744
0.00272975432211101
0.002625656414103526
0.0026681913474366306
0.002508780732563974
0.002551427204592569
0.0026086956521739132
0.002541942043721403
0.0026109660574412533
0.002625656414103526
0.002615933412604043
0.002582439411998411
0.0027522935779816515
0.0027434842249657062
0.002663622526636225
0.002641202763104429
0.0029910269192422734
0.0025758443045220377
0.0025435073627844713
0.002544529262086514
0.002725538293813028
0.002580169553999263
0.00266998932004272
0.0025906735751295338
0.0026109660574412533
0.0026119402985074628
0.0025668126226785445
0.002581311306143521
0.002635277582572031
0.002545968882602546
0.002618657937806874
0.0027874564459930314
0.0026657780739753416
0.002621231979030144
0.0025057183250767234
0.002725538293813028
0.002515371716042482
0.0026371308016877636
0.00290838584585555
0.010541621228644129
0.00256986829424992
0.002579092159559835
0.014076070679844266
0.0025964391691394658
0.0025380710659898475
0.0025878507218741486
0.0027079303675048355
0.002566735112936345
0.002558417192563534
0.002765705254839984
0.002849002849002849
0.0026198585276395073
0.002773497688751926
0.0026288117770767614
0.002543533555077284
0.002627179364700263
0.002617801047120419
0.002725538293813028
0.0025395033860045146
0.002625760088446656
0.002574002574002574
0.002569593147751606
0.002555583950932788
0.002596482945827924
0.002972651605231867
0.006738544474393531
0.002738975623116954
0.0027180627625401532
0.0026227051330086175
0.0026815181518151814
0.0025339366515837103
0.002565564424173318
0.0026129152668906306
0.0025817555938037868
0.0025845358604350637
0.0025290844714213456
0.002737226277372263
0.002663115845539281
0.002531645569620253
0.0025657472738935213
0.002742230347349177
0.0026515151515151517
0.0026026604973973396
0.002677050377220735
0.002600404507367813
0.0025313404050144647
0.0029036004645760743
0.0025073129962390303
0.0025075225677031092
0.0025053686471009306
0.0025534631343759975
0.0025227043390514633
0.0029708853238265003
0.0025482344375682563
0.0026487367563162185
0.0027233115468409588
0.0025630072618539087
0.002587991718426501
0.0025210814570112146
0.002904865649963689
0.002555366269165247
0.0026373626373626374
0.002613240418118467
0.0025188916876574307
0.0025252525252525255
0.0025052192066805845
0.002544529262086514
0.002502606882168926
0.002674273489035479
0.0028763183125599234
0.0025700746927957594
0.0026468155500413565
0.0027442371020856204
0.012263771612384398
0.002607184241019699
0.002551594746716698
0.002520669489816495
0.0026026026026026027
0.0025075225677031092
0.002680965147453083
0.0028846153846153848
0.0026055237102657635
0.0027390438247011954
0.002638522427440633
0.0026162205675186153
0.0026726973684210527
0.002552204176334107
0.0027272727272727275
0.002514506769825919
0.00264861683343143
0.002544529262086514
0.0025989604158336665
0.0026455026455026454
0.0026923939869867622
0.0025193055479489565
0.0026393929396238865
0.0025426807119505995
0.002749312671832042
0.0030921459492888066
0.0027008777852802163
0.0025619128949615714
0.002575107296137339
0.01316542644533486
0.0025517436915225406
0.002641690682036503
0.002664890073284477
0.0026050146532074245
0.002538656819755366
0.0026171782060433026
0.0026034886748242643
0.0028198801550934085
0.0025056947608200456
0.0026226068712300026
0.002556818181818182
0.002596212583995113
0.002723970944309927
0.00251994960100798
0.002512562814070352
0.00254323499491353
0.0025996533795493936
0.0026690391459074734
0.0025067276145537658
0.0026595744680851063
0.0026429601153291687
0.002581311306143521
0.0029013539651837525
0.0025691400936980503
0.0028044871794871795
0.0025002166029235206
0.002728174603174603
0.002668699961875715
0.0028109627547434997
0.017215342796738146
0.002662843097091356
0.0027100271002710027
0.0025187441424554826
0.0025031289111389237
0.002559726962457338
0.002583979328165375
0.002517834662190516
0.0026633886498668305
0.0027226760015558148
0.002569593147751606
0.0026647286821705426
0.002514819471887911
