0.0015503875968992248
0.0002714756641458212
0.0010012873694750393
0.00028694404591104734
0.0014388489208633094
0.002077562326869806
0.0002841716396703609
0.00025
0.00025157232704402514
0.0003355704697986577
0.0010050251256281408
0.0004109307581672488
0.0015890477936682558
0.00027839643652561246
0.0004422821760283061
0.0005770340450086555
0.0003427004797806717
0.001611013473930873
0.0002511721366376423
0.0029786081776333605
0.00036913990402362494
0.0002948982601002654
0.0003282455276546857
0.00026737967914438503
0.001021972406745018
0.0003333333333333333
0.00035561877667140827
0.0011885895404120444
0.00025138260432378077
0.0002628466289919832
0.0003443526170798898
0.00042918454935622315
