2.7894973754882812e-05
2.2411346435546875e-05
2.1219253540039062e-05
2.0503997802734375e-05
2.0503997802734375e-05
2.0265579223632812e-05
2.0265579223632812e-05
2.002716064453125e-05
1.9788742065429688e-05
1.9788742065429688e-05
1.9788742065429688e-05
2.0265579223632812e-05
2.0503997802734375e-05
1.9550323486328125e-05
2.002716064453125e-05
1.9788742065429688e-05
1.9788742065429688e-05
1.9788742065429688e-05
1.9550323486328125e-05
1.9550323486328125e-05
1.9311904907226562e-05
1.9550323486328125e-05
1.9550323486328125e-05
1.9788742065429688e-05
1.9788742065429688e-05
1.9788742065429688e-05
1.9550323486328125e-05
3.3855438232421875e-05
2.002716064453125e-05
1.9788742065429688e-05
3.361701965332031e-05
1.9550323486328125e-05
2.002716064453125e-05
4.172325134277344e-05
1.9788742065429688e-05
3.218650817871094e-05
1.9073486328125e-05
1.8835067749023438e-05
1.8596649169921875e-05
1.8596649169921875e-05
1.8835067749023438e-05
1.8835067749023438e-05
1.8596649169921875e-05
1.8835067749023438e-05
1.9311904907226562e-05
1.9073486328125e-05
1.9073486328125e-05
1.8835067749023438e-05
1.9073486328125e-05
1.9073486328125e-05
1.9550323486328125e-05
1.9788742065429688e-05
1.9311904907226562e-05
1.8596649169921875e-05
2.002716064453125e-05
1.9311904907226562e-05
1.9550323486328125e-05
1.9550323486328125e-05
1.8835067749023438e-05
3.814697265625e-05
3.4809112548828125e-05
1.9311904907226562e-05
1.8596649169921875e-05
1.9073486328125e-05
1.9073486328125e-05
1.8835067749023438e-05
1.8835067749023438e-05
1.8835067749023438e-05
1.9073486328125e-05
1.9073486328125e-05
1.8835067749023438e-05
1.9073486328125e-05
1.8835067749023438e-05
1.8835067749023438e-05
1.8835067749023438e-05
1.8835067749023438e-05
1.8835067749023438e-05
1.8835067749023438e-05
1.8596649169921875e-05
1.8596649169921875e-05
1.9073486328125e-05
1.8835067749023438e-05
1.9073486328125e-05
1.8835067749023438e-05
1.9073486328125e-05
1.9550323486328125e-05
1.9311904907226562e-05
1.9073486328125e-05
1.9311904907226562e-05
1.9311904907226562e-05
1.8596649169921875e-05
1.9073486328125e-05
1.8596649169921875e-05
1.8835067749023438e-05
1.8596649169921875e-05
1.8596649169921875e-05
1.8835067749023438e-05
1.8596649169921875e-05
1.8835067749023438e-05
1.8358230590820312e-05