4.0531158447265625e-05
3.266334533691406e-05
3.24249267578125e-05
3.123283386230469e-05
3.123283386230469e-05
3.0994415283203125e-05
3.147125244140625e-05
3.0279159545898438e-05
3.0994415283203125e-05
3.0994415283203125e-05
3.123283386230469e-05
3.0994415283203125e-05
3.075599670410156e-05
3.075599670410156e-05
3.0279159545898438e-05
3.075599670410156e-05
6.556510925292969e-05
4.9591064453125e-05
6.532669067382812e-05
3.147125244140625e-05
9.942054748535156e-05
6.508827209472656e-05
4.76837158203125e-05
3.170967102050781e-05
6.556510925292969e-05
4.482269287109375e-05
5.793571472167969e-05
3.314018249511719e-05
5.984306335449219e-05
3.266334533691406e-05
3.314018249511719e-05
3.218650817871094e-05
3.24249267578125e-05
3.2901763916015625e-05
3.314018249511719e-05
3.1948089599609375e-05
3.123283386230469e-05
7.271766662597656e-05
3.170967102050781e-05
3.123283386230469e-05
3.147125244140625e-05
3.170967102050781e-05
3.218650817871094e-05
3.170967102050781e-05
3.1948089599609375e-05
3.218650817871094e-05
3.170967102050781e-05
3.147125244140625e-05
3.147125244140625e-05
3.1948089599609375e-05
3.147125244140625e-05
3.170967102050781e-05
3.1948089599609375e-05
3.24249267578125e-05
3.147125244140625e-05
3.0517578125e-05
3.0517578125e-05
3.0517578125e-05
3.0279159545898438e-05
3.0279159545898438e-05
3.0279159545898438e-05
3.0279159545898438e-05
3.0517578125e-05
3.0279159545898438e-05
3.0040740966796875e-05
3.147125244140625e-05
3.0517578125e-05
3.0040740966796875e-05
3.0517578125e-05
3.0279159545898438e-05
3.0279159545898438e-05
3.0517578125e-05
3.0994415283203125e-05
3.0279159545898438e-05
3.075599670410156e-05
3.0994415283203125e-05
3.0279159545898438e-05
3.075599670410156e-05
3.0517578125e-05
3.075599670410156e-05
3.075599670410156e-05
3.0517578125e-05
3.075599670410156e-05
3.0517578125e-05
3.075599670410156e-05
3.075599670410156e-05
3.0994415283203125e-05
3.0279159545898438e-05
3.0279159545898438e-05
3.0517578125e-05
3.0517578125e-05
3.0279159545898438e-05
3.0279159545898438e-05
3.075599670410156e-05
3.0279159545898438e-05
3.075599670410156e-05
3.075599670410156e-05
3.0994415283203125e-05
3.0994415283203125e-05
3.0279159545898438e-05