1.1682510375976562e-05
8.821487426757812e-06
8.106231689453125e-06
7.867813110351562e-06
7.3909759521484375e-06
7.3909759521484375e-06
7.152557373046875e-06
7.3909759521484375e-06
7.3909759521484375e-06
7.3909759521484375e-06
7.3909759521484375e-06
7.3909759521484375e-06
6.9141387939453125e-06
7.152557373046875e-06
7.3909759521484375e-06
7.152557373046875e-06
7.152557373046875e-06
7.152557373046875e-06
7.3909759521484375e-06
7.152557373046875e-06
7.152557373046875e-06
7.152557373046875e-06
7.3909759521484375e-06
7.3909759521484375e-06
6.9141387939453125e-06
7.152557373046875e-06
7.62939453125e-06
7.3909759521484375e-06
7.62939453125e-06
7.3909759521484375e-06
7.152557373046875e-06
7.152557373046875e-06
7.3909759521484375e-06
7.3909759521484375e-06
7.3909759521484375e-06
7.3909759521484375e-06
6.9141387939453125e-06
7.3909759521484375e-06
6.9141387939453125e-06
7.152557373046875e-06
7.152557373046875e-06
7.152557373046875e-06
7.3909759521484375e-06
7.152557373046875e-06
7.3909759521484375e-06
7.152557373046875e-06
7.152557373046875e-06
6.9141387939453125e-06
7.152557373046875e-06
7.3909759521484375e-06
6.9141387939453125e-06
7.152557373046875e-06
6.9141387939453125e-06
7.152557373046875e-06
6.9141387939453125e-06
7.3909759521484375e-06
7.152557373046875e-06
7.152557373046875e-06
7.3909759521484375e-06
7.152557373046875e-06
7.152557373046875e-06
7.152557373046875e-06
7.152557373046875e-06
7.152557373046875e-06
7.152557373046875e-06
7.152557373046875e-06
7.3909759521484375e-06
7.3909759521484375e-06
7.3909759521484375e-06
7.152557373046875e-06
7.3909759521484375e-06
7.3909759521484375e-06
7.152557373046875e-06
7.152557373046875e-06
7.152557373046875e-06
7.152557373046875e-06
6.67572021484375e-06
7.152557373046875e-06
6.9141387939453125e-06
7.152557373046875e-06
7.152557373046875e-06
7.152557373046875e-06
7.152557373046875e-06
7.152557373046875e-06
7.152557373046875e-06
7.152557373046875e-06
7.152557373046875e-06
7.152557373046875e-06
7.3909759521484375e-06
7.3909759521484375e-06
7.3909759521484375e-06
7.152557373046875e-06
6.67572021484375e-06
7.152557373046875e-06
7.152557373046875e-06
7.152557373046875e-06
7.152557373046875e-06
7.152557373046875e-06
7.152557373046875e-06
6.9141387939453125e-06