2.1457672119140625e-05
1.7881393432617188e-05
1.7404556274414062e-05
1.7881393432617188e-05
1.7642974853515625e-05
1.7404556274414062e-05
1.71661376953125e-05
1.71661376953125e-05
1.6927719116210938e-05
1.71661376953125e-05
1.6927719116210938e-05
1.6927719116210938e-05
1.6927719116210938e-05
1.6927719116210938e-05
1.6927719116210938e-05
1.71661376953125e-05
1.6927719116210938e-05
1.7404556274414062e-05
1.71661376953125e-05
1.71661376953125e-05
1.6927719116210938e-05
1.71661376953125e-05
1.6927719116210938e-05
1.6927719116210938e-05
1.6927719116210938e-05
1.7404556274414062e-05
1.6689300537109375e-05
1.6689300537109375e-05
1.7404556274414062e-05
1.6689300537109375e-05
1.6689300537109375e-05
1.71661376953125e-05
1.6927719116210938e-05
1.6689300537109375e-05
1.6689300537109375e-05
1.6927719116210938e-05
1.6927719116210938e-05
1.6927719116210938e-05
1.6927719116210938e-05
1.6689300537109375e-05
1.6927719116210938e-05
1.6689300537109375e-05
1.71661376953125e-05
1.6927719116210938e-05
1.7404556274414062e-05
1.71661376953125e-05
1.6689300537109375e-05
1.6689300537109375e-05
1.6927719116210938e-05
1.6927719116210938e-05
1.6927719116210938e-05
1.6689300537109375e-05
1.6689300537109375e-05
1.71661376953125e-05
1.6689300537109375e-05
1.6927719116210938e-05
1.6689300537109375e-05
1.6927719116210938e-05
1.71661376953125e-05
1.6927719116210938e-05
1.71661376953125e-05
1.71661376953125e-05
3.504753112792969e-05
1.811981201171875e-05
5.936622619628906e-05
3.147125244140625e-05
1.8358230590820312e-05
1.811981201171875e-05
1.811981201171875e-05
1.7881393432617188e-05
1.8835067749023438e-05
3.1948089599609375e-05
1.8596649169921875e-05
1.8835067749023438e-05
1.8358230590820312e-05
1.9073486328125e-05
1.9073486328125e-05
1.9311904907226562e-05
1.8596649169921875e-05
1.9073486328125e-05
1.8596649169921875e-05
1.8835067749023438e-05
1.8596649169921875e-05
1.8835067749023438e-05
1.8358230590820312e-05
1.8596649169921875e-05
1.8596649169921875e-05
1.9073486328125e-05
6.389617919921875e-05
1.8835067749023438e-05
1.8835067749023438e-05
1.8835067749023438e-05
1.8596649169921875e-05
3.4332275390625e-05
1.7881393432617188e-05
1.9073486328125e-05
5.8650970458984375e-05
2.002716064453125e-05
3.62396240234375e-05
1.8358230590820312e-05