0.006150960922241211
0.04386401176452637
0.005858182907104492
0.017022132873535156
0.024638891220092773
0.02333211898803711
0.0014238357543945312
0.0619349479675293
0.0055217742919921875
0.010888338088989258
0.019263744354248047
0.03667283058166504
0.034821271896362305
0.0010428428649902344
0.01252889633178711
0.003545522689819336
0.0014162063598632812
0.007709026336669922
0.0009233951568603516
0.08512639999389648
0.007089376449584961
0.014536857604980469
0.023679018020629883
0.005346775054931641
0.03336787223815918
0.012160301208496094
0.02100086212158203
0.01511836051940918
0.01308298110961914
0.005351066589355469
0.034154653549194336
0.10405445098876953
0.007526874542236328
0.012240171432495117
0.010580778121948242
0.04184556007385254
0.012443780899047852
0.020261764526367188
0.003964424133300781
0.018074989318847656
0.004296779632568359
0.015777587890625
0.0076901912689208984
0.0051267147064208984
0.03495526313781738
0.005346536636352539
0.037737131118774414
0.05287623405456543
0.09440803527832031
0.008584260940551758
0.01163935661315918
0.004585981369018555
0.036437273025512695
0.015352010726928711
0.03668332099914551
0.015067577362060547
0.003927707672119141
0.013175725936889648
0.0018858909606933594
0.0051953792572021484
0.005675315856933594
0.0028274059295654297
0.029288291931152344
0.020391225814819336
0.008203983306884766
0.005474090576171875
0.009653329849243164
0.007477998733520508
0.014816999435424805
0.06983017921447754
0.012656211853027344
0.04751777648925781
0.0058324337005615234
0.0065991878509521484
0.00611114501953125
0.0036873817443847656
0.013536453247070312
0.011048555374145508
0.010097026824951172
0.003534078598022461
0.015605449676513672
0.007306337356567383
0.010193586349487305
0.0039212703704833984
0.007868766784667969
0.0007712841033935547
0.0037271976470947266
0.016664505004882812
0.008194684982299805
0.005477428436279297
0.0033311843872070312
0.010515213012695312
0.010702371597290039
0.019314050674438477
0.014245033264160156
0.003088712692260742
0.043853044509887695
0.01248621940612793
0.01168680191040039
0.0046558380126953125