2.4080276489257812e-05
2.002716064453125e-05
1.8596649169921875e-05
1.811981201171875e-05
1.7881393432617188e-05
1.7642974853515625e-05
1.8358230590820312e-05
1.8358230590820312e-05
4.8160552978515625e-05
1.9073486328125e-05
1.8835067749023438e-05
1.7881393432617188e-05
1.7642974853515625e-05
1.7642974853515625e-05
1.7881393432617188e-05
1.8358230590820312e-05
1.7881393432617188e-05
1.7642974853515625e-05
1.811981201171875e-05
1.811981201171875e-05
1.7881393432617188e-05
1.7881393432617188e-05
1.7642974853515625e-05
1.7404556274414062e-05
1.7404556274414062e-05
1.7642974853515625e-05
1.7881393432617188e-05
1.7404556274414062e-05
1.7404556274414062e-05
1.811981201171875e-05
1.7881393432617188e-05
1.7881393432617188e-05
1.7404556274414062e-05
1.7642974853515625e-05
1.8358230590820312e-05
1.7642974853515625e-05
1.7404556274414062e-05
1.7404556274414062e-05
1.71661376953125e-05
1.7642974853515625e-05
1.71661376953125e-05
1.7404556274414062e-05
1.8358230590820312e-05
1.811981201171875e-05
1.7642974853515625e-05
1.7404556274414062e-05
1.7642974853515625e-05
1.7642974853515625e-05
1.7642974853515625e-05
1.7642974853515625e-05
1.7642974853515625e-05
1.7642974853515625e-05
1.7881393432617188e-05
1.7404556274414062e-05
1.7642974853515625e-05
1.7642974853515625e-05
1.7881393432617188e-05
1.7404556274414062e-05
1.811981201171875e-05
1.7881393432617188e-05
1.7881393432617188e-05
1.7404556274414062e-05
1.7404556274414062e-05
1.7881393432617188e-05
1.7881393432617188e-05
1.7642974853515625e-05
1.7881393432617188e-05
1.7404556274414062e-05
1.7881393432617188e-05
1.7404556274414062e-05
1.7881393432617188e-05
1.7642974853515625e-05
1.7404556274414062e-05
1.7404556274414062e-05
1.7404556274414062e-05
1.7642974853515625e-05
1.7404556274414062e-05
1.7642974853515625e-05
1.7642974853515625e-05
1.7881393432617188e-05
1.7642974853515625e-05
1.7404556274414062e-05
1.811981201171875e-05
1.7642974853515625e-05
1.7642974853515625e-05
1.7642974853515625e-05
1.7642974853515625e-05
1.7642974853515625e-05
1.7881393432617188e-05
1.7642974853515625e-05
1.8358230590820312e-05
1.7642974853515625e-05
1.7881393432617188e-05
1.7881393432617188e-05
1.7642974853515625e-05
1.811981201171875e-05
1.7881393432617188e-05
1.7642974853515625e-05
1.7642974853515625e-05
1.7642974853515625e-05