2.0265579223632812e-05
1.4543533325195312e-05
1.33514404296875e-05
1.239776611328125e-05
1.2636184692382812e-05
1.2874603271484375e-05
1.2159347534179688e-05
1.2159347534179688e-05
1.1920928955078125e-05
1.1920928955078125e-05
1.2636184692382812e-05
1.239776611328125e-05
1.2159347534179688e-05
1.1444091796875e-05
1.1682510375976562e-05
1.1920928955078125e-05
1.1682510375976562e-05
1.2159347534179688e-05
1.7642974853515625e-05
1.239776611328125e-05
1.1682510375976562e-05
1.1920928955078125e-05
1.1920928955078125e-05
1.1682510375976562e-05
1.1444091796875e-05
1.1920928955078125e-05
1.1920928955078125e-05
1.1920928955078125e-05
1.1920928955078125e-05
1.9311904907226562e-05
1.5020370483398438e-05
1.33514404296875e-05
1.2874603271484375e-05
1.239776611328125e-05
1.1920928955078125e-05
1.1920928955078125e-05
1.1920928955078125e-05
1.2159347534179688e-05
1.2159347534179688e-05
1.1682510375976562e-05
1.2159347534179688e-05
1.1920928955078125e-05
1.2159347534179688e-05
1.2159347534179688e-05
1.1682510375976562e-05
1.1444091796875e-05
1.1920928955078125e-05
1.1444091796875e-05
1.1682510375976562e-05
1.1682510375976562e-05
1.1920928955078125e-05
1.1682510375976562e-05
1.1920928955078125e-05
1.1682510375976562e-05
1.1682510375976562e-05
1.1682510375976562e-05
1.1920928955078125e-05
1.1444091796875e-05
1.1682510375976562e-05
1.2159347534179688e-05
1.3589859008789062e-05
1.2636184692382812e-05
1.1920928955078125e-05
1.239776611328125e-05
1.1920928955078125e-05
1.1682510375976562e-05
1.239776611328125e-05
1.1682510375976562e-05
1.1920928955078125e-05
1.1920928955078125e-05
1.1920928955078125e-05
1.1682510375976562e-05
1.1682510375976562e-05
1.1920928955078125e-05
1.1444091796875e-05
1.1682510375976562e-05
1.1444091796875e-05
1.2159347534179688e-05
1.1920928955078125e-05
1.2159347534179688e-05
1.1920928955078125e-05
1.1682510375976562e-05
1.1682510375976562e-05
1.1920928955078125e-05
1.1920928955078125e-05
1.1682510375976562e-05
1.1682510375976562e-05
1.1444091796875e-05
1.1920928955078125e-05
1.1444091796875e-05
1.1920928955078125e-05
1.3589859008789062e-05
1.2874603271484375e-05
1.1920928955078125e-05
1.1682510375976562e-05
1.2159347534179688e-05
1.1920928955078125e-05
1.2159347534179688e-05
1.1444091796875e-05
1.1444091796875e-05