3.123283386230469e-05
2.6941299438476562e-05
2.5510787963867188e-05
2.47955322265625e-05
3.838539123535156e-05
4.792213439941406e-05
2.47955322265625e-05
3.838539123535156e-05
2.4557113647460938e-05
2.4557113647460938e-05
3.814697265625e-05
2.4557113647460938e-05
2.4318695068359375e-05
3.8623809814453125e-05
3.814697265625e-05
2.4318695068359375e-05
2.4318695068359375e-05
5.173683166503906e-05
2.5987625122070312e-05
2.47955322265625e-05
4.029273986816406e-05
5.412101745605469e-05
2.574920654296875e-05
2.5510787963867188e-05
2.5510787963867188e-05
2.5272369384765625e-05
2.5272369384765625e-05
2.5033950805664062e-05
2.5510787963867188e-05
2.5272369384765625e-05
2.47955322265625e-05
3.8623809814453125e-05
2.4318695068359375e-05
2.4080276489257812e-05
2.6226043701171875e-05
2.4080276489257812e-05
3.790855407714844e-05
2.4318695068359375e-05
3.743171691894531e-05
2.4080276489257812e-05
2.4318695068359375e-05
2.384185791015625e-05
2.4557113647460938e-05
2.4318695068359375e-05
6.198883056640625e-05
3.7670135498046875e-05
2.4557113647460938e-05
6.699562072753906e-05
3.933906555175781e-05
6.246566772460938e-05
4.00543212890625e-05
2.47955322265625e-05
2.4080276489257812e-05
2.384185791015625e-05
2.4557113647460938e-05
2.4318695068359375e-05
2.384185791015625e-05
2.4318695068359375e-05
2.4557113647460938e-05
2.4318695068359375e-05
4.57763671875e-05
5.602836608886719e-05
3.6716461181640625e-05
2.4080276489257812e-05
6.198883056640625e-05
2.4557113647460938e-05
2.4080276489257812e-05
3.981590270996094e-05
2.47955322265625e-05
2.4557113647460938e-05
3.814697265625e-05
2.4080276489257812e-05
2.4080276489257812e-05
3.7670135498046875e-05
4.0531158447265625e-05
2.4080276489257812e-05
2.4318695068359375e-05
2.4318695068359375e-05
4.315376281738281e-05
4.076957702636719e-05
3.7670135498046875e-05
3.814697265625e-05
2.4318695068359375e-05
3.886222839355469e-05
2.47955322265625e-05
2.4557113647460938e-05
3.7670135498046875e-05
3.743171691894531e-05
2.5987625122070312e-05
2.4318695068359375e-05
2.4318695068359375e-05
2.4080276489257812e-05
2.5033950805664062e-05
2.4318695068359375e-05
2.4080276489257812e-05
2.4318695068359375e-05
2.4318695068359375e-05
2.4080276489257812e-05
2.384185791015625e-05
2.4080276489257812e-05