2.956390380859375e-05
7.62939453125e-06
6.4373016357421875e-06
6.67572021484375e-06
6.198883056640625e-06
5.7220458984375e-06
5.9604644775390625e-06
6.4373016357421875e-06
5.7220458984375e-06
5.4836273193359375e-06
5.7220458984375e-06
5.7220458984375e-06
5.9604644775390625e-06
2.7179718017578125e-05
5.4836273193359375e-06
5.9604644775390625e-06
5.4836273193359375e-06
2.288818359375e-05
5.9604644775390625e-06
6.198883056640625e-06
5.7220458984375e-06
5.4836273193359375e-06
5.9604644775390625e-06
5.4836273193359375e-06
5.7220458984375e-06
6.198883056640625e-06
5.9604644775390625e-06
5.7220458984375e-06
5.7220458984375e-06
5.245208740234375e-06
5.7220458984375e-06
5.245208740234375e-06
2.1457672119140625e-05
5.245208740234375e-06
5.245208740234375e-06
5.245208740234375e-06
5.4836273193359375e-06
5.7220458984375e-06
5.0067901611328125e-06
5.4836273193359375e-06
5.245208740234375e-06
5.4836273193359375e-06
5.0067901611328125e-06
5.0067901611328125e-06
2.6226043701171875e-05
5.245208740234375e-06
5.245208740234375e-06
5.245208740234375e-06
5.0067901611328125e-06
5.7220458984375e-06
5.4836273193359375e-06
5.4836273193359375e-06
5.4836273193359375e-06
5.245208740234375e-06
2.2411346435546875e-05
5.245208740234375e-06
5.4836273193359375e-06
5.245208740234375e-06
5.245208740234375e-06
5.0067901611328125e-06
5.0067901611328125e-06
5.0067901611328125e-06
5.0067901611328125e-06
5.7220458984375e-06
5.7220458984375e-06
5.245208740234375e-06
5.4836273193359375e-06
5.4836273193359375e-06
5.0067901611328125e-06
5.0067901611328125e-06
5.0067901611328125e-06
5.0067901611328125e-06
5.245208740234375e-06
5.0067901611328125e-06
5.0067901611328125e-06
4.76837158203125e-06
5.0067901611328125e-06
5.245208740234375e-06
5.4836273193359375e-06
5.245208740234375e-06
5.0067901611328125e-06
5.0067901611328125e-06
5.0067901611328125e-06
5.0067901611328125e-06
4.76837158203125e-06
5.245208740234375e-06
4.76837158203125e-06
4.76837158203125e-06
5.245208740234375e-06
5.0067901611328125e-06
4.76837158203125e-06
5.0067901611328125e-06
5.0067901611328125e-06
5.245208740234375e-06
5.0067901611328125e-06
4.76837158203125e-06
5.245208740234375e-06
5.0067901611328125e-06
4.76837158203125e-06
5.0067901611328125e-06