0.07930367504835589
0.0
0.0
0.0
0.0
0.0
0.0
0.0
0.0
0.0
0.0872093023255814
0.0
0.0
0.312579415501906
0.04984093319194061
0.1297640653357532
0.0
0.09974424552429667
0.0
0.0
0.0
0.0
0.0
0.01652892561983471
0.0
0.0
0.0
0.0
0.0
0.0
0.0
0.1326219512195122
0.0
0.04744186046511628
0.0
0.0
0.0
0.0
0.041379310344827586
0.011885895404120444
0.0
0.0
0.08356290174471992
0.07377049180327869
0.0
0.0
0.0
0.0
0.0
0.0
0.0
0.0
0.0
0.0
0.0
0.0
0.0
0.0
0.0
0.0
0.0
0.0
0.016666666666666666
0.0
0.0
0.0
0.0
0.0
0.0
0.04510703363914373
0.1431297709923664
0.0
0.0
0.0
0.0
0.0
0.0
0.0
0.0
0.0
0.0
0.0
0.0
0.0
0.0
0.0
0.0
0.0
0.0
0.0
0.0
0.0
0.0
0.012264150943396227
0.0
0.0
0.0
0.0
0.0
0.0