0.002160787582397461
0.0007929801940917969
0.0021851062774658203
0.0025510787963867188
0.002329587936401367
0.001226663589477539
0.0008935928344726562
0.0024225711822509766
0.0028562545776367188
0.003846883773803711
0.0006892681121826172
0.002606630325317383
0.002824068069458008
0.0030975341796875
0.0010521411895751953
0.0011563301086425781
0.002100229263305664
0.0010595321655273438
0.0034487247467041016
0.0025794506072998047
0.00047850608825683594
3.24249267578125e-05
0.0040035247802734375
0.0010776519775390625
0.0017290115356445312
0.0012221336364746094
0.00035309791564941406
0.0017020702362060547
0.0036649703979492188
0.003956317901611328
0.0015778541564941406
0.0006380081176757812
0.0020537376403808594
0.001573324203491211
0.0012011528015136719
0.0015990734100341797
0.0008385181427001953
0.0010268688201904297
0.00011086463928222656
0.0030510425567626953
0.0037088394165039062
0.0009579658508300781
0.0015897750854492188
0.0021820068359375
0.002914905548095703
0.0031316280364990234
0.003009319305419922
0.004966259002685547
0.0026934146881103516
0.001230478286743164
0.002894163131713867
0.00402379035949707
0.0003218650817871094
7.414817810058594e-05
0.0004489421844482422
0.0013930797576904297
0.0005080699920654297
0.0031092166900634766
0.0027294158935546875
0.0015730857849121094
0.0020835399627685547
0.0012211799621582031
0.0025391578674316406
0.0014891624450683594
0.001986980438232422
0.0004222393035888672
0.0004127025604248047
0.003013134002685547
0.0010869503021240234
0.0012679100036621094
0.003639698028564453
0.0018711090087890625
0.0004336833953857422
0.0018875598907470703
0.00024175643920898438
0.004344940185546875
0.0018703937530517578
0.002597332000732422
0.0006477832794189453
0.0004620552062988281
0.0021491050720214844
0.0007948875427246094
0.0022737979888916016
0.0005800724029541016
0.00031566619873046875
0.0008759498596191406
0.0037827491760253906
5.054473876953125e-05
0.0010380744934082031
0.0025250911712646484
3.337860107421875e-05
0.0012650489807128906
0.0005333423614501953
0.001007080078125
0.00293731689453125
0.0018634796142578125
0.0019867420196533203
0.0008392333984375
0.0006792545318603516
0.0018224716186523438