0.1398763656616211
0.19153928756713867
0.17149138450622559
0.14356446266174316
0.16734671592712402
0.20298504829406738
0.13739848136901855
0.16173434257507324
0.1261279582977295
0.13846755027770996
0.21445417404174805
0.18210339546203613
0.130570650100708
0.15613770484924316
0.17359614372253418
0.18231654167175293
0.20432114601135254
0.12927460670471191
0.15340018272399902
0.18746352195739746
0.1585681438446045
0.1719498634338379
0.17300963401794434
0.1557924747467041
0.14990663528442383
0.18665432929992676
0.15108895301818848
0.1408841609954834
0.17829203605651855
0.15648174285888672
0.1952953338623047
0.16984343528747559
0.16620731353759766
0.18465852737426758
0.20323705673217773
0.1365494728088379
0.16916155815124512
0.20569133758544922
0.18268537521362305
0.1438155174255371
0.17772388458251953
0.17491436004638672
0.15010356903076172
0.17662453651428223
0.17152738571166992
0.17365789413452148
0.1687307357788086
0.18925833702087402
0.14890742301940918
0.18872880935668945
0.13924741744995117
0.14950346946716309
0.14785218238830566
0.21317791938781738
0.16293025016784668
0.1430501937866211
0.14861369132995605
0.18937921524047852
0.1296687126159668
0.12410736083984375
0.1991422176361084
0.244276762008667
0.12591838836669922
0.15593981742858887
0.15505743026733398
0.19162297248840332
0.1379542350769043
0.1830897331237793
0.2025160789489746
0.17910981178283691
0.1909024715423584
0.13582754135131836
0.19058847427368164
0.18574118614196777
0.19478988647460938
0.14600157737731934
0.16771674156188965
0.1583094596862793
0.17543840408325195
0.20419621467590332
0.18691062927246094
0.16785573959350586
0.1559147834777832
0.14885830879211426
0.16231322288513184
0.13785815238952637
0.13933396339416504
0.17298316955566406
0.17602181434631348
0.1725163459777832
0.15347695350646973
0.14464545249938965
0.18932795524597168
0.15941476821899414
0.14188337326049805
0.1409153938293457
0.16780543327331543
0.19184517860412598
0.1843578815460205
0.2114856243133545