1.239776611328125e-05
5.4836273193359375e-06
4.76837158203125e-06
4.5299530029296875e-06
4.0531158447265625e-06
4.0531158447265625e-06
3.814697265625e-06
3.814697265625e-06
3.814697265625e-06
3.5762786865234375e-06
3.5762786865234375e-06
3.814697265625e-06
3.5762786865234375e-06
3.814697265625e-06
3.5762786865234375e-06
3.5762786865234375e-06
3.5762786865234375e-06
3.5762786865234375e-06
3.5762786865234375e-06
3.814697265625e-06
3.5762786865234375e-06
3.814697265625e-06
3.5762786865234375e-06
3.5762786865234375e-06
3.5762786865234375e-06
3.5762786865234375e-06
3.5762786865234375e-06
4.0531158447265625e-06
3.5762786865234375e-06
3.814697265625e-06
3.5762786865234375e-06
3.5762786865234375e-06
3.5762786865234375e-06
3.5762786865234375e-06
3.337860107421875e-06
3.5762786865234375e-06
3.5762786865234375e-06
2.4318695068359375e-05
4.0531158447265625e-06
2.0265579223632812e-05
3.5762786865234375e-06
3.5762786865234375e-06
3.337860107421875e-06
3.5762786865234375e-06
3.5762786865234375e-06
3.337860107421875e-06
3.337860107421875e-06
3.5762786865234375e-06
3.5762786865234375e-06
3.5762786865234375e-06
3.5762786865234375e-06
3.5762786865234375e-06
3.5762786865234375e-06
3.5762786865234375e-06
3.5762786865234375e-06
3.337860107421875e-06
3.5762786865234375e-06
3.5762786865234375e-06
3.5762786865234375e-06
3.5762786865234375e-06
3.337860107421875e-06
3.5762786865234375e-06
3.5762786865234375e-06
3.5762786865234375e-06
3.337860107421875e-06
3.337860107421875e-06
3.5762786865234375e-06
3.5762786865234375e-06
3.337860107421875e-06
3.5762786865234375e-06
3.337860107421875e-06
3.5762786865234375e-06
3.5762786865234375e-06
3.337860107421875e-06
3.337860107421875e-06
3.5762786865234375e-06
3.814697265625e-06
3.814697265625e-06
3.5762786865234375e-06
3.5762786865234375e-06
3.5762786865234375e-06
3.337860107421875e-06
3.337860107421875e-06
3.5762786865234375e-06
3.5762786865234375e-06
3.5762786865234375e-06
3.5762786865234375e-06
3.337860107421875e-06
3.5762786865234375e-06
3.337860107421875e-06
3.5762786865234375e-06
3.5762786865234375e-06
3.5762786865234375e-06
3.5762786865234375e-06
3.337860107421875e-06
3.337860107421875e-06
3.337860107421875e-06
3.814697265625e-06
3.337860107421875e-06
3.5762786865234375e-06