1 35 7970
2 35 10479
3 35 7505
4 35 9179
5 35 7220
6 35 9635
7 35 9329
8 35 7877
9 35 6460
10 35 7687
11 35 6787
12 35 7497
13 35 8537
14 35 9363
15 35 8413
16 35 9352
17 35 8665
18 35 7375
19 35 8699
20 35 8571
21 35 7914
22 35 7703
23 35 9123
24 35 7205
25 35 7973
26 35 8526
27 35 9183
28 35 8394
29 35 8532
30 35 8364
31 35 8521
32 35 7480
33 35 9904
34 35 8456
35 35 8319
36 35 8195
37 35 9750
38 35 8212
39 35 7801
40 35 8166
41 35 7447
42 35 7200
43 35 7753
44 35 8564
45 35 7706
46 35 9560
47 35 8411
48 35 7878
49 35 7243
50 35 8642
51 35 8450
52 35 8576
53 35 8024
54 35 8174
55 35 8765
56 35 7143
57 35 9518
58 35 7787
59 35 8730
60 35 7667
61 35 7145
62 35 8787
63 35 9270
64 35 8862
65 35 7506
66 35 8896
67 35 8424
68 35 9196
69 35 8173
70 35 8705
71 35 8381
72 35 8122
73 35 8915
74 35 8558
75 35 7623
76 35 7196
77 35 8634
78 35 8598
79 35 10972
80 35 8391
81 35 8610
82 35 7302
83 35 8489
84 35 8572
85 35 8031
86 35 8599
87 35 8660
88 35 8936
89 35 8234
90 35 9726
91 35 8771
92 35 7930
93 35 8955
94 35 9497
95 35 7970
96 35 8045
97 35 7503
98 35 7286
99 35 7098
100 35 8761