1 30 1222
2 30 1669
3 30 1504
4 30 1536
5 30 1584
6 30 1314
7 30 1553
8 30 1282
9 30 1540
10 30 1405
11 30 1419
12 30 1506
13 30 1572
14 30 1469
15 30 1679
16 30 1510
17 30 1420
18 30 1588
19 30 1430
20 30 1377
21 30 1376
22 30 1419
23 30 1375
24 30 1186
25 30 1482
26 30 1296
27 30 1344
28 30 1503
29 30 1405
30 30 1159
31 30 1275
32 30 1690
33 30 1477
34 30 1519
35 30 1472
36 30 1597
37 30 1470
38 30 1104
39 30 1402
40 30 1411
41 30 1313
42 30 1471
43 30 1350
44 30 1193
45 30 1536
46 30 1675
47 30 1604
48 30 1428
49 30 1575
50 30 1178
51 30 1498
52 30 1782
53 30 1172
54 30 1382
55 30 1443
56 30 1216
57 30 1440
58 30 1490
59 30 1680
60 30 1305
61 30 1508
62 30 1670
63 30 1569
64 30 1516
65 30 1545
66 30 1749
67 30 1452
68 30 1318
69 30 1286
70 30 1379
71 30 1534
72 30 1175
73 30 1244
74 30 1534
75 30 1526
76 30 1264
77 30 1570
78 30 1444
79 30 1395
80 30 1420
81 30 1500
82 30 1525
83 30 1557
84 30 1579
85 30 1610
86 30 1437
87 30 1354
88 30 1335
89 30 1390
90 30 1427
91 30 1131
92 30 1439
93 30 1476
94 30 1309
95 30 1442
96 30 1684
97 30 1475
98 30 1486
99 30 1322
100 30 1416