1.4066696166992188e-05
9.775161743164062e-06
9.059906005859375e-06
9.298324584960938e-06
9.059906005859375e-06
8.821487426757812e-06
8.344650268554688e-06
9.059906005859375e-06
8.58306884765625e-06
8.58306884765625e-06
8.821487426757812e-06
8.106231689453125e-06
8.344650268554688e-06
8.58306884765625e-06
8.821487426757812e-06
8.821487426757812e-06
8.821487426757812e-06
9.059906005859375e-06
8.821487426757812e-06
8.344650268554688e-06
8.106231689453125e-06
8.106231689453125e-06
8.106231689453125e-06
8.106231689453125e-06
7.867813110351562e-06
7.867813110351562e-06
8.106231689453125e-06
8.106231689453125e-06
8.344650268554688e-06
8.344650268554688e-06
8.106231689453125e-06
7.867813110351562e-06
7.867813110351562e-06
8.344650268554688e-06
7.867813110351562e-06
2.9802322387695312e-05
9.059906005859375e-06
8.344650268554688e-06
8.821487426757812e-06
2.1457672119140625e-05
8.106231689453125e-06
8.344650268554688e-06
7.867813110351562e-06
8.106231689453125e-06
8.344650268554688e-06
7.867813110351562e-06
8.106231689453125e-06
8.344650268554688e-06
7.867813110351562e-06
8.106231689453125e-06
8.344650268554688e-06
8.106231689453125e-06
8.106231689453125e-06
8.106231689453125e-06
7.867813110351562e-06
8.344650268554688e-06
8.106231689453125e-06
7.867813110351562e-06
8.344650268554688e-06
7.867813110351562e-06
7.867813110351562e-06
7.867813110351562e-06
8.58306884765625e-06
7.867813110351562e-06
8.344650268554688e-06
8.344650268554688e-06
8.106231689453125e-06
8.106231689453125e-06
8.106231689453125e-06
7.867813110351562e-06
7.867813110351562e-06
7.867813110351562e-06
8.106231689453125e-06
7.867813110351562e-06
8.106231689453125e-06
7.867813110351562e-06
8.106231689453125e-06
8.106231689453125e-06
8.106231689453125e-06
7.867813110351562e-06
8.106231689453125e-06
8.106231689453125e-06
8.106231689453125e-06
7.867813110351562e-06
8.106231689453125e-06
7.867813110351562e-06
8.106231689453125e-06
7.867813110351562e-06
7.867813110351562e-06
8.106231689453125e-06
7.867813110351562e-06
8.344650268554688e-06
8.106231689453125e-06
8.106231689453125e-06
8.106231689453125e-06
7.867813110351562e-06
8.106231689453125e-06
7.867813110351562e-06
7.867813110351562e-06
7.867813110351562e-06