2.0742416381835938e-05
1.71661376953125e-05
1.621246337890625e-05
1.621246337890625e-05
1.621246337890625e-05
1.5735626220703125e-05
1.5974044799804688e-05
1.5735626220703125e-05
1.5974044799804688e-05
1.5974044799804688e-05
1.5974044799804688e-05
1.5974044799804688e-05
1.5497207641601562e-05
1.5735626220703125e-05
1.5735626220703125e-05
1.5735626220703125e-05
1.5735626220703125e-05
1.621246337890625e-05
1.621246337890625e-05
1.5974044799804688e-05
1.5974044799804688e-05
1.5974044799804688e-05
1.5974044799804688e-05
1.5974044799804688e-05
1.5735626220703125e-05
1.5974044799804688e-05
1.5974044799804688e-05
1.5735626220703125e-05
1.5735626220703125e-05
1.621246337890625e-05
1.5735626220703125e-05
1.621246337890625e-05
1.5974044799804688e-05
1.5735626220703125e-05
1.5974044799804688e-05
1.5497207641601562e-05
1.5735626220703125e-05
1.5974044799804688e-05
1.5974044799804688e-05
1.5974044799804688e-05
1.5974044799804688e-05
1.5735626220703125e-05
1.5497207641601562e-05
1.5735626220703125e-05
1.5974044799804688e-05
1.5735626220703125e-05
1.5974044799804688e-05
1.5974044799804688e-05
1.5974044799804688e-05
1.5974044799804688e-05
1.5974044799804688e-05
1.5974044799804688e-05
1.5974044799804688e-05
1.5974044799804688e-05
1.5974044799804688e-05
1.5974044799804688e-05
1.5735626220703125e-05
1.5974044799804688e-05
1.5974044799804688e-05
1.5735626220703125e-05
1.5735626220703125e-05
1.52587890625e-05
1.52587890625e-05
1.52587890625e-05
1.52587890625e-05
1.5735626220703125e-05
1.52587890625e-05
1.52587890625e-05
1.5497207641601562e-05
1.5020370483398438e-05
1.52587890625e-05
1.5020370483398438e-05
1.52587890625e-05
1.52587890625e-05
1.52587890625e-05
1.5497207641601562e-05
1.5020370483398438e-05
1.52587890625e-05
1.52587890625e-05
1.5497207641601562e-05
1.5497207641601562e-05
1.52587890625e-05
1.52587890625e-05
1.5497207641601562e-05
1.5020370483398438e-05
1.52587890625e-05
1.52587890625e-05
1.52587890625e-05
1.5497207641601562e-05
1.5497207641601562e-05
1.52587890625e-05
1.52587890625e-05
1.52587890625e-05
1.52587890625e-05
1.52587890625e-05
1.5497207641601562e-05
1.52587890625e-05
1.52587890625e-05
1.5497207641601562e-05
1.5735626220703125e-05