0.03895425796508789
0.051509857177734375
0.04486584663391113
0.05233502388000488
0.04284954071044922
0.04791545867919922
0.05181002616882324
0.04291176795959473
0.04657340049743652
0.04546523094177246
0.048520803451538086
0.05066967010498047
0.04808473587036133
0.048239707946777344
0.04152417182922363
0.04385566711425781
0.046956539154052734
0.04750823974609375
0.050005435943603516
0.03996849060058594
0.05411863327026367
0.05357003211975098
0.049536705017089844
0.047588348388671875
0.0485074520111084
0.05195140838623047
0.03870129585266113
0.04200267791748047
0.043517112731933594
0.03882455825805664
0.041819095611572266
0.03255748748779297
0.04541730880737305
0.040486812591552734
0.05141711235046387
0.041738033294677734
0.039296627044677734
0.04351353645324707
0.04148674011230469
0.03477048873901367
0.04539775848388672
0.042901039123535156
0.038309335708618164
0.039640188217163086
0.04256749153137207
0.04854130744934082
0.04260993003845215
0.04429435729980469
0.04473423957824707
0.04675745964050293
0.046686410903930664
0.039914608001708984
0.0468597412109375
0.04521894454956055
0.041903018951416016
0.04942941665649414
0.04300189018249512
0.04118227958679199
0.04958033561706543
0.03508353233337402
0.04934978485107422
0.053047895431518555
0.047766685485839844
0.0472564697265625
0.044840335845947266
0.04656791687011719
0.04343819618225098
0.03803396224975586
0.04603457450866699
0.05681300163269043
0.03251838684082031
0.04245948791503906
0.04590177536010742
0.04286837577819824
0.0433659553527832
0.040016889572143555
0.03823995590209961
0.04125022888183594
0.051236867904663086
0.04697585105895996
0.041585445404052734
0.033724308013916016
0.04925179481506348
0.04772830009460449
0.049230098724365234
0.04284524917602539
0.038607120513916016
0.04751229286193848
0.03647017478942871
0.04533743858337402
0.04257535934448242
0.03984355926513672
0.03440427780151367
0.0394902229309082
0.0502474308013916
0.04707074165344238
0.04741644859313965
0.04730057716369629
0.04230237007141113
0.04565072059631348