0.059755802154541016
0.0716257095336914
0.06409263610839844
0.059774160385131836
0.06602716445922852
0.06817412376403809
0.056142568588256836
0.0620732307434082
0.059008121490478516
0.06090188026428223
0.0762786865234375
0.0692298412322998
0.05763435363769531
0.06262969970703125
0.06297898292541504
0.06260347366333008
0.06925654411315918
0.05684185028076172
0.06337308883666992
0.06491494178771973
0.06624960899353027
0.06549239158630371
0.06777238845825195
0.06317019462585449
0.060277700424194336
0.07529139518737793
0.06858658790588379
0.06075549125671387
0.07253479957580566
0.06163191795349121
0.07281303405761719
0.0635068416595459
0.05643129348754883
0.0688023567199707
0.07067465782165527
0.0585179328918457
0.05603599548339844
0.06970858573913574
0.06934952735900879
0.056906938552856445
0.06671977043151855
0.05993008613586426
0.06695270538330078
0.06389427185058594
0.06346440315246582
0.05950498580932617
0.06295466423034668
0.0641489028930664
0.05759692192077637
0.06615567207336426
0.05648922920227051
0.05904650688171387
0.062102556228637695
0.0722646713256836
0.06293010711669922
0.06058645248413086
0.06286048889160156
0.06550431251525879
0.0603337287902832
0.054303884506225586
0.06797289848327637
0.08061814308166504
0.05222272872924805
0.06308388710021973
0.058214426040649414
0.07670760154724121
0.0599827766418457
0.06414318084716797
0.06664252281188965
0.0730750560760498
0.07154679298400879
0.05581355094909668
0.07438802719116211
0.06996297836303711
0.07045650482177734
0.06134676933288574
0.0639338493347168
0.06457161903381348
0.06376314163208008
0.07066822052001953
0.06879496574401855
0.06172657012939453
0.060181379318237305
0.0645453929901123
0.06437182426452637
0.0528867244720459
0.05261373519897461
0.06488418579101562
0.06479907035827637
0.06718039512634277
0.06221413612365723
0.061731815338134766
0.07651686668395996
0.06586003303527832
0.06446552276611328
0.06136059761047363
0.0711660385131836
0.07232666015625
0.0684361457824707
0.07655096054077148