0.0
0.0
0.0
0.0
0.0
0.0
0.0
0.0
0.0
0.0
0.028268551236749116
0.0
0.0
0.0
0.0
0.0
0.0
0.0029411764705882353
0.0
0.0
0.0
0.0
0.0
0.0
0.0058997050147492625
0.0
0.0
0.003048780487804878
0.0
0.0
0.011594202898550725
0.0
0.005249343832020997
0.0
0.0
0.0
0.0
0.013953488372093023
0.0
0.009779951100244499
0.0
0.007575757575757576
0.008645533141210375
0.0
0.006191950464396285
0.0
0.0
0.0
0.0
0.012658227848101266
0.029055690072639227
0.0
0.0
0.0
0.0
0.0
0.0
0.0
0.0
0.0
0.0
0.0024154589371980675
0.0
0.0
0.0
0.0
0.00847457627118644
0.0
0.0057306590257879654
0.0
0.0
0.0
0.0
0.0
0.0
0.0
0.0027100271002710027
0.0
0.0
0.0061162079510703364
0.0
0.01856763925729443
0.0
0.0
0.0
0.017793594306049824
0.0
0.0
0.0
0.0
0.0
0.0
0.0
0.0
0.014705882352941176
0.030878859857482184
0.0189873417721519
0.012618296529968454
0.015384615384615385
0.0