1 25 5098
2 25 6702
3 25 6197
4 25 6072
5 25 5662
6 25 6181
7 25 5675
8 25 5411
9 25 5673
10 25 5509
11 25 6787
12 25 6136
13 25 5686
14 25 5999
15 25 5735
16 25 6308
17 25 6883
18 25 5454
19 25 6604
20 25 6443
21 25 5905
22 25 6120
23 25 6070
24 25 5499
25 25 5597
26 25 6276
27 25 5912
28 25 5588
29 25 6351
30 25 5707
31 25 7213
32 25 5668
33 25 5591
34 25 6316
35 25 6612
36 25 4873
37 25 5361
38 25 6735
39 25 6102
40 25 5150
41 25 5960
42 25 6432
43 25 6452
44 25 5615
45 25 6092
46 25 5556
47 25 5634
48 25 6158
49 25 5496
50 25 6528
51 25 5303
52 25 5785
53 25 5328
54 25 7081
55 25 5640
56 25 5443
57 25 5785
58 25 6517
59 25 5698
60 25 4960
61 25 5809
62 25 7820
63 25 4439
64 25 5545
65 25 5923
66 25 6831
67 25 4939
68 25 5889
69 25 6324
70 25 6440
71 25 6416
72 25 5194
73 25 6717
74 25 6705
75 25 6648
76 25 6276
77 25 5802
78 25 6750
79 25 5816
80 25 6668
81 25 6457
82 25 5945
83 25 5670
84 25 5872
85 25 6263
86 25 4844
87 25 5185
88 25 5986
89 25 5996
90 25 5655
91 25 5358
92 25 5725
93 25 6822
94 25 6024
95 25 5688
96 25 5452
97 25 6346
98 25 6071
99 25 6759
100 25 6165