1 25 949
2 25 787
3 25 842
4 25 892
5 25 741
6 25 834
7 25 969
8 25 834
9 25 774
10 25 858
11 25 800
12 25 802
13 25 848
14 25 889
15 25 793
16 25 859
17 25 869
18 25 908
19 25 950
20 25 884
21 25 834
22 25 822
23 25 830
24 25 905
25 25 843
26 25 870
27 25 826
28 25 750
29 25 932
30 25 803
31 25 849
32 25 828
33 25 936
34 25 793
35 25 1017
36 25 932
37 25 936
38 25 795
39 25 769
40 25 811
41 25 1019
42 25 913
43 25 899
44 25 906
45 25 951
46 25 789
47 25 785
48 25 676
49 25 866
50 25 978
51 25 903
52 25 909
53 25 907
54 25 770
55 25 893
56 25 795
57 25 803
58 25 802
59 25 909
60 25 834
61 25 857
62 25 783
63 25 785
64 25 834
65 25 925
66 25 812
67 25 854
68 25 718
69 25 873
70 25 887
71 25 925
72 25 792
73 25 783
74 25 928
75 25 870
76 25 919
77 25 883
78 25 677
79 25 801
80 25 842
81 25 813
82 25 770
83 25 787
84 25 788
85 25 803
86 25 913
87 25 930
88 25 935
89 25 853
90 25 790
91 25 841
92 25 788
93 25 775
94 25 844
95 25 823
96 25 793
97 25 879
98 25 809
99 25 1033
100 25 709