4.6253204345703125e-05
2.1219253540039062e-05
1.9788742065429688e-05
2.002716064453125e-05
1.9073486328125e-05
1.8596649169921875e-05
1.8596649169921875e-05
3.600120544433594e-05
1.9073486328125e-05
3.7670135498046875e-05
1.9311904907226562e-05
1.9073486328125e-05
1.9311904907226562e-05
3.528594970703125e-05
1.8358230590820312e-05
1.8835067749023438e-05
1.8596649169921875e-05
3.9577484130859375e-05
3.6716461181640625e-05
1.8835067749023438e-05
1.8358230590820312e-05
1.8358230590820312e-05
1.71661376953125e-05
1.7404556274414062e-05
1.71661376953125e-05
1.7642974853515625e-05
1.71661376953125e-05
1.7404556274414062e-05
1.71661376953125e-05
1.71661376953125e-05
1.7404556274414062e-05
1.7404556274414062e-05
1.71661376953125e-05
1.71661376953125e-05
1.7404556274414062e-05
1.7404556274414062e-05
1.7404556274414062e-05
1.7404556274414062e-05
1.7404556274414062e-05
1.7404556274414062e-05
1.7404556274414062e-05
1.7642974853515625e-05
1.7642974853515625e-05
1.7404556274414062e-05
1.71661376953125e-05
1.71661376953125e-05
1.71661376953125e-05
1.7404556274414062e-05
1.7404556274414062e-05
1.7404556274414062e-05
1.7404556274414062e-05
1.71661376953125e-05
1.71661376953125e-05
1.71661376953125e-05
1.71661376953125e-05
1.7404556274414062e-05
1.71661376953125e-05
1.7642974853515625e-05
1.71661376953125e-05
1.71661376953125e-05
1.7404556274414062e-05
1.71661376953125e-05
1.7404556274414062e-05
1.8358230590820312e-05
1.8596649169921875e-05
5.435943603515625e-05
1.8596649169921875e-05
1.8596649169921875e-05
1.7404556274414062e-05
1.71661376953125e-05
1.7404556274414062e-05
1.7404556274414062e-05
1.7642974853515625e-05
1.71661376953125e-05
1.71661376953125e-05
1.71661376953125e-05
1.71661376953125e-05
1.7881393432617188e-05
1.7404556274414062e-05
4.9591064453125e-05
3.5762786865234375e-05
1.71661376953125e-05
1.7404556274414062e-05
1.7642974853515625e-05
1.7642974853515625e-05
1.71661376953125e-05
1.7404556274414062e-05
1.7404556274414062e-05
1.7404556274414062e-05
1.71661376953125e-05
1.7642974853515625e-05
1.71661376953125e-05
1.71661376953125e-05
1.7404556274414062e-05
1.7404556274414062e-05
1.7404556274414062e-05
1.7404556274414062e-05
1.7404556274414062e-05
1.71661376953125e-05
1.7404556274414062e-05