0.041338443756103516
0.05220985412597656
0.053221940994262695
0.053438663482666016
0.051764726638793945
0.05127453804016113
0.050722360610961914
0.04820752143859863
0.03876233100891113
0.040857791900634766
0.037340641021728516
0.04093050956726074
0.04804658889770508
0.05890202522277832
0.045903682708740234
0.04241061210632324
0.04660487174987793
0.04168057441711426
0.050757646560668945
0.03906989097595215
0.060349225997924805
0.04070115089416504
0.04636025428771973
0.036574363708496094
0.04669046401977539
0.05793166160583496
0.05022549629211426
0.05034351348876953
0.05626988410949707
0.05197310447692871
0.04427838325500488
0.05166006088256836
0.045265913009643555
0.05457496643066406
0.044940948486328125
0.03578305244445801
0.044762611389160156
0.041210174560546875
0.046477556228637695
0.05491757392883301
0.053017377853393555
0.06083202362060547
0.040155649185180664
0.047580718994140625
0.041168928146362305
0.043175697326660156
0.054802656173706055
0.05261945724487305
0.03773784637451172
0.05213189125061035
0.05363345146179199
0.04874396324157715
0.05282139778137207
0.048709869384765625
0.04950666427612305
0.04317617416381836
0.04863619804382324
0.05039072036743164
0.04250288009643555
0.04677081108093262
0.050575971603393555
0.03788018226623535
0.055310964584350586
0.048813819885253906
0.0453646183013916
0.04674959182739258
0.050086021423339844
0.05313396453857422
0.04987478256225586
0.04998064041137695
0.03560590744018555
0.049108266830444336
0.04540061950683594
0.05644702911376953
0.057733774185180664
0.04264402389526367
0.04280591011047363
0.051065683364868164
0.047515153884887695
0.0428922176361084
0.04752707481384277
0.04650282859802246
0.0485692024230957
0.04604601860046387
0.043924570083618164
0.04024076461791992
0.04549551010131836
0.050804853439331055
0.053243398666381836
0.03952312469482422
0.044183969497680664
0.04931783676147461
0.049013614654541016
0.04011869430541992
0.05519676208496094
0.04595446586608887
0.04583382606506348
0.0375823974609375
0.042840003967285156
0.03810691833496094