3.361701965332031e-05
2.6464462280273438e-05
2.5033950805664062e-05
2.4557113647460938e-05
2.3603439331054688e-05
2.4080276489257812e-05
2.384185791015625e-05
2.4080276489257812e-05
2.4318695068359375e-05
2.4080276489257812e-05
2.3603439331054688e-05
2.384185791015625e-05
2.384185791015625e-05
2.384185791015625e-05
2.384185791015625e-05
2.4080276489257812e-05
2.4557113647460938e-05
2.4080276489257812e-05
2.4080276489257812e-05
2.4080276489257812e-05
2.384185791015625e-05
2.384185791015625e-05
2.4080276489257812e-05
2.384185791015625e-05
2.384185791015625e-05
2.4080276489257812e-05
2.3365020751953125e-05
2.384185791015625e-05
2.4080276489257812e-05
2.384185791015625e-05
2.4080276489257812e-05
2.4080276489257812e-05
2.384185791015625e-05
2.4318695068359375e-05
2.4557113647460938e-05
2.4080276489257812e-05
2.384185791015625e-05
2.384185791015625e-05
2.3603439331054688e-05
2.4557113647460938e-05
2.3365020751953125e-05
2.4080276489257812e-05
2.4080276489257812e-05
2.384185791015625e-05
2.4318695068359375e-05
2.47955322265625e-05
2.4080276489257812e-05
2.4080276489257812e-05
2.4318695068359375e-05
2.4318695068359375e-05
2.384185791015625e-05
2.3126602172851562e-05
2.5272369384765625e-05
2.3603439331054688e-05
2.3365020751953125e-05
2.4080276489257812e-05
2.3603439331054688e-05
2.384185791015625e-05
2.3603439331054688e-05
2.4318695068359375e-05
2.4557113647460938e-05
2.384185791015625e-05
2.4080276489257812e-05
3.147125244140625e-05
2.4318695068359375e-05
2.384185791015625e-05
2.5033950805664062e-05
2.3603439331054688e-05
2.384185791015625e-05
2.3603439331054688e-05
2.3603439331054688e-05
2.384185791015625e-05
2.3365020751953125e-05
2.3365020751953125e-05
2.384185791015625e-05
2.3126602172851562e-05
2.3365020751953125e-05
2.4318695068359375e-05
2.3603439331054688e-05
2.4080276489257812e-05
2.384185791015625e-05
2.4080276489257812e-05
2.384185791015625e-05
2.3603439331054688e-05
2.3603439331054688e-05
2.4080276489257812e-05
2.3603439331054688e-05
2.4080276489257812e-05
2.3126602172851562e-05
2.384185791015625e-05
2.4080276489257812e-05
2.3126602172851562e-05
2.384185791015625e-05
2.384185791015625e-05
2.384185791015625e-05
2.3365020751953125e-05
2.3365020751953125e-05
2.3365020751953125e-05
2.3603439331054688e-05
2.3603439331054688e-05