3.4332275390625e-05
2.8133392333984375e-05
2.6941299438476562e-05
2.6464462280273438e-05
2.574920654296875e-05
2.6226043701171875e-05
2.6941299438476562e-05
2.6464462280273438e-05
2.6464462280273438e-05
2.5510787963867188e-05
2.6464462280273438e-05
2.6464462280273438e-05
2.5272369384765625e-05
2.5510787963867188e-05
2.5987625122070312e-05
2.574920654296875e-05
2.5510787963867188e-05
2.574920654296875e-05
2.5272369384765625e-05
2.5272369384765625e-05
2.5510787963867188e-05
2.574920654296875e-05
2.574920654296875e-05
2.5272369384765625e-05
2.5987625122070312e-05
2.5510787963867188e-05
2.5510787963867188e-05
2.6226043701171875e-05
2.5510787963867188e-05
2.5987625122070312e-05
2.5987625122070312e-05
2.574920654296875e-05
2.6464462280273438e-05
2.5272369384765625e-05
2.5510787963867188e-05
2.5510787963867188e-05
2.574920654296875e-05
2.6702880859375e-05
2.5510787963867188e-05
2.5510787963867188e-05
2.5272369384765625e-05
2.6702880859375e-05
2.5510787963867188e-05
2.5272369384765625e-05
2.6226043701171875e-05
2.574920654296875e-05
2.574920654296875e-05
2.574920654296875e-05
2.5510787963867188e-05
2.5272369384765625e-05
2.5272369384765625e-05
2.574920654296875e-05
2.5272369384765625e-05
2.5987625122070312e-05
2.5033950805664062e-05
2.5272369384765625e-05
2.5510787963867188e-05
2.5272369384765625e-05
2.5987625122070312e-05
2.5272369384765625e-05
2.5272369384765625e-05
2.5510787963867188e-05
2.5987625122070312e-05
2.574920654296875e-05
2.5510787963867188e-05
2.5987625122070312e-05
2.6941299438476562e-05
2.6941299438476562e-05
2.6464462280273438e-05
2.6464462280273438e-05
2.6464462280273438e-05
2.6941299438476562e-05
2.5987625122070312e-05
2.5987625122070312e-05
2.574920654296875e-05
2.6226043701171875e-05
2.6941299438476562e-05
2.574920654296875e-05
2.574920654296875e-05
2.6464462280273438e-05
2.5987625122070312e-05
2.5987625122070312e-05
2.5272369384765625e-05
2.9325485229492188e-05
2.5987625122070312e-05
2.6226043701171875e-05
2.5987625122070312e-05
2.5987625122070312e-05
2.574920654296875e-05
2.6941299438476562e-05
2.574920654296875e-05
2.5272369384765625e-05
2.5510787963867188e-05
2.5272369384765625e-05
2.574920654296875e-05
2.5987625122070312e-05
2.5987625122070312e-05
2.574920654296875e-05
2.5510787963867188e-05
2.574920654296875e-05