0.0
0.0
0.0
0.0
0.0
0.005237430167597765
0.0
0.0
0.0
0.0
0.0
0.0
0.0
0.0
0.011011699931176875
0.00908479138627187
0.0
0.0
0.0
0.0
0.0035650623885918
0.010155721056194989
0.0
0.0
0.0
0.0
0.0
0.0
0.0
0.0014395393474088292
0.0
0.0
0.0
0.0
0.003992901508429458
0.001694915254237288
0.0
0.005306122448979592
0.0
0.0
0.0
0.0
0.018270401948842874
0.0
0.0
0.0
0.0
0.0
0.0
0.0
0.0
0.0
0.0
0.0
0.0
0.0
0.0
0.0
0.0
0.0
0.0
0.0
0.016518936341659952
0.0
0.0
0.0
0.01221001221001221
0.0
0.0
0.006286484059272564
0.0
0.0024989587671803417
0.0
0.0
0.0
0.0
0.0
0.004092261904761905
0.0032258064516129032
0.0
0.0
0.0
0.0
0.0
0.009537265983751325
0.0
0.0
0.0
0.0
0.0
0.0
0.0
0.0
0.0
0.004426559356136821
0.0
0.0
0.0
0.0
0.0