0.007272005081176758
0.009808540344238281
0.015571117401123047
0.010223627090454102
0.01286625862121582
0.011949777603149414
0.016633272171020508
0.01617908477783203
0.016084671020507812
0.01133584976196289
0.010570049285888672
0.018088579177856445
0.022551774978637695
0.016770362854003906
0.012458324432373047
0.020870685577392578
0.010148286819458008
0.012665033340454102
0.017490863800048828
0.014257431030273438
0.007345438003540039
0.012748241424560547
0.017595767974853516
0.0028772354125976562
0.01608443260192871
0.015928030014038086
0.017317533493041992
0.017311573028564453
0.021444082260131836
0.01244807243347168
0.005240201950073242
0.012743711471557617
0.01728367805480957
0.012757539749145508
0.013913869857788086
0.010844945907592773
0.02005171775817871
0.017447948455810547
0.006668567657470703
0.014170169830322266
0.018678903579711914
0.01332855224609375
0.004635810852050781
0.011165857315063477
0.014588594436645508
0.017510414123535156
0.012908220291137695
0.02117443084716797
0.005860805511474609
0.027181148529052734
0.015949249267578125
0.014995813369750977
0.02099442481994629
0.017248153686523438
0.011145353317260742
0.012421846389770508
0.011996984481811523
0.021258115768432617
0.013227462768554688
0.016109466552734375
0.008604764938354492
0.024710893630981445
0.016193151473999023
0.009192943572998047
0.016899585723876953
0.018050432205200195
0.016873836517333984
0.015368938446044922
0.015735387802124023
0.014174461364746094
0.014988422393798828
0.012680530548095703
0.018613338470458984
0.011030197143554688
0.017867565155029297
0.011105775833129883
0.019655942916870117
0.011017560958862305
0.015264749526977539
0.020052194595336914
0.01828479766845703
0.017321348190307617
0.01649022102355957
0.017857789993286133
0.028232097625732422
0.010396480560302734
0.014658689498901367
0.007781267166137695
0.016720056533813477
0.015523433685302734
0.009279727935791016
0.017057418823242188
0.009822368621826172
0.009917974472045898
0.01572275161743164
0.014108419418334961
0.006830692291259766
0.019659042358398438
0.014062166213989258
0.011690139770507812