0.028172016143798828
0.033991098403930664
0.03551173210144043
0.032186031341552734
0.03422045707702637
0.04067730903625488
0.040955305099487305
0.03775525093078613
0.04196619987487793
0.03202342987060547
0.025626182556152344
0.025951862335205078
0.0381014347076416
0.030483484268188477
0.025244712829589844
0.020395517349243164
0.03354287147521973
0.02958083152770996
0.034883975982666016
0.03583192825317383
0.017703771591186523
0.03949618339538574
0.03912353515625
0.029728174209594727
0.03400540351867676
0.04027986526489258
0.035218000411987305
0.02698802947998047
0.037078857421875
0.02414727210998535
0.02610182762145996
0.03765702247619629
0.032457828521728516
0.04608798027038574
0.027814626693725586
0.039687156677246094
0.02730107307434082
0.037613630294799805
0.029215574264526367
0.042580604553222656
0.030007362365722656
0.05605578422546387
0.036766767501831055
0.026918411254882812
0.03642678260803223
0.022039175033569336
0.041872501373291016
0.027374982833862305
0.04288673400878906
0.02506113052368164
0.04046916961669922
0.03048539161682129
0.027637481689453125
0.03724241256713867
0.033496856689453125
0.03487968444824219
0.028453588485717773
0.019611120223999023
0.0386357307434082
0.023794174194335938
0.03101491928100586
0.04342842102050781
0.027163982391357422
0.02423572540283203
0.0336458683013916
0.03194689750671387
0.03397417068481445
0.03816485404968262
0.04135918617248535
0.031545400619506836
0.02750706672668457
0.03528022766113281
0.03313159942626953
0.023194551467895508
0.02717757225036621
0.03875136375427246
0.03964519500732422
0.03719925880432129
0.04123830795288086
0.04005002975463867
0.02925848960876465
0.03937888145446777
0.034743547439575195
0.035173654556274414
0.04467892646789551
0.028270244598388672
0.03452658653259277
0.029741287231445312
0.03486752510070801
0.04598808288574219
0.025496482849121094
0.028287887573242188
0.03481864929199219
0.03913426399230957
0.04487490653991699
0.044405460357666016
0.03133106231689453
0.02784872055053711
0.044652700424194336
0.03578495979309082