0.1775956153869629
0.20659899711608887
0.16832208633422852
0.16634893417358398
0.18029451370239258
0.16559362411499023
0.17228412628173828
0.14409685134887695
0.16239643096923828
0.15543341636657715
0.10912346839904785
0.10227155685424805
0.1749577522277832
0.1241459846496582
0.15259933471679688
0.13458943367004395
0.14989280700683594
0.14973998069763184
0.15278053283691406
0.1624586582183838
0.19658684730529785
0.14402174949645996
0.23981618881225586
0.15993189811706543
0.16207599639892578
0.20995545387268066
0.19029474258422852
0.14038825035095215
0.1647782325744629
0.1551361083984375
0.14185595512390137
0.17191100120544434
0.16873764991760254
0.18614888191223145
0.15415287017822266
0.1343061923980713
0.17257308959960938
0.12531757354736328
0.1337299346923828
0.13968229293823242
0.14197182655334473
0.15170907974243164
0.12061691284179688
0.10555672645568848
0.1570601463317871
0.11646175384521484
0.12272214889526367
0.14260411262512207
0.1481788158416748
0.148514986038208
0.16278314590454102
0.15408968925476074
0.20652270317077637
0.22446703910827637
0.1742839813232422
0.14082670211791992
0.17945361137390137
0.21250200271606445
0.20139718055725098
0.2262566089630127
0.1703794002532959
0.19598603248596191
0.16263365745544434
0.1412978172302246
0.16088104248046875
0.13845133781433105
0.15261077880859375
0.23741626739501953
0.16121768951416016
0.15504217147827148
0.12619662284851074
0.17082500457763672
0.17241215705871582
0.15201115608215332
0.18328285217285156
0.20560598373413086
0.14302468299865723
0.19052910804748535
0.14533019065856934
0.1510906219482422
0.14165687561035156
0.18597936630249023
0.10876059532165527
0.16197800636291504
0.16179442405700684
0.17274951934814453
0.17236590385437012
0.19716882705688477
0.1302783489227295
0.09611654281616211
0.17783093452453613
0.1577012538909912
0.16469550132751465
0.1351320743560791
0.11954975128173828
0.1934964656829834
0.14774036407470703
0.16370916366577148
0.15389013290405273
0.12572193145751953