3.8623809814453125e-05
3.1948089599609375e-05
2.8848648071289062e-05
2.9087066650390625e-05
4.863739013671875e-05
2.193450927734375e-05
4.482269287109375e-05
1.811981201171875e-05
3.123283386230469e-05
3.266334533691406e-05
1.4543533325195312e-05
1.9550323486328125e-05
3.4332275390625e-05
2.5987625122070312e-05
3.8623809814453125e-05
3.1948089599609375e-05
3.62396240234375e-05
2.7418136596679688e-05
2.5987625122070312e-05
1.9788742065429688e-05
3.0517578125e-05
2.5987625122070312e-05
3.9577484130859375e-05
2.4557113647460938e-05
2.7894973754882812e-05
3.0994415283203125e-05
0.00010514259338378906
2.5510787963867188e-05
4.4345855712890625e-05
1.4066696166992188e-05
3.8623809814453125e-05
2.7894973754882812e-05
2.3365020751953125e-05
2.3603439331054688e-05
2.574920654296875e-05
3.886222839355469e-05
2.7894973754882812e-05
3.409385681152344e-05
3.24249267578125e-05
2.5510787963867188e-05
3.0279159545898438e-05
9.846687316894531e-05
2.9087066650390625e-05
4.2438507080078125e-05
3.4332275390625e-05
2.2411346435546875e-05
2.4557113647460938e-05
3.528594970703125e-05
2.956390380859375e-05
2.3603439331054688e-05
4.267692565917969e-05
3.218650817871094e-05
2.193450927734375e-05
4.935264587402344e-05
2.2649765014648438e-05
2.1696090698242188e-05
2.9087066650390625e-05
4.9591064453125e-05
3.647804260253906e-05
4.553794860839844e-05
2.9325485229492188e-05
2.0503997802734375e-05
3.719329833984375e-05
2.384185791015625e-05
1.71661376953125e-05
2.7179718017578125e-05
1.9550323486328125e-05
5.888938903808594e-05
5.125999450683594e-05
1.9788742065429688e-05
2.9802322387695312e-05
2.574920654296875e-05
4.2438507080078125e-05
2.2411346435546875e-05
4.1961669921875e-05
2.5510787963867188e-05
3.0040740966796875e-05
2.002716064453125e-05
2.8371810913085938e-05
2.8371810913085938e-05
3.933906555175781e-05
6.985664367675781e-05
4.9591064453125e-05
2.384185791015625e-05
3.9577484130859375e-05
3.504753112792969e-05
2.5033950805664062e-05
1.4066696166992188e-05
3.457069396972656e-05
3.7670135498046875e-05
2.1219253540039062e-05
5.2928924560546875e-05
2.5987625122070312e-05
3.0994415283203125e-05
3.218650817871094e-05
2.2172927856445312e-05
6.031990051269531e-05
2.8133392333984375e-05
1.9311904907226562e-05
2.2411346435546875e-05