0.0001659393310546875
0.0002892017364501953
0.00017499923706054688
0.00023174285888671875
0.00024127960205078125
0.00012922286987304688
0.000274658203125
0.00021600723266601562
0.0002884864807128906
0.00026345252990722656
0.00013589859008789062
0.0002014636993408203
0.00016498565673828125
0.00014352798461914062
0.00021219253540039062
0.00019025802612304688
9.465217590332031e-05
0.0001399517059326172
0.00028204917907714844
0.00032329559326171875
0.00015926361083984375
0.00015616416931152344
0.00012636184692382812
0.0001556873321533203
0.0002110004425048828
0.0002429485321044922
0.0002503395080566406
0.0002529621124267578
0.0003457069396972656
0.00015115737915039062
0.0002110004425048828
0.00016617774963378906
0.00021600723266601562
0.00018024444580078125
0.0002627372741699219
0.00018644332885742188
0.00013828277587890625
0.00011444091796875
0.0003192424774169922
0.0003979206085205078
0.00017213821411132812
0.00023031234741210938
0.00011706352233886719
0.00010371208190917969
0.00016570091247558594
0.0002758502960205078
0.00030541419982910156
0.00011682510375976562
0.00017380714416503906
0.000152587890625
0.00016999244689941406
0.00013685226440429688
0.0001995563507080078
0.00015664100646972656
0.0001125335693359375
0.00020599365234375
0.00016927719116210938
0.0003600120544433594
0.00014591217041015625
0.0001354217529296875
0.000164031982421875
0.00021910667419433594
0.0001480579376220703
0.00024127960205078125
0.0002593994140625
0.0001506805419921875
0.0004620552062988281
0.0001366138458251953
0.00016498565673828125
0.00019216537475585938
0.00023055076599121094
0.00016832351684570312
0.0001728534698486328
0.00037288665771484375
0.0002887248992919922
8.726119995117188e-05
0.0001513957977294922
0.00011754035949707031
0.0002512931823730469
8.702278137207031e-05
7.486343383789062e-05
0.00022602081298828125
0.00034236907958984375
0.00031876564025878906
0.00021648406982421875
0.0005066394805908203
0.00017261505126953125
0.0005238056182861328
0.0002846717834472656
0.00022172927856445312
0.00017118453979492188
0.00031447410583496094
0.00019359588623046875
0.0002522468566894531
0.00011229515075683594
0.00046634674072265625
0.0002522468566894531
0.0002543926239013672
0.00019621849060058594
0.00027179718017578125