9.894371032714844e-05
2.9325485229492188e-05
2.574920654296875e-05
2.5510787963867188e-05
2.5272369384765625e-05
4.7206878662109375e-05
2.5272369384765625e-05
2.47955322265625e-05
2.5510787963867188e-05
2.5033950805664062e-05
2.5033950805664062e-05
2.47955322265625e-05
2.47955322265625e-05
2.5272369384765625e-05
2.4318695068359375e-05
2.5033950805664062e-05
2.4557113647460938e-05
2.47955322265625e-05
2.5033950805664062e-05
2.5510787963867188e-05
2.5033950805664062e-05
2.4557113647460938e-05
2.47955322265625e-05
2.5033950805664062e-05
2.47955322265625e-05
2.5272369384765625e-05
2.5033950805664062e-05
2.5033950805664062e-05
2.5033950805664062e-05
2.47955322265625e-05
2.5033950805664062e-05
2.4557113647460938e-05
2.47955322265625e-05
2.4557113647460938e-05
4.7206878662109375e-05
4.363059997558594e-05
4.172325134277344e-05
2.47955322265625e-05
2.47955322265625e-05
2.5033950805664062e-05
2.5033950805664062e-05
2.5033950805664062e-05
2.4557113647460938e-05
2.47955322265625e-05
2.47955322265625e-05
2.47955322265625e-05
2.47955322265625e-05
2.4318695068359375e-05
4.172325134277344e-05
2.47955322265625e-05
2.5033950805664062e-05
2.5033950805664062e-05
2.47955322265625e-05
2.5033950805664062e-05
2.5033950805664062e-05
2.4557113647460938e-05
2.5033950805664062e-05
2.4557113647460938e-05
2.5272369384765625e-05
2.5033950805664062e-05
2.5033950805664062e-05
2.5033950805664062e-05
2.4557113647460938e-05
2.5510787963867188e-05
2.5033950805664062e-05
2.47955322265625e-05
2.5033950805664062e-05
2.4557113647460938e-05
2.5272369384765625e-05
2.47955322265625e-05
2.47955322265625e-05
2.5033950805664062e-05
2.4557113647460938e-05
2.5033950805664062e-05
2.5033950805664062e-05
2.47955322265625e-05
2.47955322265625e-05
2.47955322265625e-05
2.47955322265625e-05
2.47955322265625e-05
2.5510787963867188e-05
2.47955322265625e-05
2.47955322265625e-05
3.886222839355469e-05
2.47955322265625e-05
2.5272369384765625e-05
2.47955322265625e-05
2.5033950805664062e-05
2.4557113647460938e-05
2.5033950805664062e-05
2.47955322265625e-05
2.5033950805664062e-05
2.5510787963867188e-05
2.5033950805664062e-05
2.5033950805664062e-05
2.5033950805664062e-05
2.5033950805664062e-05
2.5510787963867188e-05
2.5272369384765625e-05
2.47955322265625e-05