0.06285715103149414
0.07050037384033203
0.06427741050720215
0.07160019874572754
0.07371711730957031
0.06976175308227539
0.06795120239257812
0.06841063499450684
0.062347412109375
0.0738668441772461
0.06119203567504883
0.06385540962219238
0.05915021896362305
0.06880593299865723
0.07519745826721191
0.07256746292114258
0.07486915588378906
0.06692266464233398
0.07552909851074219
0.0685272216796875
0.06637835502624512
0.06904888153076172
0.06308889389038086
0.0673227310180664
0.07503080368041992
0.06297802925109863
0.07268118858337402
0.07080435752868652
0.057207345962524414
0.07199788093566895
0.061905622482299805
0.06770491600036621
0.06361889839172363
0.06627631187438965
0.0716102123260498
0.056960344314575195
0.06698465347290039
0.07040023803710938
0.06853961944580078
0.06899690628051758
0.06884479522705078
0.060080528259277344
0.06792163848876953
0.06050395965576172
0.05903506278991699
0.0627753734588623
0.07219147682189941
0.06936097145080566
0.06887483596801758
0.07317876815795898
0.06241297721862793
0.08136892318725586
0.06041765213012695
0.05848431587219238
0.07150673866271973
0.07262682914733887
0.0760955810546875
0.058069467544555664
0.07694697380065918
0.06190228462219238
0.06720709800720215
0.07067418098449707
0.06823563575744629
0.07604861259460449
0.06673836708068848
0.07994961738586426
0.07176923751831055
0.07388544082641602
0.07477283477783203
0.0752568244934082
0.06110429763793945
0.06684207916259766
0.06873440742492676
0.06186413764953613
0.06652975082397461
0.06456613540649414
0.0704960823059082
0.07897448539733887
0.0654151439666748
0.06078004837036133
0.06605887413024902
0.07011842727661133
0.07291221618652344
0.0716242790222168
0.06709933280944824
0.07210803031921387
0.06379461288452148
0.0743408203125
0.0648183822631836
0.0768740177154541
0.07162070274353027
0.07130312919616699
0.06822824478149414
0.08135032653808594
0.07405400276184082
0.06968164443969727
0.0733945369720459
0.07702946662902832
0.06610226631164551
0.07470011711120605