0.06771159172058105
0.09816288948059082
0.10579204559326172
0.09015464782714844
0.0952146053314209
0.0932917594909668
0.07162690162658691
0.07668733596801758
0.06048321723937988
0.06938791275024414
0.10208415985107422
0.08640408515930176
0.06380677223205566
0.07438921928405762
0.08078908920288086
0.0845494270324707
0.09516167640686035
0.05976724624633789
0.07265329360961914
0.08637523651123047
0.07278275489807129
0.08083033561706543
0.08348441123962402
0.07262253761291504
0.07007575035095215
0.10080885887145996
0.07842421531677246
0.06741738319396973
0.09170174598693848
0.07398247718811035
0.09007716178894043
0.08466887474060059
0.07812881469726562
0.08572053909301758
0.10168766975402832
0.07005095481872559
0.08179187774658203
0.1047523021697998
0.08858036994934082
0.06729483604431152
0.08171224594116211
0.07868576049804688
0.06673097610473633
0.08740854263305664
0.08084940910339355
0.07750606536865234
0.07697606086730957
0.09502792358398438
0.0774538516998291
0.10412979125976562
0.0758514404296875
0.08269309997558594
0.0743112564086914
0.10369062423706055
0.0783548355102539
0.0722954273223877
0.07988500595092773
0.09895849227905273
0.06143927574157715
0.06396341323852539
0.10889792442321777
0.13265180587768555
0.06090807914733887
0.0700221061706543
0.07206344604492188
0.08892440795898438
0.06901073455810547
0.09089064598083496
0.09741926193237305
0.08882904052734375
0.08630514144897461
0.06326508522033691
0.08654093742370605
0.08565592765808105
0.08927512168884277
0.0664515495300293
0.08003854751586914
0.07384037971496582
0.08167290687561035
0.0983576774597168
0.08616781234741211
0.08011913299560547
0.07273125648498535
0.06763172149658203
0.08325791358947754
0.06970643997192383
0.07204842567443848
0.08217573165893555
0.08377814292907715
0.07923579216003418
0.07053136825561523
0.0657491683959961
0.09494423866271973
0.07632708549499512
0.06532931327819824
0.0718083381652832
0.07894754409790039
0.09026598930358887
0.08819103240966797
0.09484124183654785