0.09425139427185059
0.12148475646972656
0.12968683242797852
0.12508106231689453
0.12264323234558105
0.09535932540893555
0.12138009071350098
0.0802614688873291
0.14230871200561523
0.11797714233398438
0.09598135948181152
0.11461186408996582
0.11951994895935059
0.1141510009765625
0.12084221839904785
0.12743735313415527
0.10590672492980957
0.11578941345214844
0.10499787330627441
0.10602402687072754
0.10558891296386719
0.11161947250366211
0.12017655372619629
0.1095438003540039
0.12957382202148438
0.1140589714050293
0.10165166854858398
0.13817405700683594
0.12460923194885254
0.0865945816040039
0.09296989440917969
0.14593839645385742
0.12834501266479492
0.14109325408935547
0.12748003005981445
0.156219482421875
0.12600946426391602
0.08898496627807617
0.13483643531799316
0.12878108024597168
0.10691118240356445
0.1116781234741211
0.11383724212646484
0.10157155990600586
0.12094926834106445
0.1217653751373291
0.1290292739868164
0.12241959571838379
0.11907362937927246
0.08826351165771484
0.1284499168395996
0.14789462089538574
0.09879779815673828
0.10335898399353027
0.1546154022216797
0.10399174690246582
0.1520397663116455
0.13710403442382812
0.1563856601715088
0.1215517520904541
0.1414475440979004
0.12800121307373047
0.12093186378479004
0.12039518356323242
0.13188767433166504
0.1373157501220703
0.105438232421875
0.10105609893798828
0.09085679054260254
0.11529541015625
0.1157524585723877
0.09148001670837402
0.09868502616882324
0.17237591743469238
0.13480210304260254
0.11163687705993652
0.1840667724609375
0.15289020538330078
0.11829519271850586
0.10219621658325195
0.11368179321289062
0.12683367729187012
0.12143445014953613
0.12233662605285645
0.13966751098632812
0.11202621459960938
0.1121673583984375
0.11317205429077148
0.12231659889221191
0.12124013900756836
0.10586428642272949
0.13381481170654297
0.11855483055114746
0.0998530387878418
0.12132453918457031
0.14455866813659668
0.11436915397644043
0.12642240524291992
0.10895633697509766
0.11410284042358398