2.6464462280273438e-05
2.1457672119140625e-05
2.0265579223632812e-05
2.002716064453125e-05
1.9550323486328125e-05
2.0265579223632812e-05
1.9788742065429688e-05
1.9788742065429688e-05
2.002716064453125e-05
2.002716064453125e-05
1.9788742065429688e-05
1.9788742065429688e-05
1.9550323486328125e-05
1.9311904907226562e-05
1.9788742065429688e-05
1.9311904907226562e-05
2.002716064453125e-05
1.9550323486328125e-05
1.9788742065429688e-05
1.9073486328125e-05
1.9311904907226562e-05
1.9311904907226562e-05
1.9550323486328125e-05
1.9550323486328125e-05
1.9311904907226562e-05
4.744529724121094e-05
2.0503997802734375e-05
3.2901763916015625e-05
1.9788742065429688e-05
1.9550323486328125e-05
1.9311904907226562e-05
1.9311904907226562e-05
1.9550323486328125e-05
2.002716064453125e-05
1.9550323486328125e-05
1.9311904907226562e-05
1.9788742065429688e-05
2.002716064453125e-05
3.886222839355469e-05
2.09808349609375e-05
4.601478576660156e-05
1.9073486328125e-05
1.9550323486328125e-05
1.9550323486328125e-05
1.9550323486328125e-05
1.9550323486328125e-05
1.9311904907226562e-05
1.9788742065429688e-05
2.002716064453125e-05
1.9550323486328125e-05
1.9311904907226562e-05
2.002716064453125e-05
1.9550323486328125e-05
1.9788742065429688e-05
1.9311904907226562e-05
1.9550323486328125e-05
1.9550323486328125e-05
1.9550323486328125e-05
1.9073486328125e-05
2.002716064453125e-05
1.9550323486328125e-05
1.9311904907226562e-05
1.9788742065429688e-05
1.9788742065429688e-05
1.9073486328125e-05
1.9550323486328125e-05
1.9550323486328125e-05
1.9311904907226562e-05
1.9788742065429688e-05
1.9311904907226562e-05
1.9311904907226562e-05
1.9311904907226562e-05
1.9550323486328125e-05
1.9550323486328125e-05
1.9550323486328125e-05
1.9550323486328125e-05
1.9311904907226562e-05
1.9788742065429688e-05
1.9311904907226562e-05
1.9550323486328125e-05
1.9311904907226562e-05
1.9550323486328125e-05
1.9788742065429688e-05
1.9550323486328125e-05
1.9550323486328125e-05
1.9311904907226562e-05
1.9550323486328125e-05
1.9311904907226562e-05
1.9311904907226562e-05
1.9550323486328125e-05
1.9311904907226562e-05
1.9550323486328125e-05
1.9550323486328125e-05
1.9788742065429688e-05
1.9550323486328125e-05
1.9311904907226562e-05
1.9311904907226562e-05
1.9550323486328125e-05
1.9550323486328125e-05
1.9788742065429688e-05