3.647804260253906e-05
3.0040740966796875e-05
6.914138793945312e-05
4.291534423828125e-05
2.8848648071289062e-05
2.86102294921875e-05
2.8848648071289062e-05
2.8371810913085938e-05
2.86102294921875e-05
2.8848648071289062e-05
2.86102294921875e-05
2.86102294921875e-05
2.8133392333984375e-05
2.8133392333984375e-05
2.86102294921875e-05
2.7894973754882812e-05
4.76837158203125e-05
4.267692565917969e-05
4.2438507080078125e-05
2.86102294921875e-05
2.86102294921875e-05
2.86102294921875e-05
2.8371810913085938e-05
2.7894973754882812e-05
2.8371810913085938e-05
2.8371810913085938e-05
2.7894973754882812e-05
2.8371810913085938e-05
2.8848648071289062e-05
2.8371810913085938e-05
2.9087066650390625e-05
2.8848648071289062e-05
2.8133392333984375e-05
2.86102294921875e-05
2.8371810913085938e-05
2.8133392333984375e-05
2.8133392333984375e-05
2.86102294921875e-05
2.86102294921875e-05
2.8848648071289062e-05
2.8848648071289062e-05
2.86102294921875e-05
2.7894973754882812e-05
2.8371810913085938e-05
2.86102294921875e-05
2.8133392333984375e-05
2.8371810913085938e-05
2.8133392333984375e-05
4.0531158447265625e-05
2.7894973754882812e-05
2.7418136596679688e-05
2.765655517578125e-05
2.7179718017578125e-05
2.7179718017578125e-05
2.765655517578125e-05
2.7418136596679688e-05
2.7179718017578125e-05
2.7418136596679688e-05
2.7418136596679688e-05
2.765655517578125e-05
2.765655517578125e-05
2.7418136596679688e-05
2.7418136596679688e-05
2.765655517578125e-05
2.765655517578125e-05
2.765655517578125e-05
2.7894973754882812e-05
2.7894973754882812e-05
2.765655517578125e-05
2.7418136596679688e-05
2.7418136596679688e-05
2.765655517578125e-05
2.6941299438476562e-05
2.7179718017578125e-05
6.031990051269531e-05
4.100799560546875e-05
2.7179718017578125e-05
2.7418136596679688e-05
2.765655517578125e-05
2.7179718017578125e-05
8.535385131835938e-05
2.7418136596679688e-05
2.7179718017578125e-05
2.7418136596679688e-05
2.765655517578125e-05
2.765655517578125e-05
2.7418136596679688e-05
2.7418136596679688e-05
2.765655517578125e-05
2.765655517578125e-05
8.845329284667969e-05
4.57763671875e-05
2.86102294921875e-05
2.8371810913085938e-05
2.7894973754882812e-05
2.765655517578125e-05
2.765655517578125e-05
2.7418136596679688e-05
2.765655517578125e-05
2.765655517578125e-05