1 20 4209
2 20 5750
3 20 5699
4 20 5248
5 20 6363
6 20 5865
7 20 5481
8 20 4653
9 20 4798
10 20 4712
11 20 4370
12 20 3932
13 20 5045
14 20 4368
15 20 6152
16 20 4806
17 20 4914
18 20 4949
19 20 4968
20 20 5106
21 20 5561
22 20 4039
23 20 5983
24 20 5513
25 20 4591
26 20 5902
27 20 5925
28 20 4994
29 20 5587
30 20 4982
31 20 4950
32 20 5519
33 20 5467
34 20 5651
35 20 5365
36 20 4621
37 20 5219
38 20 4320
39 20 4842
40 20 5280
41 20 4603
42 20 4664
43 20 4249
44 20 3930
45 20 5367
46 20 4206
47 20 4186
48 20 5112
49 20 5071
50 20 4559
51 20 5474
52 20 5481
53 20 5870
54 20 5620
55 20 4713
56 20 3561
57 20 4210
58 20 6023
59 20 5367
60 20 5316
61 20 4467
62 20 5326
63 20 4983
64 20 4829
65 20 5438
66 20 4123
67 20 5064
68 20 6075
69 20 4837
70 20 5130
71 20 4984
72 20 5279
73 20 5124
74 20 4129
75 20 5926
76 20 5764
77 20 4304
78 20 5931
79 20 4633
80 20 4502
81 20 4791
82 20 5858
83 20 4172
84 20 5287
85 20 4961
86 20 5120
87 20 5751
88 20 5707
89 20 4557
90 20 3732
91 20 5650
92 20 5544
93 20 5618
94 20 5843
95 20 4148
96 20 5414
97 20 5475
98 20 5770
99 20 5830
100 20 4929