0.0
0.0
0.0
0.0
0.04937554458321231
0.0
0.013454075032341526
0.01777221526908636
0.011780821917808219
0.0
0.0
0.0
0.015069551777434312
0.0
0.0
0.007355292612727854
0.0
0.046357615894039736
0.0
0.002542372881355932
0.003630496167809601
0.007509762691498949
0.0
0.0
0.0
0.0
0.0
0.06970574047274482
0.0
0.0
0.011889460154241645
0.013177598083258461
0.0
0.0
0.0
0.0
0.0
0.006391478029294274
0.0345320314360562
0.0
0.0044994375703037125
0.0
0.0013351134846461949
0.0008287292817679558
0.0
0.013503184713375796
0.0
0.0
0.0
0.011077068112184774
0.0
0.0
0.005197187404463467
0.0
0.028500619578686492
0.0
0.0
0.0
0.0
0.0
0.0
0.0
0.014211533205793932
0.04473768908915352
0.0
0.0
0.0
0.01159334126040428
0.0
0.0
0.0008615738081562321
0.0
0.0
0.0
0.0
0.0
0.011550308008213552
0.0
0.0
0.0
0.0
0.0
0.0004110152075626798
0.018141222439296677
0.0
0.0
0.036597428288822946
0.035356904603068715
0.0
0.0
0.0069356872635561164
0.0
0.0
0.0
0.0
0.0
0.0
0.0
0.0
0.0