0.004852798447104497
0.005883263663105744
0.0
0.0
0.01420099875156055
0.0
0.015234531604971268
0.0
0.0
0.0031229087664510374
0.0
0.007410768300060496
0.0
0.0
0.0
0.0
0.0
0.0
0.003550996251726179
0.0
0.0
0.007778738115816767
0.0
0.0
0.005695842035314221
0.0
0.0
0.0
0.0
0.0045088566827697265
0.0
0.0
0.006726800183458187
0.0
0.00018439977872026554
0.0
0.0
0.0
0.0
0.007922674694977025
0.0
0.0017277125086385626
0.0
0.0
0.0
0.0
0.004983647406945959
0.0
0.0
0.0
0.0
0.0
0.006628613515006445
0.0
0.0
0.0
0.0
0.007871802080404836
0.0
0.0
0.0
0.0
0.0
0.007624113475177305
0.005173224643361028
0.0
0.0
0.0
0.0
0.0
0.02498205312275664
0.01501962792285373
0.0
0.0
0.0
0.0
0.011560693641618497
0.00346860908775581
0.0
0.0
0.0
0.0016548072149594572
0.009754194303550527
0.0
0.0
0.0
0.008603159705928358
0.0
0.003959742616729912
0.028904428904428906
0.0
0.006240762029889966
0.0
0.0
0.0
0.0
0.0
0.0075435203094777565
0.0
0.0