0.0
0.003332184304262898
0.0
0.024564640756544805
0.0
0.006158789663944303
0.0
0.004373377067104004
0.005534221820646035
0.0011441647597254005
0.005216426193118757
0.0031317494600431968
0.004951752158456069
0.0038402457757296467
0.0
0.0040595399188092015
0.0
0.0010718113612004287
0.0
0.006551807813637467
0.0
0.0
0.00022376370552696352
0.005322763306908267
0.0020816468139239043
0.0026939655172413795
0.010511175038725382
0.0
0.0022339800117577896
0.0
0.00872093023255814
0.0020329794443189517
0.0002418379685610641
0.002780451288632232
0.0
0.0
0.0056001947893839785
0.004750288868917704
0.0
0.00023705108450871164
0.0
0.0
0.0
0.0
0.0028735632183908046
0.0012865497076023392
0.0019421912487147263
0.002005515166708448
0.0
0.0
0.00160393498716852
0.0017059024223814397
0.00012419274714356682
0.009971014492753623
0.0
0.0003755633450175263
0.00011649580615097856
0.0
0.0017857142857142857
0.0074221338634857525
0.0
0.0
0.0
0.0
0.007661520869068039
0.0
0.0
0.0003160556257901391
0.0
0.0
0.006982617738820383
0.0
0.0
0.0
0.0
0.0
0.0003606636210627555
0.0
0.011782372646413308
0.0
0.008542501581944738
0.0
0.0007539582809751194
0.008583690987124463
0.0
0.0
0.004577656675749319
0.0
0.0048891786179921775
0.0
0.004345127250155183
0.0
0.007911054094505024
0.0
0.008271824891829982
0.007114328507239141
0.00010694043417816276
0.00776006711409396
0.0
0.0