1 22 456
2 22 607
3 22 557
4 22 609
5 22 559
6 22 547
7 22 620
8 22 513
9 22 565
10 22 494
11 22 586
12 22 590
13 22 642
14 22 591
15 22 449
16 22 543
17 22 537
18 22 577
19 22 548
20 22 397
21 22 624
22 22 597
23 22 576
24 22 589
25 22 573
26 22 627
27 22 502
28 22 516
29 22 458
30 22 473
31 22 483
32 22 388
33 22 544
34 22 498
35 22 659
36 22 474
37 22 464
38 22 534
39 22 492
40 22 469
41 22 604
42 22 486
43 22 474
44 22 500
45 22 504
46 22 597
47 22 567
48 22 505
49 22 579
50 22 529
51 22 564
52 22 476
53 22 574
54 22 506
55 22 512
56 22 575
57 22 459
58 22 538
59 22 576
60 22 378
61 22 568
62 22 664
63 22 570
64 22 545
65 22 543
66 22 542
67 22 516
68 22 414
69 22 488
70 22 695
71 22 414
72 22 526
73 22 575
74 22 535
75 22 523
76 22 469
77 22 494
78 22 514
79 22 672
80 22 597
81 22 526
82 22 401
83 22 601
84 22 650
85 22 604
86 22 556
87 22 460
88 22 592
89 22 451
90 22 560
91 22 490
92 22 483
93 22 463
94 22 465
95 22 557
96 22 500
97 22 543
98 22 580
99 22 473
100 22 505