5.125999450683594e-05
3.5762786865234375e-05
3.1948089599609375e-05
3.24249267578125e-05
3.2901763916015625e-05
3.337860107421875e-05
3.3855438232421875e-05
0.00012230873107910156
3.528594970703125e-05
3.457069396972656e-05
3.504753112792969e-05
3.314018249511719e-05
3.600120544433594e-05
0.00011515617370605469
3.5762786865234375e-05
2.9802322387695312e-05
2.8848648071289062e-05
2.8371810913085938e-05
2.8371810913085938e-05
2.8133392333984375e-05
2.8133392333984375e-05
2.8371810913085938e-05
2.8848648071289062e-05
2.86102294921875e-05
2.8371810913085938e-05
2.8133392333984375e-05
2.9325485229492188e-05
2.9325485229492188e-05
2.86102294921875e-05
2.8133392333984375e-05
2.8133392333984375e-05
2.8133392333984375e-05
2.8133392333984375e-05
2.765655517578125e-05
2.8371810913085938e-05
2.7894973754882812e-05
2.7894973754882812e-05
2.7894973754882812e-05
2.8133392333984375e-05
2.8133392333984375e-05
2.8371810913085938e-05
2.8133392333984375e-05
2.7894973754882812e-05
2.8371810913085938e-05
2.765655517578125e-05
2.8371810913085938e-05
2.8133392333984375e-05
2.8133392333984375e-05
2.8133392333984375e-05
2.8371810913085938e-05
2.8133392333984375e-05
2.8371810913085938e-05
2.8133392333984375e-05
2.7894973754882812e-05
2.8133392333984375e-05
2.8371810913085938e-05
2.7894973754882812e-05
2.7894973754882812e-05
2.6941299438476562e-05
2.7418136596679688e-05
2.7418136596679688e-05
2.7418136596679688e-05
2.6941299438476562e-05
2.7418136596679688e-05
2.6941299438476562e-05
2.7179718017578125e-05
2.8371810913085938e-05
2.7418136596679688e-05
2.7418136596679688e-05
2.7179718017578125e-05
2.7179718017578125e-05
2.7418136596679688e-05
2.7418136596679688e-05
2.6941299438476562e-05
2.7418136596679688e-05
2.765655517578125e-05
3.5762786865234375e-05
2.765655517578125e-05
3.0517578125e-05
3.147125244140625e-05
2.8848648071289062e-05
2.8371810913085938e-05
2.8848648071289062e-05
2.86102294921875e-05
2.9087066650390625e-05
2.8133392333984375e-05
2.8848648071289062e-05
2.8133392333984375e-05
2.8371810913085938e-05
2.8371810913085938e-05
2.86102294921875e-05
2.8371810913085938e-05
2.86102294921875e-05
2.8133392333984375e-05
2.7894973754882812e-05
2.8133392333984375e-05
2.7894973754882812e-05
2.8133392333984375e-05
2.86102294921875e-05
2.765655517578125e-05