3.266334533691406e-05
1.430511474609375e-05
1.3113021850585938e-05
1.239776611328125e-05
1.239776611328125e-05
1.2159347534179688e-05
1.239776611328125e-05
1.2159347534179688e-05
1.1920928955078125e-05
1.1920928955078125e-05
1.2159347534179688e-05
1.1920928955078125e-05
1.239776611328125e-05
1.2159347534179688e-05
1.2636184692382812e-05
1.2159347534179688e-05
1.2636184692382812e-05
1.2159347534179688e-05
1.2159347534179688e-05
1.239776611328125e-05
1.2159347534179688e-05
2.5987625122070312e-05
1.1444091796875e-05
1.1444091796875e-05
1.1920928955078125e-05
1.2874603271484375e-05
2.4080276489257812e-05
1.1205673217773438e-05
1.33514404296875e-05
1.2159347534179688e-05
1.1920928955078125e-05
1.1682510375976562e-05
1.2159347534179688e-05
1.1920928955078125e-05
1.2159347534179688e-05
1.1444091796875e-05
1.0967254638671875e-05
1.1444091796875e-05
1.1682510375976562e-05
1.1205673217773438e-05
1.1682510375976562e-05
1.1444091796875e-05
1.1444091796875e-05
1.1205673217773438e-05
1.1205673217773438e-05
1.1205673217773438e-05
1.1205673217773438e-05
1.0967254638671875e-05
1.1444091796875e-05
1.1444091796875e-05
1.1444091796875e-05
1.1205673217773438e-05
1.1444091796875e-05
1.1205673217773438e-05
1.1444091796875e-05
1.1205673217773438e-05
1.1682510375976562e-05
1.1205673217773438e-05
1.1444091796875e-05
1.0967254638671875e-05
1.33514404296875e-05
1.2159347534179688e-05
1.1682510375976562e-05
1.1444091796875e-05
1.1682510375976562e-05
1.1682510375976562e-05
1.1205673217773438e-05
1.1444091796875e-05
1.1682510375976562e-05
2.7894973754882812e-05
1.1444091796875e-05
1.1444091796875e-05
1.0967254638671875e-05
1.1682510375976562e-05
1.1205673217773438e-05
1.1682510375976562e-05
1.1444091796875e-05
1.0967254638671875e-05
1.1444091796875e-05
1.0967254638671875e-05
1.1682510375976562e-05
1.1920928955078125e-05
1.1444091796875e-05
1.0967254638671875e-05
1.1205673217773438e-05
1.1682510375976562e-05
1.0967254638671875e-05
1.3589859008789062e-05
1.1682510375976562e-05
1.1205673217773438e-05
1.1205673217773438e-05
1.1444091796875e-05
1.1205673217773438e-05
1.1920928955078125e-05
1.1444091796875e-05
1.1444091796875e-05
1.0967254638671875e-05
1.1682510375976562e-05
3.528594970703125e-05
1.2159347534179688e-05