5.245208740234375e-05
4.1484832763671875e-05
2.5510787963867188e-05
2.47955322265625e-05
2.4318695068359375e-05
2.4080276489257812e-05
2.4080276489257812e-05
2.4318695068359375e-05
2.4318695068359375e-05
2.4318695068359375e-05
2.4080276489257812e-05
2.47955322265625e-05
3.8623809814453125e-05
2.5033950805664062e-05
2.4318695068359375e-05
2.4318695068359375e-05
2.4080276489257812e-05
2.5987625122070312e-05
2.5033950805664062e-05
2.4318695068359375e-05
2.5510787963867188e-05
2.4557113647460938e-05
3.814697265625e-05
2.4557113647460938e-05
2.4318695068359375e-05
4.291534423828125e-05
2.4080276489257812e-05
2.4318695068359375e-05
3.790855407714844e-05
2.4557113647460938e-05
3.7670135498046875e-05
2.4318695068359375e-05
2.4318695068359375e-05
2.4080276489257812e-05
2.4080276489257812e-05
4.458427429199219e-05
2.4080276489257812e-05
2.4318695068359375e-05
3.7670135498046875e-05
3.790855407714844e-05
5.650520324707031e-05
2.5033950805664062e-05
3.886222839355469e-05
2.4318695068359375e-05
4.267692565917969e-05
2.3603439331054688e-05
2.4080276489257812e-05
2.4080276489257812e-05
2.4080276489257812e-05
2.4080276489257812e-05
3.7670135498046875e-05
2.384185791015625e-05
2.384185791015625e-05
2.4318695068359375e-05
2.384185791015625e-05
2.384185791015625e-05
3.838539123535156e-05
3.7670135498046875e-05
2.4557113647460938e-05
2.4080276489257812e-05
3.790855407714844e-05
6.031990051269531e-05
2.4080276489257812e-05
4.076957702636719e-05
2.384185791015625e-05
2.4318695068359375e-05
2.4318695068359375e-05
2.4080276489257812e-05
3.814697265625e-05
2.4557113647460938e-05
2.4318695068359375e-05
2.5510787963867188e-05
4.076957702636719e-05
2.5272369384765625e-05
3.814697265625e-05
4.9114227294921875e-05
2.4318695068359375e-05
2.47955322265625e-05
2.384185791015625e-05
2.4318695068359375e-05
2.384185791015625e-05
2.384185791015625e-05
2.4318695068359375e-05
2.384185791015625e-05
2.384185791015625e-05
2.4080276489257812e-05
2.4080276489257812e-05
2.4080276489257812e-05
2.384185791015625e-05
2.4080276489257812e-05
2.4080276489257812e-05
2.384185791015625e-05
2.4318695068359375e-05
2.384185791015625e-05
2.384185791015625e-05
2.4080276489257812e-05
2.384185791015625e-05
2.3603439331054688e-05
2.4080276489257812e-05
2.4080276489257812e-05