0.0008947849273681641
0.0007593631744384766
0.0005278587341308594
0.0007798671722412109
0.0047609806060791016
0.0028226375579833984
0.0008463859558105469
0.003195524215698242
0.0014789104461669922
0.00404810905456543
0.0012738704681396484
0.0002715587615966797
0.0012216567993164062
0.0005755424499511719
0.0007412433624267578
0.0015411376953125
0.0029447078704833984
0.0008332729339599609
0.0008330345153808594
0.001165151596069336
0.0017070770263671875
0.0006525516510009766
0.0005671977996826172
0.0008635520935058594
0.00032401084899902344
0.0022711753845214844
0.0010342597961425781
0.0025739669799804688
0.0004956722259521484
0.0007431507110595703
0.0019578933715820312
0.0008955001831054688
0.002144336700439453
0.001211404800415039
0.003451824188232422
0.0009596347808837891
0.012437582015991211
0.0023813247680664062
0.0009343624114990234
0.0038156509399414062
0.0015513896942138672
0.004278898239135742
0.0006265640258789062
0.0005781650543212891
0.0014007091522216797
0.002892017364501953
0.001279592514038086
0.001653909683227539
0.0006227493286132812
0.0005967617034912109
0.0028963088989257812
0.0024323463439941406
0.00038242340087890625
0.0017304420471191406
0.003332853317260742
0.001325845718383789
0.001798868179321289
0.0006134510040283203
0.0033483505249023438
0.003729581832885742
0.0012784004211425781
0.0002944469451904297
0.0009949207305908203
0.002135038375854492
0.0011341571807861328
0.001399993896484375
0.001222848892211914
0.001222372055053711
0.001990795135498047
0.000652313232421875
0.0015850067138671875
0.002674102783203125
0.003444194793701172
0.0008823871612548828
0.000858306884765625
0.0016129016876220703
0.0018303394317626953
0.0002295970916748047
0.0007140636444091797
0.0016379356384277344
0.002042055130004883
0.0004894733428955078
0.006448268890380859
0.002582073211669922
0.0015048980712890625
0.0012922286987304688
0.0007307529449462891
0.001188516616821289
0.0028471946716308594
0.0019159317016601562
0.0004343986511230469
0.001111745834350586
0.0011277198791503906
0.0012216567993164062
0.0017921924591064453
0.0014820098876953125
0.0013151168823242188
0.0010595321655273438
0.0012912750244140625
0.0011820793151855469