0.1328113079071045
0.13004469871520996
0.12138700485229492
0.10373401641845703
0.10676836967468262
0.12776851654052734
0.09813332557678223
0.08846402168273926
0.12423205375671387
0.14905214309692383
0.13611221313476562
0.1302638053894043
0.07766461372375488
0.13722658157348633
0.13007688522338867
0.10158777236938477
0.08330106735229492
0.10050535202026367
0.09331178665161133
0.1172323226928711
0.12543630599975586
0.1216268539428711
0.20862770080566406
0.12022924423217773
0.16736793518066406
0.12651348114013672
0.12458348274230957
0.11385941505432129
0.09700822830200195
0.09356522560119629
0.11406946182250977
0.10016274452209473
0.08589673042297363
0.13458800315856934
0.15717458724975586
0.11503386497497559
0.12123441696166992
0.09169721603393555
0.12968993186950684
0.10691237449645996
0.09684514999389648
0.0967092514038086
0.08046650886535645
0.08261585235595703
0.10992813110351562
0.10437130928039551
0.12792539596557617
0.1098794937133789
0.0918729305267334
0.11751103401184082
0.10311770439147949
0.11325860023498535
0.09343528747558594
0.10998725891113281
0.10889506340026855
0.09507298469543457
0.08064031600952148
0.15185785293579102
0.10812759399414062
0.09863448143005371
0.08018803596496582
0.1096038818359375
0.14801692962646484
0.15325379371643066
0.11823225021362305
0.11768507957458496
0.0970306396484375
0.07614469528198242
0.09642696380615234
0.1004488468170166
0.09515190124511719
0.09782075881958008
0.07875919342041016
0.10209131240844727
0.12255477905273438
0.12659668922424316
0.16598963737487793
0.09364771842956543
0.15695452690124512
0.11380982398986816
0.1314687728881836
0.16154265403747559
0.12296795845031738
0.11474323272705078
0.08091950416564941
0.07763028144836426
0.10966300964355469
0.06055712699890137
0.11274552345275879
0.12624549865722656
0.10719823837280273
0.09433841705322266
0.11155223846435547
0.13576436042785645
0.14355897903442383
0.1359560489654541
0.09265446662902832
0.10700440406799316
0.095367431640625
0.12402486801147461