0.2643904685974121
0.3280620574951172
0.23613500595092773
0.277484655380249
0.24479103088378906
0.29012203216552734
0.31792330741882324
0.22866320610046387
0.27583861351013184
0.19856905937194824
0.2499706745147705
0.1838216781616211
0.2801241874694824
0.2567172050476074
0.25781750679016113
0.2763955593109131
0.27245259284973145
0.25940895080566406
0.29824280738830566
0.29650068283081055
0.25659799575805664
0.3362414836883545
0.27254509925842285
0.2389676570892334
0.2691323757171631
0.2411789894104004
0.2258462905883789
0.25917768478393555
0.26421618461608887
0.27322864532470703
0.2781832218170166
0.28513479232788086
0.2892122268676758
0.2589097023010254
0.2554898262023926
0.32428717613220215
0.24111127853393555
0.2189502716064453
0.29670286178588867
0.27208900451660156
0.24286246299743652
0.22703218460083008
0.26065921783447266
0.25054502487182617
0.19963765144348145
0.24699974060058594
0.2390131950378418
0.3054323196411133
0.28320884704589844
0.30277180671691895
0.28693199157714844
0.2826681137084961
0.1829226016998291
0.2001965045928955
0.2167065143585205
0.2961273193359375
0.297926664352417
0.2444901466369629
0.28203535079956055
0.2630903720855713
0.2677280902862549
0.22677159309387207
0.2727656364440918
0.27706122398376465
0.2770211696624756
0.24025607109069824
0.25288820266723633
0.25482845306396484
0.2444164752960205
0.2924199104309082
0.24869441986083984
0.24609947204589844
0.21164226531982422
0.2508113384246826
0.2485659122467041
0.30516552925109863
0.23166441917419434
0.3003513813018799
0.24888324737548828
0.27218103408813477
0.253751277923584
0.3370499610900879
0.2563505172729492
0.18584609031677246
0.28156280517578125
0.27496337890625
0.33515214920043945
0.25138163566589355
0.27837681770324707
0.2771878242492676
0.2664501667022705
0.2340247631072998
0.23519635200500488
0.2510039806365967
0.23986029624938965
0.31235790252685547
0.31348276138305664
0.22148942947387695
0.2876596450805664
0.3344268798828125