uf20-0768.mwcnf 59253 1 2 -3 4 5 -6 7 -8 -9 10 11 -12 13 -14 -15 -16 -17 18 -19 20 0
uf20-0218.mwcnf 52034 -1 2 3 4 5 6 7 -8 9 -10 -11 12 13 -14 -15 -16 17 18 -19 -20 0
uf20-0881.mwcnf 133233 1 2 3 4 -5 6 7 -8 9 -10 11 12 13 -14 15 16 17 18 19 20 0
uf20-0216.mwcnf 62523 1 -2 -3 4 -5 -6 -7 8 9 10 -11 12 13 14 15 -16 17 18 19 20 0
uf20-0254.mwcnf 91480 1 2 -3 4 5 6 7 8 9 10 11 12 13 14 15 16 -17 18 19 20 0
uf20-0974.mwcnf 131840 1 2 3 4 5 6 7 8 -9 10 -11 12 13 14 15 -16 17 18 -19 20 0
uf20-0888.mwcnf 111136 -1 2 3 4 5 -6 7 8 9 10 11 12 13 14 -15 -16 17 -18 19 -20 0
uf20-0879.mwcnf 137201 1 2 3 4 5 6 7 8 -9 10 11 12 13 14 15 16 17 18 19 20 0
uf20-0576.mwcnf 24222 1 -2 3 4 5 6 7 8 9 10 -11 12 13 14 -15 16 17 -18 -19 20 0
uf20-0490.mwcnf 26765 -1 -2 3 4 5 -6 7 8 9 -10 11 -12 13 14 -15 16 -17 -18 -19 20 0
uf20-0883.mwcnf 114567 -1 -2 3 -4 5 6 7 8 9 -10 11 12 13 14 -15 16 17 18 -19 -20 0
uf20-0232.mwcnf 86208 -1 -2 3 4 5 6 7 8 9 -10 11 12 13 14 15 16 17 18 19 -20 0
uf20-0775.mwcnf 133212 -1 -2 3 4 5 6 -7 -8 9 10 -11 12 13 14 15 16 17 18 19 20 0
uf20-0591.mwcnf 23135 1 -2 3 -4 5 6 -7 8 9 -10 11 12 13 14 15 16 -17 18 -19 20 0
uf20-0251.mwcnf 69472 1 -2 3 4 5 6 7 8 -9 10 -11 -12 -13 14 -15 16 17 18 -19 20 0
uf20-0857.mwcnf 122396 -1 2 -3 4 5 6 -7 8 9 10 11 12 13 -14 15 -16 17 18 19 20 0
uf20-0552.mwcnf 10587 1 2 -3 -4 5 -6 7 -8 9 10 -11 -12 13 14 15 16 17 18 19 20 0
uf20-063.mwcnf 23829 1 2 3 -4 5 6 -7 8 9 10 11 12 13 14 15 16 17 18 19 20 0
uf20-0938.mwcnf 105884 -1 2 3 4 5 -6 7 8 -9 10 11 12 13 14 -15 16 17 -18 19 20 0
uf20-067.mwcnf 23169 -1 2 3 4 5 6 -7 8 9 10 11 12 -13 14 15 -16 -17 18 19 20 0
uf20-0567.mwcnf 8884 -1 -2 -3 4 -5 -6 -7 8 9 10 11 12 -13 14 15 -16 17 -18 -19 -20 0
uf20-0186.mwcnf 31259 -1 -2 3 -4 5 6 7 -8 9 -10 -11 12 13 14 15 -16 17 -18 -19 -20 0
uf20-0542.mwcnf 21729 1 2 3 4 5 6 7 8 9 10 11 -12 13 -14 15 16 17 18 19 20 0
uf20-0892.mwcnf 109367 1 2 3 4 5 -6 7 8 9 10 11 12 13 14 15 16 -17 -18 -19 -20 0
uf20-0329.mwcnf 72727 -1 -2 -3 4 5 -6 -7 8 9 10 11 12 13 14 -15 -16 17 18 19 20 0
uf20-0600.mwcnf 26647 1 -2 3 4 -5 6 7 8 9 10 11 12 13 14 -15 -16 17 18 19 20 0
uf20-0210.mwcnf 94074 1 -2 3 4 5 6 7 8 -9 10 11 12 13 14 15 16 -17 -18 19 -20 0
uf20-0500.mwcnf 17519 1 2 3 4 5 6 7 -8 -9 10 11 -12 13 14 15 16 -17 -18 19 -20 0
uf20-0724.mwcnf 16477 1 2 3 4 5 6 7 8 -9 10 11 12 13 14 15 16 17 18 19 20 0
uf20-0332.mwcnf 93395 1 2 3 -4 5 6 -7 8 9 10 11 12 13 -14 15 16 17 18 19 20 0
uf20-0359.mwcnf 47548 -1 -2 3 -4 5 -6 7 8 -9 10 11 12 13 -14 15 -16 -17 18 -19 -20 0
uf20-0297.mwcnf 48241 1 2 3 4 5 -6 7 -8 9 -10 11 12 -13 -14 15 -16 17 -18 19 -20 0
uf20-0846.mwcnf 99702 1 2 3 4 5 6 -7 8 9 -10 11 12 13 14 15 16 17 18 19 20 0
uf20-0276.mwcnf 60146 1 -2 -3 4 5 6 7 8 9 10 11 12 13 -14 15 -16 17 18 19 20 0
uf20-0203.mwcnf 75770 1 2 3 4 5 -6 -7 8 -9 10 -11 -12 13 -14 15 16 17 18 19 20 0
uf20-0925.mwcnf 114760 -1 2 3 4 5 6 -7 8 9 10 11 -12 13 14 15 16 17 18 19 -20 0
uf20-0807.mwcnf 68066 1 -2 -3 -4 5 6 -7 -8 -9 10 -11 12 13 -14 15 16 17 18 19 -20 0
uf20-0120.mwcnf 37483 1 -2 -3 4 5 6 7 -8 -9 -10 11 12 -13 14 -15 -16 17 18 -19 -20 0
uf20-0796.mwcnf 159220 1 2 3 4 5 -6 7 -8 -9 10 11 -12 13 14 15 16 -17 18 19 20 0
uf20-0125.mwcnf 38794 1 2 3 -4 5 6 7 8 -9 10 11 12 13 -14 -15 16 17 -18 19 20 0
uf20-0950.mwcnf 133317 1 -2 -3 4 5 6 7 8 9 10 11 12 13 14 15 16 17 18 19 20 0
uf20-0536.mwcnf 20576 1 2 -3 -4 5 -6 7 8 9 -10 -11 12 13 14 15 16 17 18 -19 20 0
uf20-0560.mwcnf 20155 1 2 3 -4 5 6 7 8 9 10 11 12 13 14 -15 -16 17 -18 19 20 0
uf20-0923.mwcnf 89661 1 2 3 4 -5 -6 7 8 9 10 11 12 -13 -14 15 16 17 18 19 20 0
uf20-0887.mwcnf 130418 1 2 -3 -4 5 6 7 8 9 -10 11 12 13 14 15 16 17 18 19 -20 0
uf20-0227.mwcnf 65259 1 2 3 4 5 6 7 8 9 -10 -11 12 13 14 15 16 17 18 19 20 0
uf20-0663.mwcnf 21282 -1 2 -3 4 -5 -6 7 8 9 10 11 12 -13 14 15 -16 17 18 19 20 0
uf20-0971.mwcnf 153601 1 2 3 4 -5 6 7 -8 9 10 11 -12 13 14 15 16 17 -18 19 -20 0
uf20-0198.mwcnf 77604 -1 2 3 4 5 -6 7 -8 -9 10 11 12 13 -14 15 16 17 18 19 20 0
uf20-0727.mwcnf 17012 -1 2 3 4 5 6 -7 8 9 10 11 12 13 -14 15 16 17 -18 19 -20 0
uf20-0584.mwcnf 17272 -1 2 -3 4 5 6 -7 8 9 -10 -11 12 13 -14 -15 16 17 18 19 20 0
uf20-0641.mwcnf 11801 1 -2 3 -4 5 -6 -7 8 -9 10 11 -12 -13 14 15 16 17 18 19 -20 0
uf20-0826.mwcnf 56304 -1 -2 3 4 -5 6 7 -8 9 -10 11 12 13 14 -15 16 17 -18 19 20 0
uf20-0226.mwcnf 79832 1 2 -3 -4 5 6 -7 -8 9 10 11 12 13 14 -15 -16 17 18 19 20 0
uf20-0279.mwcnf 71463 1 -2 3 4 5 6 7 8 9 10 11 12 13 14 15 16 -17 -18 -19 20 0
uf20-0566.mwcnf 26287 1 2 3 4 -5 6 7 8 9 10 11 12 13 14 15 -16 17 18 19 20 0
uf20-0988.mwcnf 81611 1 -2 3 4 -5 6 -7 8 -9 -10 -11 12 13 -14 15 16 17 18 19 -20 0
uf20-040.mwcnf 51590 1 2 3 4 5 6 -7 -8 -9 -10 -11 12 -13 14 15 16 17 -18 19 -20 0
uf20-0959.mwcnf 87809 1 2 3 -4 -5 6 7 8 -9 -10 11 12 13 14 15 -16 17 18 19 20 0
uf20-0217.mwcnf 88337 1 2 3 4 5 -6 7 -8 9 10 -11 12 13 -14 15 16 17 18 19 20 0
uf20-0680.mwcnf 20947 1 2 3 4 5 6 -7 8 9 10 11 12 13 14 15 16 17 18 19 20 0
uf20-0460.mwcnf 52422 1 2 3 4 5 -6 7 8 -9 10 11 12 13 -14 15 -16 17 18 -19 20 0
uf20-0774.mwcnf 102559 -1 2 -3 -4 5 -6 7 8 9 -10 -11 12 -13 14 -15 16 17 18 -19 20 0
uf20-0720.mwcnf 13319 1 -2 3 4 5 6 -7 8 9 10 11 -12 -13 14 -15 16 -17 18 19 20 0
uf20-0328.mwcnf 73590 1 2 -3 4 5 6 -7 8 -9 10 11 12 13 14 15 -16 17 -18 19 20 0
uf20-0228.mwcnf 85065 1 2 3 4 5 6 7 8 9 -10 11 12 -13 14 -15 16 -17 18 19 20 0
uf20-0579.mwcnf 12138 1 2 3 4 5 -6 7 8 9 -10 11 12 -13 14 15 16 -17 18 19 -20 0
uf20-0771.mwcnf 78368 1 2 3 -4 5 6 7 8 -9 -10 11 -12 13 -14 15 -16 17 18 -19 -20 0
uf20-0424.mwcnf 86112 -1 2 -3 4 5 -6 -7 8 9 10 11 12 -13 14 15 16 17 18 19 20 0
uf20-0113.mwcnf 97413 -1 2 3 4 5 6 -7 8 9 10 11 12 13 14 15 16 17 18 19 20 0
uf20-0803.mwcnf 120263 1 2 3 -4 5 6 7 -8 9 10 11 12 13 14 15 16 17 18 19 20 0
uf20-0639.mwcnf 21321 1 -2 3 4 -5 -6 -7 8 9 10 11 12 13 14 -15 16 -17 -18 19 20 0
uf20-0305.mwcnf 57791 1 2 3 4 -5 6 7 8 -9 10 -11 -12 13 14 15 16 17 18 -19 20 0
uf20-0553.mwcnf 10814 1 2 3 -4 -5 -6 7 8 9 -10 -11 12 13 14 15 -16 -17 18 -19 -20 0
uf20-01000.mwcnf 77918 1 2 3 4 -5 -6 -7 -8 9 10 11 -12 13 14 -15 16 -17 18 19 20 0
uf20-0292.mwcnf 62173 1 -2 3 -4 5 6 -7 8 9 -10 11 12 13 14 15 16 17 18 19 20 0
uf20-0954.mwcnf 93242 1 2 3 4 5 6 7 8 -9 -10 11 -12 13 14 15 16 17 18 19 -20 0
uf20-0211.mwcnf 82997 1 -2 3 4 5 6 7 -8 9 -10 11 -12 13 14 15 16 -17 18 -19 -20 0
uf20-0574.mwcnf 15654 -1 2 3 4 5 6 7 8 9 10 11 12 13 14 -15 16 17 18 19 -20 0
uf20-0126.mwcnf 39804 1 -2 3 4 -5 6 7 8 9 10 11 12 -13 14 15 16 -17 -18 -19 20 0
uf20-0161.mwcnf 68300 1 -2 3 -4 5 6 7 8 9 10 11 12 13 14 -15 16 -17 18 19 20 0
uf20-0323.mwcnf 92542 -1 2 3 -4 5 -6 7 8 9 10 -11 -12 13 14 15 16 17 18 19 20 0
uf20-0256.mwcnf 66964 -1 -2 3 4 5 6 7 8 9 10 11 12 13 14 -15 16 17 18 19 20 0
uf20-0804.mwcnf 64783 -1 2 3 4 -5 -6 -7 8 9 -10 -11 12 -13 14 15 -16 -17 18 -19 20 0
uf20-0793.mwcnf 121784 1 -2 3 4 5 6 -7 -8 9 10 11 12 13 14 15 16 17 18 19 20 0
uf20-0769.mwcnf 97385 1 2 -3 -4 -5 6 7 8 -9 10 11 -12 13 -14 15 16 -17 18 19 20 0
uf20-0707.mwcnf 18022 1 2 -3 4 5 6 7 -8 -9 10 11 12 13 14 -15 -16 17 -18 19 -20 0
uf20-0897.mwcnf 123409 1 2 -3 -4 5 6 7 8 9 10 11 12 -13 -14 -15 16 -17 18 -19 20 0
uf20-0182.mwcnf 86821 -1 2 3 4 5 6 7 -8 9 10 11 12 13 14 15 16 17 18 -19 20 0
uf20-0306.mwcnf 83967 -1 2 -3 4 -5 6 7 8 -9 10 11 12 13 14 15 16 17 18 19 -20 0
uf20-0231.mwcnf 52313 -1 -2 3 4 5 -6 -7 -8 -9 -10 11 12 13 -14 15 16 17 -18 -19 20 0
uf20-0918.mwcnf 120334 1 2 3 4 5 6 7 -8 -9 10 -11 12 13 14 -15 16 17 -18 19 20 0
uf20-083.mwcnf 61664 1 2 3 4 -5 -6 7 8 -9 10 11 -12 13 14 -15 -16 17 -18 -19 20 0
uf20-0848.mwcnf 92671 1 2 -3 4 5 -6 7 8 -9 10 -11 -12 13 14 15 16 17 18 19 20 0
uf20-0403.mwcnf 66389 -1 2 3 -4 5 -6 7 8 9 10 11 -12 13 14 15 16 17 18 19 20 0
uf20-085.mwcnf 103675 1 2 3 4 5 6 7 8 9 10 11 12 -13 -14 15 16 17 18 19 -20 0
uf20-0261.mwcnf 76643 1 -2 3 4 5 6 -7 8 9 10 11 12 13 14 15 16 17 18 -19 20 0
uf20-0609.mwcnf 13482 -1 2 -3 -4 -5 6 7 8 9 10 -11 -12 13 14 -15 16 17 -18 19 -20 0
uf20-0628.mwcnf 18304 1 -2 3 4 5 6 -7 8 9 10 11 12 13 14 15 16 17 18 19 -20 0
uf20-0705.mwcnf 15739 -1 2 3 4 5 6 7 8 -9 10 11 12 -13 14 15 16 17 18 19 -20 0
uf20-0752.mwcnf 21000 1 2 3 4 5 6 7 8 -9 10 11 -12 -13 14 15 16 17 18 -19 20 0
uf20-0851.mwcnf 36576 1 -2 -3 -4 5 -6 -7 8 9 10 11 -12 -13 -14 -15 -16 -17 -18 19 -20 0
uf20-0224.mwcnf 77868 1 -2 3 4 5 6 7 -8 9 10 11 12 13 -14 -15 16 17 18 -19 20 0
uf20-030.mwcnf 45174 -1 2 -3 4 -5 6 -7 -8 9 10 11 12 13 14 15 -16 -17 18 -19 -20 0
uf20-0697.mwcnf 21020 1 2 -3 4 5 6 7 8 9 10 11 12 13 14 15 16 17 18 19 -20 0
uf20-0863.mwcnf 131493 -1 2 3 4 5 6 7 8 9 -10 11 12 13 14 15 16 17 18 19 20 0
uf20-0631.mwcnf 14599 1 2 -3 4 -5 6 7 -8 -9 10 11 -12 13 -14 15 16 17 -18 19 20 0
uf20-0173.mwcnf 21212 1 -2 -3 4 -5 6 7 8 9 -10 -11 -12 -13 14 15 -16 -17 18 -19 20 0
uf20-0463.mwcnf 55175 1 -2 -3 4 5 -6 7 -8 -9 10 11 12 13 14 -15 -16 17 18 -19 20 0
uf20-073.mwcnf 19881 1 2 3 4 5 -6 7 -8 -9 10 11 12 13 14 15 16 -17 -18 19 -20 0
uf20-0504.mwcnf 15213 -1 -2 3 -4 5 6 -7 -8 -9 -10 11 12 13 -14 15 16 17 18 19 -20 0
uf20-0363.mwcnf 61095 -1 2 3 -4 -5 6 -7 8 9 10 11 12 13 14 15 16 -17 18 19 -20 0
uf20-0378.mwcnf 62648 1 2 3 4 5 6 7 -8 9 10 11 12 13 14 15 -16 17 18 -19 20 0
uf20-0559.mwcnf 6203 -1 -2 -3 -4 -5 -6 7 -8 -9 10 11 -12 13 -14 15 16 17 18 -19 -20 0
uf20-0896.mwcnf 98929 -1 2 -3 4 5 6 -7 8 9 -10 11 12 -13 -14 15 16 17 18 19 20 0
uf20-0483.mwcnf 30885 -1 2 -3 4 -5 -6 7 8 -9 -10 11 12 -13 -14 -15 -16 -17 18 19 20 0
uf20-011.mwcnf 42418 1 2 3 4 5 6 7 -8 -9 -10 -11 12 -13 14 -15 -16 17 18 19 20 0
uf20-0596.mwcnf 15126 1 -2 3 4 5 -6 -7 -8 9 10 -11 12 13 -14 15 -16 17 18 -19 20 0
uf20-0900.mwcnf 81591 -1 2 3 -4 5 6 7 8 9 -10 -11 12 13 -14 -15 16 17 -18 -19 20 0
uf20-0967.mwcnf 75101 1 2 3 4 5 6 -7 8 9 10 11 12 -13 14 -15 16 17 18 19 -20 0
uf20-0581.mwcnf 15476 1 -2 3 -4 5 6 7 -8 9 -10 -11 12 13 -14 -15 16 17 18 -19 20 0
uf20-0763.mwcnf 102465 -1 2 3 4 5 -6 7 8 -9 10 -11 12 13 -14 15 16 17 18 19 20 0
uf20-0530.mwcnf 10928 1 -2 3 -4 5 6 7 -8 9 -10 -11 12 -13 -14 15 16 -17 -18 19 20 0
uf20-0931.mwcnf 119744 -1 2 -3 -4 5 6 7 8 9 10 11 12 13 -14 15 16 17 18 19 -20 0
uf20-0905.mwcnf 89814 1 2 3 4 5 -6 7 -8 9 -10 11 -12 13 -14 15 16 17 -18 -19 20 0
uf20-0535.mwcnf 27573 -1 2 3 4 5 6 7 8 9 10 11 12 13 -14 15 16 17 18 19 -20 0
uf20-0610.mwcnf 22804 -1 2 3 4 5 6 7 -8 -9 10 -11 12 13 14 15 16 17 18 19 20 0
uf20-0219.mwcnf 56549 -1 -2 3 -4 -5 -6 7 8 9 10 -11 12 -13 -14 15 -16 17 -18 19 -20 0
uf20-0595.mwcnf 20667 -1 2 3 4 5 6 7 8 9 10 11 12 13 14 15 16 17 18 19 -20 0
uf20-0659.mwcnf 14541 1 2 3 -4 5 6 7 -8 9 10 11 -12 13 -14 -15 16 17 -18 19 20 0
uf20-0249.mwcnf 40200 1 -2 -3 -4 5 -6 -7 8 -9 10 -11 12 13 14 15 16 -17 -18 19 20 0
uf20-0412.mwcnf 73984 -1 2 -3 4 5 6 7 8 9 -10 11 12 13 14 15 16 17 18 19 20 0
uf20-016.mwcnf 55424 1 2 3 4 -5 -6 7 8 9 10 -11 12 13 -14 15 -16 -17 18 -19 20 0
uf20-0298.mwcnf 57603 1 2 3 4 5 6 -7 -8 9 10 -11 12 -13 14 15 -16 17 18 19 20 0
uf20-0289.mwcnf 32829 1 2 3 4 -5 -6 -7 -8 -9 10 -11 -12 13 -14 15 16 17 -18 19 -20 0
uf20-0263.mwcnf 67740 1 2 3 4 5 6 -7 -8 9 10 11 12 -13 14 15 16 17 18 19 20 0
uf20-0405.mwcnf 69928 1 2 3 4 -5 6 7 -8 9 10 -11 -12 13 14 15 16 17 18 -19 -20 0
uf20-0814.mwcnf 64993 1 2 3 -4 5 6 -7 8 9 -10 11 -12 13 14 15 16 -17 -18 19 20 0
uf20-0410.mwcnf 57758 1 2 3 -4 5 6 -7 -8 9 10 -11 12 13 14 15 16 17 18 19 -20 0
uf20-0183.mwcnf 82528 1 -2 3 4 -5 6 -7 8 9 10 -11 12 13 14 15 16 17 18 19 -20 0
uf20-0387.mwcnf 88776 1 -2 3 4 -5 6 7 -8 9 10 -11 12 -13 14 15 -16 17 18 19 20 0
uf20-0275.mwcnf 80923 -1 2 3 -4 5 6 7 8 9 10 11 12 13 14 15 16 -17 -18 -19 20 0
uf20-0794.mwcnf 91094 -1 -2 3 4 5 6 7 8 -9 -10 11 12 13 14 -15 16 17 18 19 20 0
uf20-0997.mwcnf 75989 -1 -2 3 -4 5 -6 7 8 9 10 11 -12 13 -14 15 16 17 18 -19 20 0
uf20-0791.mwcnf 132414 -1 2 3 4 5 6 7 8 9 10 11 12 13 14 15 16 17 18 -19 -20 0
uf20-0309.mwcnf 87876 1 2 3 -4 -5 6 7 8 9 10 11 12 13 14 -15 16 -17 18 19 20 0
uf20-0627.mwcnf 23642 1 2 3 4 -5 6 7 8 9 10 11 12 13 14 15 16 -17 18 19 20 0
uf20-01.mwcnf 44048 1 2 3 4 -5 -6 7 -8 -9 10 11 12 -13 14 -15 -16 17 -18 19 20 0
uf20-0827.mwcnf 58480 -1 -2 -3 4 -5 6 7 -8 -9 10 11 12 -13 14 -15 -16 -17 18 -19 -20 0
uf20-0248.mwcnf 56464 1 -2 3 -4 -5 6 7 8 9 10 11 -12 13 14 15 16 17 18 -19 20 0
uf20-0676.mwcnf 21337 1 2 -3 4 5 6 7 8 9 10 11 12 13 -14 15 16 -17 -18 19 20 0
uf20-0317.mwcnf 58123 1 2 -3 -4 5 -6 7 8 9 10 11 -12 13 14 15 -16 -17 18 19 -20 0
uf20-0448.mwcnf 58300 1 2 3 4 5 6 7 8 9 10 11 12 13 14 15 16 17 18 19 -20 0
uf20-0744.mwcnf 14472 1 -2 3 -4 -5 -6 7 8 -9 10 11 -12 13 -14 15 16 17 18 -19 20 0
uf20-0515.mwcnf 19326 1 2 3 4 -5 6 7 8 -9 10 -11 12 13 14 -15 16 17 18 19 20 0
uf20-0941.mwcnf 125399 1 2 3 4 -5 -6 7 -8 -9 10 11 12 -13 14 15 -16 17 18 -19 -20 0
uf20-072.mwcnf 12294 1 -2 -3 4 5 6 7 -8 9 -10 11 -12 -13 14 -15 -16 17 18 19 20 0
uf20-0283.mwcnf 61907 1 2 3 4 -5 6 7 8 9 10 11 12 13 14 15 16 17 18 -19 20 0
uf20-0214.mwcnf 80540 1 2 3 4 -5 -6 -7 8 9 10 -11 12 13 -14 -15 16 17 18 19 20 0
uf20-0831.mwcnf 100678 1 -2 3 -4 5 -6 7 8 9 10 -11 12 -13 -14 15 16 17 18 19 20 0
uf20-0679.mwcnf 19469 1 2 3 4 5 6 7 8 9 10 -11 12 13 14 15 16 17 18 19 20 0
uf20-058.mwcnf 24545 1 2 -3 4 5 -6 7 8 9 10 11 12 13 14 15 16 17 18 19 -20 0
uf20-065.mwcnf 14220 1 2 3 4 5 6 -7 8 -9 10 11 12 13 14 -15 -16 17 18 19 -20 0
uf20-0312.mwcnf 83173 1 2 -3 4 5 -6 7 8 9 -10 -11 12 13 14 15 16 17 -18 19 20 0
uf20-0419.mwcnf 92501 1 2 3 4 5 -6 7 8 9 10 11 12 13 -14 15 16 -17 -18 19 20 0
uf20-0181.mwcnf 78751 1 2 3 4 5 -6 7 8 9 10 11 12 13 14 15 16 -17 -18 19 20 0
uf20-0637.mwcnf 20560 1 2 3 4 -5 -6 7 8 9 -10 -11 12 13 -14 -15 16 -17 18 19 -20 0
uf20-0557.mwcnf 18725 1 2 -3 -4 -5 6 7 -8 -9 10 11 -12 -13 14 15 -16 17 18 19 20 0
uf20-0920.mwcnf 91853 1 2 3 4 5 6 7 8 -9 10 11 12 13 14 15 16 17 18 -19 20 0
uf20-0789.mwcnf 94051 1 -2 3 4 -5 6 7 8 9 10 11 12 13 14 15 16 17 18 19 20 0
uf20-0384.mwcnf 67076 -1 2 3 4 5 6 7 8 9 10 -11 -12 13 -14 -15 16 17 18 19 20 0
uf20-0607.mwcnf 15768 1 -2 -3 4 5 6 7 8 9 10 11 12 -13 14 15 16 -17 -18 19 20 0
uf20-091.mwcnf 68883 1 2 3 -4 -5 -6 7 -8 9 10 -11 -12 13 -14 -15 16 17 18 -19 20 0
uf20-0452.mwcnf 63569 1 2 3 4 -5 6 -7 8 9 10 -11 12 13 -14 15 -16 17 18 19 -20 0
uf20-0322.mwcnf 74852 1 2 3 -4 5 -6 7 8 9 10 -11 12 13 14 15 16 17 18 19 20 0
uf20-0529.mwcnf 13514 -1 2 -3 4 -5 -6 7 -8 -9 10 11 12 13 -14 -15 16 -17 18 19 20 0
uf20-0502.mwcnf 27180 1 2 3 4 5 6 -7 8 9 10 11 12 13 14 15 -16 17 18 19 20 0
uf20-0507.mwcnf 20841 -1 2 3 4 5 -6 7 -8 9 10 -11 12 -13 14 -15 16 17 18 19 20 0
uf20-0994.mwcnf 49576 -1 -2 3 -4 5 -6 7 -8 -9 -10 -11 12 13 -14 15 16 17 -18 19 -20 0
uf20-0782.mwcnf 143925 -1 2 3 4 5 6 -7 8 -9 10 11 12 13 14 15 16 -17 18 19 20 0
uf20-0437.mwcnf 67798 1 -2 3 4 5 6 -7 -8 -9 10 11 12 -13 -14 15 16 17 18 19 20 0
uf20-0620.mwcnf 21684 1 2 3 4 5 -6 7 8 9 10 11 -12 13 14 15 16 -17 18 -19 -20 0
uf20-0195.mwcnf 44256 1 2 3 4 5 -6 7 -8 9 10 -11 -12 -13 14 15 16 -17 -18 19 -20 0
uf20-0549.mwcnf 11629 -1 2 3 4 -5 -6 -7 8 -9 -10 -11 12 13 -14 15 -16 17 18 19 20 0
uf20-0674.mwcnf 20334 1 2 -3 4 5 -6 -7 8 9 -10 -11 12 -13 14 -15 16 17 -18 -19 20 0
uf20-015.mwcnf 84736 1 2 -3 4 5 6 -7 8 9 10 11 -12 13 14 15 -16 17 18 19 -20 0
uf20-0823.mwcnf 130633 1 2 3 4 5 6 7 8 9 10 11 12 13 14 -15 16 -17 -18 19 20 0
uf20-0427.mwcnf 73817 -1 2 3 -4 5 6 7 8 9 10 11 12 -13 14 15 16 17 18 19 20 0
uf20-0489.mwcnf 68560 1 2 3 4 5 6 7 8 9 10 11 12 -13 14 15 -16 17 18 -19 20 0
uf20-0860.mwcnf 70384 -1 -2 -3 4 -5 6 -7 8 9 -10 -11 12 13 -14 -15 16 17 18 19 20 0
uf20-0832.mwcnf 155051 -1 2 3 -4 -5 6 7 8 -9 10 -11 12 13 14 15 16 17 18 -19 20 0
uf20-0634.mwcnf 16936 -1 2 -3 4 5 -6 7 -8 9 10 -11 12 -13 -14 15 16 17 18 19 20 0
uf20-0986.mwcnf 115732 -1 2 3 4 5 -6 7 -8 9 10 -11 12 -13 14 -15 -16 -17 18 19 20 0
uf20-0873.mwcnf 81014 1 2 -3 4 5 6 7 -8 9 10 11 -12 13 14 15 16 17 18 19 20 0
uf20-0809.mwcnf 136825 1 2 3 4 5 6 7 -8 9 -10 11 -12 13 14 15 16 17 18 -19 20 0
uf20-0970.mwcnf 63576 1 -2 -3 -4 5 -6 7 8 9 10 -11 12 13 -14 15 16 -17 18 19 -20 0
uf20-0982.mwcnf 168189 -1 2 3 -4 5 -6 7 8 9 10 11 12 13 14 15 -16 17 18 19 -20 0
uf20-0995.mwcnf 114107 1 2 -3 4 5 6 7 8 9 10 11 12 13 -14 15 -16 17 18 19 20 0
uf20-0672.mwcnf 25513 1 2 3 4 5 6 7 8 -9 10 -11 12 13 14 15 -16 17 18 19 20 0
uf20-0185.mwcnf 85275 1 2 -3 4 -5 -6 -7 8 9 10 11 12 13 14 15 16 17 -18 19 20 0
uf20-0327.mwcnf 84811 -1 2 3 4 5 6 7 8 9 10 -11 12 13 14 15 -16 17 18 19 20 0
uf20-03.mwcnf 43918 1 -2 3 4 -5 6 -7 8 9 10 11 -12 13 -14 15 -16 17 -18 19 20 0
uf20-0250.mwcnf 45198 1 2 3 4 5 6 -7 -8 9 10 11 12 -13 14 15 16 17 -18 -19 20 0
uf20-0506.mwcnf 13563 -1 2 3 4 -5 6 7 8 9 10 -11 12 13 -14 15 16 17 18 -19 20 0
uf20-0420.mwcnf 83868 1 2 3 -4 5 6 7 8 9 10 11 12 13 14 15 16 17 18 19 -20 0
uf20-0272.mwcnf 71857 1 -2 -3 4 -5 -6 7 8 -9 10 11 12 13 14 -15 16 17 18 19 20 0
uf20-0124.mwcnf 65448 -1 2 3 4 5 6 7 8 9 10 11 -12 13 14 -15 -16 17 18 19 20 0
uf20-0512.mwcnf 25718 1 2 3 4 5 6 7 8 9 10 -11 -12 13 14 -15 16 17 -18 19 20 0
uf20-0171.mwcnf 52472 1 2 3 4 5 6 7 8 9 10 11 12 13 14 -15 -16 -17 18 -19 20 0
uf20-0743.mwcnf 22514 1 2 -3 4 -5 -6 -7 8 -9 10 11 12 13 14 15 16 17 18 19 20 0
uf20-0616.mwcnf 27203 -1 2 3 4 -5 6 7 -8 9 10 11 12 13 -14 15 16 -17 -18 -19 20 0
uf20-0509.mwcnf 23018 -1 -2 3 4 5 6 7 8 9 10 11 12 -13 14 15 16 17 18 -19 20 0
uf20-0751.mwcnf 21196 -1 2 3 4 5 6 7 8 -9 10 -11 12 13 -14 15 -16 17 18 19 20 0
uf20-035.mwcnf 66344 1 2 3 4 5 6 7 8 9 10 11 12 13 -14 -15 16 -17 18 -19 20 0
uf20-0868.mwcnf 34746 -1 2 3 -4 5 -6 7 8 -9 -10 -11 -12 -13 -14 -15 -16 -17 18 -19 20 0
uf20-0342.mwcnf 77583 1 2 3 4 5 6 7 8 9 10 11 12 -13 -14 15 16 17 -18 19 20 0
uf20-0307.mwcnf 62450 1 2 -3 4 5 6 -7 8 -9 10 -11 -12 13 14 -15 -16 17 -18 19 20 0
uf20-0105.mwcnf 86996 1 2 3 4 5 6 7 -8 9 10 11 12 13 14 15 16 -17 18 19 20 0
uf20-0855.mwcnf 70789 -1 2 -3 4 5 6 7 8 9 10 11 12 13 14 15 -16 17 18 -19 20 0
uf20-0813.mwcnf 91454 1 -2 -3 4 5 -6 7 8 9 -10 11 12 13 14 -15 16 17 18 -19 -20 0
uf20-0904.mwcnf 77338 -1 -2 3 -4 5 -6 7 8 -9 10 11 12 13 14 15 -16 17 18 19 -20 0
uf20-0660.mwcnf 21657 1 2 3 4 5 -6 7 8 9 10 11 12 13 14 15 16 17 18 19 -20 0
uf20-0683.mwcnf 28016 1 -2 -3 4 5 6 7 8 -9 10 11 -12 13 14 15 16 17 18 19 20 0
uf20-0981.mwcnf 91529 -1 -2 -3 4 -5 6 7 8 9 10 11 12 -13 14 15 -16 17 18 -19 -20 0
uf20-0331.mwcnf 31065 1 2 3 4 5 -6 7 -8 -9 -10 11 -12 13 -14 15 -16 -17 -18 19 -20 0
uf20-0894.mwcnf 111051 1 2 3 4 5 6 7 8 -9 10 11 12 13 14 15 16 17 18 19 20 0
uf20-0750.mwcnf 12773 1 2 3 4 5 6 7 8 9 10 11 12 13 14 -15 16 -17 -18 19 -20 0
uf20-0598.mwcnf 12919 1 2 3 -4 5 -6 7 8 -9 10 11 12 -13 14 -15 16 17 -18 -19 20 0
uf20-0993.mwcnf 60047 -1 2 3 4 -5 6 -7 8 -9 10 11 12 13 -14 -15 -16 -17 18 19 20 0
uf20-0872.mwcnf 117514 -1 2 -3 -4 5 -6 7 8 9 10 11 -12 13 14 15 -16 17 18 19 20 0
uf20-0866.mwcnf 69646 -1 2 -3 4 -5 6 7 -8 -9 10 -11 -12 -13 14 -15 -16 -17 18 19 -20 0
uf20-0399.mwcnf 34824 1 -2 -3 -4 -5 6 7 -8 9 -10 11 12 -13 14 -15 16 -17 18 19 20 0
uf20-0838.mwcnf 113142 1 2 -3 -4 5 -6 7 8 9 -10 -11 12 13 14 -15 16 17 18 19 20 0
uf20-0477.mwcnf 69774 1 -2 3 4 5 -6 7 8 9 10 11 12 -13 -14 15 -16 17 18 -19 20 0
uf20-0193.mwcnf 43702 -1 -2 3 -4 -5 -6 7 -8 9 -10 11 12 -13 14 15 16 17 18 -19 20 0
uf20-0386.mwcnf 49245 1 -2 3 4 5 -6 7 8 9 10 11 12 13 14 15 16 17 -18 19 20 0
uf20-0244.mwcnf 74099 1 2 3 4 5 -6 7 8 9 -10 11 12 13 -14 15 16 17 18 -19 -20 0
uf20-0675.mwcnf 19567 1 2 3 4 5 6 7 8 9 -10 11 -12 13 14 15 16 17 18 19 -20 0
uf20-07.mwcnf 121688 1 2 3 4 -5 6 7 8 -9 10 -11 12 -13 14 15 16 17 18 19 20 0
uf20-0757.mwcnf 16292 -1 -2 3 4 5 6 7 8 -9 10 11 12 13 14 15 16 17 18 19 20 0
uf20-0455.mwcnf 70710 1 2 -3 4 5 -6 -7 8 9 10 11 12 13 14 15 -16 17 18 19 20 0
uf20-0755.mwcnf 19279 1 2 3 -4 5 6 7 8 9 10 11 -12 13 14 15 16 17 18 19 -20 0
uf20-0302.mwcnf 62995 1 2 3 4 5 -6 7 -8 9 10 -11 12 13 -14 15 16 17 -18 19 20 0
uf20-0858.mwcnf 70663 1 2 -3 4 5 6 7 8 9 -10 -11 12 -13 -14 15 16 -17 18 -19 -20 0
uf20-0957.mwcnf 74124 1 2 3 -4 5 6 7 -8 9 10 -11 -12 13 14 15 -16 -17 -18 -19 20 0
uf20-0802.mwcnf 58896 1 -2 3 4 -5 6 7 8 -9 -10 -11 -12 -13 -14 15 16 -17 18 19 20 0
uf20-0649.mwcnf 16184 -1 2 3 4 5 -6 7 8 9 -10 -11 12 -13 14 15 -16 17 18 -19 -20 0
uf20-0274.mwcnf 77703 -1 2 3 4 5 6 7 8 9 10 11 12 13 14 15 16 -17 18 19 20 0
uf20-0417.mwcnf 33541 -1 2 3 4 -5 -6 7 8 9 -10 -11 -12 13 -14 15 16 17 18 -19 -20 0
uf20-0521.mwcnf 25789 -1 2 3 4 5 6 7 8 9 -10 11 12 13 14 15 16 17 -18 19 20 0
uf20-0725.mwcnf 15258 1 -2 -3 4 5 6 -7 8 9 10 -11 -12 -13 14 15 16 17 -18 19 20 0
uf20-0689.mwcnf 23321 -1 2 3 4 5 6 7 8 -9 10 11 12 -13 14 15 16 -17 18 -19 20 0
uf20-0932.mwcnf 75557 1 2 -3 4 5 -6 -7 8 -9 10 11 -12 13 14 -15 16 17 18 19 20 0
uf20-023.mwcnf 83766 1 2 3 4 -5 6 7 8 9 10 11 12 13 14 -15 -16 17 18 19 20 0
uf20-0985.mwcnf 87043 1 2 -3 4 5 6 7 -8 -9 10 11 12 13 14 15 -16 17 -18 19 20 0
uf20-0585.mwcnf 8250 1 2 3 -4 -5 6 7 8 -9 -10 -11 -12 13 14 15 16 -17 -18 19 20 0
uf20-0325.mwcnf 58798 -1 2 3 4 5 6 7 8 9 10 11 12 13 14 15 16 -17 18 19 20 0
uf20-0611.mwcnf 25437 1 2 3 4 5 6 7 8 9 10 11 -12 13 14 15 16 -17 -18 -19 20 0
uf20-0608.mwcnf 8211 -1 -2 3 4 5 -6 7 -8 -9 -10 11 -12 13 14 15 -16 17 -18 -19 -20 0
uf20-0926.mwcnf 57462 -1 -2 3 4 5 -6 -7 8 9 -10 11 -12 13 14 15 -16 -17 -18 19 20 0
uf20-0824.mwcnf 79803 1 -2 3 -4 -5 -6 7 -8 9 10 11 -12 13 14 15 -16 17 18 -19 20 0
uf20-0197.mwcnf 74499 1 2 -3 4 5 -6 7 8 -9 10 11 -12 13 14 15 16 17 -18 19 20 0
uf20-0800.mwcnf 51439 -1 2 3 4 5 -6 -7 -8 -9 10 11 12 -13 -14 -15 -16 -17 -18 19 -20 0
uf20-0457.mwcnf 51629 1 2 -3 4 -5 6 7 -8 9 10 11 -12 -13 14 15 16 17 18 -19 -20 0
uf20-0130.mwcnf 88861 1 2 -3 -4 5 6 -7 8 -9 10 11 12 13 14 15 -16 17 -18 -19 20 0
uf20-0875.mwcnf 128531 1 2 3 4 5 6 7 8 9 10 11 12 13 14 15 16 17 18 -19 20 0
uf20-0651.mwcnf 16153 1 -2 3 4 -5 6 7 8 9 10 11 12 -13 14 -15 16 17 18 -19 20 0
uf20-0360.mwcnf 60462 1 2 3 4 5 6 7 -8 9 10 11 -12 -13 -14 -15 16 17 18 19 20 0
uf20-0206.mwcnf 39407 1 2 -3 4 5 6 7 -8 -9 10 -11 12 13 14 15 -16 17 -18 19 20 0
uf20-0367.mwcnf 33487 -1 -2 -3 4 -5 -6 7 8 9 -10 11 12 -13 14 15 -16 17 18 -19 -20 0
uf20-0462.mwcnf 50930 1 2 -3 4 5 6 -7 8 -9 10 11 12 13 14 15 16 17 -18 19 20 0
uf20-0914.mwcnf 103826 1 2 3 4 5 -6 7 -8 9 10 -11 12 -13 14 15 16 17 18 19 20 0
uf20-0606.mwcnf 10805 -1 2 3 -4 5 6 -7 8 -9 -10 11 12 -13 14 15 16 17 18 19 -20 0
uf20-0488.mwcnf 74878 1 2 3 4 5 6 7 8 9 10 11 12 13 14 15 16 17 18 19 -20 0
uf20-0511.mwcnf 13411 -1 2 3 -4 5 6 7 -8 9 -10 -11 -12 13 14 15 16 17 18 19 20 0
uf20-0466.mwcnf 71047 1 2 3 -4 5 -6 7 -8 9 10 -11 -12 13 14 -15 -16 17 18 19 20 0
uf20-0458.mwcnf 72197 1 -2 3 4 5 6 7 8 9 10 11 -12 13 14 15 16 -17 18 -19 -20 0
uf20-0740.mwcnf 12614 1 -2 -3 4 5 6 7 8 -9 10 -11 12 -13 14 -15 16 17 18 19 20 0
uf20-0408.mwcnf 71358 1 2 3 4 5 6 7 8 9 10 11 12 13 14 15 16 17 18 19 20 0
uf20-0989.mwcnf 69333 1 -2 -3 -4 5 6 7 8 9 10 11 -12 13 -14 15 -16 17 -18 19 -20 0
uf20-0984.mwcnf 128001 1 2 3 4 -5 -6 -7 8 -9 10 11 12 13 14 15 -16 17 18 19 20 0
uf20-06.mwcnf 18470 1 2 3 4 5 6 7 8 9 10 11 12 13 14 15 16 17 18 -19 20 0
uf20-0843.mwcnf 121943 -1 2 3 4 5 -6 -7 8 9 -10 -11 12 13 -14 15 16 17 18 -19 20 0
uf20-044.mwcnf 45963 -1 -2 3 4 5 6 7 -8 -9 -10 11 12 13 -14 -15 -16 17 -18 19 20 0
uf20-090.mwcnf 93376 1 2 3 4 -5 -6 7 8 9 10 11 12 13 -14 15 16 17 18 -19 20 0
uf20-0418.mwcnf 63049 1 2 3 4 5 6 7 8 9 10 11 12 13 -14 -15 16 17 18 -19 -20 0
uf20-0133.mwcnf 63464 1 2 -3 4 5 -6 -7 8 9 10 -11 -12 13 14 15 16 17 18 19 20 0
uf20-0852.mwcnf 102951 1 2 -3 4 5 -6 7 -8 -9 -10 11 12 13 14 -15 -16 17 18 19 -20 0
uf20-0699.mwcnf 20445 1 2 -3 4 5 6 -7 8 9 10 11 12 13 -14 15 16 17 18 19 20 0
uf20-0785.mwcnf 79563 -1 -2 -3 4 -5 -6 7 -8 9 10 -11 12 13 14 -15 -16 17 -18 19 20 0
uf20-0539.mwcnf 13722 1 -2 3 -4 -5 6 7 -8 9 -10 -11 -12 13 14 15 16 17 18 -19 -20 0
uf20-0820.mwcnf 57198 -1 2 3 -4 -5 6 7 8 9 -10 11 12 -13 14 15 16 -17 -18 19 -20 0
uf20-0718.mwcnf 30086 1 2 3 -4 5 6 7 8 9 10 -11 12 13 14 15 16 17 18 -19 20 0
uf20-048.mwcnf 45021 1 2 3 -4 5 -6 7 -8 -9 10 -11 12 13 14 15 16 17 18 19 -20 0
uf20-0964.mwcnf 75179 1 -2 3 4 5 6 7 8 9 -10 -11 12 -13 14 15 16 -17 -18 19 20 0
uf20-0188.mwcnf 90993 1 2 3 4 -5 6 7 8 9 10 11 -12 13 14 15 16 -17 18 19 -20 0
uf20-0990.mwcnf 60815 -1 -2 3 -4 5 -6 7 8 -9 10 11 -12 13 -14 15 -16 17 18 -19 20 0
uf20-0694.mwcnf 11897 1 2 -3 -4 -5 6 -7 -8 9 -10 11 -12 -13 14 15 16 17 18 19 20 0
uf20-062.mwcnf 12269 1 -2 3 -4 5 6 7 -8 -9 10 -11 -12 -13 14 -15 16 -17 -18 -19 -20 0
uf20-0311.mwcnf 64164 1 2 3 4 -5 -6 7 -8 9 10 11 12 13 14 -15 16 17 18 19 20 0
uf20-0396.mwcnf 94991 1 -2 3 4 5 6 -7 8 9 10 11 12 13 14 15 -16 17 18 19 20 0
uf20-0380.mwcnf 63540 1 2 3 4 5 6 -7 8 9 10 11 12 13 -14 15 16 -17 18 -19 20 0
uf20-0870.mwcnf 107271 1 2 3 4 5 -6 7 8 9 10 11 12 -13 -14 15 16 17 18 19 20 0
uf20-0357.mwcnf 22424 1 2 3 -4 5 -6 -7 -8 -9 10 -11 12 -13 14 -15 -16 17 -18 19 -20 0
uf20-0423.mwcnf 29743 -1 -2 -3 -4 5 6 -7 -8 9 -10 -11 12 13 14 15 16 -17 -18 -19 -20 0
uf20-0746.mwcnf 16354 1 -2 3 4 5 6 7 8 9 10 -11 12 13 14 15 16 17 18 19 -20 0
uf20-0375.mwcnf 99728 1 2 3 4 5 6 -7 8 9 10 11 -12 13 14 15 16 17 18 -19 20 0
uf20-0459.mwcnf 70504 1 -2 -3 -4 5 -6 -7 -8 9 10 -11 -12 13 14 15 16 17 18 -19 20 0
uf20-0825.mwcnf 149502 1 2 3 4 -5 6 7 8 9 10 11 12 13 -14 15 16 17 -18 -19 -20 0
uf20-0446.mwcnf 92392 1 -2 3 4 5 6 -7 8 9 10 11 12 13 14 15 16 17 18 19 20 0
uf20-0484.mwcnf 86550 1 2 3 4 5 6 -7 8 9 -10 -11 12 13 14 15 16 17 18 19 20 0
uf20-0333.mwcnf 63417 -1 2 3 4 -5 6 -7 -8 9 10 11 12 13 14 -15 16 17 18 19 20 0
uf20-0834.mwcnf 158745 1 2 3 -4 5 6 7 8 -9 10 -11 12 13 14 -15 -16 -17 18 19 20 0
uf20-0395.mwcnf 55815 1 -2 -3 4 -5 6 7 8 9 10 -11 12 -13 14 15 16 17 18 19 20 0
uf20-0917.mwcnf 110149 1 2 -3 4 -5 6 -7 8 9 -10 11 12 13 14 -15 16 -17 -18 19 -20 0
uf20-0344.mwcnf 44914 1 2 3 4 5 -6 -7 -8 9 10 11 12 13 -14 -15 -16 17 -18 -19 20 0
uf20-0842.mwcnf 115187 1 -2 3 -4 5 6 7 8 9 10 11 12 13 -14 15 16 17 -18 -19 20 0
uf20-0955.mwcnf 67746 1 -2 3 4 -5 6 7 8 9 10 11 -12 13 -14 15 16 17 -18 -19 20 0
uf20-0822.mwcnf 155299 -1 2 -3 4 5 6 7 8 9 10 11 -12 13 14 15 16 17 18 -19 20 0
uf20-0139.mwcnf 20489 -1 -2 -3 -4 -5 6 7 -8 -9 -10 11 -12 -13 -14 -15 16 17 18 -19 -20 0
uf20-0385.mwcnf 43997 1 -2 -3 4 -5 6 7 8 9 10 -11 -12 13 -14 15 -16 17 -18 19 20 0
uf20-0819.mwcnf 62427 1 2 -3 -4 -5 6 7 8 -9 -10 -11 12 13 -14 -15 16 17 18 19 20 0
uf20-0867.mwcnf 36230 1 -2 3 -4 5 -6 7 8 9 -10 11 12 13 -14 15 16 -17 18 -19 -20 0
uf20-051.mwcnf 20029 -1 2 3 4 5 6 -7 8 9 10 11 -12 13 14 -15 16 17 18 -19 20 0
uf20-0586.mwcnf 13567 1 2 3 -4 5 6 7 8 9 -10 11 -12 13 14 15 16 -17 18 -19 -20 0
uf20-0301.mwcnf 67180 1 2 -3 4 5 6 7 8 -9 -10 -11 12 13 -14 15 16 17 18 19 20 0
uf20-0733.mwcnf 16083 1 2 3 4 5 6 -7 8 9 10 -11 -12 -13 14 15 16 17 18 19 -20 0
uf20-0108.mwcnf 53854 1 2 3 4 5 6 7 8 9 10 11 -12 13 14 15 16 17 18 19 20 0
uf20-0972.mwcnf 102646 1 2 3 4 -5 6 -7 8 9 10 11 12 13 14 15 16 17 -18 19 20 0
uf20-0510.mwcnf 20791 1 2 -3 4 -5 6 7 8 9 -10 11 12 -13 14 15 16 17 -18 19 20 0
uf20-0481.mwcnf 79195 1 2 3 4 5 6 7 8 9 10 11 12 13 14 15 -16 17 -18 19 20 0
uf20-0828.mwcnf 121042 1 2 3 4 5 6 7 8 9 10 11 12 13 14 15 -16 17 -18 19 20 0
uf20-0107.mwcnf 57066 1 2 3 4 -5 6 7 8 9 10 -11 -12 13 -14 15 -16 17 18 19 -20 0
uf20-0453.mwcnf 91696 1 2 -3 4 5 6 7 8 9 10 11 12 13 14 15 -16 17 18 19 20 0
uf20-0163.mwcnf 69196 -1 2 3 4 5 6 7 8 9 10 11 12 13 14 15 16 17 18 19 20 0
uf20-0209.mwcnf 47035 1 2 3 -4 -5 6 7 8 -9 -10 11 12 -13 14 15 16 17 18 -19 20 0
uf20-055.mwcnf 27943 1 2 -3 4 5 6 7 8 9 -10 11 12 13 14 15 16 17 18 -19 -20 0
uf20-0180.mwcnf 68902 -1 2 3 4 5 6 -7 8 -9 10 11 12 -13 14 -15 16 17 18 -19 -20 0
uf20-057.mwcnf 20695 1 2 -3 4 5 6 -7 8 9 10 11 12 -13 14 15 16 17 18 19 20 0
uf20-0401.mwcnf 45308 1 -2 3 4 -5 -6 7 8 9 10 11 12 13 14 15 16 17 -18 19 20 0
uf20-038.mwcnf 82972 1 2 3 -4 5 6 -7 8 -9 10 11 12 13 14 -15 16 17 -18 19 20 0
uf20-0874.mwcnf 85794 1 2 3 -4 5 6 7 -8 9 10 11 12 -13 14 15 16 -17 -18 19 20 0
uf20-0703.mwcnf 23053 1 -2 3 4 5 6 7 8 -9 10 11 12 -13 14 15 16 17 18 19 -20 0
uf20-0132.mwcnf 88468 1 2 3 4 -5 6 7 8 -9 10 11 12 13 14 15 16 -17 18 -19 20 0
uf20-0112.mwcnf 56151 1 2 -3 4 5 -6 7 8 -9 -10 11 12 13 14 15 16 17 18 -19 -20 0
uf20-0411.mwcnf 37375 1 2 3 4 5 -6 7 8 9 10 11 12 -13 -14 -15 -16 17 -18 -19 20 0
uf20-0619.mwcnf 7775 1 -2 -3 4 5 6 7 8 -9 -10 11 12 -13 -14 -15 -16 17 18 19 -20 0
uf20-0693.mwcnf 7572 -1 -2 -3 -4 5 6 -7 8 -9 10 11 -12 -13 -14 15 16 17 18 19 -20 0
uf20-0722.mwcnf 21396 1 2 -3 4 -5 6 7 8 9 10 11 12 -13 14 15 16 -17 18 19 20 0
uf20-0174.mwcnf 77837 1 2 3 4 5 6 7 8 9 10 11 12 -13 -14 15 -16 17 18 19 20 0
uf20-0864.mwcnf 77490 1 2 3 4 5 6 7 8 -9 10 -11 12 13 -14 15 16 -17 18 19 20 0
uf20-0656.mwcnf 24160 1 2 -3 -4 5 6 7 8 -9 10 11 -12 -13 14 15 16 17 18 -19 20 0
uf20-0721.mwcnf 21057 1 2 3 4 5 6 7 8 9 10 -11 12 -13 -14 15 16 -17 18 19 20 0
uf20-0285.mwcnf 87268 1 2 3 -4 5 -6 7 8 9 10 -11 12 13 -14 -15 16 17 18 19 20 0
uf20-0454.mwcnf 88390 1 2 3 4 5 6 -7 8 9 10 11 12 13 14 15 16 17 18 19 20 0
uf20-0264.mwcnf 42590 -1 -2 -3 -4 5 6 7 8 9 -10 11 -12 13 14 15 16 -17 -18 -19 -20 0
uf20-039.mwcnf 62229 1 2 -3 -4 5 6 7 -8 -9 10 11 12 -13 14 -15 16 17 18 19 20 0
uf20-0496.mwcnf 17538 1 2 3 -4 5 6 7 8 9 10 -11 12 -13 -14 15 16 17 18 19 20 0
uf20-0732.mwcnf 21192 1 2 -3 4 5 6 7 8 9 10 11 12 13 -14 15 16 17 18 -19 -20 0
uf20-0943.mwcnf 64992 1 -2 3 4 5 -6 -7 8 -9 -10 -11 12 13 -14 -15 16 17 18 19 20 0
uf20-0429.mwcnf 65543 1 2 3 4 5 6 7 8 9 10 11 -12 13 14 15 16 17 18 19 -20 0
uf20-0160.mwcnf 74131 1 2 3 4 5 6 7 8 9 10 11 12 13 14 15 16 17 18 19 20 0
uf20-0937.mwcnf 157052 1 2 3 4 5 6 -7 8 9 10 11 12 13 14 15 -16 17 18 19 20 0
uf20-092.mwcnf 87449 1 2 3 4 5 6 7 8 -9 10 11 -12 13 14 15 16 17 18 19 20 0
uf20-0499.mwcnf 18039 1 2 3 4 5 6 7 8 -9 10 11 12 13 14 15 16 17 18 19 20 0
uf20-0129.mwcnf 51981 1 -2 -3 4 5 -6 -7 8 -9 10 -11 -12 13 14 -15 16 17 -18 19 -20 0
uf20-0156.mwcnf 51859 1 2 -3 4 -5 -6 7 8 9 -10 -11 12 13 -14 -15 16 -17 -18 -19 20 0
uf20-0951.mwcnf 76427 -1 -2 3 4 -5 -6 7 -8 -9 -10 -11 12 13 14 15 -16 -17 -18 19 20 0
uf20-0391.mwcnf 52116 1 2 3 -4 5 6 7 -8 -9 10 11 -12 13 14 15 -16 17 -18 -19 20 0
uf20-0538.mwcnf 19759 1 2 3 -4 5 -6 -7 8 -9 -10 -11 12 13 14 15 -16 17 18 19 20 0
uf20-0878.mwcnf 70177 -1 -2 -3 -4 -5 -6 -7 -8 9 -10 -11 12 -13 14 15 16 -17 18 -19 20 0
uf20-013.mwcnf 95930 1 2 3 4 5 -6 7 -8 9 10 -11 12 13 14 15 -16 17 18 19 20 0
uf20-0258.mwcnf 32866 1 -2 3 4 -5 -6 7 8 9 10 11 -12 13 -14 -15 16 -17 -18 19 -20 0
uf20-0550.mwcnf 14271 1 -2 -3 -4 5 6 -7 8 9 -10 11 -12 -13 -14 15 16 17 18 -19 -20 0
uf20-0850.mwcnf 142856 1 2 3 4 -5 6 7 -8 9 10 11 12 -13 14 15 16 17 18 -19 -20 0
uf20-0570.mwcnf 20674 1 2 3 4 5 6 7 8 9 10 11 12 13 -14 -15 -16 -17 18 -19 20 0
uf20-0927.mwcnf 95364 1 2 -3 4 5 6 7 -8 -9 -10 11 12 -13 14 15 16 17 18 19 -20 0
uf20-0480.mwcnf 55252 1 2 3 4 -5 6 7 8 9 10 11 12 13 14 15 16 17 18 -19 -20 0
uf20-0695.mwcnf 17187 1 2 -3 4 -5 6 7 8 9 10 11 12 13 -14 15 16 17 18 19 -20 0
uf20-0354.mwcnf 88265 -1 -2 3 4 5 6 7 8 9 10 11 -12 13 14 15 16 17 18 19 20 0
uf20-0172.mwcnf 60084 1 2 3 4 -5 6 -7 -8 -9 -10 11 12 13 14 -15 -16 17 18 19 20 0
uf20-0799.mwcnf 114950 1 2 3 -4 5 -6 7 8 9 10 11 -12 13 -14 15 16 17 18 19 20 0
uf20-0940.mwcnf 88278 -1 2 3 4 5 6 7 -8 9 10 11 12 -13 14 -15 16 17 -18 19 20 0
uf20-0356.mwcnf 59674 1 -2 -3 4 5 6 7 8 9 10 -11 12 13 -14 15 16 17 18 19 20 0
uf20-0390.mwcnf 41474 1 -2 -3 4 5 6 7 8 9 10 11 -12 13 14 -15 -16 17 18 -19 -20 0
uf20-0759.mwcnf 21790 1 2 3 4 5 6 7 8 9 10 11 12 13 -14 15 16 17 18 -19 20 0
uf20-0658.mwcnf 19513 -1 2 3 -4 -5 6 -7 8 9 10 11 12 13 -14 -15 16 17 18 19 20 0
uf20-0745.mwcnf 24991 1 -2 -3 4 5 6 -7 8 9 10 -11 12 13 -14 15 16 17 18 19 20 0
uf20-0739.mwcnf 11724 1 2 -3 4 5 -6 7 8 -9 10 -11 -12 13 14 15 -16 -17 18 19 -20 0
uf20-0339.mwcnf 38540 -1 2 3 4 5 6 7 8 9 -10 11 -12 -13 14 15 16 -17 18 19 20 0
uf20-0237.mwcnf 57334 -1 -2 -3 4 5 -6 7 -8 -9 10 -11 12 13 -14 15 16 -17 18 19 20 0
uf20-0493.mwcnf 73033 -1 2 3 4 5 -6 -7 -8 9 10 11 12 13 14 15 -16 -17 18 19 20 0
uf20-0176.mwcnf 104318 1 2 3 4 5 6 7 8 9 10 11 12 13 14 15 16 -17 18 -19 20 0
uf20-076.mwcnf 139396 1 2 -3 4 5 6 7 -8 9 10 11 -12 13 14 15 16 17 18 19 20 0
uf20-0622.mwcnf 28940 1 2 3 -4 5 -6 7 8 -9 10 -11 12 -13 14 15 16 17 18 19 20 0
uf20-05.mwcnf 21507 1 2 3 4 -5 6 7 8 9 10 11 12 13 14 15 -16 -17 18 -19 20 0
uf20-0632.mwcnf 21915 1 2 3 4 -5 6 7 8 -9 10 11 -12 13 -14 15 16 17 18 19 -20 0
uf20-022.mwcnf 91262 1 2 3 4 -5 6 7 8 9 10 -11 12 13 14 15 16 17 18 19 20 0
uf20-0963.mwcnf 120601 -1 -2 3 4 5 6 7 8 -9 10 11 12 -13 14 15 -16 17 18 19 -20 0
uf20-0772.mwcnf 86385 1 2 3 -4 -5 -6 7 8 9 10 11 12 13 14 15 16 -17 18 -19 20 0
uf20-071.mwcnf 23710 1 2 -3 4 5 6 7 -8 -9 10 11 12 -13 -14 15 16 17 18 -19 20 0
uf20-0662.mwcnf 12689 1 -2 3 4 -5 6 -7 8 -9 -10 11 -12 -13 14 15 16 17 18 -19 20 0
uf20-0712.mwcnf 21510 -1 2 3 4 -5 6 -7 8 -9 10 11 12 13 14 -15 -16 17 18 -19 -20 0
uf20-0330.mwcnf 71895 -1 2 -3 -4 5 6 7 8 9 10 11 -12 13 14 -15 16 -17 18 -19 20 0
uf20-0747.mwcnf 13136 -1 -2 -3 4 5 6 -7 8 9 10 11 12 13 14 15 16 17 18 -19 -20 0
uf20-0765.mwcnf 110013 -1 2 3 4 5 6 -7 -8 9 -10 11 12 13 14 15 16 17 18 19 20 0
uf20-0979.mwcnf 106607 1 2 3 4 5 -6 7 8 9 10 11 12 -13 14 -15 16 17 -18 19 20 0
uf20-0737.mwcnf 20457 1 2 3 -4 -5 6 7 8 9 10 11 12 13 14 15 -16 17 -18 -19 20 0
uf20-0945.mwcnf 77675 1 2 -3 -4 5 -6 -7 8 9 10 11 12 13 14 15 -16 -17 18 19 20 0
uf20-0561.mwcnf 10771 -1 2 3 -4 5 6 7 -8 9 10 11 -12 -13 14 15 16 17 18 -19 20 0
uf20-0478.mwcnf 34860 -1 -2 -3 -4 5 6 7 -8 -9 10 11 12 -13 14 -15 -16 17 18 -19 20 0
uf20-0714.mwcnf 17602 -1 2 3 4 -5 6 7 8 9 -10 -11 12 13 14 15 -16 -17 18 19 20 0
uf20-0790.mwcnf 98935 -1 2 3 4 5 6 7 8 9 10 11 12 13 -14 -15 16 17 18 19 20 0
uf20-0895.mwcnf 137682 1 2 3 4 5 6 -7 8 9 10 11 -12 13 14 15 16 17 18 -19 20 0
uf20-0402.mwcnf 102507 1 2 3 4 5 6 -7 8 9 10 11 12 13 14 15 -16 17 -18 19 -20 0
uf20-0767.mwcnf 38615 -1 2 3 -4 -5 -6 7 -8 -9 10 -11 12 -13 14 -15 16 -17 18 19 -20 0
uf20-0742.mwcnf 8682 1 -2 -3 4 5 -6 7 -8 9 -10 11 -12 -13 14 -15 16 17 -18 19 20 0
uf20-0869.mwcnf 61374 1 -2 -3 4 -5 -6 7 8 -9 -10 11 12 13 14 15 -16 17 18 -19 20 0
uf20-0770.mwcnf 124362 1 2 3 4 5 -6 7 8 9 10 11 -12 13 14 15 16 17 18 19 20 0
uf20-0533.mwcnf 20636 1 2 3 4 5 6 7 8 -9 10 -11 12 13 14 15 16 17 18 19 20 0
uf20-0618.mwcnf 11922 -1 -2 3 4 5 6 7 8 9 10 11 12 13 -14 -15 -16 17 -18 19 20 0
uf20-0544.mwcnf 17365 1 2 3 4 -5 -6 7 8 9 10 11 -12 -13 14 -15 16 17 18 -19 -20 0
uf20-0361.mwcnf 77810 1 2 3 4 5 6 7 8 9 10 11 12 -13 14 15 -16 17 18 19 20 0
uf20-0805.mwcnf 113151 1 2 3 4 5 6 7 8 9 10 11 12 13 14 15 16 17 -18 19 20 0
uf20-0687.mwcnf 23692 1 2 3 4 5 6 -7 8 9 -10 11 12 13 -14 15 16 17 18 19 20 0
uf20-0998.mwcnf 106410 1 2 3 4 -5 6 7 8 9 10 11 12 13 -14 15 16 17 18 19 20 0
uf20-0434.mwcnf 69615 -1 -2 -3 4 5 6 7 8 9 10 11 12 13 -14 -15 16 17 18 19 20 0
uf20-0781.mwcnf 130233 1 2 3 -4 5 6 -7 8 -9 10 11 12 13 14 -15 16 17 18 19 20 0
uf20-0242.mwcnf 56444 1 2 3 4 -5 -6 7 8 9 10 -11 12 13 14 15 16 -17 18 19 -20 0
uf20-0444.mwcnf 76083 -1 -2 -3 4 -5 6 -7 8 9 10 11 12 13 14 15 16 17 18 19 20 0
uf20-0513.mwcnf 12836 1 2 3 4 -5 -6 -7 8 -9 -10 -11 12 -13 -14 -15 16 17 18 19 20 0
uf20-0352.mwcnf 49789 1 2 -3 4 5 6 -7 8 9 10 -11 -12 13 14 15 -16 17 18 19 -20 0
uf20-0681.mwcnf 17562 1 2 -3 4 5 6 7 8 9 -10 -11 12 13 14 15 16 -17 18 -19 20 0
uf20-0701.mwcnf 23542 1 2 3 4 5 -6 7 8 -9 -10 -11 12 13 -14 15 16 -17 -18 -19 20 0
uf20-021.mwcnf 40550 1 2 3 -4 -5 6 7 -8 9 -10 -11 12 13 -14 15 -16 17 -18 19 -20 0
uf20-0898.mwcnf 63536 -1 -2 -3 -4 -5 6 7 -8 -9 -10 -11 12 13 14 15 16 17 18 -19 20 0
uf20-0844.mwcnf 99107 1 2 3 4 5 6 7 8 9 10 11 12 -13 14 15 16 17 18 19 20 0
uf20-014.mwcnf 72885 -1 2 3 4 5 6 -7 8 -9 10 11 12 13 14 15 16 17 18 19 20 0
uf20-0164.mwcnf 47853 1 -2 3 4 -5 -6 -7 8 9 -10 11 -12 -13 14 -15 16 -17 18 -19 -20 0
uf20-0400.mwcnf 59523 1 2 3 4 5 6 7 -8 9 10 -11 12 13 14 15 -16 17 18 -19 20 0
uf20-0441.mwcnf 55423 1 2 -3 -4 -5 6 7 -8 9 10 11 -12 -13 14 15 16 17 18 -19 20 0
uf20-0474.mwcnf 69547 1 2 -3 -4 -5 -6 7 8 9 10 11 12 13 14 -15 16 -17 18 19 20 0
uf20-0604.mwcnf 11677 1 -2 3 4 5 6 -7 -8 9 10 11 -12 -13 14 15 16 -17 -18 19 20 0
uf20-0587.mwcnf 26536 1 2 3 4 5 -6 7 -8 9 10 -11 12 13 14 -15 16 17 18 -19 20 0
uf20-0589.mwcnf 18044 1 2 3 4 5 6 7 8 9 10 -11 12 13 14 15 16 17 18 19 20 0
uf20-0987.mwcnf 60183 1 2 -3 4 5 6 -7 -8 9 10 -11 12 -13 14 15 -16 -17 18 -19 20 0
uf20-0257.mwcnf 71355 1 2 3 -4 -5 6 7 8 9 10 11 12 13 14 15 16 17 18 -19 20 0
uf20-0880.mwcnf 146724 1 2 3 -4 5 6 7 8 9 10 -11 -12 13 14 -15 16 17 18 19 20 0
uf20-0684.mwcnf 22598 1 2 3 -4 5 6 7 8 9 10 11 12 13 14 -15 16 17 -18 19 20 0
uf20-0540.mwcnf 19333 -1 2 3 -4 5 -6 7 8 9 10 11 12 -13 14 15 -16 17 18 -19 -20 0
uf20-0565.mwcnf 19632 1 -2 3 4 5 -6 7 8 9 10 11 12 13 14 -15 -16 17 -18 19 20 0
uf20-037.mwcnf 76520 1 -2 3 4 -5 6 -7 -8 9 10 -11 -12 13 14 15 16 17 18 -19 20 0
uf20-024.mwcnf 83026 1 2 -3 4 5 6 7 -8 9 -10 11 12 13 14 -15 -16 17 18 19 20 0
uf20-0235.mwcnf 64781 1 2 3 4 5 6 7 8 -9 10 11 12 -13 14 -15 16 17 18 19 20 0
uf20-054.mwcnf 19514 -1 -2 3 4 -5 -6 7 8 -9 10 11 12 13 14 15 16 17 18 19 20 0
uf20-0546.mwcnf 17868 1 2 3 4 5 -6 7 -8 -9 10 11 12 13 -14 15 16 -17 -18 -19 20 0
uf20-0475.mwcnf 51588 1 2 3 -4 -5 6 -7 8 -9 10 -11 -12 13 -14 15 16 -17 -18 19 20 0
uf20-0397.mwcnf 86996 1 2 3 -4 5 6 7 -8 -9 10 11 12 13 14 15 16 17 18 19 20 0
uf20-0944.mwcnf 47925 1 -2 3 4 -5 -6 -7 -8 -9 -10 11 -12 13 -14 15 16 -17 -18 19 -20 0
uf20-0667.mwcnf 21148 1 -2 3 4 5 -6 7 8 9 10 -11 -12 13 14 -15 16 17 18 19 20 0
uf20-029.mwcnf 62793 -1 2 -3 -4 -5 6 7 8 -9 -10 -11 -12 13 -14 15 16 17 18 19 20 0
uf20-0520.mwcnf 23459 1 2 3 4 5 6 7 8 9 -10 11 12 13 14 15 16 17 18 19 20 0
uf20-0673.mwcnf 31390 1 2 3 -4 5 6 7 -8 9 10 11 12 -13 14 15 16 17 -18 19 20 0
uf20-0921.mwcnf 114617 1 2 -3 4 -5 6 7 8 9 -10 11 -12 -13 -14 15 16 17 18 19 20 0
uf20-0661.mwcnf 19373 1 -2 3 4 5 6 7 8 -9 -10 11 12 13 14 -15 16 17 18 -19 -20 0
uf20-0654.mwcnf 24500 1 2 -3 4 5 6 7 -8 9 10 11 -12 -13 14 15 16 17 18 -19 -20 0
uf20-0215.mwcnf 65461 1 2 3 4 5 -6 7 8 9 10 11 -12 13 -14 15 -16 17 18 19 -20 0
uf20-0853.mwcnf 128342 1 2 3 4 5 6 -7 8 9 -10 11 12 13 14 15 16 -17 18 19 20 0
uf20-0314.mwcnf 37271 -1 2 -3 4 5 -6 7 8 9 10 11 -12 13 14 15 -16 -17 -18 19 20 0
uf20-0580.mwcnf 27625 -1 2 3 4 5 6 7 8 -9 10 11 12 13 14 15 16 -17 -18 19 -20 0
uf20-0147.mwcnf 79425 1 2 -3 4 5 6 7 8 -9 10 -11 12 13 14 -15 -16 17 -18 19 20 0
uf20-099.mwcnf 56433 -1 -2 3 -4 -5 -6 7 -8 9 10 11 12 -13 14 -15 -16 -17 18 -19 20 0
uf20-043.mwcnf 30043 -1 2 3 -4 -5 6 7 8 9 -10 11 -12 13 -14 -15 -16 17 -18 -19 -20 0
uf20-0922.mwcnf 71255 1 -2 -3 4 -5 6 7 -8 9 10 11 -12 13 -14 -15 16 17 18 19 20 0
uf20-0388.mwcnf 54780 1 2 -3 -4 5 6 -7 8 9 -10 11 12 -13 14 15 -16 -17 18 19 20 0
uf20-0569.mwcnf 14017 -1 2 3 4 5 6 -7 -8 9 10 11 -12 -13 -14 15 16 -17 18 19 -20 0
uf20-0711.mwcnf 14678 -1 2 3 4 -5 -6 7 -8 9 -10 -11 12 -13 -14 15 16 17 -18 -19 20 0
uf20-0992.mwcnf 115786 -1 -2 3 4 -5 6 -7 8 9 -10 11 12 13 14 15 -16 -17 -18 19 20 0
uf20-0229.mwcnf 60181 1 -2 3 4 5 6 -7 8 9 -10 11 -12 -13 14 15 16 17 18 19 20 0
uf20-0753.mwcnf 28504 -1 2 3 -4 5 6 7 8 -9 10 11 12 13 14 15 16 17 18 19 20 0
uf20-0290.mwcnf 93052 -1 2 3 -4 5 -6 7 8 9 10 11 12 13 14 15 16 17 18 -19 20 0
uf20-0776.mwcnf 70586 1 -2 -3 4 -5 6 -7 -8 -9 -10 11 12 13 14 15 16 -17 18 19 20 0
uf20-0643.mwcnf 11562 -1 2 3 4 5 6 -7 -8 -9 10 11 -12 -13 -14 15 -16 -17 18 19 20 0
uf20-042.mwcnf 79208 1 2 -3 4 5 6 7 8 9 10 -11 12 13 14 -15 16 17 18 19 20 0
uf20-0167.mwcnf 85158 1 2 -3 4 5 6 7 8 9 10 11 12 13 14 15 16 17 18 19 -20 0
uf20-0555.mwcnf 18369 1 -2 3 -4 5 -6 7 -8 9 10 11 12 -13 14 15 16 17 18 19 -20 0
uf20-0220.mwcnf 100077 1 2 3 4 -5 6 7 8 9 10 11 12 13 14 15 16 -17 -18 -19 20 0
uf20-0486.mwcnf 45227 -1 -2 3 4 -5 6 7 -8 -9 -10 11 -12 -13 14 15 -16 17 -18 19 20 0
uf20-0808.mwcnf 125641 1 2 3 4 5 6 7 8 -9 10 11 12 13 14 15 16 -17 18 -19 20 0
uf20-0861.mwcnf 146604 1 2 3 4 5 -6 -7 8 9 10 11 -12 13 -14 15 16 17 18 19 20 0
uf20-0109.mwcnf 131410 1 -2 3 4 5 6 -7 8 9 10 11 12 13 14 15 16 17 18 19 20 0
uf20-0779.mwcnf 123680 -1 2 3 4 5 -6 7 8 9 10 11 12 13 14 15 16 -17 18 19 20 0
uf20-0942.mwcnf 121536 1 2 3 4 5 -6 7 8 9 -10 11 12 13 14 15 -16 17 18 19 20 0
uf20-0835.mwcnf 84081 1 2 -3 4 5 6 7 8 9 -10 -11 12 -13 14 15 -16 17 18 19 20 0
uf20-0877.mwcnf 56649 -1 2 -3 -4 -5 -6 7 8 -9 10 -11 -12 -13 -14 15 16 17 18 19 20 0
uf20-0856.mwcnf 136307 -1 -2 3 4 5 6 7 8 9 10 11 12 13 14 15 -16 17 18 19 -20 0
uf20-0449.mwcnf 77161 1 -2 3 4 5 -6 7 8 9 10 11 12 13 14 -15 16 17 -18 19 20 0
uf20-0349.mwcnf 67743 1 -2 -3 4 5 6 7 8 9 10 11 -12 13 -14 15 16 -17 -18 -19 20 0
uf20-0324.mwcnf 76076 1 2 3 4 5 -6 -7 8 9 10 11 -12 13 14 15 16 17 18 19 20 0
uf20-0666.mwcnf 27469 1 2 3 4 5 -6 7 -8 9 10 11 12 13 14 15 -16 17 18 19 20 0
uf20-0947.mwcnf 139972 1 2 3 -4 5 6 7 8 9 10 11 -12 13 -14 15 16 17 18 19 20 0
uf20-0786.mwcnf 108899 1 2 -3 4 5 6 7 8 9 -10 11 12 13 14 -15 16 17 -18 19 20 0
uf20-0123.mwcnf 38802 1 2 3 4 -5 -6 7 8 -9 10 11 12 13 14 -15 16 -17 18 -19 -20 0
uf20-0144.mwcnf 97766 1 2 3 4 5 6 7 8 9 10 11 12 -13 14 -15 16 17 -18 -19 -20 0
uf20-09.mwcnf 37412 1 2 3 4 5 -6 -7 -8 9 -10 11 12 13 -14 -15 -16 17 -18 -19 -20 0
uf20-0915.mwcnf 135210 1 -2 3 4 5 6 7 8 9 -10 11 -12 13 14 15 -16 17 18 19 -20 0
uf20-0239.mwcnf 77850 1 2 3 4 5 -6 7 -8 9 10 11 -12 13 14 15 -16 17 18 19 20 0
uf20-0373.mwcnf 36603 1 2 3 4 -5 -6 7 -8 -9 10 -11 12 13 14 -15 -16 -17 -18 -19 -20 0
uf20-0450.mwcnf 83365 -1 2 3 4 -5 6 7 -8 -9 10 11 12 13 14 15 16 17 18 19 20 0
uf20-0871.mwcnf 93491 1 -2 -3 -4 5 6 7 -8 9 10 11 12 13 14 15 16 -17 -18 19 20 0
uf20-0590.mwcnf 30077 1 -2 3 4 5 6 7 8 9 10 11 12 13 14 -15 16 17 18 19 20 0
uf20-0726.mwcnf 22584 -1 2 3 4 5 6 7 -8 -9 10 -11 12 13 14 15 16 17 -18 19 20 0
uf20-0162.mwcnf 75938 1 2 3 -4 5 6 7 8 9 10 -11 12 -13 14 15 16 17 18 19 20 0
uf20-0597.mwcnf 19903 -1 2 3 -4 -5 6 7 8 9 10 11 12 -13 14 15 16 -17 -18 19 20 0
uf20-0287.mwcnf 56633 1 2 3 -4 5 6 7 8 -9 10 11 -12 -13 -14 15 16 -17 18 19 20 0
uf20-0653.mwcnf 22018 1 2 3 4 5 6 7 -8 9 -10 11 12 -13 14 15 16 -17 18 19 20 0
uf20-0409.mwcnf 86699 1 2 3 -4 5 6 7 8 -9 10 11 12 13 14 -15 16 17 18 19 20 0
uf20-0464.mwcnf 70063 1 -2 3 -4 -5 6 -7 -8 9 -10 11 12 -13 14 -15 16 17 18 19 20 0
uf20-0221.mwcnf 29174 -1 2 -3 4 5 -6 7 8 9 -10 11 12 13 14 -15 16 -17 -18 -19 20 0
uf20-0199.mwcnf 44648 -1 2 3 -4 5 6 7 -8 -9 10 11 -12 13 14 15 16 17 18 19 20 0
uf20-094.mwcnf 135589 1 2 3 4 -5 6 7 -8 9 10 11 -12 -13 14 15 16 17 18 19 20 0
uf20-0155.mwcnf 73722 1 2 3 -4 -5 6 7 8 9 10 11 12 -13 14 15 16 17 18 19 -20 0
uf20-0494.mwcnf 45245 1 2 -3 4 5 -6 7 8 9 10 -11 -12 13 14 15 -16 17 18 19 -20 0
uf20-0335.mwcnf 82401 1 -2 3 4 5 6 -7 8 -9 10 11 12 13 14 15 16 17 -18 19 20 0
uf20-0624.mwcnf 16716 1 -2 -3 4 -5 6 -7 8 -9 10 11 12 -13 -14 15 -16 17 -18 19 20 0
uf20-0612.mwcnf 25252 1 2 3 4 5 -6 7 -8 9 -10 11 12 13 14 15 -16 17 18 19 -20 0
uf20-0723.mwcnf 21580 1 2 3 -4 5 6 7 8 9 10 11 12 13 14 15 16 -17 18 19 20 0
uf20-0953.mwcnf 126738 1 2 3 -4 5 6 7 8 9 10 11 12 13 14 -15 16 17 -18 -19 -20 0
uf20-0983.mwcnf 45236 -1 2 -3 -4 -5 6 7 -8 -9 10 -11 12 13 -14 15 -16 17 18 -19 20 0
uf20-0731.mwcnf 17838 -1 -2 3 -4 -5 -6 7 8 -9 10 -11 12 13 14 -15 16 17 18 -19 20 0
uf20-0578.mwcnf 15996 1 -2 3 4 5 -6 -7 8 9 10 11 12 13 -14 15 16 -17 18 19 20 0
uf20-0729.mwcnf 26801 1 2 3 4 5 6 7 -8 9 10 11 12 -13 14 15 16 -17 18 -19 -20 0
uf20-0629.mwcnf 19628 1 2 3 4 5 6 7 8 9 10 11 12 -13 14 15 16 -17 18 19 20 0
uf20-0431.mwcnf 47310 1 2 3 4 -5 -6 7 8 -9 10 11 -12 13 -14 15 16 17 18 19 -20 0
uf20-0127.mwcnf 50838 1 2 3 4 -5 -6 7 8 -9 -10 -11 -12 13 14 -15 16 -17 -18 19 -20 0
uf20-0469.mwcnf 78936 1 2 3 4 5 6 7 8 -9 10 11 12 -13 14 -15 16 17 -18 19 20 0
uf20-0532.mwcnf 11720 1 2 -3 -4 5 6 7 -8 9 -10 11 -12 13 -14 -15 16 -17 -18 -19 -20 0
uf20-0440.mwcnf 61368 -1 2 3 -4 5 6 7 8 9 10 -11 -12 13 14 -15 -16 -17 18 19 -20 0
uf20-0798.mwcnf 103594 -1 2 3 4 5 6 7 8 9 10 11 12 13 -14 15 16 17 -18 -19 20 0
uf20-0394.mwcnf 36837 -1 -2 3 -4 5 -6 -7 -8 9 -10 11 12 -13 -14 15 16 -17 18 -19 -20 0
uf20-0473.mwcnf 60543 -1 2 3 -4 5 6 -7 -8 -9 10 11 12 13 14 15 16 17 18 19 20 0
uf20-0313.mwcnf 35238 1 2 -3 -4 5 6 -7 -8 -9 -10 11 -12 -13 14 15 16 -17 18 -19 -20 0
uf20-0933.mwcnf 119945 -1 -2 -3 4 5 6 7 8 -9 10 11 12 13 14 15 -16 17 18 -19 20 0
uf20-0760.mwcnf 18631 1 -2 3 -4 5 6 7 8 9 10 -11 -12 13 -14 -15 16 17 18 19 20 0
uf20-0365.mwcnf 78649 -1 2 3 4 -5 6 -7 8 9 10 -11 12 13 14 15 16 17 -18 19 -20 0
uf20-0916.mwcnf 57356 1 2 -3 -4 5 -6 7 8 -9 10 11 12 13 -14 15 16 -17 18 19 -20 0
uf20-0371.mwcnf 79033 1 2 3 4 5 6 7 -8 9 10 11 12 13 14 15 16 17 18 19 20 0
uf20-0467.mwcnf 57886 1 2 3 4 5 -6 7 -8 9 -10 11 -12 13 14 -15 -16 17 -18 19 20 0
uf20-0960.mwcnf 113227 1 2 3 4 5 6 7 8 -9 -10 11 12 13 14 15 -16 -17 18 19 20 0
uf20-0792.mwcnf 101194 1 2 -3 -4 5 -6 7 -8 9 10 11 -12 13 14 -15 -16 17 -18 19 -20 0
uf20-0252.mwcnf 33770 1 2 3 -4 -5 6 7 8 9 10 -11 -12 -13 -14 -15 -16 17 18 -19 20 0
uf20-0788.mwcnf 50221 1 2 3 4 -5 -6 7 8 9 -10 11 -12 -13 -14 15 -16 17 -18 19 20 0
uf20-0487.mwcnf 55206 1 2 3 4 5 6 -7 8 9 10 -11 -12 13 14 15 -16 17 18 19 20 0
uf20-04.mwcnf 19702 -1 2 -3 4 5 6 7 8 -9 10 11 12 13 14 -15 16 17 18 19 20 0
uf20-0690.mwcnf 18069 1 2 3 4 5 -6 -7 8 9 10 11 12 13 -14 15 16 17 -18 19 -20 0
uf20-046.mwcnf 70175 1 2 3 4 -5 6 7 8 9 10 11 -12 13 14 15 -16 17 -18 19 20 0
uf20-0225.mwcnf 32528 1 -2 3 -4 -5 -6 -7 -8 9 -10 11 -12 -13 14 -15 16 17 -18 -19 20 0
uf20-0638.mwcnf 17538 1 2 -3 -4 5 6 -7 8 9 10 -11 12 13 14 -15 -16 17 18 -19 -20 0
uf20-0393.mwcnf 42425 1 -2 3 -4 -5 6 -7 8 9 10 11 12 13 14 15 16 17 -18 -19 -20 0
uf20-0190.mwcnf 61966 1 2 3 4 5 6 7 8 -9 10 11 12 13 14 15 -16 17 18 19 -20 0
uf20-070.mwcnf 13306 1 -2 3 4 5 6 -7 8 9 10 11 -12 13 14 -15 16 17 18 -19 -20 0
uf20-0741.mwcnf 25604 1 2 3 -4 5 6 7 8 9 10 11 12 -13 14 15 16 17 18 -19 -20 0
uf20-0934.mwcnf 49200 1 -2 3 4 5 -6 -7 8 9 -10 11 -12 13 14 -15 16 -17 18 19 -20 0
uf20-020.mwcnf 62270 1 2 3 4 -5 6 7 -8 -9 -10 11 -12 -13 14 15 16 17 18 19 20 0
uf20-0657.mwcnf 25698 1 -2 3 4 -5 6 7 8 9 10 11 12 13 14 15 -16 17 18 19 -20 0
uf20-0495.mwcnf 61363 -1 2 3 4 5 6 -7 8 9 -10 11 -12 13 -14 15 16 -17 18 19 20 0
uf20-0748.mwcnf 11057 1 2 -3 4 -5 6 7 8 9 10 -11 -12 -13 -14 -15 16 -17 18 -19 20 0
uf20-0345.mwcnf 54543 -1 -2 3 4 5 6 7 8 9 10 -11 12 13 -14 -15 16 17 18 19 20 0
uf20-0592.mwcnf 26899 1 2 3 -4 5 -6 7 -8 9 -10 -11 12 13 14 15 16 17 18 19 20 0
uf20-0168.mwcnf 82058 -1 2 3 4 -5 -6 7 8 9 -10 -11 12 13 14 15 16 17 -18 -19 20 0
uf20-0208.mwcnf 48002 1 -2 -3 4 -5 -6 7 -8 9 10 11 12 13 14 -15 16 17 18 19 -20 0
uf20-0886.mwcnf 57297 -1 2 3 -4 5 6 7 8 9 10 -11 -12 -13 14 -15 16 -17 18 19 20 0
uf20-0150.mwcnf 95777 1 -2 3 -4 5 6 7 8 9 10 11 12 -13 14 -15 16 17 18 -19 20 0
uf20-075.mwcnf 22205 1 -2 -3 -4 5 -6 7 8 9 10 11 12 -13 14 15 16 17 18 19 20 0
uf20-0996.mwcnf 113041 1 2 3 4 -5 6 7 -8 9 10 11 12 13 -14 15 16 17 18 19 20 0
uf20-0468.mwcnf 35899 -1 -2 -3 4 -5 -6 -7 -8 9 10 11 12 13 -14 15 16 -17 -18 -19 20 0
uf20-087.mwcnf 50503 1 -2 3 -4 -5 6 -7 8 -9 10 -11 -12 13 -14 15 -16 17 18 19 20 0
uf20-0756.mwcnf 9521 1 2 3 -4 5 -6 7 8 -9 -10 11 -12 -13 -14 15 -16 17 -18 19 -20 0
uf20-0501.mwcnf 20350 1 -2 -3 -4 5 6 -7 -8 9 10 11 -12 13 14 15 16 17 18 19 20 0
uf20-050.mwcnf 16466 1 -2 -3 4 5 6 -7 8 -9 10 11 12 -13 14 15 16 -17 18 -19 20 0
uf20-0192.mwcnf 71020 1 2 -3 4 -5 6 7 8 -9 -10 11 12 -13 14 -15 16 17 18 19 -20 0
uf20-0646.mwcnf 10449 1 -2 -3 -4 -5 -6 7 8 9 -10 11 -12 13 14 15 16 -17 18 19 -20 0
uf20-0665.mwcnf 16610 1 2 3 -4 5 -6 -7 8 9 10 11 12 -13 14 15 16 17 18 19 20 0
uf20-0709.mwcnf 16516 1 2 3 -4 5 6 7 8 9 10 11 -12 13 14 15 16 17 18 19 20 0
uf20-0862.mwcnf 56130 -1 -2 3 -4 -5 -6 7 -8 9 -10 -11 -12 13 14 -15 16 17 18 19 -20 0
uf20-0749.mwcnf 11882 1 2 3 4 5 -6 7 8 9 -10 11 12 13 14 15 16 17 18 19 20 0
uf20-0465.mwcnf 54542 1 -2 3 4 5 -6 -7 8 -9 10 -11 -12 13 14 -15 -16 17 18 -19 20 0
uf20-0602.mwcnf 21669 1 2 -3 4 -5 6 7 -8 9 10 11 12 -13 14 15 16 17 18 19 20 0
uf20-069.mwcnf 15765 1 2 3 4 -5 6 7 8 9 10 -11 -12 13 14 15 -16 17 -18 19 -20 0
uf20-0187.mwcnf 108913 1 2 -3 4 5 6 7 8 -9 10 11 12 13 -14 15 16 17 18 19 20 0
uf20-0222.mwcnf 46226 1 -2 3 4 5 6 7 8 -9 10 11 12 13 14 15 16 17 -18 -19 20 0
uf20-0935.mwcnf 100743 1 2 3 4 5 6 7 8 -9 10 -11 12 13 14 15 16 17 18 19 20 0
uf20-0893.mwcnf 104928 1 2 -3 -4 5 6 7 8 -9 10 11 12 13 14 -15 -16 17 -18 19 -20 0
uf20-0134.mwcnf 43445 -1 2 -3 -4 5 -6 7 8 -9 10 11 12 13 -14 -15 16 17 18 -19 20 0
uf20-0671.mwcnf 19058 -1 2 3 4 5 6 -7 8 9 10 -11 12 13 -14 -15 16 17 18 19 20 0
uf20-0906.mwcnf 72751 1 2 -3 -4 5 6 -7 -8 9 -10 11 12 13 -14 -15 -16 17 18 -19 20 0
uf20-0351.mwcnf 61091 1 2 -3 4 -5 6 7 8 9 10 11 12 13 14 15 -16 17 18 19 20 0
uf20-0865.mwcnf 80114 1 2 -3 4 -5 6 7 -8 9 -10 -11 -12 13 14 15 16 17 18 -19 -20 0
uf20-0425.mwcnf 68695 1 -2 -3 4 -5 6 -7 8 9 10 11 12 13 14 15 16 17 18 19 20 0
uf20-0625.mwcnf 22911 -1 2 -3 4 5 6 7 8 9 -10 11 -12 13 14 15 16 17 18 19 20 0
uf20-0505.mwcnf 18969 -1 2 3 4 5 6 7 8 9 10 11 12 -13 -14 15 16 -17 18 19 20 0
uf20-0738.mwcnf 21837 -1 2 3 4 -5 6 7 8 9 10 -11 -12 13 14 15 -16 17 18 19 20 0
uf20-0343.mwcnf 27991 -1 -2 -3 4 5 -6 7 -8 9 -10 -11 -12 -13 14 15 -16 17 -18 19 -20 0
uf20-0121.mwcnf 64079 1 -2 3 4 -5 6 7 8 9 10 11 12 13 14 15 16 17 18 19 20 0
uf20-0234.mwcnf 46980 1 -2 -3 -4 -5 6 7 -8 9 10 11 12 -13 -14 15 16 17 18 -19 -20 0
uf20-0318.mwcnf 39358 1 2 3 -4 5 -6 -7 -8 9 10 11 -12 13 14 15 16 -17 18 19 20 0
uf20-0265.mwcnf 57602 1 2 3 4 5 6 7 8 9 -10 11 12 13 -14 15 16 17 18 19 20 0
uf20-0562.mwcnf 25017 1 -2 3 4 -5 6 7 8 -9 10 11 12 13 14 15 16 17 18 -19 20 0
uf20-060.mwcnf 20760 1 2 3 4 5 6 7 -8 9 10 11 12 13 -14 15 16 17 18 -19 20 0
uf20-0633.mwcnf 16285 1 2 3 -4 5 6 7 8 9 10 11 12 -13 -14 -15 -16 17 -18 19 20 0
uf20-0138.mwcnf 49706 -1 -2 -3 -4 5 6 7 -8 9 10 11 12 13 -14 15 16 17 18 -19 20 0
uf20-032.mwcnf 71774 1 2 3 -4 5 6 7 8 9 10 -11 12 13 -14 15 -16 17 18 19 20 0
uf20-0968.mwcnf 115218 1 -2 3 4 5 6 7 8 9 10 -11 12 13 14 15 16 -17 18 -19 -20 0
uf20-0476.mwcnf 77479 -1 2 -3 4 5 6 -7 8 9 10 11 12 13 14 15 16 17 18 19 20 0
uf20-034.mwcnf 56458 1 2 3 -4 5 -6 7 8 9 10 11 12 13 -14 15 16 17 18 19 20 0
uf20-0426.mwcnf 69826 -1 2 -3 4 5 -6 -7 8 9 10 11 -12 13 14 -15 16 17 18 19 20 0
uf20-0159.mwcnf 37333 1 2 -3 -4 -5 6 -7 8 9 -10 11 -12 -13 14 15 -16 17 18 -19 -20 0
uf20-0170.mwcnf 70151 1 2 3 4 5 6 7 -8 9 10 11 12 -13 14 -15 -16 17 18 19 -20 0
uf20-0355.mwcnf 57228 1 2 3 4 5 6 7 -8 -9 10 11 12 13 14 -15 16 17 18 19 20 0
uf20-0326.mwcnf 67385 1 2 3 4 -5 -6 7 8 9 -10 -11 12 13 14 15 -16 17 18 19 20 0
uf20-0374.mwcnf 100262 1 -2 3 4 5 -6 7 -8 9 10 11 12 13 14 15 16 17 18 19 20 0
uf20-0885.mwcnf 99561 1 2 -3 4 5 6 7 8 9 -10 11 12 13 14 15 -16 17 18 19 20 0
uf20-0783.mwcnf 60065 -1 -2 3 4 -5 6 7 8 9 -10 11 -12 -13 14 -15 -16 -17 18 19 20 0
uf20-0253.mwcnf 76695 1 2 3 4 5 6 7 8 9 10 -11 12 13 14 15 16 17 -18 19 -20 0
uf20-0702.mwcnf 15875 1 2 -3 -4 5 6 7 8 -9 10 11 12 13 -14 -15 16 17 18 19 20 0
uf20-0806.mwcnf 80592 1 -2 3 4 -5 -6 7 8 -9 10 -11 -12 13 14 -15 -16 17 18 -19 -20 0
uf20-0435.mwcnf 35753 1 2 3 4 -5 6 -7 -8 -9 -10 11 12 -13 14 15 16 -17 18 19 -20 0
uf20-0647.mwcnf 8075 -1 -2 -3 4 -5 6 -7 -8 9 10 11 -12 -13 14 -15 -16 -17 -18 19 20 0
uf20-0204.mwcnf 51620 1 -2 3 4 5 -6 -7 8 9 10 -11 -12 13 -14 -15 16 -17 18 19 -20 0
uf20-0655.mwcnf 12059 -1 2 -3 -4 -5 -6 -7 8 -9 10 -11 12 13 -14 -15 16 17 -18 -19 20 0
uf20-0817.mwcnf 110765 -1 2 -3 4 -5 6 7 8 9 10 -11 12 -13 -14 -15 16 17 18 19 20 0
uf20-0300.mwcnf 41659 1 -2 3 4 -5 -6 7 8 -9 -10 -11 -12 -13 -14 15 16 17 -18 19 20 0
uf20-0840.mwcnf 61733 1 -2 3 4 5 6 7 8 -9 10 11 12 -13 -14 -15 16 -17 18 19 -20 0
uf20-0177.mwcnf 46980 -1 -2 3 4 -5 6 -7 -8 9 -10 -11 12 13 14 -15 -16 17 18 19 20 0
uf20-0277.mwcnf 51733 1 2 -3 -4 -5 6 7 8 9 10 -11 12 -13 14 15 -16 17 -18 -19 20 0
uf20-0336.mwcnf 105674 1 2 3 4 -5 6 -7 8 9 10 11 12 13 14 -15 16 17 18 19 20 0
uf20-0111.mwcnf 51226 1 2 3 4 -5 -6 7 8 9 -10 -11 12 13 14 15 -16 17 18 -19 20 0
uf20-0554.mwcnf 9393 1 2 3 4 5 -6 -7 8 9 -10 -11 -12 13 14 -15 -16 17 -18 19 20 0
uf20-0438.mwcnf 38462 -1 -2 3 -4 -5 6 7 8 -9 -10 11 -12 13 14 15 -16 17 -18 19 -20 0
uf20-0588.mwcnf 18956 1 -2 3 4 5 6 -7 8 9 10 11 -12 -13 14 15 16 -17 18 19 20 0
uf20-0304.mwcnf 91537 1 2 3 4 5 6 -7 8 9 10 11 12 13 -14 15 16 17 -18 19 20 0
uf20-066.mwcnf 10891 1 2 3 4 -5 -6 7 8 9 -10 -11 12 -13 14 15 -16 17 -18 -19 20 0
uf20-0948.mwcnf 91273 1 -2 3 4 5 6 7 8 9 10 -11 -12 -13 14 15 16 -17 18 19 20 0
uf20-0101.mwcnf 42873 1 -2 3 4 -5 6 -7 8 9 -10 11 12 -13 14 -15 16 17 -18 19 -20 0
uf20-0907.mwcnf 76704 -1 -2 -3 -4 5 -6 7 8 9 -10 11 12 -13 14 -15 16 -17 18 -19 20 0
uf20-0157.mwcnf 97434 -1 2 3 4 5 6 7 8 9 10 11 12 13 -14 15 16 17 -18 19 20 0
uf20-0485.mwcnf 85366 1 2 3 4 5 6 7 -8 9 -10 -11 12 13 14 15 16 17 18 19 20 0
uf20-0259.mwcnf 43872 -1 2 3 -4 5 -6 7 8 9 10 11 12 13 14 15 -16 -17 18 -19 20 0
uf20-0640.mwcnf 8728 1 2 -3 -4 5 6 7 -8 -9 -10 -11 12 13 -14 15 -16 17 -18 19 -20 0
uf20-0337.mwcnf 72329 1 2 3 4 5 -6 7 8 9 10 -11 12 13 14 -15 16 -17 -18 19 20 0
uf20-0815.mwcnf 122362 -1 -2 3 4 5 6 7 8 9 -10 11 -12 13 14 15 16 17 18 -19 20 0
uf20-0762.mwcnf 110819 -1 2 -3 4 5 6 7 8 9 -10 11 12 -13 -14 15 16 17 18 19 -20 0
uf20-010.mwcnf 26759 -1 2 3 -4 -5 6 7 -8 9 10 -11 12 13 14 15 -16 -17 -18 -19 20 0
uf20-0523.mwcnf 24032 1 2 3 4 5 6 7 8 9 10 11 12 -13 14 15 16 17 18 -19 20 0
uf20-0158.mwcnf 49085 1 2 3 4 5 6 -7 -8 -9 10 11 12 -13 -14 -15 16 -17 -18 19 20 0
uf20-0978.mwcnf 85111 1 2 3 4 5 6 7 8 -9 10 11 12 13 14 -15 16 17 18 19 20 0
uf20-0692.mwcnf 14096 1 -2 -3 4 5 -6 -7 8 9 10 11 -12 13 14 15 16 17 -18 19 20 0
uf20-0364.mwcnf 85315 1 2 3 4 5 6 7 8 9 10 11 -12 -13 14 15 16 17 18 19 20 0
uf20-0818.mwcnf 68104 -1 -2 3 -4 -5 6 7 8 9 10 11 12 -13 14 -15 16 17 18 19 20 0
uf20-0548.mwcnf 13444 1 -2 3 4 5 -6 -7 8 9 -10 -11 12 13 -14 15 16 17 18 19 -20 0
uf20-0270.mwcnf 39883 1 -2 3 4 5 6 7 8 9 -10 11 -12 -13 14 15 16 -17 18 19 20 0
uf20-0572.mwcnf 22043 1 2 3 -4 5 6 7 8 9 10 11 12 -13 14 15 16 17 -18 19 20 0
uf20-0556.mwcnf 10263 1 2 -3 -4 5 6 7 8 -9 -10 -11 12 13 14 -15 16 17 18 19 -20 0
uf20-0421.mwcnf 102385 1 2 3 4 5 -6 -7 8 9 10 11 12 13 14 15 16 17 18 19 20 0
uf20-0876.mwcnf 109098 1 2 3 -4 5 6 7 8 9 10 -11 12 -13 14 15 16 17 18 19 20 0
uf20-0153.mwcnf 40620 1 2 -3 -4 5 6 7 8 -9 10 -11 -12 13 14 -15 -16 -17 18 -19 -20 0
uf20-0845.mwcnf 123322 1 2 3 4 5 -6 7 8 9 10 11 12 13 -14 15 16 17 18 19 20 0
uf20-0514.mwcnf 20621 1 2 -3 4 5 6 7 8 -9 -10 11 12 13 14 15 -16 17 18 19 20 0
uf20-0296.mwcnf 52784 -1 -2 3 4 -5 6 7 8 9 10 -11 12 13 -14 -15 16 17 18 19 20 0
uf20-0700.mwcnf 22281 1 2 3 4 5 6 7 -8 9 10 11 12 13 14 15 16 17 18 19 20 0
uf20-0623.mwcnf 7392 1 -2 3 4 -5 -6 7 -8 9 -10 -11 12 -13 -14 15 16 17 -18 -19 20 0
uf20-0648.mwcnf 21484 1 2 3 4 5 6 7 8 9 10 -11 12 13 -14 15 16 17 -18 19 20 0
uf20-0650.mwcnf 24544 1 2 3 -4 -5 6 7 8 9 10 11 12 13 14 -15 16 17 18 -19 20 0
uf20-0563.mwcnf 11912 1 2 3 4 5 -6 -7 8 -9 10 -11 -12 13 -14 15 16 17 18 19 -20 0
uf20-0212.mwcnf 65452 1 2 3 4 -5 6 -7 8 9 10 11 -12 13 14 15 16 17 18 19 -20 0
uf20-08.mwcnf 76745 1 2 3 4 -5 6 7 -8 9 10 11 12 -13 14 15 16 -17 -18 -19 20 0
uf20-0319.mwcnf 63353 1 2 3 -4 5 6 7 8 9 10 11 12 13 14 15 16 17 18 19 20 0
uf20-0404.mwcnf 78572 1 2 -3 4 5 6 7 8 -9 10 11 12 13 14 15 16 17 18 19 -20 0
uf20-0524.mwcnf 18743 1 2 -3 4 5 -6 7 8 9 10 11 12 -13 14 15 -16 17 -18 -19 20 0
uf20-086.mwcnf 103697 -1 2 -3 4 5 6 7 8 9 10 11 -12 13 14 15 16 17 -18 -19 20 0
uf20-0621.mwcnf 22356 1 2 3 4 5 6 7 -8 9 10 11 12 13 14 15 16 17 18 -19 20 0
uf20-0882.mwcnf 36876 -1 -2 3 4 -5 6 7 8 9 10 -11 -12 -13 14 15 16 -17 18 19 20 0
uf20-0106.mwcnf 55271 1 2 3 -4 5 -6 7 8 -9 10 11 -12 -13 -14 15 16 -17 18 19 -20 0
uf20-0278.mwcnf 61041 -1 2 -3 -4 5 6 -7 8 9 10 -11 12 13 -14 -15 16 17 18 19 -20 0
uf20-074.mwcnf 12686 1 2 3 -4 5 6 -7 8 9 10 11 12 -13 14 15 -16 17 18 -19 20 0
uf20-0165.mwcnf 52486 -1 2 3 4 5 6 -7 8 9 10 11 -12 -13 14 15 -16 17 18 19 20 0
uf20-056.mwcnf 21183 1 2 3 -4 -5 6 7 8 9 10 11 -12 -13 14 15 -16 -17 -18 19 20 0
uf20-0541.mwcnf 25051 1 2 -3 -4 5 6 7 8 9 10 11 12 13 -14 -15 16 17 18 19 20 0
uf20-0136.mwcnf 37631 1 2 3 -4 -5 6 7 -8 9 10 -11 12 13 14 15 16 -17 -18 19 20 0
uf20-0308.mwcnf 23605 1 2 3 4 5 -6 7 -8 9 10 -11 -12 -13 -14 15 16 -17 -18 -19 -20 0
uf20-0837.mwcnf 120902 1 -2 3 4 5 6 -7 -8 9 10 -11 12 13 14 15 16 17 18 19 -20 0
uf20-0991.mwcnf 87951 1 -2 3 4 5 6 -7 8 9 -10 11 12 13 -14 15 16 17 18 19 -20 0
uf20-0912.mwcnf 127313 -1 2 3 4 -5 6 7 8 -9 10 -11 12 13 14 15 -16 17 18 19 20 0
uf20-0143.mwcnf 62762 1 2 3 4 5 6 7 -8 -9 -10 11 12 13 14 15 16 17 18 19 -20 0
uf20-0528.mwcnf 26954 1 2 3 4 -5 6 7 -8 9 10 11 12 13 14 15 -16 17 18 19 20 0
uf20-0376.mwcnf 43881 1 -2 -3 4 5 6 7 8 -9 -10 11 -12 13 14 -15 16 -17 18 19 -20 0
uf20-0564.mwcnf 20390 1 -2 3 4 -5 6 -7 8 9 -10 11 12 13 14 -15 16 -17 18 -19 20 0
uf20-0919.mwcnf 121021 -1 2 3 4 -5 6 7 8 9 10 11 12 13 14 15 16 17 18 19 20 0
uf20-0976.mwcnf 87452 -1 2 -3 4 -5 -6 7 8 9 10 11 -12 13 14 -15 16 17 -18 19 20 0
uf20-018.mwcnf 81923 1 2 3 4 5 -6 7 8 -9 10 11 12 13 14 15 -16 -17 18 19 20 0
uf20-0246.mwcnf 60400 -1 -2 3 -4 5 6 7 8 9 -10 11 12 13 14 -15 16 17 18 19 -20 0
uf20-0913.mwcnf 57462 1 2 3 4 -5 -6 7 -8 9 10 -11 -12 -13 14 15 16 -17 18 -19 -20 0
uf20-0615.mwcnf 25904 -1 2 3 4 5 6 7 8 9 10 11 12 -13 14 -15 16 17 18 19 20 0
uf20-0243.mwcnf 80660 1 2 -3 4 5 6 7 8 -9 10 11 12 13 -14 -15 16 17 18 19 20 0
uf20-0189.mwcnf 85597 1 2 3 -4 5 6 7 8 9 -10 11 -12 13 14 15 -16 -17 18 19 20 0
uf20-0973.mwcnf 84447 -1 2 -3 4 5 6 7 8 9 -10 11 12 13 -14 15 16 17 18 -19 -20 0
uf20-0245.mwcnf 104187 1 2 3 4 -5 -6 -7 8 9 10 11 12 13 -14 15 16 17 18 19 20 0
uf20-0924.mwcnf 109077 1 2 -3 4 5 -6 -7 8 9 10 11 -12 13 -14 15 16 -17 18 -19 -20 0
uf20-0451.mwcnf 34653 -1 -2 -3 4 5 6 7 8 -9 10 -11 -12 -13 14 -15 16 17 18 19 -20 0
uf20-0389.mwcnf 89761 1 -2 3 -4 5 6 7 8 9 10 11 12 13 14 15 16 17 18 19 20 0
uf20-0445.mwcnf 58392 1 -2 3 4 -5 -6 7 8 -9 10 11 12 13 -14 15 16 17 18 19 20 0
uf20-0110.mwcnf 92485 1 2 3 4 5 6 7 8 9 -10 11 12 13 14 15 16 17 18 19 -20 0
uf20-0115.mwcnf 48696 1 2 3 4 -5 -6 -7 -8 9 10 11 -12 -13 14 -15 16 17 18 -19 20 0
uf20-0415.mwcnf 97608 1 -2 3 4 5 6 7 8 -9 -10 11 12 13 14 15 16 17 18 -19 20 0
uf20-0836.mwcnf 70519 1 -2 3 -4 5 6 7 8 9 -10 11 12 13 -14 -15 16 17 -18 19 20 0
uf20-0310.mwcnf 16288 1 2 3 -4 5 -6 7 -8 -9 -10 11 12 -13 -14 15 16 -17 -18 -19 -20 0
uf20-0201.mwcnf 71928 1 2 -3 -4 -5 6 7 8 -9 10 11 12 -13 -14 15 -16 -17 18 19 20 0
uf20-0833.mwcnf 89000 1 2 3 -4 5 6 7 -8 9 10 -11 -12 -13 14 -15 16 -17 18 19 -20 0
uf20-0537.mwcnf 10272 -1 2 3 4 -5 6 7 -8 9 -10 11 -12 -13 -14 15 16 17 18 -19 20 0
uf20-0811.mwcnf 90446 1 2 3 4 5 6 -7 8 -9 10 11 12 13 14 -15 -16 17 -18 19 -20 0
uf20-0114.mwcnf 54611 -1 2 3 4 5 6 -7 8 9 -10 -11 12 13 14 15 16 17 18 19 20 0
uf20-0200.mwcnf 95832 -1 2 -3 4 5 -6 7 8 9 10 -11 -12 13 14 -15 16 17 -18 -19 20 0
uf20-0719.mwcnf 18626 1 2 3 4 5 6 -7 -8 9 10 -11 12 -13 14 15 16 17 18 19 20 0
uf20-0178.mwcnf 115067 1 2 3 4 5 6 7 8 9 -10 -11 12 13 14 15 16 17 18 19 20 0
uf20-0670.mwcnf 23753 1 2 3 -4 5 6 7 8 -9 10 11 12 -13 14 15 16 17 -18 -19 -20 0
uf20-0946.mwcnf 65407 1 -2 -3 -4 -5 6 7 -8 9 -10 11 12 13 14 -15 16 17 18 19 20 0
uf20-0503.mwcnf 26914 1 2 3 -4 5 6 7 8 -9 -10 11 12 -13 14 -15 16 17 -18 19 20 0
uf20-0534.mwcnf 20878 1 -2 3 4 5 6 7 8 9 -10 11 12 13 14 15 16 17 18 19 20 0
uf20-082.mwcnf 137354 -1 2 3 -4 5 6 7 8 9 10 11 12 -13 -14 15 16 17 18 19 20 0
uf20-0145.mwcnf 84677 1 2 3 4 5 6 7 8 9 10 11 12 13 -14 15 16 17 -18 -19 20 0
uf20-0847.mwcnf 65140 1 2 3 4 5 -6 -7 8 9 -10 11 -12 -13 14 15 16 -17 18 19 -20 0
uf20-080.mwcnf 116045 1 -2 3 4 5 6 7 -8 9 10 11 12 13 -14 15 16 17 18 -19 20 0
uf20-0128.mwcnf 70558 1 -2 -3 4 -5 6 7 8 -9 10 -11 12 13 -14 -15 16 17 18 19 20 0
uf20-0603.mwcnf 22750 1 2 3 4 5 -6 -7 8 9 10 11 12 13 -14 15 -16 -17 18 19 20 0
uf20-0498.mwcnf 18227 1 2 3 4 5 6 7 8 -9 10 11 12 13 14 15 16 17 -18 -19 -20 0
uf20-0299.mwcnf 79476 1 -2 -3 4 -5 -6 7 8 9 10 11 12 13 14 15 16 -17 -18 19 20 0
uf20-0348.mwcnf 38396 1 2 3 4 -5 6 7 8 9 10 -11 12 13 -14 15 16 17 18 -19 -20 0
uf20-0734.mwcnf 15587 1 2 -3 4 5 6 7 8 9 10 11 12 13 14 15 16 17 18 19 -20 0
uf20-027.mwcnf 70878 -1 -2 3 4 5 6 -7 8 9 10 -11 -12 13 14 -15 16 17 18 19 20 0
uf20-0191.mwcnf 64955 1 2 3 4 5 -6 -7 8 9 10 11 -12 13 -14 15 16 17 18 19 20 0
uf20-0678.mwcnf 18694 -1 2 3 4 5 6 7 8 9 -10 11 12 13 -14 15 16 17 18 -19 20 0
uf20-093.mwcnf 85547 -1 2 3 -4 5 6 7 -8 -9 10 -11 12 13 14 -15 16 17 -18 19 20 0
uf20-0795.mwcnf 131050 1 2 -3 4 -5 -6 -7 -8 9 10 11 12 13 -14 15 16 17 18 19 20 0
uf20-0205.mwcnf 58693 -1 2 -3 -4 5 6 7 8 9 -10 11 -12 -13 -14 -15 16 -17 18 19 -20 0
uf20-0442.mwcnf 111471 1 2 3 4 5 -6 7 -8 9 10 11 12 -13 14 15 16 17 18 19 20 0
uf20-0816.mwcnf 122243 1 2 3 4 5 6 7 -8 9 10 -11 -12 13 14 -15 16 17 -18 19 20 0
uf20-0516.mwcnf 22218 1 2 3 4 5 6 7 8 9 10 11 12 -13 14 15 16 17 18 19 20 0
uf20-0169.mwcnf 64725 -1 2 -3 4 -5 6 -7 8 9 10 -11 -12 13 14 15 16 17 -18 -19 20 0
uf20-0166.mwcnf 81856 1 2 -3 4 5 6 7 8 9 10 11 12 13 -14 -15 16 17 -18 -19 -20 0
uf20-0519.mwcnf 21922 -1 2 3 -4 5 6 7 8 9 10 11 12 13 14 15 16 -17 -18 19 -20 0
uf20-0241.mwcnf 52213 -1 2 3 4 5 6 -7 8 -9 -10 11 -12 -13 14 15 -16 17 18 -19 20 0
uf20-0969.mwcnf 106701 1 2 -3 -4 5 6 7 8 9 10 -11 -12 -13 14 15 -16 -17 18 19 20 0
uf20-0999.mwcnf 124367 -1 2 3 4 5 6 7 8 -9 10 11 12 13 -14 -15 16 17 18 -19 20 0
uf20-0710.mwcnf 12310 1 -2 -3 -4 -5 6 7 8 -9 -10 11 12 13 -14 -15 16 17 -18 19 20 0
uf20-0137.mwcnf 52424 -1 -2 -3 4 5 -6 -7 8 -9 10 -11 12 -13 14 -15 16 -17 18 19 -20 0
uf20-0149.mwcnf 32693 -1 -2 -3 -4 5 6 -7 8 9 -10 -11 -12 13 -14 15 16 17 -18 -19 20 0
uf20-0230.mwcnf 96891 1 2 3 4 -5 6 7 8 9 -10 11 12 13 14 -15 16 -17 18 19 20 0
uf20-0899.mwcnf 57117 -1 2 3 -4 5 6 7 8 -9 -10 -11 12 13 14 15 -16 17 18 19 20 0
uf20-0636.mwcnf 13115 -1 -2 3 4 -5 -6 7 -8 9 -10 -11 12 -13 14 -15 16 -17 18 -19 20 0
uf20-0295.mwcnf 81833 1 2 -3 4 5 6 7 -8 9 -10 -11 12 13 -14 -15 16 17 18 19 20 0
uf20-0966.mwcnf 110923 1 2 3 -4 5 6 7 8 9 10 11 -12 13 14 15 16 17 18 19 20 0
uf20-0179.mwcnf 62920 1 2 3 4 -5 6 7 8 -9 -10 11 12 13 -14 15 16 17 18 19 20 0
uf20-0810.mwcnf 133183 1 -2 3 4 5 6 -7 -8 9 10 11 -12 13 -14 15 16 17 -18 19 20 0
uf20-0492.mwcnf 72134 1 2 3 4 5 -6 7 8 9 10 -11 12 -13 14 15 -16 17 18 19 20 0
uf20-026.mwcnf 81341 1 2 3 4 -5 6 7 8 9 10 11 12 13 14 -15 16 17 18 -19 20 0
uf20-078.mwcnf 81236 -1 2 3 4 5 -6 7 -8 9 -10 11 12 -13 -14 15 -16 17 18 19 20 0
uf20-0884.mwcnf 83636 1 2 3 4 -5 6 7 8 -9 -10 11 -12 13 14 15 16 17 -18 -19 20 0
uf20-089.mwcnf 143665 -1 2 3 4 5 6 7 8 -9 -10 11 -12 13 -14 15 16 17 18 -19 -20 0
uf20-0470.mwcnf 84400 1 2 3 4 5 6 7 -8 9 10 11 12 13 14 15 -16 17 18 19 20 0
uf20-0320.mwcnf 35367 -1 2 -3 4 5 -6 7 8 9 -10 11 -12 13 -14 -15 16 17 -18 -19 -20 0
uf20-0736.mwcnf 20917 1 2 3 4 5 6 7 8 9 10 -11 -12 -13 14 15 -16 17 18 19 20 0
uf20-0122.mwcnf 64988 -1 2 3 4 5 6 7 8 9 -10 -11 12 -13 14 15 16 17 18 19 20 0
uf20-0260.mwcnf 79558 1 2 3 4 5 6 -7 8 9 10 11 12 13 14 15 16 -17 18 -19 20 0
uf20-0194.mwcnf 69108 1 2 3 -4 -5 -6 7 8 9 10 11 12 13 14 15 -16 -17 18 -19 20 0
uf20-0358.mwcnf 43775 1 2 -3 4 5 6 -7 -8 9 -10 -11 12 13 14 -15 16 17 18 -19 20 0
uf20-0439.mwcnf 59586 -1 2 3 4 5 6 7 8 9 10 -11 12 13 -14 -15 -16 17 18 19 20 0
uf20-0334.mwcnf 64612 -1 2 3 4 5 6 -7 -8 9 -10 -11 12 13 14 -15 16 -17 18 19 20 0
uf20-0527.mwcnf 15758 -1 2 -3 4 5 6 7 8 -9 10 11 12 13 14 15 16 17 18 19 20 0
uf20-0901.mwcnf 101271 1 2 3 4 5 -6 7 8 -9 10 -11 12 13 -14 -15 16 -17 18 19 -20 0
uf20-0416.mwcnf 54530 1 2 3 4 5 6 -7 8 9 -10 -11 12 13 14 15 16 17 18 19 20 0
uf20-0284.mwcnf 35502 1 2 -3 4 5 6 7 8 -9 -10 11 12 13 -14 15 -16 -17 -18 19 -20 0
uf20-0626.mwcnf 25617 1 2 -3 -4 5 6 7 8 9 10 11 -12 13 14 15 16 17 18 19 20 0
uf20-0841.mwcnf 139630 1 2 3 4 5 6 7 8 -9 10 11 12 13 14 15 16 17 18 -19 20 0
uf20-0575.mwcnf 9215 1 -2 -3 -4 -5 -6 -7 8 -9 -10 11 -12 13 14 15 -16 -17 -18 19 20 0
uf20-0119.mwcnf 72936 1 -2 3 -4 5 6 7 8 9 -10 11 12 13 14 15 16 -17 18 19 -20 0
uf20-0773.mwcnf 92758 1 -2 3 4 5 6 7 8 -9 10 -11 -12 13 14 15 -16 17 18 19 20 0
uf20-0682.mwcnf 22108 1 -2 3 4 5 6 -7 -8 -9 -10 -11 12 13 14 15 16 17 18 -19 20 0
uf20-0413.mwcnf 39596 -1 2 3 4 5 6 7 8 9 10 11 12 -13 -14 15 -16 17 18 -19 20 0
uf20-0461.mwcnf 71782 1 -2 3 -4 5 6 7 8 -9 10 11 12 13 14 15 16 -17 -18 19 20 0
uf20-0518.mwcnf 21765 1 2 3 4 -5 6 7 8 9 10 11 12 13 14 15 16 17 18 -19 20 0
uf20-0282.mwcnf 30669 1 2 3 4 -5 -6 -7 8 9 -10 -11 12 13 -14 -15 -16 -17 -18 -19 -20 0
uf20-0956.mwcnf 41082 -1 2 -3 4 5 6 7 -8 -9 -10 11 -12 -13 14 -15 -16 17 18 -19 -20 0
uf20-0508.mwcnf 22895 -1 2 3 -4 -5 6 -7 8 -9 10 11 12 13 14 15 16 17 18 19 20 0
uf20-0338.mwcnf 86184 1 -2 3 4 5 -6 7 8 9 10 11 12 13 14 -15 16 17 18 19 20 0
uf20-0583.mwcnf 8203 -1 2 -3 4 -5 -6 7 -8 9 10 11 -12 -13 -14 15 -16 -17 18 -19 20 0
uf20-0669.mwcnf 7865 -1 -2 3 4 5 -6 7 -8 -9 10 11 -12 -13 -14 -15 16 -17 18 19 20 0
uf20-0381.mwcnf 77212 1 2 3 4 5 6 7 8 9 10 11 -12 13 14 15 16 -17 18 19 -20 0
uf20-061.mwcnf 22026 1 2 -3 4 -5 6 7 8 -9 -10 11 12 13 14 15 16 17 18 19 20 0
uf20-0236.mwcnf 46764 1 -2 3 4 5 -6 -7 -8 -9 10 11 12 13 -14 15 16 17 -18 19 20 0
uf20-041.mwcnf 61046 1 2 -3 4 5 6 7 8 9 10 11 12 13 14 15 16 17 18 19 -20 0
uf20-0238.mwcnf 52505 1 2 3 4 -5 -6 -7 8 9 10 11 12 13 -14 -15 16 17 18 19 20 0
uf20-095.mwcnf 75799 1 2 3 4 -5 -6 7 8 9 10 11 12 13 -14 15 16 -17 18 -19 20 0
uf20-0936.mwcnf 128292 1 2 3 4 5 6 -7 8 9 10 11 12 13 14 15 16 17 -18 19 -20 0
uf20-0369.mwcnf 85041 1 2 3 4 5 -6 7 8 9 10 11 12 13 14 15 16 17 18 19 -20 0
uf20-0698.mwcnf 22527 1 -2 3 4 5 6 7 8 9 10 -11 12 13 14 15 16 17 18 19 20 0
uf20-0601.mwcnf 10297 1 2 -3 -4 5 -6 7 8 9 -10 -11 12 -13 -14 15 -16 17 18 -19 20 0
uf20-0118.mwcnf 62487 1 -2 3 4 5 6 7 -8 9 10 11 12 13 -14 -15 -16 17 18 19 -20 0
uf20-0577.mwcnf 26418 -1 -2 -3 4 5 6 7 8 9 10 -11 12 13 14 15 -16 17 18 -19 20 0
uf20-0262.mwcnf 72139 1 2 3 -4 5 6 -7 8 9 10 -11 12 13 14 15 16 -17 18 19 -20 0
uf20-0456.mwcnf 48107 1 2 3 4 5 6 7 -8 -9 10 11 12 13 14 15 -16 -17 -18 19 20 0
uf20-0303.mwcnf 78792 -1 2 3 -4 5 6 7 8 9 10 -11 12 13 -14 -15 -16 17 18 19 -20 0
uf20-0141.mwcnf 92173 1 -2 3 4 5 6 7 -8 -9 -10 11 12 13 14 15 16 17 18 19 20 0
uf20-0372.mwcnf 84116 1 2 -3 4 5 6 -7 8 9 10 11 12 13 14 15 16 17 18 19 20 0
uf20-052.mwcnf 6612 1 2 3 4 5 6 -7 -8 -9 -10 -11 -12 -13 14 15 16 17 -18 -19 20 0
uf20-0928.mwcnf 38165 1 2 -3 4 5 -6 -7 8 -9 -10 11 -12 -13 -14 15 -16 17 -18 -19 20 0
uf20-031.mwcnf 62869 -1 2 3 4 5 6 -7 8 -9 10 -11 -12 -13 14 -15 16 17 18 19 -20 0
uf20-0685.mwcnf 15632 -1 2 -3 4 -5 6 7 8 9 10 -11 -12 13 14 15 -16 17 -18 19 20 0
uf20-0482.mwcnf 40335 -1 2 3 4 -5 6 -7 8 9 -10 -11 12 13 -14 -15 -16 -17 18 19 20 0
uf20-0939.mwcnf 108010 -1 2 3 4 5 -6 7 8 9 -10 -11 12 -13 14 -15 16 17 18 19 20 0
uf20-0430.mwcnf 105902 1 2 -3 -4 5 6 7 8 9 10 11 12 13 14 15 16 17 18 19 20 0
uf20-0377.mwcnf 52343 1 2 3 4 5 6 7 -8 9 10 11 12 13 -14 15 16 17 18 19 20 0
uf20-0761.mwcnf 16159 1 2 3 4 5 -6 7 -8 9 10 11 -12 13 14 -15 16 17 18 19 20 0
uf20-0131.mwcnf 65114 1 2 -3 4 5 6 7 8 9 -10 11 12 -13 14 15 16 17 18 19 20 0
uf20-064.mwcnf 19470 1 2 3 4 5 -6 -7 8 9 10 11 12 -13 14 15 -16 17 18 19 20 0
uf20-0531.mwcnf 23523 1 2 3 4 -5 6 7 8 -9 10 11 12 13 14 15 16 17 18 19 20 0
uf20-0801.mwcnf 104132 1 2 3 4 5 6 7 8 9 10 11 12 -13 14 15 16 17 18 19 -20 0
uf20-079.mwcnf 92828 1 -2 -3 -4 5 6 -7 -8 9 10 -11 12 -13 14 15 16 17 -18 19 20 0
uf20-059.mwcnf 20533 1 -2 -3 4 5 -6 7 8 9 10 -11 12 13 -14 15 -16 17 -18 19 20 0
uf20-0288.mwcnf 74569 1 -2 3 4 5 6 -7 8 9 10 11 12 13 -14 15 16 17 18 19 20 0
uf20-081.mwcnf 112666 1 2 3 4 5 6 7 8 9 10 11 -12 13 -14 15 16 17 18 19 20 0
uf20-0471.mwcnf 27145 -1 2 3 -4 -5 -6 -7 -8 9 10 11 -12 13 -14 15 -16 -17 18 -19 20 0
uf20-0366.mwcnf 89117 -1 2 3 4 5 6 -7 8 9 -10 11 12 13 14 15 16 17 18 19 20 0
uf20-098.mwcnf 94768 1 2 -3 -4 5 6 -7 8 -9 10 11 12 13 14 15 16 17 -18 19 -20 0
uf20-0728.mwcnf 15367 1 -2 -3 4 -5 6 7 8 -9 10 -11 12 13 -14 15 16 17 18 -19 -20 0
uf20-0152.mwcnf 80675 1 2 -3 4 5 6 7 8 -9 -10 11 12 -13 -14 -15 16 17 18 19 -20 0
uf20-0407.mwcnf 79104 -1 2 3 4 5 6 7 8 9 10 11 12 13 14 -15 16 17 18 19 -20 0
uf20-0432.mwcnf 38364 -1 2 3 4 -5 -6 7 8 -9 -10 11 12 -13 14 15 16 17 18 -19 -20 0
uf20-0730.mwcnf 10874 1 2 3 4 5 -6 -7 8 9 -10 -11 -12 13 -14 15 -16 -17 18 19 20 0
uf20-0854.mwcnf 93100 1 2 3 -4 5 -6 7 8 9 -10 11 12 -13 14 -15 -16 17 18 -19 -20 0
uf20-0849.mwcnf 107988 -1 2 3 4 -5 6 7 8 9 10 11 12 13 14 15 16 -17 18 19 20 0
uf20-0558.mwcnf 14181 -1 2 -3 -4 -5 6 7 8 -9 -10 -11 12 -13 -14 15 16 -17 18 -19 20 0
uf20-0436.mwcnf 32681 -1 2 3 -4 -5 6 7 -8 9 -10 11 12 13 -14 15 16 17 18 -19 20 0
uf20-0642.mwcnf 13298 -1 -2 -3 4 5 6 7 -8 -9 10 -11 12 13 -14 15 -16 17 -18 19 20 0
uf20-0617.mwcnf 16238 1 -2 3 4 5 6 -7 8 9 -10 11 -12 -13 14 15 -16 17 18 -19 -20 0
uf20-0975.mwcnf 57631 1 -2 3 4 5 -6 -7 -8 9 -10 11 12 13 14 15 16 17 -18 19 20 0
uf20-097.mwcnf 120950 1 -2 3 -4 5 6 7 -8 9 -10 11 12 -13 14 15 -16 17 18 19 -20 0
uf20-0321.mwcnf 84986 1 -2 3 4 5 6 7 -8 9 10 11 12 13 14 15 16 17 18 19 20 0
uf20-0706.mwcnf 23001 1 -2 3 4 5 6 -7 8 9 10 11 12 -13 14 15 16 17 18 19 20 0
uf20-028.mwcnf 72872 1 2 3 4 5 6 7 -8 9 10 -11 12 13 -14 -15 16 17 18 -19 20 0
uf20-0891.mwcnf 123267 -1 -2 -3 -4 5 6 7 8 9 10 11 12 13 14 15 16 17 18 19 20 0
uf20-0202.mwcnf 39192 1 -2 3 4 5 -6 -7 -8 9 -10 11 12 13 14 -15 -16 17 -18 19 20 0
uf20-0839.mwcnf 143421 -1 2 3 4 5 6 -7 8 9 10 11 12 13 14 15 -16 17 18 19 20 0
uf20-0273.mwcnf 89131 1 2 3 4 5 6 7 8 9 10 11 12 13 14 -15 16 17 18 19 20 0
uf20-0829.mwcnf 119699 1 2 3 4 -5 6 7 8 9 10 11 12 13 -14 15 16 17 18 19 20 0
uf20-0447.mwcnf 80751 1 2 3 4 -5 6 7 -8 9 10 11 12 13 14 15 16 17 -18 19 20 0
uf20-0353.mwcnf 35452 1 2 3 -4 5 -6 -7 8 9 10 11 12 -13 -14 15 16 17 18 19 -20 0
uf20-0977.mwcnf 122093 1 2 3 4 5 6 -7 -8 9 10 11 12 13 14 15 16 17 18 19 20 0
uf20-0830.mwcnf 107532 1 -2 3 -4 5 6 -7 8 9 10 11 12 -13 14 15 16 17 18 19 -20 0
uf20-0688.mwcnf 16611 1 2 3 4 5 6 7 -8 9 10 11 -12 13 14 -15 -16 -17 18 19 20 0
uf20-0207.mwcnf 84475 1 -2 3 4 5 -6 7 8 9 10 11 12 13 -14 15 16 17 18 -19 20 0
uf20-02.mwcnf 65053 -1 2 3 4 5 -6 7 8 9 10 -11 12 -13 14 15 16 -17 -18 19 -20 0
uf20-0958.mwcnf 131396 1 2 -3 4 -5 6 7 8 9 10 11 12 13 -14 15 -16 17 18 -19 20 0
uf20-0522.mwcnf 20537 1 -2 3 4 -5 -6 7 8 9 10 -11 12 13 14 15 16 17 18 19 20 0
uf20-0613.mwcnf 9639 -1 2 -3 -4 5 6 -7 8 -9 -10 11 -12 13 -14 15 16 -17 18 19 -20 0
uf20-0233.mwcnf 25473 1 -2 3 4 5 -6 -7 -8 -9 -10 11 -12 13 -14 15 16 -17 18 -19 -20 0
uf20-0708.mwcnf 21813 1 2 3 4 5 6 7 8 9 10 11 12 13 14 -15 -16 17 18 19 20 0
uf20-0664.mwcnf 16247 1 -2 -3 4 5 6 7 8 9 10 11 12 -13 -14 15 16 17 18 19 20 0
uf20-0315.mwcnf 40240 1 2 3 4 -5 6 7 8 -9 10 11 12 -13 14 -15 16 -17 18 -19 20 0
uf20-0392.mwcnf 64228 1 2 3 4 -5 6 7 -8 9 10 11 -12 -13 14 -15 16 17 18 19 20 0
uf20-0350.mwcnf 103395 -1 -2 3 -4 5 6 7 8 9 -10 11 12 13 14 15 16 17 18 19 20 0
uf20-0526.mwcnf 25366 1 2 3 4 5 6 7 8 9 10 -11 -12 13 14 15 16 -17 18 19 20 0
uf20-0379.mwcnf 55095 1 2 -3 -4 5 6 -7 8 9 10 11 12 13 -14 15 16 17 18 19 -20 0
uf20-0240.mwcnf 49202 1 2 3 4 5 -6 -7 8 9 10 -11 -12 -13 14 -15 16 17 18 -19 20 0
uf20-0645.mwcnf 22719 1 2 3 4 5 6 7 8 9 10 -11 12 13 14 15 16 17 18 19 20 0
uf20-0599.mwcnf 10275 1 -2 3 4 -5 -6 7 -8 -9 -10 11 -12 -13 14 15 -16 17 -18 19 -20 0
uf20-0547.mwcnf 18162 1 2 -3 4 -5 6 -7 -8 9 10 11 12 13 14 15 -16 -17 18 19 20 0
uf20-0362.mwcnf 56429 -1 2 3 -4 5 -6 7 -8 9 10 -11 12 -13 14 -15 16 17 -18 19 20 0
uf20-0686.mwcnf 28128 -1 2 3 4 -5 6 7 8 -9 10 11 12 13 14 15 16 17 -18 -19 20 0
uf20-0443.mwcnf 84744 1 2 3 4 5 6 7 -8 9 -10 -11 -12 13 14 15 16 -17 18 19 -20 0
uf20-0286.mwcnf 71214 1 2 3 4 5 6 7 -8 9 -10 11 12 13 14 15 16 17 -18 -19 20 0
uf20-0717.mwcnf 16137 1 2 3 4 5 -6 -7 8 -9 -10 -11 12 -13 14 15 -16 -17 18 -19 -20 0
uf20-0293.mwcnf 70614 1 2 3 -4 5 -6 7 8 -9 10 11 -12 -13 14 -15 16 17 18 19 20 0
uf20-0247.mwcnf 36841 1 2 -3 4 -5 6 7 8 9 -10 11 -12 13 14 15 16 17 -18 19 20 0
uf20-0929.mwcnf 68091 1 2 3 4 -5 -6 7 -8 9 -10 -11 12 13 -14 15 16 17 -18 -19 -20 0
uf20-0784.mwcnf 69227 -1 -2 -3 4 5 6 7 8 -9 -10 -11 -12 -13 14 15 16 17 -18 19 20 0
uf20-0605.mwcnf 23235 1 2 3 4 -5 6 7 8 9 -10 11 12 13 14 15 16 17 -18 19 20 0
uf20-012.mwcnf 36258 1 -2 -3 -4 -5 6 -7 8 -9 10 -11 -12 13 14 -15 -16 17 18 19 -20 0
uf20-0677.mwcnf 18101 -1 2 3 4 5 6 7 8 -9 10 11 -12 -13 14 15 16 -17 18 19 20 0
uf20-0148.mwcnf 65239 1 2 -3 4 5 6 7 8 9 10 11 -12 13 -14 -15 16 17 18 19 20 0
uf20-0100.mwcnf 35131 -1 -2 3 -4 5 -6 -7 -8 9 10 -11 12 13 -14 15 16 17 -18 -19 20 0
uf20-0764.mwcnf 94909 1 2 3 4 5 -6 7 8 9 10 -11 12 -13 -14 15 16 17 18 19 20 0
uf20-0398.mwcnf 39359 1 2 -3 -4 -5 6 7 8 9 10 11 12 -13 14 -15 -16 17 18 -19 20 0
uf20-0930.mwcnf 86972 1 -2 -3 4 5 -6 7 -8 9 10 11 12 13 -14 -15 16 -17 18 19 -20 0
uf20-0116.mwcnf 69894 1 -2 -3 4 -5 6 7 -8 9 -10 -11 12 -13 -14 15 16 -17 18 19 20 0
uf20-0903.mwcnf 107410 1 -2 3 4 5 6 -7 8 9 10 -11 12 13 14 15 16 -17 18 -19 20 0
uf20-0568.mwcnf 23494 1 2 3 4 5 6 7 8 -9 10 11 -12 -13 14 15 16 17 18 19 20 0
uf20-047.mwcnf 76950 1 2 3 4 5 6 7 8 9 -10 -11 12 13 14 15 -16 17 18 19 -20 0
uf20-0691.mwcnf 23723 -1 2 3 4 5 -6 7 -8 9 10 11 12 13 14 -15 16 17 18 19 -20 0
uf20-0291.mwcnf 50309 1 2 3 4 5 -6 -7 8 -9 10 11 12 13 14 -15 16 17 18 19 20 0
uf20-0406.mwcnf 42414 1 2 3 -4 5 6 7 -8 -9 10 -11 12 -13 14 -15 -16 17 18 19 20 0
uf20-0154.mwcnf 73113 -1 2 3 4 5 6 7 8 -9 10 11 -12 13 14 -15 16 17 18 19 20 0
uf20-0715.mwcnf 13259 1 2 3 4 -5 6 -7 8 -9 10 11 -12 13 14 15 -16 -17 -18 19 -20 0
uf20-0102.mwcnf 87920 1 2 3 4 5 6 7 8 -9 -10 11 12 13 14 -15 -16 -17 18 19 -20 0
uf20-0582.mwcnf 20875 -1 2 -3 4 5 6 7 8 9 10 11 12 -13 -14 15 16 17 18 19 20 0
uf20-0370.mwcnf 42741 -1 -2 3 4 -5 6 -7 -8 -9 -10 -11 12 13 14 -15 -16 17 18 -19 -20 0
uf20-0196.mwcnf 44076 1 2 3 -4 5 -6 7 8 -9 -10 11 12 13 14 15 -16 -17 -18 -19 20 0
uf20-0266.mwcnf 64443 1 2 3 4 5 6 7 8 9 -10 11 12 13 -14 15 -16 17 18 19 20 0
uf20-0713.mwcnf 17699 1 2 -3 4 5 6 -7 8 9 10 11 -12 13 14 15 16 17 18 19 20 0
uf20-0368.mwcnf 58748 -1 2 3 4 -5 6 7 8 -9 10 11 12 13 14 -15 16 -17 18 19 20 0
uf20-0472.mwcnf 56272 1 2 3 -4 5 -6 7 8 9 10 11 12 13 14 15 -16 17 18 19 20 0
uf20-0668.mwcnf 18951 1 2 3 -4 5 6 7 8 9 -10 11 -12 -13 14 15 16 17 18 19 20 0
uf20-0644.mwcnf 18595 1 2 3 4 5 -6 7 8 9 10 -11 -12 13 14 15 16 -17 18 -19 20 0
uf20-0146.mwcnf 73096 1 -2 3 4 -5 6 -7 -8 9 10 11 -12 -13 14 15 16 17 18 19 -20 0
uf20-0980.mwcnf 134994 -1 2 -3 4 -5 -6 7 8 9 10 11 12 13 14 15 16 -17 18 19 20 0
uf20-0525.mwcnf 24338 -1 2 3 4 5 6 7 8 9 10 -11 12 13 -14 15 -16 17 18 19 20 0
uf20-0614.mwcnf 19580 1 2 3 -4 -5 6 7 8 9 10 11 -12 13 -14 15 16 -17 -18 19 -20 0
uf20-0428.mwcnf 45812 -1 -2 3 -4 5 -6 7 8 9 10 11 -12 -13 -14 15 -16 -17 18 -19 -20 0
uf20-0949.mwcnf 134537 1 2 3 -4 -5 -6 7 8 9 10 11 -12 13 14 15 16 17 18 19 20 0
uf20-0280.mwcnf 76942 1 2 3 -4 5 6 7 8 9 10 11 12 13 14 15 16 17 -18 19 20 0
uf20-0962.mwcnf 139866 1 -2 3 -4 5 6 7 8 9 10 11 12 13 -14 15 -16 17 18 19 20 0
uf20-0517.mwcnf 14552 1 2 3 4 -5 6 7 8 -9 10 11 12 13 14 -15 16 17 -18 -19 -20 0
uf20-0889.mwcnf 120658 1 2 3 4 5 -6 7 8 9 10 11 12 13 14 15 -16 17 18 19 20 0
uf20-0104.mwcnf 75257 1 -2 3 4 5 6 7 8 9 -10 11 12 -13 14 15 16 17 18 -19 20 0
uf20-0778.mwcnf 120930 1 -2 3 4 -5 6 7 -8 9 10 11 -12 13 14 -15 -16 17 -18 19 20 0
uf20-025.mwcnf 70241 1 -2 3 4 5 6 7 8 9 10 11 12 13 14 15 16 -17 18 -19 -20 0
uf20-019.mwcnf 91609 1 2 3 -4 5 6 7 8 -9 -10 11 12 13 14 -15 16 17 18 19 20 0
uf20-0491.mwcnf 66397 -1 2 3 4 5 6 -7 -8 9 10 11 12 13 14 15 16 -17 18 -19 -20 0
uf20-0346.mwcnf 72559 1 2 3 4 5 6 -7 8 9 10 -11 -12 -13 14 15 -16 17 18 19 20 0
uf20-0635.mwcnf 19601 1 2 3 4 5 6 7 8 9 10 11 12 13 -14 15 16 17 18 19 20 0
uf20-0758.mwcnf 14975 -1 2 3 4 5 6 7 8 9 10 11 12 13 14 15 -16 17 -18 19 20 0
uf20-0117.mwcnf 61265 -1 -2 -3 4 -5 -6 7 8 9 10 -11 12 13 14 15 16 17 18 -19 20 0
uf20-0213.mwcnf 95798 1 2 3 4 5 6 -7 8 9 10 -11 12 13 14 15 16 17 -18 19 -20 0
uf20-0543.mwcnf 19831 -1 2 3 4 5 6 7 -8 9 10 11 12 13 14 15 16 17 18 19 20 0
uf20-0497.mwcnf 10779 -1 2 -3 -4 -5 6 7 8 -9 -10 11 -12 13 -14 15 16 -17 -18 19 -20 0
uf20-0652.mwcnf 15502 1 -2 3 4 5 6 7 8 -9 10 11 12 13 14 -15 -16 17 -18 19 -20 0
uf20-0142.mwcnf 68902 1 -2 3 4 5 -6 7 -8 -9 -10 11 12 13 14 15 16 17 18 19 20 0
uf20-0812.mwcnf 130130 1 2 3 4 -5 6 -7 8 9 10 11 -12 13 14 15 16 -17 18 19 20 0
uf20-0594.mwcnf 22531 -1 2 3 4 5 6 7 8 -9 10 11 12 13 14 15 16 17 18 19 20 0
uf20-0175.mwcnf 87332 1 2 3 4 5 -6 7 8 -9 10 -11 12 13 -14 15 16 17 18 19 -20 0
uf20-0704.mwcnf 26778 1 2 -3 4 5 6 7 8 9 10 11 12 -13 14 -15 16 17 18 -19 20 0
uf20-0859.mwcnf 107816 1 2 3 4 5 6 -7 8 9 10 11 -12 13 14 15 16 17 18 19 20 0
uf20-0433.mwcnf 82282 1 2 3 -4 -5 6 7 -8 9 -10 11 12 13 14 15 -16 17 18 19 20 0
uf20-0696.mwcnf 25965 1 -2 3 4 -5 6 -7 8 9 10 11 -12 13 14 15 16 17 -18 -19 20 0
uf20-0267.mwcnf 79812 -1 2 3 4 5 6 7 8 9 10 -11 12 13 -14 15 16 17 -18 19 20 0
uf20-0965.mwcnf 61514 1 -2 3 4 5 6 -7 -8 -9 -10 11 12 13 14 -15 16 -17 -18 -19 20 0
uf20-0184.mwcnf 90037 1 2 3 4 5 6 7 8 -9 10 11 12 13 14 -15 16 -17 18 19 20 0
uf20-0573.mwcnf 24964 1 2 3 4 5 6 7 8 -9 10 11 12 13 14 -15 16 17 18 19 20 0
uf20-0821.mwcnf 102370 1 2 -3 4 -5 6 7 8 9 -10 11 -12 -13 -14 15 16 17 18 19 -20 0
uf20-0911.mwcnf 83521 -1 2 -3 -4 5 6 7 8 9 10 11 12 -13 14 -15 16 17 -18 19 20 0
uf20-0735.mwcnf 13775 1 -2 -3 4 -5 6 7 -8 -9 10 11 12 -13 -14 15 16 -17 -18 -19 -20 0
uf20-0545.mwcnf 21634 1 2 3 4 -5 6 7 8 9 10 11 12 13 14 15 -16 17 18 19 20 0
uf20-0797.mwcnf 71820 1 2 3 4 5 -6 7 8 9 -10 11 -12 -13 14 15 16 17 -18 -19 20 0
uf20-0766.mwcnf 101472 1 2 3 -4 5 6 7 8 -9 10 11 12 -13 14 15 16 17 -18 19 20 0
uf20-0952.mwcnf 109784 1 2 3 4 5 -6 -7 8 -9 10 11 12 13 14 -15 -16 -17 18 -19 20 0
uf20-0382.mwcnf 67303 1 2 -3 4 5 6 7 -8 -9 10 -11 -12 -13 14 15 16 17 18 19 20 0
uf20-0281.mwcnf 50755 1 2 -3 4 5 6 7 -8 9 10 11 -12 13 -14 -15 16 17 18 -19 20 0
uf20-0910.mwcnf 79416 1 2 3 -4 5 -6 -7 8 9 10 -11 12 13 14 15 -16 -17 18 19 -20 0
uf20-0961.mwcnf 133930 1 2 3 4 5 6 -7 -8 9 10 -11 12 -13 14 15 -16 -17 18 -19 20 0
uf20-0754.mwcnf 8081 -1 2 3 4 5 6 7 -8 9 10 -11 12 -13 14 -15 16 17 -18 -19 20 0
uf20-096.mwcnf 124155 1 2 3 4 5 6 7 8 9 10 11 12 -13 14 15 16 17 18 19 20 0
uf20-0271.mwcnf 26139 -1 -2 -3 -4 5 -6 7 8 -9 10 -11 12 13 -14 15 -16 -17 18 -19 -20 0
uf20-053.mwcnf 13304 1 2 -3 4 5 6 7 8 9 -10 -11 12 -13 14 -15 16 17 18 -19 20 0
uf20-049.mwcnf 24290 -1 2 3 4 5 6 7 8 9 10 11 12 -13 14 15 16 17 18 19 -20 0
uf20-0414.mwcnf 53511 1 2 -3 4 5 6 7 -8 9 -10 11 12 13 14 15 16 17 18 19 20 0
uf20-084.mwcnf 122888 1 2 -3 4 5 6 7 8 -9 10 11 12 13 14 15 16 17 -18 -19 20 0
uf20-0223.mwcnf 75234 1 2 3 4 5 6 7 -8 -9 10 11 12 13 14 15 16 17 18 19 20 0
uf20-0479.mwcnf 82288 1 2 3 4 -5 -6 7 8 9 10 -11 -12 13 14 15 16 17 18 19 20 0
uf20-0255.mwcnf 86479 1 2 3 4 5 6 7 8 9 -10 11 12 13 14 15 16 17 -18 19 20 0
uf20-0630.mwcnf 18734 1 -2 3 4 5 6 7 8 9 10 11 12 -13 14 15 16 -17 -18 19 -20 0
uf20-0777.mwcnf 122921 1 2 3 4 5 6 7 8 -9 10 11 12 -13 14 -15 16 17 -18 19 20 0
uf20-0103.mwcnf 75871 -1 2 3 4 5 6 7 8 -9 10 11 12 -13 14 15 16 17 -18 19 20 0
uf20-0316.mwcnf 53381 1 -2 3 -4 -5 -6 7 8 -9 10 11 -12 13 14 -15 16 17 -18 19 20 0
uf20-0716.mwcnf 26037 1 2 3 -4 5 6 7 8 -9 -10 11 12 13 14 15 -16 17 -18 19 20 0
uf20-0383.mwcnf 79766 1 2 3 -4 5 -6 7 8 9 10 -11 -12 -13 14 -15 16 17 18 19 20 0
uf20-0140.mwcnf 48042 1 2 3 -4 5 6 7 8 9 10 -11 12 13 14 15 16 17 18 -19 20 0
uf20-068.mwcnf 13527 1 -2 3 4 5 -6 7 8 -9 -10 -11 12 13 14 15 -16 -17 18 19 20 0
uf20-0268.mwcnf 27878 1 -2 3 4 5 6 -7 8 9 -10 -11 12 -13 -14 15 16 -17 -18 19 20 0
uf20-0551.mwcnf 21905 1 2 3 -4 5 6 7 8 -9 10 11 12 13 14 15 -16 -17 -18 19 -20 0
uf20-0269.mwcnf 60341 1 -2 3 4 5 6 7 8 -9 10 -11 12 13 -14 -15 16 17 -18 19 20 0
uf20-0422.mwcnf 67374 -1 2 3 4 5 6 7 8 9 10 11 -12 -13 14 15 -16 17 18 19 20 0
uf20-0135.mwcnf 60028 -1 2 3 4 -5 6 7 -8 9 10 -11 12 13 14 -15 16 -17 18 19 20 0
uf20-0151.mwcnf 74532 -1 2 3 4 -5 6 7 -8 9 10 11 12 13 -14 15 16 17 18 19 20 0
uf20-0347.mwcnf 71046 1 2 3 4 5 6 7 8 9 10 11 12 13 -14 -15 16 17 18 -19 20 0
uf20-0593.mwcnf 17395 -1 2 3 4 5 6 7 8 9 10 -11 12 13 14 -15 16 -17 -18 19 20 0
uf20-0902.mwcnf 109486 1 2 3 4 -5 6 7 -8 -9 10 11 12 13 -14 15 16 17 18 19 20 0
uf20-036.mwcnf 44065 -1 2 3 4 -5 6 -7 8 9 -10 11 12 13 14 -15 -16 17 18 -19 20 0
uf20-017.mwcnf 58587 1 2 -3 4 -5 6 7 8 9 10 -11 12 13 14 15 -16 17 -18 19 20 0
uf20-0571.mwcnf 8541 1 -2 -3 -4 5 6 -7 -8 9 -10 11 12 13 -14 -15 16 17 18 19 -20 0
uf20-0787.mwcnf 65784 1 2 -3 4 -5 -6 -7 -8 -9 -10 11 12 13 14 15 -16 -17 18 -19 20 0
uf20-045.mwcnf 45503 1 -2 3 -4 -5 6 7 8 -9 -10 11 -12 -13 14 15 16 -17 18 19 -20 0
uf20-0294.mwcnf 70637 1 2 3 4 5 6 7 8 -9 10 -11 12 13 14 15 16 17 18 19 20 0