146543 195 201 1.38 uf50-0207.mwcnf
148662 190 201 1.20 uf50-0810.mwcnf
141410 191 201 1.76 uf50-0905.mwcnf
89539 191 201 1.76 uf50-0702.mwcnf
248836 191 201 1.53 uf50-0275.mwcnf
130279 193 201 0.89 uf50-0879.mwcnf
228560 188 201 1.52 uf50-0412.mwcnf
228752 191 201 1.41 uf50-0223.mwcnf
85848 191 201 1.69 uf50-0477.mwcnf
74306 193 201 1.32 uf50-0540.mwcnf
158724 194 201 1.44 uf50-0781.mwcnf
139852 186 201 1.28 uf50-010.mwcnf
93546 190 201 1.96 uf50-0614.mwcnf
151022 193 201 1.55 uf50-0821.mwcnf
82831 192 201 0.80 uf50-0550.mwcnf
148347 191 201 1.46 uf50-0154.mwcnf
87005 192 201 1.61 uf50-0687.mwcnf
86321 188 201 1.13 uf50-0613.mwcnf
277898 191 201 1.38 uf50-0421.mwcnf
85479 193 201 1.24 uf50-0591.mwcnf
133901 188 201 1.37 uf50-0872.mwcnf
195730 191 201 1.35 uf50-0407.mwcnf
257988 187 201 1.89 uf50-0410.mwcnf
229267 187 201 2.34 uf50-0344.mwcnf
148179 194 201 1.72 uf50-0194.mwcnf
89059 189 201 1.74 uf50-0691.mwcnf
247042 189 201 1.32 uf50-0343.mwcnf
134050 193 201 1.37 uf50-0931.mwcnf
86581 188 201 1.38 uf50-0553.mwcnf
93788 190 201 1.74 uf50-0629.mwcnf
89627 192 201 1.27 uf50-0532.mwcnf
229174 191 201 1.82 uf50-0255.mwcnf
78662 191 201 2.47 uf50-0734.mwcnf
60585 196 201 1.63 uf50-062.mwcnf
185472 188 201 1.45 uf50-0844.mwcnf
218911 191 201 1.08 uf50-0266.mwcnf
224010 192 201 2.41 uf50-0417.mwcnf
146163 189 201 2.66 uf50-0888.mwcnf
75364 192 201 1.13 uf50-0605.mwcnf
76972 189 201 1.10 uf50-0594.mwcnf
234072 192 201 1.60 uf50-0321.mwcnf
86713 190 201 1.66 uf50-0662.mwcnf
142924 190 201 1.00 uf50-0777.mwcnf
222787 190 201 1.53 uf50-0437.mwcnf
75156 191 201 1.21 uf50-0513.mwcnf
144529 193 201 1.85 uf50-0862.mwcnf
159351 188 201 1.27 uf50-0201.mwcnf
144642 191 201 2.50 uf50-0822.mwcnf
213304 189 201 1.32 uf50-0390.mwcnf
135206 190 201 1.51 uf50-0953.mwcnf
244579 189 201 1.65 uf50-033.mwcnf
152578 194 201 1.41 uf50-075.mwcnf
136496 194 201 1.52 uf50-0922.mwcnf
129072 191 201 2.19 uf50-0830.mwcnf
266749 189 201 1.43 uf50-0279.mwcnf
70718 190 201 1.58 uf50-070.mwcnf
192528 194 201 1.69 uf50-028.mwcnf
129285 190 201 1.25 uf50-0102.mwcnf
116458 193 201 1.44 uf50-0982.mwcnf
133593 191 201 1.90 uf50-0856.mwcnf
211394 194 201 1.29 uf50-0466.mwcnf
69557 191 201 1.51 uf50-0561.mwcnf
126954 190 201 1.31 uf50-013.mwcnf
162956 190 201 1.57 uf50-0826.mwcnf
83119 192 201 1.71 uf50-0642.mwcnf
142521 188 201 1.45 uf50-0780.mwcnf
74415 191 201 2.75 uf50-0688.mwcnf
147022 188 201 2.07 uf50-0133.mwcnf
73001 192 201 1.11 uf50-0498.mwcnf
209791 189 201 0.67 uf50-0400.mwcnf
125177 190 201 1.48 uf50-0988.mwcnf
147439 191 201 1.33 uf50-0178.mwcnf
146040 191 201 2.39 uf50-0858.mwcnf
122488 190 201 1.93 uf50-0925.mwcnf
152889 192 201 1.13 uf50-0987.mwcnf
258035 190 201 1.12 uf50-0278.mwcnf
143881 188 201 1.43 uf50-0787.mwcnf
257803 190 201 1.29 uf50-0374.mwcnf
132400 187 201 1.08 uf50-0979.mwcnf
83506 192 201 2.53 uf50-0539.mwcnf
129725 190 201 1.31 uf50-0857.mwcnf
64379 191 201 1.70 uf50-05.mwcnf
136716 193 201 1.32 uf50-091.mwcnf
75567 189 201 1.01 uf50-0668.mwcnf
134915 191 201 1.23 uf50-0832.mwcnf
75745 191 201 1.18 uf50-0732.mwcnf
134147 191 201 1.86 uf50-0180.mwcnf
186744 191 201 1.43 uf50-0309.mwcnf
74440 190 201 1.41 uf50-0715.mwcnf
81812 189 201 2.07 uf50-0491.mwcnf
242454 190 201 1.51 uf50-0381.mwcnf
235958 188 201 2.18 uf50-0451.mwcnf
84461 191 201 1.33 uf50-0557.mwcnf
139126 189 201 1.19 uf50-0819.mwcnf
121042 193 201 1.73 uf50-0809.mwcnf
265267 196 201 2.04 uf50-0461.mwcnf
151675 189 201 1.54 uf50-0748.mwcnf
142516 194 201 1.51 uf50-0794.mwcnf
135784 195 201 1.08 uf50-0842.mwcnf
188945 194 201 1.38 uf50-0329.mwcnf
170418 190 201 1.72 uf50-0965.mwcnf
77429 192 201 1.30 uf50-0705.mwcnf
84446 192 201 2.02 uf50-0625.mwcnf
91718 188 201 1.29 uf50-0528.mwcnf
93425 191 201 1.83 uf50-0499.mwcnf
142460 190 201 1.71 uf50-0108.mwcnf
83944 192 201 1.32 uf50-0700.mwcnf
84023 189 201 1.10 uf50-0502.mwcnf
204908 194 201 1.71 uf50-0383.mwcnf
73956 191 201 1.55 uf50-0686.mwcnf
163604 190 201 1.75 uf50-0983.mwcnf
70324 194 201 1.44 uf50-0689.mwcnf
142925 190 201 2.24 uf50-0912.mwcnf
139762 190 201 2.49 uf50-088.mwcnf
234385 190 201 2.00 uf50-0377.mwcnf
138980 187 201 1.91 uf50-0192.mwcnf
76977 185 201 1.77 uf50-0645.mwcnf
139759 190 201 2.12 uf50-0741.mwcnf
150235 192 201 1.42 uf50-0936.mwcnf
211281 192 201 1.19 uf50-0359.mwcnf
135527 192 201 1.33 uf50-0938.mwcnf
262316 189 201 2.84 uf50-0249.mwcnf
123723 193 201 1.59 uf50-0915.mwcnf
219545 188 201 1.43 uf50-0378.mwcnf
193675 191 201 1.69 uf50-044.mwcnf
207046 194 201 1.85 uf50-0426.mwcnf
165263 190 201 1.01 uf50-0153.mwcnf
70466 190 201 1.74 uf50-0517.mwcnf
134693 188 201 0.99 uf50-0106.mwcnf
252914 188 201 1.52 uf50-0468.mwcnf
152780 189 201 1.09 uf50-0835.mwcnf
232136 190 201 1.20 uf50-0338.mwcnf
153269 192 201 1.56 uf50-0849.mwcnf
114795 193 201 2.19 uf50-016.mwcnf
148782 190 201 1.20 uf50-0891.mwcnf
78704 193 201 1.62 uf50-0623.mwcnf
144660 188 201 1.10 uf50-0823.mwcnf
248025 188 201 1.86 uf50-0245.mwcnf
155040 191 201 1.21 uf50-0747.mwcnf
132458 190 201 2.04 uf50-0185.mwcnf
129145 192 201 1.93 uf50-0114.mwcnf
157484 190 201 1.41 uf50-0892.mwcnf
116296 191 201 1.31 uf50-0163.mwcnf
198356 192 201 1.29 uf50-042.mwcnf
143172 190 201 1.52 uf50-0804.mwcnf
140670 192 201 1.20 uf50-0209.mwcnf
68687 195 201 1.10 uf50-0672.mwcnf
286583 191 201 1.41 uf50-0424.mwcnf
232914 191 201 1.08 uf50-0462.mwcnf
215900 192 201 1.00 uf50-0342.mwcnf
205666 192 201 1.32 uf50-0355.mwcnf
92661 194 201 1.59 uf50-0545.mwcnf
226445 191 201 1.32 uf50-036.mwcnf
75858 193 201 1.83 uf50-0533.mwcnf
88409 194 201 1.54 uf50-0534.mwcnf
145051 192 201 1.66 uf50-09.mwcnf
113652 192 201 1.49 uf50-0205.mwcnf
75423 189 201 1.59 uf50-0503.mwcnf
238467 191 201 1.83 uf50-030.mwcnf
220813 191 201 1.47 uf50-0306.mwcnf
133310 191 201 1.73 uf50-0859.mwcnf
78718 190 201 1.57 uf50-0620.mwcnf
72955 191 201 0.80 uf50-0736.mwcnf
211551 192 201 0.99 uf50-0448.mwcnf
150040 192 201 2.40 uf50-0144.mwcnf
202978 190 201 1.25 uf50-0367.mwcnf
131185 189 201 1.89 uf50-0935.mwcnf
245548 190 201 1.77 uf50-0334.mwcnf
74327 193 201 1.30 uf50-0721.mwcnf
114493 195 201 2.29 uf50-0337.mwcnf
115117 191 201 2.30 uf50-0971.mwcnf
154280 188 201 1.67 uf50-0951.mwcnf
219933 192 201 1.34 uf50-0372.mwcnf
188205 189 201 1.25 uf50-0446.mwcnf
83480 193 201 1.43 uf50-0531.mwcnf
134637 188 201 1.86 uf50-0833.mwcnf
144807 188 201 1.92 uf50-0757.mwcnf
148781 193 201 1.11 uf50-077.mwcnf
89704 191 201 1.22 uf50-0475.mwcnf
145707 191 201 1.55 uf50-07.mwcnf
224826 190 201 1.42 uf50-0455.mwcnf
160726 189 201 1.63 uf50-098.mwcnf
64393 193 201 1.28 uf50-0571.mwcnf
76908 192 201 1.10 uf50-0716.mwcnf
214187 189 201 1.72 uf50-0347.mwcnf
155113 187 201 0.56 uf50-0770.mwcnf
139813 192 201 1.47 uf50-0158.mwcnf
149506 190 201 0.98 uf50-0824.mwcnf
231468 190 201 1.82 uf50-0379.mwcnf
77284 188 201 1.41 uf50-0740.mwcnf
225046 189 201 2.21 uf50-029.mwcnf
234432 191 201 1.08 uf50-0235.mwcnf
108816 190 201 1.01 uf50-0619.mwcnf
138086 190 201 1.85 uf50-0191.mwcnf
97545 193 201 1.19 uf50-081.mwcnf
270736 194 201 1.72 uf50-0441.mwcnf
139437 198 201 1.21 uf50-0955.mwcnf
119794 187 201 1.85 uf50-0882.mwcnf
202970 189 201 1.65 uf50-0399.mwcnf
250451 187 201 1.83 uf50-0358.mwcnf
138766 191 201 1.42 uf50-0969.mwcnf
74416 194 201 1.09 uf50-057.mwcnf
139184 192 201 1.14 uf50-0162.mwcnf
117629 190 201 0.97 uf50-0135.mwcnf
165756 188 201 1.77 uf50-0926.mwcnf
145572 192 201 1.69 uf50-0852.mwcnf
132859 192 201 1.60 uf50-0889.mwcnf
78974 191 201 1.57 uf50-0542.mwcnf
233586 190 201 1.28 uf50-0213.mwcnf
192514 192 201 1.66 uf50-0311.mwcnf
208063 191 201 1.55 uf50-0289.mwcnf
138079 190 201 1.81 uf50-0961.mwcnf
236832 192 201 1.29 uf50-0363.mwcnf
97882 192 201 1.47 uf50-058.mwcnf
213530 191 201 1.68 uf50-0365.mwcnf
127383 189 201 1.36 uf50-0118.mwcnf
122334 189 201 1.59 uf50-0959.mwcnf
89592 191 201 1.62 uf50-0680.mwcnf
79653 188 201 0.87 uf50-0508.mwcnf
63956 193 201 1.26 uf50-0669.mwcnf
146458 189 201 1.50 uf50-0847.mwcnf
209982 191 201 1.17 uf50-0212.mwcnf
163186 190 201 1.52 uf50-0172.mwcnf
81592 192 201 1.13 uf50-0593.mwcnf
83009 186 201 1.29 uf50-0482.mwcnf
228882 191 201 1.19 uf50-0276.mwcnf
170092 191 201 1.18 uf50-02.mwcnf
113109 192 201 1.28 uf50-0117.mwcnf
140007 189 201 1.62 uf50-0902.mwcnf
282510 187 201 2.01 uf50-032.mwcnf
139354 189 201 1.73 uf50-0116.mwcnf
80108 190 201 2.51 uf50-0693.mwcnf
140519 193 201 1.43 uf50-0930.mwcnf
218115 192 201 2.52 uf50-0260.mwcnf
137161 192 201 1.50 uf50-0800.mwcnf
165756 191 201 1.28 uf50-0791.mwcnf
173744 195 201 0.75 uf50-0261.mwcnf
85185 191 201 1.25 uf50-0562.mwcnf
152799 192 201 1.41 uf50-0115.mwcnf
67068 196 201 1.18 uf50-0728.mwcnf
122815 194 201 1.46 uf50-0182.mwcnf
128788 194 201 1.10 uf50-0174.mwcnf
209148 190 201 2.22 uf50-0282.mwcnf
131462 189 201 1.61 uf50-0956.mwcnf
193006 193 201 1.39 uf50-0236.mwcnf
77246 192 201 1.54 uf50-0585.mwcnf
209956 192 201 1.46 uf50-0409.mwcnf
86508 190 201 1.47 uf50-0480.mwcnf
102352 193 201 1.49 uf50-0952.mwcnf
94525 194 201 1.17 uf50-0156.mwcnf
192830 194 201 1.24 uf50-0290.mwcnf
209877 195 201 1.29 uf50-0350.mwcnf
154032 187 201 1.53 uf50-0814.mwcnf
142296 189 201 0.75 uf50-0750.mwcnf
228834 192 201 1.55 uf50-0292.mwcnf
128217 193 201 2.11 uf50-0994.mwcnf
165302 190 201 1.86 uf50-0973.mwcnf
146287 187 201 1.19 uf50-0881.mwcnf
140289 192 201 1.79 uf50-0921.mwcnf
153160 190 201 1.20 uf50-0198.mwcnf
70978 190 201 1.43 uf50-0610.mwcnf
77845 192 201 1.44 uf50-0580.mwcnf
130586 191 201 0.90 uf50-0939.mwcnf
195760 194 201 1.09 uf50-0250.mwcnf
119551 189 201 1.21 uf50-0960.mwcnf
215191 194 201 2.59 uf50-023.mwcnf
136083 193 201 1.53 uf50-0753.mwcnf
124891 191 201 1.34 uf50-0895.mwcnf
148768 193 201 1.85 uf50-0774.mwcnf
138065 192 201 1.60 uf50-0924.mwcnf
168266 189 201 1.11 uf50-0788.mwcnf
77071 191 201 1.88 uf50-0709.mwcnf
80913 191 201 1.91 uf50-0673.mwcnf
111783 191 201 2.19 uf50-0840.mwcnf
216902 188 201 1.09 uf50-0248.mwcnf
170536 188 201 1.59 uf50-0204.mwcnf
80710 190 201 1.19 uf50-0647.mwcnf
87866 194 201 1.29 uf50-0650.mwcnf
242232 192 201 1.88 uf50-0467.mwcnf
93906 190 201 1.53 uf50-0584.mwcnf
215350 192 201 1.29 uf50-0422.mwcnf
221219 191 201 1.58 uf50-0463.mwcnf
95611 190 201 1.51 uf50-0587.mwcnf
139806 192 201 1.49 uf50-0151.mwcnf
221088 192 201 2.01 uf50-0241.mwcnf
79131 191 201 1.47 uf50-0651.mwcnf
124119 192 201 2.47 uf50-0206.mwcnf
225258 192 201 1.50 uf50-0473.mwcnf
190510 194 201 0.94 uf50-031.mwcnf
148037 186 201 1.78 uf50-0122.mwcnf
146013 189 201 1.48 uf50-0999.mwcnf
88723 190 201 1.75 uf50-0573.mwcnf
121816 189 201 1.29 uf50-0943.mwcnf
134680 191 201 2.02 uf50-0127.mwcnf
133541 192 201 0.98 uf50-0834.mwcnf
225042 192 201 1.42 uf50-0291.mwcnf
85812 191 201 1.52 uf50-0631.mwcnf
154108 192 201 2.08 uf50-0877.mwcnf
210377 194 201 1.15 uf50-024.mwcnf
216546 189 201 1.53 uf50-0432.mwcnf
97123 191 201 1.77 uf50-0485.mwcnf
139820 191 201 1.52 uf50-0776.mwcnf
179472 192 201 1.87 uf50-0414.mwcnf
134018 193 201 1.65 uf50-0906.mwcnf
153763 193 201 2.11 uf50-0111.mwcnf
257114 194 201 1.52 uf50-0386.mwcnf
90104 190 201 1.24 uf50-0569.mwcnf
182893 192 201 1.12 uf50-0867.mwcnf
247990 188 201 1.95 uf50-0319.mwcnf
199980 191 201 1.99 uf50-0436.mwcnf
117284 191 201 1.39 uf50-0873.mwcnf
142995 189 201 1.07 uf50-0836.mwcnf
192629 192 201 1.61 uf50-0469.mwcnf
134410 192 201 1.74 uf50-0866.mwcnf
75671 191 201 1.46 uf50-0509.mwcnf
139319 191 201 1.49 uf50-0193.mwcnf
95955 192 201 1.56 uf50-0652.mwcnf
91625 192 201 1.22 uf50-0526.mwcnf
84210 189 201 1.93 uf50-0514.mwcnf
83475 192 201 1.09 uf50-0577.mwcnf
237160 188 201 1.20 uf50-0247.mwcnf
199499 189 201 1.19 uf50-03.mwcnf
146104 189 201 1.64 uf50-0970.mwcnf
220544 192 201 1.40 uf50-0340.mwcnf
150840 192 201 1.67 uf50-0754.mwcnf
216039 191 201 2.12 uf50-0269.mwcnf
148481 191 201 1.27 uf50-0911.mwcnf
130568 191 201 1.24 uf50-0132.mwcnf
88651 191 201 1.51 uf50-0548.mwcnf
152612 189 201 1.36 uf50-0947.mwcnf
219735 194 201 1.31 uf50-0328.mwcnf
140304 190 201 1.49 uf50-0871.mwcnf
135998 188 201 1.10 uf50-090.mwcnf
111852 195 201 2.06 uf50-0765.mwcnf
256837 190 201 1.49 uf50-0312.mwcnf
68852 192 201 1.62 uf50-0536.mwcnf
141470 193 201 1.81 uf50-0897.mwcnf
77754 191 201 0.91 uf50-0572.mwcnf
129386 191 201 1.73 uf50-0142.mwcnf
146868 193 201 1.31 uf50-0828.mwcnf
83766 193 201 1.47 uf50-0723.mwcnf
82574 195 201 1.78 uf50-0628.mwcnf
150721 189 201 1.47 uf50-0138.mwcnf
134399 189 201 1.55 uf50-0899.mwcnf
125293 191 201 1.41 uf50-0175.mwcnf
131403 192 201 1.02 uf50-0744.mwcnf
64352 190 201 0.90 uf50-0725.mwcnf
135531 194 201 2.34 uf50-0782.mwcnf
74695 193 201 1.73 uf50-0575.mwcnf
123199 190 201 1.20 uf50-0139.mwcnf
88568 189 201 1.69 uf50-0739.mwcnf
234991 187 201 1.39 uf50-0294.mwcnf
147719 187 201 1.69 uf50-096.mwcnf
138639 194 201 1.38 uf50-0837.mwcnf
163555 194 201 1.46 uf50-0296.mwcnf
137278 188 201 1.33 uf50-0148.mwcnf
246083 191 201 1.39 uf50-0459.mwcnf
211497 189 201 1.40 uf50-0322.mwcnf
221258 192 201 1.27 uf50-0472.mwcnf
227420 189 201 1.90 uf50-0411.mwcnf
124591 195 201 1.69 uf50-089.mwcnf
217541 190 201 1.97 uf50-0280.mwcnf
256647 191 201 1.31 uf50-0323.mwcnf
259468 188 201 1.88 uf50-0418.mwcnf
77757 193 201 1.75 uf50-0523.mwcnf
202376 192 201 1.27 uf50-0317.mwcnf
137288 194 201 1.62 uf50-0131.mwcnf
123922 195 201 1.71 uf50-079.mwcnf
136495 191 201 2.14 uf50-0755.mwcnf
123473 189 201 1.42 uf50-0184.mwcnf
162114 187 201 1.37 uf50-0120.mwcnf
145853 188 201 1.84 uf50-0785.mwcnf
78095 189 201 1.65 uf50-0563.mwcnf
143189 191 201 1.48 uf50-0190.mwcnf
130332 191 201 1.28 uf50-0986.mwcnf
202002 191 201 2.68 uf50-0405.mwcnf
151315 189 201 1.39 uf50-0916.mwcnf
120994 193 201 1.26 uf50-0941.mwcnf
79669 189 201 1.34 uf50-0588.mwcnf
268180 190 201 2.17 uf50-0221.mwcnf
93355 188 201 1.34 uf50-0648.mwcnf
138593 192 201 1.40 uf50-0868.mwcnf
251357 190 201 1.08 uf50-0442.mwcnf
135502 190 201 1.97 uf50-0157.mwcnf
139378 191 201 1.19 uf50-0751.mwcnf
211075 192 201 1.88 uf50-0297.mwcnf
130573 189 201 1.74 uf50-0140.mwcnf
151714 187 201 1.67 uf50-0161.mwcnf
133339 193 201 1.51 uf50-0802.mwcnf
89537 189 201 1.28 uf50-0612.mwcnf
84603 192 201 1.55 uf50-0683.mwcnf
138762 189 201 3.11 uf50-0113.mwcnf
152815 191 201 2.02 uf50-0756.mwcnf
126125 192 201 1.51 uf50-015.mwcnf
233055 186 201 1.96 uf50-0368.mwcnf
154017 190 201 2.04 uf50-0783.mwcnf
160895 189 201 1.41 uf50-0908.mwcnf
86551 188 201 1.62 uf50-0524.mwcnf
128854 188 201 1.41 uf50-0903.mwcnf
131501 191 201 1.61 uf50-0149.mwcnf
231604 190 201 1.06 uf50-021.mwcnf
84176 188 201 1.33 uf50-0566.mwcnf
140822 194 201 2.40 uf50-0813.mwcnf
129307 190 201 1.20 uf50-0767.mwcnf
75230 188 201 3.49 uf50-055.mwcnf
95148 188 201 2.16 uf50-0708.mwcnf
76122 192 201 1.60 uf50-0666.mwcnf
87267 188 201 1.55 uf50-064.mwcnf
146309 187 201 1.45 uf50-0874.mwcnf
76037 188 201 1.54 uf50-0601.mwcnf
156589 188 201 1.87 uf50-0167.mwcnf
248003 188 201 1.99 uf50-0225.mwcnf
144579 189 201 1.59 uf50-0812.mwcnf
146178 190 201 1.35 uf50-0189.mwcnf
209648 194 201 1.91 uf50-0360.mwcnf
144881 191 201 1.34 uf50-0914.mwcnf
144972 192 201 2.07 uf50-012.mwcnf
116335 192 201 2.02 uf50-0775.mwcnf
212222 192 201 1.81 uf50-0354.mwcnf
80341 190 201 1.92 uf50-0695.mwcnf
86298 189 201 1.85 uf50-0731.mwcnf
79111 193 201 2.01 uf50-072.mwcnf
231626 189 201 1.68 uf50-0353.mwcnf
284025 191 201 2.08 uf50-041.mwcnf
79571 188 201 1.66 uf50-059.mwcnf
255115 191 201 1.23 uf50-0396.mwcnf
59458 191 201 1.73 uf50-0600.mwcnf
153465 189 201 1.48 uf50-0119.mwcnf
114900 193 201 1.59 uf50-0904.mwcnf
81097 188 201 1.04 uf50-0671.mwcnf
237348 191 201 1.58 uf50-0239.mwcnf
139142 188 201 1.87 uf50-0976.mwcnf
137236 188 201 2.27 uf50-0940.mwcnf
122734 190 201 1.32 uf50-0146.mwcnf
160595 188 201 1.58 uf50-0173.mwcnf
99641 193 201 1.37 uf50-0616.mwcnf
140381 192 201 1.65 uf50-0850.mwcnf
123487 192 201 1.62 uf50-0932.mwcnf
89611 190 201 2.07 uf50-0658.mwcnf
120309 188 201 1.65 uf50-0869.mwcnf
73971 193 201 1.30 uf50-0581.mwcnf
146989 190 201 1.58 uf50-0136.mwcnf
147703 193 201 1.39 uf50-097.mwcnf
122975 190 201 1.60 uf50-0806.mwcnf
152937 190 201 2.38 uf50-0795.mwcnf
281291 186 201 1.46 uf50-0429.mwcnf
137694 189 201 1.07 uf50-0816.mwcnf
155186 189 201 1.21 uf50-076.mwcnf
131858 193 201 1.47 uf50-0801.mwcnf
234113 196 201 1.60 uf50-0474.mwcnf
135650 188 201 1.59 uf50-0854.mwcnf
141488 196 201 1.76 uf50-0742.mwcnf
239195 190 201 1.62 uf50-0457.mwcnf
113941 192 201 1.97 uf50-0884.mwcnf
151818 191 201 2.00 uf50-0975.mwcnf
233605 189 201 1.09 uf50-043.mwcnf
260243 191 201 1.06 uf50-0305.mwcnf
154348 191 201 1.52 uf50-020.mwcnf
234538 187 201 1.75 uf50-0295.mwcnf
249229 186 201 1.29 uf50-0375.mwcnf
191968 191 201 0.97 uf50-0258.mwcnf
154082 191 201 1.57 uf50-0820.mwcnf
214382 195 201 2.84 uf50-0408.mwcnf
73497 193 201 1.06 uf50-0636.mwcnf
207126 194 201 1.35 uf50-0404.mwcnf
213260 192 201 2.10 uf50-0443.mwcnf
278424 190 201 1.39 uf50-026.mwcnf
72775 193 201 1.78 uf50-0549.mwcnf
150547 192 201 1.27 uf50-0942.mwcnf
93072 189 201 1.43 uf50-0735.mwcnf
123490 191 201 1.81 uf50-0848.mwcnf
86037 191 201 1.79 uf50-056.mwcnf
134177 191 201 1.39 uf50-0745.mwcnf
75603 190 201 1.17 uf50-0710.mwcnf
142547 191 201 1.07 uf50-0880.mwcnf
221399 191 201 2.12 uf50-0391.mwcnf
77467 195 201 1.07 uf50-0627.mwcnf
200757 189 201 1.26 uf50-0361.mwcnf
163583 188 201 2.17 uf50-0790.mwcnf
220358 192 201 1.84 uf50-0286.mwcnf
91911 190 201 1.78 uf50-0624.mwcnf
179449 193 201 1.37 uf50-0299.mwcnf
89540 190 201 1.72 uf50-0697.mwcnf
80378 192 201 2.19 uf50-0583.mwcnf
158094 190 201 2.04 uf50-0827.mwcnf
220734 190 201 1.27 uf50-0444.mwcnf
85308 190 201 1.50 uf50-0479.mwcnf
149189 190 201 1.53 uf50-0966.mwcnf
215463 190 201 1.80 uf50-0341.mwcnf
134176 191 201 2.62 uf50-0992.mwcnf
210287 190 201 1.40 uf50-027.mwcnf
75515 189 201 1.79 uf50-0559.mwcnf
149059 191 201 1.12 uf50-0143.mwcnf
206848 190 201 2.00 uf50-045.mwcnf
250028 191 201 1.59 uf50-0471.mwcnf
148167 190 201 1.66 uf50-0168.mwcnf
89901 192 201 0.90 uf50-04.mwcnf
152143 190 201 1.61 uf50-083.mwcnf
142077 188 201 1.73 uf50-0974.mwcnf
160171 186 201 1.79 uf50-0991.mwcnf
216092 189 201 1.18 uf50-0402.mwcnf
133528 190 201 1.67 uf50-0985.mwcnf
131776 189 201 1.23 uf50-0923.mwcnf
91202 191 201 1.49 uf50-0622.mwcnf
238029 189 201 1.85 uf50-0435.mwcnf
163759 191 201 1.95 uf50-087.mwcnf
67058 192 201 1.26 uf50-0500.mwcnf
127946 192 201 1.74 uf50-0110.mwcnf
82817 191 201 1.21 uf50-066.mwcnf
98083 187 201 1.55 uf50-0476.mwcnf
86634 192 201 1.11 uf50-0701.mwcnf
151130 189 201 1.15 uf50-0805.mwcnf
70233 190 201 1.21 uf50-0522.mwcnf
231820 194 201 1.53 uf50-0246.mwcnf
234138 194 201 1.36 uf50-035.mwcnf
136589 188 201 1.71 uf50-0134.mwcnf
242240 189 201 1.13 uf50-0277.mwcnf
83803 191 201 1.79 uf50-0506.mwcnf
204651 193 201 1.28 uf50-022.mwcnf
244734 190 201 1.85 uf50-0430.mwcnf
73961 190 201 1.83 uf50-0707.mwcnf
181744 191 201 1.36 uf50-0356.mwcnf
222439 190 201 1.03 uf50-0464.mwcnf
215188 191 201 1.31 uf50-0242.mwcnf
236054 189 201 1.58 uf50-0460.mwcnf
137510 189 201 1.54 uf50-0929.mwcnf
138927 189 201 0.94 uf50-0946.mwcnf
128230 191 201 2.41 uf50-095.mwcnf
91156 190 201 1.97 uf50-0495.mwcnf
228811 193 201 1.83 uf50-0348.mwcnf
78984 194 201 1.09 uf50-0643.mwcnf
136579 192 201 1.56 uf50-080.mwcnf
262486 194 201 1.59 uf50-034.mwcnf
215039 191 201 1.68 uf50-0380.mwcnf
95099 194 201 1.87 uf50-0632.mwcnf
137707 191 201 1.29 uf50-0843.mwcnf
78421 186 201 1.50 uf50-0552.mwcnf
240910 193 201 1.75 uf50-038.mwcnf
138758 189 201 1.74 uf50-0784.mwcnf
154389 192 201 1.47 uf50-082.mwcnf
139232 191 201 1.25 uf50-0972.mwcnf
233751 195 201 1.22 uf50-0401.mwcnf
229507 189 201 1.16 uf50-0398.mwcnf
130489 191 201 1.28 uf50-0121.mwcnf
228271 193 201 1.76 uf50-0433.mwcnf
194891 193 201 1.76 uf50-0420.mwcnf
93082 192 201 1.70 uf50-047.mwcnf
140144 195 201 1.86 uf50-0841.mwcnf
156800 190 201 2.07 uf50-0950.mwcnf
124909 194 201 1.69 uf50-0179.mwcnf
90700 192 201 1.15 uf50-0626.mwcnf
149007 189 201 1.42 uf50-0200.mwcnf
135508 188 201 1.93 uf50-0196.mwcnf
139450 188 201 2.37 uf50-0195.mwcnf
299006 188 201 1.19 uf50-0333.mwcnf
132449 194 201 1.61 uf50-0792.mwcnf
130751 190 201 1.93 uf50-0176.mwcnf
71146 194 201 1.88 uf50-0487.mwcnf
75701 190 201 1.47 uf50-0606.mwcnf
124058 193 201 1.45 uf50-0101.mwcnf
153153 190 201 1.37 uf50-0900.mwcnf
80137 196 201 1.16 uf50-0674.mwcnf
87939 190 201 1.28 uf50-0578.mwcnf
228103 190 201 1.30 uf50-0274.mwcnf
153548 191 201 1.07 uf50-0928.mwcnf
65423 190 201 1.83 uf50-0682.mwcnf
188832 194 201 2.70 uf50-0293.mwcnf
228443 189 201 1.11 uf50-0327.mwcnf
76503 192 201 1.61 uf50-0665.mwcnf
141923 192 201 1.21 uf50-0177.mwcnf
119259 188 201 1.34 uf50-0760.mwcnf
209836 187 201 1.35 uf50-0232.mwcnf
226648 193 201 1.60 uf50-0384.mwcnf
235744 191 201 1.65 uf50-0314.mwcnf
158475 189 201 1.18 uf50-0944.mwcnf
83250 191 201 1.71 uf50-0492.mwcnf
83503 191 201 1.32 uf50-0489.mwcnf
80193 192 201 0.74 uf50-0598.mwcnf
220647 191 201 2.94 uf50-0256.mwcnf
82732 190 201 1.55 uf50-0516.mwcnf
86244 189 201 1.49 uf50-0519.mwcnf
64729 191 201 1.43 uf50-06.mwcnf
144536 192 201 1.16 uf50-01000.mwcnf
146846 191 201 1.34 uf50-0865.mwcnf
143185 191 201 1.34 uf50-019.mwcnf
206346 191 201 1.64 uf50-0264.mwcnf
227284 192 201 1.72 uf50-0419.mwcnf
138795 193 201 2.38 uf50-0878.mwcnf
125353 192 201 1.60 uf50-0759.mwcnf
233428 190 201 2.09 uf50-0325.mwcnf
244414 187 201 2.17 uf50-0226.mwcnf
73215 193 201 1.72 uf50-0547.mwcnf
84420 189 201 1.72 uf50-061.mwcnf
227120 191 201 1.22 uf50-0285.mwcnf
210401 193 201 1.60 uf50-0313.mwcnf
262960 190 201 2.20 uf50-0465.mwcnf
79428 190 201 1.38 uf50-0633.mwcnf
75582 194 201 2.58 uf50-0484.mwcnf
237628 191 201 1.78 uf50-0265.mwcnf
256561 191 201 1.97 uf50-0263.mwcnf
282617 191 201 1.54 uf50-0351.mwcnf
247278 192 201 1.77 uf50-0302.mwcnf
93505 192 201 1.49 uf50-0618.mwcnf
132134 190 201 1.18 uf50-0761.mwcnf
235558 191 201 1.32 uf50-040.mwcnf
163570 192 201 1.61 uf50-0202.mwcnf
88755 189 201 1.37 uf50-0690.mwcnf
89906 191 201 1.38 uf50-0617.mwcnf
73132 194 201 1.46 uf50-0507.mwcnf
130035 192 201 1.30 uf50-0203.mwcnf
249072 192 201 1.75 uf50-0369.mwcnf
156204 186 201 1.61 uf50-0894.mwcnf
232736 188 201 1.62 uf50-0388.mwcnf
76602 187 201 1.27 uf50-0698.mwcnf
153708 188 201 2.30 uf50-0762.mwcnf
181245 196 201 1.71 uf50-0301.mwcnf
73346 189 201 0.94 uf50-0694.mwcnf
236239 191 201 1.22 uf50-0320.mwcnf
161610 187 201 1.76 uf50-0152.mwcnf
76524 194 201 1.37 uf50-0501.mwcnf
131993 187 201 1.29 uf50-0919.mwcnf
143815 191 201 2.51 uf50-0907.mwcnf
82872 188 201 1.54 uf50-0724.mwcnf
78139 188 201 1.28 uf50-049.mwcnf
138127 191 201 1.09 uf50-0945.mwcnf
95195 187 201 1.36 uf50-0483.mwcnf
134111 189 201 1.48 uf50-0962.mwcnf
217088 190 201 2.00 uf50-0298.mwcnf
100524 193 201 1.46 uf50-0779.mwcnf
118395 192 201 2.34 uf50-078.mwcnf
79530 192 201 1.94 uf50-0727.mwcnf
76351 187 201 1.37 uf50-0493.mwcnf
89375 193 201 1.90 uf50-0560.mwcnf
92188 192 201 0.99 uf50-0730.mwcnf
122707 193 201 1.26 uf50-0910.mwcnf
87649 192 201 0.91 uf50-0646.mwcnf
136771 191 201 1.53 uf50-0789.mwcnf
154704 190 201 1.37 uf50-092.mwcnf
153219 188 201 1.42 uf50-084.mwcnf
124058 196 201 1.74 uf50-0796.mwcnf
97638 190 201 1.58 uf50-0611.mwcnf
130703 193 201 1.63 uf50-085.mwcnf
80652 194 201 1.73 uf50-0717.mwcnf
220244 190 201 1.39 uf50-0357.mwcnf
249549 193 201 1.80 uf50-0394.mwcnf
89565 191 201 1.80 uf50-0512.mwcnf
68446 194 201 1.27 uf50-0554.mwcnf
187306 190 201 1.91 uf50-0768.mwcnf
60131 192 201 1.73 uf50-067.mwcnf
226398 188 201 1.55 uf50-0385.mwcnf
78416 191 201 1.59 uf50-0621.mwcnf
134076 186 201 1.99 uf50-01.mwcnf
81312 191 201 1.84 uf50-0657.mwcnf
232928 191 201 1.58 uf50-0315.mwcnf
224898 194 201 2.50 uf50-0237.mwcnf
153635 188 201 1.73 uf50-0773.mwcnf
68525 194 201 2.04 uf50-0733.mwcnf
157590 189 201 1.81 uf50-0764.mwcnf
280257 193 201 1.23 uf50-0210.mwcnf
211412 194 201 1.94 uf50-0234.mwcnf
78450 191 201 1.30 uf50-0699.mwcnf
85715 189 201 1.44 uf50-0565.mwcnf
135614 188 201 1.53 uf50-0150.mwcnf
131133 190 201 2.20 uf50-0797.mwcnf
83261 189 201 2.14 uf50-0556.mwcnf
84561 193 201 0.97 uf50-0537.mwcnf
91012 190 201 2.20 uf50-0496.mwcnf
126692 194 201 1.51 uf50-0743.mwcnf
201116 194 201 2.31 uf50-0345.mwcnf
135391 191 201 1.65 uf50-0861.mwcnf
128091 190 201 2.49 uf50-0829.mwcnf
95468 188 201 1.72 uf50-0607.mwcnf
162554 191 201 1.73 uf50-0933.mwcnf
138972 192 201 2.53 uf50-0798.mwcnf
261032 190 201 1.01 uf50-0376.mwcnf
128005 191 201 1.10 uf50-0875.mwcnf
138329 189 201 1.56 uf50-0130.mwcnf
79540 189 201 2.02 uf50-0521.mwcnf
222754 187 201 1.20 uf50-0253.mwcnf
129990 190 201 1.60 uf50-0896.mwcnf
249984 190 201 1.33 uf50-0346.mwcnf
152416 188 201 1.60 uf50-0909.mwcnf
199519 191 201 1.62 uf50-0288.mwcnf
141558 188 201 1.88 uf50-0763.mwcnf
80176 193 201 1.88 uf50-0570.mwcnf
86086 193 201 1.19 uf50-0663.mwcnf
150834 188 201 1.51 uf50-0778.mwcnf
120631 193 201 1.48 uf50-0876.mwcnf
134875 192 201 1.71 uf50-0977.mwcnf
252251 189 201 1.09 uf50-0335.mwcnf
205493 186 201 1.62 uf50-0229.mwcnf
66912 191 201 1.70 uf50-0515.mwcnf
205483 194 201 1.63 uf50-0268.mwcnf
70486 194 201 1.80 uf50-054.mwcnf
78036 190 201 1.72 uf50-0525.mwcnf
108129 190 201 1.07 uf50-0995.mwcnf
77921 189 201 1.51 uf50-0737.mwcnf
257264 187 201 1.40 uf50-037.mwcnf
145611 193 201 1.30 uf50-0112.mwcnf
203588 193 201 0.96 uf50-0371.mwcnf
155418 194 201 2.04 uf50-0901.mwcnf
191200 191 201 1.57 uf50-0352.mwcnf
160055 187 201 1.11 uf50-0141.mwcnf
87825 190 201 1.00 uf50-0654.mwcnf
202771 192 201 1.54 uf50-0393.mwcnf
119788 194 201 1.29 uf50-0890.mwcnf
81609 196 201 1.40 uf50-0712.mwcnf
153604 190 201 1.36 uf50-0164.mwcnf
74714 192 201 1.72 uf50-0635.mwcnf
226498 192 201 1.29 uf50-0454.mwcnf
240902 189 201 1.19 uf50-0324.mwcnf
67625 191 201 1.29 uf50-0504.mwcnf
79615 191 201 1.27 uf50-069.mwcnf
42479 194 201 1.91 uf50-0604.mwcnf
142646 189 201 1.43 uf50-0188.mwcnf
255394 189 201 1.29 uf50-039.mwcnf
234459 188 201 1.17 uf50-0406.mwcnf
91606 189 201 0.98 uf50-0640.mwcnf
72659 191 201 1.27 uf50-0486.mwcnf
73932 190 201 1.03 uf50-0637.mwcnf
150832 191 201 0.99 uf50-0937.mwcnf
153122 189 201 1.48 uf50-0957.mwcnf
147185 192 201 1.93 uf50-0893.mwcnf
91599 191 201 1.41 uf50-0681.mwcnf
73534 191 201 1.37 uf50-0511.mwcnf
183869 193 201 1.53 uf50-0382.mwcnf
84472 189 201 1.95 uf50-063.mwcnf
250212 191 201 2.05 uf50-0217.mwcnf
133446 188 201 1.99 uf50-0934.mwcnf
76184 192 201 1.24 uf50-0544.mwcnf
134849 192 201 1.86 uf50-0159.mwcnf
79585 190 201 1.52 uf50-0718.mwcnf
88899 194 201 1.40 uf50-0567.mwcnf
74584 195 201 1.37 uf50-0664.mwcnf
72422 193 201 1.90 uf50-0592.mwcnf
92300 189 201 1.07 uf50-0726.mwcnf
187357 194 201 1.37 uf50-0331.mwcnf
93681 191 201 1.83 uf50-0103.mwcnf
227240 188 201 2.31 uf50-0227.mwcnf
89908 191 201 1.60 uf50-0478.mwcnf
74848 189 201 1.91 uf50-0529.mwcnf
157042 189 201 2.00 uf50-0104.mwcnf
95053 189 201 1.24 uf50-0568.mwcnf
118609 191 201 1.69 uf50-0197.mwcnf
73492 192 201 1.72 uf50-0505.mwcnf
144084 191 201 1.50 uf50-0845.mwcnf
239885 190 201 1.20 uf50-0310.mwcnf
87936 188 201 2.09 uf50-0579.mwcnf
243635 190 201 2.07 uf50-0262.mwcnf
101619 193 201 1.23 uf50-0670.mwcnf
209940 188 201 1.65 uf50-0349.mwcnf
138139 188 201 1.83 uf50-0853.mwcnf
214877 190 201 1.53 uf50-0316.mwcnf
132475 190 201 1.42 uf50-0109.mwcnf
87255 188 201 1.63 uf50-0704.mwcnf
147062 193 201 1.27 uf50-0758.mwcnf
68043 191 201 1.68 uf50-0703.mwcnf
126186 191 201 1.28 uf50-0803.mwcnf
122682 191 201 1.79 uf50-0181.mwcnf
66497 194 201 1.93 uf50-0678.mwcnf
145550 193 201 2.41 uf50-0993.mwcnf
226069 192 201 1.12 uf50-0373.mwcnf
145912 190 201 1.08 uf50-0129.mwcnf
91665 189 201 1.50 uf50-0527.mwcnf
155242 193 201 1.31 uf50-0855.mwcnf
250534 190 201 1.56 uf50-0304.mwcnf
135401 188 201 1.53 uf50-014.mwcnf
256803 189 201 1.39 uf50-0470.mwcnf
202768 192 201 1.81 uf50-0272.mwcnf
196284 194 201 1.16 uf50-0238.mwcnf
116213 192 201 2.67 uf50-0980.mwcnf
222061 194 201 1.73 uf50-0216.mwcnf
233031 191 201 1.34 uf50-0273.mwcnf
64715 192 201 1.77 uf50-0644.mwcnf
150388 190 201 1.38 uf50-0967.mwcnf
141451 188 201 1.79 uf50-0165.mwcnf
145867 190 201 1.32 uf50-0949.mwcnf
85847 191 201 1.61 uf50-0660.mwcnf
144862 191 201 1.52 uf50-0786.mwcnf
144108 190 201 1.50 uf50-0817.mwcnf
201934 192 201 1.59 uf50-0449.mwcnf
97430 191 201 1.83 uf50-0706.mwcnf
157312 190 201 2.36 uf50-0839.mwcnf
149280 190 201 1.71 uf50-0954.mwcnf
72796 193 201 2.54 uf50-0653.mwcnf
133315 195 201 1.60 uf50-0746.mwcnf
237630 192 201 2.65 uf50-0456.mwcnf
232076 190 201 1.54 uf50-0330.mwcnf
216664 192 201 3.42 uf50-0215.mwcnf
176733 195 201 2.41 uf50-0413.mwcnf
219617 190 201 1.49 uf50-0283.mwcnf
213684 191 201 2.38 uf50-0416.mwcnf
64174 192 201 2.32 uf50-0535.mwcnf
83901 196 201 1.87 uf50-017.mwcnf
250293 190 201 1.73 uf50-0395.mwcnf
40063 196 201 0.84 uf50-0576.mwcnf
153488 190 201 1.38 uf50-0769.mwcnf
155640 194 201 1.07 uf50-074.mwcnf
116665 191 201 1.07 uf50-094.mwcnf
92706 190 201 2.38 uf50-065.mwcnf
77187 190 201 1.19 uf50-0538.mwcnf
93454 189 201 0.88 uf50-0558.mwcnf
206080 192 201 1.11 uf50-0257.mwcnf
214482 192 201 1.63 uf50-0270.mwcnf
130222 188 201 1.80 uf50-0100.mwcnf
140425 190 201 1.70 uf50-0883.mwcnf
275908 190 201 1.51 uf50-0434.mwcnf
82760 190 201 1.67 uf50-0615.mwcnf
136069 188 201 2.01 uf50-0815.mwcnf
90742 190 201 1.32 uf50-0656.mwcnf
83242 190 201 1.43 uf50-0603.mwcnf
76439 191 201 1.71 uf50-071.mwcnf
183951 192 201 1.80 uf50-0397.mwcnf
70121 196 201 1.94 uf50-0586.mwcnf
140138 190 201 1.89 uf50-0851.mwcnf
94004 190 201 1.92 uf50-0729.mwcnf
78737 191 201 1.50 uf50-0543.mwcnf
78568 190 201 1.61 uf50-0510.mwcnf
149490 188 201 1.40 uf50-0199.mwcnf
246338 189 201 1.09 uf50-0364.mwcnf
93950 191 201 1.86 uf50-0597.mwcnf
160414 191 201 2.17 uf50-0171.mwcnf
85739 193 201 1.76 uf50-0574.mwcnf
112935 193 201 1.87 uf50-0913.mwcnf
61679 195 201 1.22 uf50-0582.mwcnf
262105 190 201 3.35 uf50-0403.mwcnf
246424 190 201 2.00 uf50-0452.mwcnf
84732 190 201 1.52 uf50-0596.mwcnf
255531 190 201 1.64 uf50-0370.mwcnf
71087 193 201 1.28 uf50-0494.mwcnf
230931 189 201 1.56 uf50-0211.mwcnf
80003 192 201 1.35 uf50-053.mwcnf
145737 191 201 0.99 uf50-0187.mwcnf
216954 188 201 2.38 uf50-0254.mwcnf
138655 188 201 1.31 uf50-0124.mwcnf
80214 190 201 1.41 uf50-0659.mwcnf
195416 191 201 2.37 uf50-0450.mwcnf
251479 189 201 1.44 uf50-0339.mwcnf
70573 193 201 1.50 uf50-052.mwcnf
214623 192 201 1.91 uf50-0218.mwcnf
142249 186 201 1.39 uf50-093.mwcnf
254983 190 201 1.93 uf50-0214.mwcnf
140641 189 201 2.47 uf50-0898.mwcnf
218013 192 201 1.91 uf50-0220.mwcnf
204967 192 201 1.85 uf50-0453.mwcnf
257260 191 201 1.80 uf50-0271.mwcnf
225010 193 201 1.38 uf50-0447.mwcnf
132681 194 201 1.09 uf50-0145.mwcnf
126733 190 201 2.10 uf50-0927.mwcnf
131448 189 201 1.61 uf50-0208.mwcnf
90528 192 201 2.77 uf50-0595.mwcnf
148042 190 201 1.54 uf50-0918.mwcnf
253155 194 201 1.78 uf50-0366.mwcnf
82169 191 201 1.40 uf50-051.mwcnf
151197 191 201 1.16 uf50-0990.mwcnf
150033 190 201 1.34 uf50-0125.mwcnf
163628 188 201 1.32 uf50-0137.mwcnf
236483 188 201 1.80 uf50-0287.mwcnf
65320 188 201 1.79 uf50-0551.mwcnf
277191 190 201 0.83 uf50-0423.mwcnf
88551 188 201 1.87 uf50-0675.mwcnf
110692 192 201 0.82 uf50-0963.mwcnf
131141 191 201 1.50 uf50-0160.mwcnf
232875 189 201 1.65 uf50-0326.mwcnf
137887 188 201 1.81 uf50-0818.mwcnf
136488 188 201 1.65 uf50-0846.mwcnf
259877 189 201 2.85 uf50-0332.mwcnf
169136 189 201 1.65 uf50-0996.mwcnf
223088 193 201 1.20 uf50-0389.mwcnf
229260 188 201 2.22 uf50-0240.mwcnf
67729 193 201 2.13 uf50-0490.mwcnf
139176 193 201 1.92 uf50-0169.mwcnf
259067 192 201 1.56 uf50-0251.mwcnf
78895 192 201 1.80 uf50-0497.mwcnf
128166 195 201 1.58 uf50-0978.mwcnf
84422 190 201 1.82 uf50-0676.mwcnf
110069 190 201 2.04 uf50-0920.mwcnf
78236 192 201 2.40 uf50-0667.mwcnf
134751 188 201 2.42 uf50-011.mwcnf
270383 187 201 1.40 uf50-0307.mwcnf
234222 192 201 1.52 uf50-0336.mwcnf
86508 193 201 1.72 uf50-0630.mwcnf
117139 193 201 1.50 uf50-0107.mwcnf
234717 189 201 1.37 uf50-0425.mwcnf
78715 192 201 1.67 uf50-073.mwcnf
97834 194 201 1.45 uf50-0981.mwcnf
84824 192 201 1.69 uf50-0555.mwcnf
212893 193 201 1.40 uf50-0428.mwcnf
253281 190 201 1.59 uf50-0427.mwcnf
149882 191 201 1.25 uf50-0831.mwcnf
101116 193 201 1.51 uf50-0183.mwcnf
73997 189 201 1.73 uf50-0564.mwcnf
162270 191 201 1.19 uf50-0224.mwcnf
223639 191 201 1.50 uf50-0431.mwcnf
141639 188 201 2.25 uf50-0886.mwcnf
65655 191 201 2.38 uf50-0520.mwcnf
78706 188 201 1.66 uf50-0488.mwcnf
149592 189 201 1.28 uf50-0166.mwcnf
145564 190 201 1.97 uf50-08.mwcnf
142257 191 201 1.28 uf50-0838.mwcnf
257849 190 201 1.61 uf50-0318.mwcnf
111969 192 201 1.46 uf50-0870.mwcnf
140391 190 201 0.75 uf50-0128.mwcnf
236764 191 201 1.60 uf50-0439.mwcnf
144087 191 201 1.48 uf50-0793.mwcnf
224231 192 201 1.36 uf50-0440.mwcnf
134431 192 201 2.50 uf50-0825.mwcnf
85695 188 201 1.78 uf50-0546.mwcnf
160622 186 201 1.79 uf50-0752.mwcnf
161457 189 201 1.92 uf50-0807.mwcnf
81634 192 201 1.45 uf50-0609.mwcnf
83300 189 201 1.93 uf50-0719.mwcnf
168655 191 201 1.16 uf50-0984.mwcnf
77397 192 201 1.51 uf50-0608.mwcnf
138324 192 201 1.35 uf50-0948.mwcnf
89038 189 201 2.92 uf50-0590.mwcnf
90214 187 201 2.02 uf50-050.mwcnf
185451 191 201 1.58 uf50-0308.mwcnf
247734 191 201 1.75 uf50-0219.mwcnf
220504 190 201 1.97 uf50-0222.mwcnf
131668 191 201 1.11 uf50-0958.mwcnf
120254 194 201 1.08 uf50-0186.mwcnf
206427 190 201 1.38 uf50-0445.mwcnf
83335 191 201 1.39 uf50-0684.mwcnf
125585 192 201 2.09 uf50-0964.mwcnf
241636 186 201 1.58 uf50-0243.mwcnf
185442 190 201 0.98 uf50-0228.mwcnf
151792 193 201 1.29 uf50-0863.mwcnf
138554 192 201 1.65 uf50-0772.mwcnf
141787 194 201 1.57 uf50-0749.mwcnf
96236 192 201 1.48 uf50-0713.mwcnf
267992 190 201 1.88 uf50-0259.mwcnf
217304 190 201 1.90 uf50-0230.mwcnf
146010 195 201 1.01 uf50-0864.mwcnf
202735 191 201 2.59 uf50-0244.mwcnf
130460 193 201 1.78 uf50-0887.mwcnf
79684 190 201 1.21 uf50-0634.mwcnf
84156 188 201 1.91 uf50-068.mwcnf
139432 191 201 1.76 uf50-099.mwcnf
126881 191 201 2.08 uf50-0155.mwcnf
234974 187 201 1.40 uf50-0438.mwcnf
80973 192 201 1.77 uf50-0481.mwcnf
232341 189 201 1.71 uf50-0300.mwcnf
226937 190 201 1.81 uf50-0415.mwcnf
163341 191 201 1.56 uf50-0126.mwcnf
76075 194 201 1.06 uf50-0638.mwcnf
74962 193 201 2.39 uf50-0518.mwcnf
228977 186 201 1.84 uf50-0281.mwcnf
119991 192 201 1.86 uf50-018.mwcnf
87171 193 201 2.93 uf50-0692.mwcnf
211666 192 201 2.24 uf50-0267.mwcnf
74261 193 201 2.00 uf50-0639.mwcnf
132291 190 201 1.95 uf50-0105.mwcnf
207673 197 201 1.91 uf50-0362.mwcnf
85605 185 201 1.27 uf50-0714.mwcnf
142237 190 201 1.11 uf50-0989.mwcnf
110540 191 201 1.49 uf50-0998.mwcnf
84966 190 201 1.41 uf50-0602.mwcnf
207097 193 201 2.22 uf50-0392.mwcnf
208149 191 201 1.77 uf50-025.mwcnf
140577 190 201 1.37 uf50-0766.mwcnf
243301 192 201 1.56 uf50-0252.mwcnf
231009 192 201 1.74 uf50-046.mwcnf
76143 191 201 1.74 uf50-0641.mwcnf
78502 192 201 1.15 uf50-0677.mwcnf
133125 189 201 1.27 uf50-0997.mwcnf
141381 189 201 1.24 uf50-0808.mwcnf
80380 186 201 1.36 uf50-0722.mwcnf
90536 191 201 1.68 uf50-060.mwcnf
170069 190 201 1.90 uf50-0917.mwcnf
76900 192 201 1.39 uf50-0738.mwcnf
68976 193 201 1.82 uf50-0661.mwcnf
65424 193 201 1.16 uf50-0599.mwcnf
110808 192 201 1.67 uf50-086.mwcnf
79708 189 201 1.34 uf50-048.mwcnf
80313 192 201 2.08 uf50-0589.mwcnf
141354 188 201 2.46 uf50-0885.mwcnf
135829 190 201 1.72 uf50-0860.mwcnf
78476 191 201 1.47 uf50-0541.mwcnf
88025 192 201 1.09 uf50-0696.mwcnf
86690 190 201 1.21 uf50-0679.mwcnf
144891 190 201 1.36 uf50-0147.mwcnf
139253 188 201 1.32 uf50-0811.mwcnf
149140 193 201 1.46 uf50-0968.mwcnf
237997 190 201 1.29 uf50-0231.mwcnf
174627 191 201 1.98 uf50-0387.mwcnf
207138 189 201 0.95 uf50-0233.mwcnf
224824 193 201 2.23 uf50-0284.mwcnf
87059 188 201 1.26 uf50-0685.mwcnf
116843 192 201 2.31 uf50-0799.mwcnf
82599 188 201 1.50 uf50-0655.mwcnf
232867 192 201 1.30 uf50-0303.mwcnf
117091 189 201 1.70 uf50-0170.mwcnf
83719 193 201 1.19 uf50-0720.mwcnf
252680 191 201 1.43 uf50-0458.mwcnf
142200 186 201 1.19 uf50-0771.mwcnf
89876 185 201 0.96 uf50-0649.mwcnf
80112 191 201 1.48 uf50-0711.mwcnf
140740 194 201 1.07 uf50-0123.mwcnf
79495 192 201 0.83 uf50-0530.mwcnf