2.7179718017578125e-05
2.3126602172851562e-05
2.1219253540039062e-05
2.1457672119140625e-05
2.1219253540039062e-05
2.1219253540039062e-05
2.09808349609375e-05
2.09808349609375e-05
2.1457672119140625e-05
2.09808349609375e-05
2.1219253540039062e-05
2.1219253540039062e-05
2.09808349609375e-05
2.1219253540039062e-05
2.09808349609375e-05
2.1219253540039062e-05
2.09808349609375e-05
2.0742416381835938e-05
2.0265579223632812e-05
2.09808349609375e-05
2.0742416381835938e-05
2.1219253540039062e-05
2.0742416381835938e-05
2.0503997802734375e-05
2.1219253540039062e-05
2.09808349609375e-05
2.0503997802734375e-05
2.1219253540039062e-05
2.0742416381835938e-05
2.0742416381835938e-05
2.0742416381835938e-05
2.1457672119140625e-05
2.0503997802734375e-05
2.09808349609375e-05
2.09808349609375e-05
2.0742416381835938e-05
2.0742416381835938e-05
2.0742416381835938e-05
2.0742416381835938e-05
2.0503997802734375e-05
2.0742416381835938e-05
2.0742416381835938e-05
2.0742416381835938e-05
2.0503997802734375e-05
2.0503997802734375e-05
2.0742416381835938e-05
2.09808349609375e-05
2.1219253540039062e-05
2.09808349609375e-05
2.0742416381835938e-05
2.0742416381835938e-05
2.0265579223632812e-05
2.09808349609375e-05
2.0503997802734375e-05
2.0265579223632812e-05
2.1219253540039062e-05
2.0742416381835938e-05
2.09808349609375e-05
2.0742416381835938e-05
2.0265579223632812e-05
2.5272369384765625e-05
3.8623809814453125e-05
3.3855438232421875e-05
2.0742416381835938e-05
2.1219253540039062e-05
2.0742416381835938e-05
5.078315734863281e-05
2.2411346435546875e-05
2.193450927734375e-05
2.09808349609375e-05
2.0742416381835938e-05
2.0742416381835938e-05
2.0742416381835938e-05
2.0742416381835938e-05
2.1457672119140625e-05
2.09808349609375e-05
2.0742416381835938e-05
2.0503997802734375e-05
2.09808349609375e-05
2.0503997802734375e-05
2.0742416381835938e-05
2.0742416381835938e-05
2.1219253540039062e-05
2.09808349609375e-05
2.09808349609375e-05
2.0742416381835938e-05
2.0742416381835938e-05
2.09808349609375e-05
2.0742416381835938e-05
2.0503997802734375e-05
2.09808349609375e-05
2.0503997802734375e-05
2.0503997802734375e-05
2.0742416381835938e-05
2.0503997802734375e-05
2.0265579223632812e-05
2.0742416381835938e-05
2.0503997802734375e-05
2.0503997802734375e-05
2.0503997802734375e-05