3.337860107421875e-05
2.6941299438476562e-05
2.574920654296875e-05
2.5272369384765625e-05
2.47955322265625e-05
3.123283386230469e-05
2.47955322265625e-05
2.47955322265625e-05
2.47955322265625e-05
2.4557113647460938e-05
2.47955322265625e-05
2.5272369384765625e-05
2.5272369384765625e-05
2.5033950805664062e-05
2.5510787963867188e-05
2.47955322265625e-05
2.47955322265625e-05
2.4557113647460938e-05
2.4318695068359375e-05
2.4557113647460938e-05
2.4557113647460938e-05
2.47955322265625e-05
2.47955322265625e-05
2.4557113647460938e-05
2.5033950805664062e-05
4.673004150390625e-05
2.5272369384765625e-05
2.4557113647460938e-05
2.4318695068359375e-05
2.4557113647460938e-05
2.47955322265625e-05
2.5033950805664062e-05
2.47955322265625e-05
2.47955322265625e-05
2.4557113647460938e-05
2.4557113647460938e-05
4.00543212890625e-05
2.5510787963867188e-05
2.4557113647460938e-05
2.47955322265625e-05
2.4557113647460938e-05
2.47955322265625e-05
2.4557113647460938e-05
2.47955322265625e-05
2.4080276489257812e-05
2.4557113647460938e-05
2.47955322265625e-05
2.4557113647460938e-05
2.47955322265625e-05
2.47955322265625e-05
2.47955322265625e-05
2.4318695068359375e-05
2.5033950805664062e-05
2.4557113647460938e-05
2.4318695068359375e-05
2.47955322265625e-05
2.47955322265625e-05
2.47955322265625e-05
2.4318695068359375e-05
2.47955322265625e-05
2.4557113647460938e-05
2.4557113647460938e-05
2.4557113647460938e-05
2.4557113647460938e-05
2.47955322265625e-05
2.4557113647460938e-05
2.5272369384765625e-05
2.4557113647460938e-05
2.4318695068359375e-05
2.4557113647460938e-05
3.6716461181640625e-05
2.384185791015625e-05
2.3603439331054688e-05
2.3603439331054688e-05
2.384185791015625e-05
2.384185791015625e-05
2.384185791015625e-05
2.384185791015625e-05
2.4318695068359375e-05
2.384185791015625e-05
2.3365020751953125e-05
2.384185791015625e-05
2.4080276489257812e-05
2.4318695068359375e-05
2.384185791015625e-05
2.4080276489257812e-05
2.384185791015625e-05
2.4318695068359375e-05
2.384185791015625e-05
2.384185791015625e-05
2.384185791015625e-05
2.3603439331054688e-05
2.384185791015625e-05
4.8160552978515625e-05
2.5510787963867188e-05
2.5033950805664062e-05
2.4557113647460938e-05
2.4557113647460938e-05
2.4318695068359375e-05
2.4318695068359375e-05