1 30 6939
2 30 8728
3 30 7266
4 30 6261
5 30 7918
6 30 6551
7 30 7905
8 30 7679
9 30 7074
10 30 6135
11 30 6131
12 30 6322
13 30 5850
14 30 6239
15 30 7062
16 30 7989
17 30 7025
18 30 7365
19 30 7405
20 30 6568
21 30 5930
22 30 7704
23 30 6988
24 30 6788
25 30 7287
26 30 6852
27 30 8422
28 30 5758
29 30 6668
30 30 6679
31 30 7679
32 30 6667
33 30 7891
34 30 7077
35 30 7001
36 30 7246
37 30 6663
38 30 8125
39 30 8436
40 30 6173
41 30 7416
42 30 6921
43 30 8353
44 30 7173
45 30 6138
46 30 6936
47 30 6344
48 30 6266
49 30 6495
50 30 6817
51 30 7650
52 30 6247
53 30 7602
54 30 7592
55 30 7691
56 30 6277
57 30 6218
58 30 7067
59 30 7708
60 30 6943
61 30 7070
62 30 7417
63 30 7259
64 30 7339
65 30 5891
66 30 7396
67 30 7521
68 30 8073
69 30 6540
70 30 6699
71 30 6305
72 30 7633
73 30 8149
74 30 7749
75 30 6537
76 30 6261
77 30 7287
78 30 7943
79 30 7667
80 30 6906
81 30 7231
82 30 8227
83 30 6813
84 30 6510
85 30 7653
86 30 7574
87 30 6476
88 30 6432
89 30 7030
90 30 8039
91 30 8787
92 30 7353
93 30 7417
94 30 7204
95 30 6357
96 30 7309
97 30 7271
98 30 6716
99 30 7265
100 30 7406