2.5033950805664062e-05
3.4809112548828125e-05
2.0503997802734375e-05
2.002716064453125e-05
3.218650817871094e-05
3.504753112792969e-05
1.8835067749023438e-05
1.9073486328125e-05
1.8835067749023438e-05
3.695487976074219e-05
1.8596649169921875e-05
1.8835067749023438e-05
1.811981201171875e-05
1.8358230590820312e-05
3.647804260253906e-05
1.8596649169921875e-05
1.8358230590820312e-05
1.8358230590820312e-05
1.8358230590820312e-05
1.8596649169921875e-05
1.8835067749023438e-05
1.8358230590820312e-05
1.9073486328125e-05
1.8835067749023438e-05
1.9788742065429688e-05
1.8596649169921875e-05
5.888938903808594e-05
3.743171691894531e-05
3.814697265625e-05
2.1457672119140625e-05
2.1457672119140625e-05
2.002716064453125e-05
1.9788742065429688e-05
1.9788742065429688e-05
6.175041198730469e-05
1.8358230590820312e-05
3.4332275390625e-05
1.7404556274414062e-05
1.7642974853515625e-05
1.7404556274414062e-05
1.7404556274414062e-05
1.71661376953125e-05
1.7404556274414062e-05
1.7881393432617188e-05
1.7404556274414062e-05
1.6927719116210938e-05
1.7404556274414062e-05
1.7404556274414062e-05
1.7404556274414062e-05
1.7404556274414062e-05
1.7404556274414062e-05
1.7404556274414062e-05
1.71661376953125e-05
1.71661376953125e-05
1.7404556274414062e-05
1.71661376953125e-05
1.7404556274414062e-05
1.71661376953125e-05
1.7642974853515625e-05
1.7404556274414062e-05
1.7642974853515625e-05
1.7642974853515625e-05
1.7404556274414062e-05
1.71661376953125e-05
1.71661376953125e-05
1.7881393432617188e-05
1.7642974853515625e-05
1.71661376953125e-05
1.7404556274414062e-05
1.71661376953125e-05
1.71661376953125e-05
1.7404556274414062e-05
1.7642974853515625e-05
1.71661376953125e-05
1.7404556274414062e-05
1.7404556274414062e-05
1.6927719116210938e-05
1.7404556274414062e-05
1.71661376953125e-05
1.71661376953125e-05
3.409385681152344e-05
1.6927719116210938e-05
1.71661376953125e-05
1.71661376953125e-05
1.7642974853515625e-05
1.7642974853515625e-05
1.7404556274414062e-05
4.792213439941406e-05
1.9788742065429688e-05
1.9550323486328125e-05
1.71661376953125e-05
1.71661376953125e-05
1.6927719116210938e-05
1.71661376953125e-05
1.7404556274414062e-05
1.71661376953125e-05
1.7404556274414062e-05
1.7642974853515625e-05
1.71661376953125e-05
1.7404556274414062e-05