2.6702880859375e-05
2.3126602172851562e-05
2.2649765014648438e-05
2.193450927734375e-05
2.2172927856445312e-05
2.2411346435546875e-05
2.193450927734375e-05
2.1696090698242188e-05
2.2172927856445312e-05
2.1457672119140625e-05
2.193450927734375e-05
2.1696090698242188e-05
2.1457672119140625e-05
2.1457672119140625e-05
2.1457672119140625e-05
2.1457672119140625e-05
2.2649765014648438e-05
3.9577484130859375e-05
2.2649765014648438e-05
2.3603439331054688e-05
2.3365020751953125e-05
2.288818359375e-05
4.1484832763671875e-05
2.4080276489257812e-05
2.3603439331054688e-05
2.3603439331054688e-05
2.3365020751953125e-05
2.3603439331054688e-05
2.384185791015625e-05
2.3603439331054688e-05
2.384185791015625e-05
2.3603439331054688e-05
2.384185791015625e-05
2.4080276489257812e-05
2.765655517578125e-05
2.384185791015625e-05
2.384185791015625e-05
2.5510787963867188e-05
2.47955322265625e-05
2.4557113647460938e-05
4.0531158447265625e-05
2.4318695068359375e-05
2.47955322265625e-05
2.5033950805664062e-05
4.2438507080078125e-05
2.5272369384765625e-05
2.5272369384765625e-05
2.4557113647460938e-05
2.4557113647460938e-05
2.47955322265625e-05
2.4080276489257812e-05
2.3603439331054688e-05
2.4080276489257812e-05
2.3603439331054688e-05
2.3126602172851562e-05
2.3126602172851562e-05
4.410743713378906e-05
4.100799560546875e-05
2.384185791015625e-05
4.506111145019531e-05
4.291534423828125e-05
2.4080276489257812e-05
2.4080276489257812e-05
2.384185791015625e-05
2.47955322265625e-05
4.100799560546875e-05
4.38690185546875e-05
2.4318695068359375e-05
6.318092346191406e-05
2.4080276489257812e-05
4.0531158447265625e-05
2.3126602172851562e-05
2.3603439331054688e-05
2.384185791015625e-05
2.384185791015625e-05
4.00543212890625e-05
2.3365020751953125e-05
2.288818359375e-05
2.288818359375e-05
2.288818359375e-05
2.3126602172851562e-05
2.3126602172851562e-05
2.288818359375e-05
2.3126602172851562e-05
2.3126602172851562e-05
2.3365020751953125e-05
2.3126602172851562e-05
2.288818359375e-05
2.2649765014648438e-05
2.2649765014648438e-05
2.3126602172851562e-05
2.3126602172851562e-05
2.288818359375e-05
2.3365020751953125e-05
2.3126602172851562e-05
2.3126602172851562e-05
2.3126602172851562e-05
2.2649765014648438e-05
2.2649765014648438e-05
2.288818359375e-05