3.24249267578125e-05
2.8133392333984375e-05
2.7894973754882812e-05
2.765655517578125e-05
2.7179718017578125e-05
2.7179718017578125e-05
2.7179718017578125e-05
2.6941299438476562e-05
2.6941299438476562e-05
2.6464462280273438e-05
2.6941299438476562e-05
2.6226043701171875e-05
2.6702880859375e-05
2.7179718017578125e-05
2.6702880859375e-05
2.6941299438476562e-05
2.6941299438476562e-05
2.6941299438476562e-05
2.6941299438476562e-05
2.6702880859375e-05
2.6941299438476562e-05
2.6702880859375e-05
2.6464462280273438e-05
2.7179718017578125e-05
2.7179718017578125e-05
2.7179718017578125e-05
2.6941299438476562e-05
2.6226043701171875e-05
2.6226043701171875e-05
2.6464462280273438e-05
2.6702880859375e-05
2.7179718017578125e-05
2.6702880859375e-05
2.6941299438476562e-05
2.6941299438476562e-05
2.7179718017578125e-05
2.6941299438476562e-05
2.6702880859375e-05
2.6941299438476562e-05
2.6941299438476562e-05
2.7179718017578125e-05
5.6743621826171875e-05
2.7179718017578125e-05
2.6941299438476562e-05
2.6464462280273438e-05
2.6464462280273438e-05
2.6941299438476562e-05
2.6702880859375e-05
2.6702880859375e-05
2.6702880859375e-05
2.7418136596679688e-05
2.7179718017578125e-05
2.7179718017578125e-05
2.7179718017578125e-05
2.7179718017578125e-05
2.6941299438476562e-05
2.6941299438476562e-05
2.6941299438476562e-05
2.7179718017578125e-05
2.6941299438476562e-05
2.6702880859375e-05
2.6941299438476562e-05
2.6941299438476562e-05
2.6941299438476562e-05
2.6702880859375e-05
2.6941299438476562e-05
2.6941299438476562e-05
2.6464462280273438e-05
2.6702880859375e-05
2.6702880859375e-05
2.7179718017578125e-05
2.6941299438476562e-05
2.6464462280273438e-05
2.6941299438476562e-05
2.7179718017578125e-05
2.6941299438476562e-05
2.6702880859375e-05
2.6702880859375e-05
2.6941299438476562e-05
2.6941299438476562e-05
2.7179718017578125e-05
2.7179718017578125e-05
2.6702880859375e-05
2.6941299438476562e-05
2.7179718017578125e-05
2.7179718017578125e-05
2.6941299438476562e-05
2.6464462280273438e-05
2.6702880859375e-05
2.6464462280273438e-05
2.6941299438476562e-05
2.6702880859375e-05
2.6941299438476562e-05
2.6941299438476562e-05
2.6464462280273438e-05
2.7179718017578125e-05
2.6941299438476562e-05
2.7418136596679688e-05
2.6702880859375e-05
2.6702880859375e-05