0.0011801719665527344
0.0011403560638427734
0.0010066032409667969
0.0009732246398925781
0.0011932849884033203
0.0012934207916259766
0.0011539459228515625
0.0014827251434326172
0.0013184547424316406
0.0012369155883789062
0.00125885009765625
0.0011229515075683594
0.0011179447174072266
0.001215219497680664
0.0011038780212402344
0.0012214183807373047
0.001194000244140625
0.0011281967163085938
0.001004934310913086
0.001016378402709961
0.0012447834014892578
0.0009815692901611328
0.0011510848999023438
0.0012238025665283203
0.001013040542602539
0.00096893310546875
0.0010192394256591797
0.0012977123260498047
0.0011966228485107422
0.0010619163513183594
0.0009868144989013672
0.0012173652648925781
0.0011169910430908203
0.0011355876922607422
0.0012333393096923828
0.00107574462890625
0.0011796951293945312
0.0015208721160888672
0.00104522705078125
0.0010302066802978516
0.0011196136474609375
0.0013053417205810547
0.0011146068572998047
0.0010960102081298828
0.0010602474212646484
0.0011987686157226562
0.0009911060333251953
0.0011637210845947266
0.0014338493347167969
0.0013668537139892578
0.0013127326965332031
0.0011951923370361328
0.0011844635009765625
0.0010228157043457031
0.001119375228881836
0.0007836818695068359
0.0011262893676757812
0.001104593276977539
0.0012636184692382812
0.0011568069458007812
0.0010020732879638672
0.0011501312255859375
0.0009860992431640625
0.0010480880737304688
0.0010113716125488281
0.001215219497680664
0.0010373592376708984
0.0009851455688476562
0.0014319419860839844
0.001573324203491211
0.0011286735534667969
0.0011544227600097656
0.0010156631469726562
0.0010769367218017578
0.0008916854858398438
0.0012125968933105469
0.001230478286743164
0.0012128353118896484
0.0010802745819091797
0.0012254714965820312
0.0010426044464111328
0.0009047985076904297
0.0011856555938720703
0.0009374618530273438
0.0010890960693359375
0.0010695457458496094
0.0011153221130371094
0.0011358261108398438
0.0011293888092041016
0.001270294189453125
0.0011019706726074219
0.0011920928955078125
0.0012044906616210938
0.0013549327850341797
0.0011734962463378906
0.001245737075805664
0.001154184341430664
0.001374959945678711
0.0014672279357910156
0.0013110637664794922