0.06833648681640625
0.06744027137756348
0.07126092910766602
0.07134056091308594
0.07202816009521484
0.07108139991760254
0.08176636695861816
0.06914448738098145
0.07404541969299316
0.07110118865966797
0.0742044448852539
0.06795763969421387
0.06616616249084473
0.0694117546081543
0.06829833984375
0.06490087509155273
0.06595301628112793
0.05906534194946289
0.06286501884460449
0.07250189781188965
0.07752799987792969
0.05663418769836426
0.07586097717285156
0.07385563850402832
0.06077909469604492
0.061192989349365234
0.07149505615234375
0.06328487396240234
0.06322908401489258
0.07500720024108887
0.06299686431884766
0.07267165184020996
0.06958603858947754
0.0751185417175293
0.06690573692321777
0.06748557090759277
0.06957173347473145
0.06726694107055664
0.07047295570373535
0.06820297241210938
0.07077217102050781
0.061522483825683594
0.07077169418334961
0.0644526481628418
0.0783543586730957
0.05961251258850098
0.07631969451904297
0.06831145286560059
0.06921267509460449
0.07021760940551758
0.07173776626586914
0.0655515193939209
0.06500935554504395
0.06544971466064453
0.06581950187683105
0.07030797004699707
0.06595516204833984
0.06724405288696289
0.07715773582458496
0.07434916496276855
0.06371188163757324
0.06839919090270996
0.06372308731079102
0.06681036949157715
0.07171916961669922
0.07111907005310059
0.07036185264587402
0.06853485107421875
0.06488776206970215
0.07449603080749512
0.06593966484069824
0.0627279281616211
0.06644535064697266
0.0712430477142334
0.06543564796447754
0.06818723678588867
0.05709242820739746
0.062453269958496094
0.06601190567016602
0.06984090805053711
0.07084488868713379
0.062491416931152344
0.0722649097442627
0.07141900062561035
0.0694732666015625
0.06810498237609863
0.0661470890045166
0.061951637268066406
0.06022977828979492
0.061408042907714844
0.0664973258972168
0.06897687911987305
0.06877779960632324
0.0670022964477539
0.06285738945007324
0.06637763977050781
0.07448959350585938
0.06309294700622559
0.06807971000671387
0.059308528900146484