0.007116794586181641
0.009513616561889648
0.015712261199951172
0.010574579238891602
0.012112855911254883
0.012121915817260742
0.014316797256469727
0.017888307571411133
0.015763044357299805
0.013248205184936523
0.012246370315551758
0.0166933536529541
0.021683692932128906
0.017231225967407227
0.016477346420288086
0.018021821975708008
0.01092386245727539
0.013175010681152344
0.017374277114868164
0.012565851211547852
0.005904436111450195
0.010367155075073242
0.01881551742553711
0.003964900970458984
0.015763521194458008
0.017609834671020508
0.01575160026550293
0.01975107192993164
0.021384716033935547
0.010324239730834961
0.003924369812011719
0.013202190399169922
0.017076492309570312
0.011746406555175781
0.011239767074584961
0.011188268661499023
0.014912128448486328
0.017713546752929688
0.007109642028808594
0.013807296752929688
0.020567893981933594
0.012894630432128906
0.005429983139038086
0.010781049728393555
0.013048887252807617
0.01997542381286621
0.013033151626586914
0.018389463424682617
0.005643367767333984
0.026153087615966797
0.013347625732421875
0.01483154296875
0.01848578453063965
0.017125606536865234
0.011271476745605469
0.011587381362915039
0.012586593627929688
0.02090311050415039
0.012055158615112305
0.01502084732055664
0.009636402130126953
0.023424386978149414
0.016020536422729492
0.00871419906616211
0.016585350036621094
0.018950700759887695
0.01967000961303711
0.014070510864257812
0.014841794967651367
0.012100458145141602
0.015345335006713867
0.011979103088378906
0.01790904998779297
0.010883569717407227
0.017055034637451172
0.009615182876586914
0.01892709732055664
0.009406089782714844
0.01625680923461914
0.017407655715942383
0.011084794998168945
0.016603708267211914
0.022235393524169922
0.02316904067993164
0.029409170150756836
0.011751651763916016
0.01522517204284668
0.008896827697753906
0.01942157745361328
0.01998162269592285
0.00876307487487793
0.019902706146240234
0.010477066040039062
0.010289192199707031
0.014351129531860352
0.01257467269897461
0.00731348991394043
0.019784212112426758
0.01378941535949707
0.010168790817260742