1.5497207641601562e-05
1.239776611328125e-05
1.0967254638671875e-05
1.0967254638671875e-05
1.0967254638671875e-05
1.0013580322265625e-05
1.049041748046875e-05
1.049041748046875e-05
1.0251998901367188e-05
1.0251998901367188e-05
1.049041748046875e-05
1.0251998901367188e-05
9.775161743164062e-06
1.0013580322265625e-05
1.0013580322265625e-05
1.0013580322265625e-05
1.0251998901367188e-05
1.0251998901367188e-05
1.0013580322265625e-05
1.049041748046875e-05
1.0251998901367188e-05
1.0728836059570312e-05
1.0251998901367188e-05
1.0251998901367188e-05
1.0013580322265625e-05
1.0013580322265625e-05
9.298324584960938e-06
1.049041748046875e-05
1.0013580322265625e-05
1.0251998901367188e-05
1.0251998901367188e-05
1.0013580322265625e-05
1.0013580322265625e-05
1.0251998901367188e-05
1.0013580322265625e-05
1.0013580322265625e-05
1.0251998901367188e-05
1.049041748046875e-05
9.775161743164062e-06
1.0251998901367188e-05
1.0251998901367188e-05
1.0251998901367188e-05
1.0013580322265625e-05
1.0251998901367188e-05
1.0013580322265625e-05
1.049041748046875e-05
9.775161743164062e-06
9.775161743164062e-06
1.0013580322265625e-05
1.0251998901367188e-05
1.0013580322265625e-05
1.0013580322265625e-05
1.0251998901367188e-05
1.0251998901367188e-05
1.0013580322265625e-05
1.0251998901367188e-05
1.0251998901367188e-05
1.0013580322265625e-05
1.0013580322265625e-05
9.775161743164062e-06
1.0013580322265625e-05
9.775161743164062e-06
1.0251998901367188e-05
9.5367431640625e-06
1.0013580322265625e-05
1.049041748046875e-05
1.0013580322265625e-05
1.0013580322265625e-05
1.0013580322265625e-05
1.0251998901367188e-05
1.0251998901367188e-05
1.0251998901367188e-05
1.0013580322265625e-05
1.0013580322265625e-05
1.0013580322265625e-05
1.0013580322265625e-05
9.775161743164062e-06
1.0251998901367188e-05
1.0013580322265625e-05
1.0013580322265625e-05
1.0251998901367188e-05
1.0251998901367188e-05
9.775161743164062e-06
1.0013580322265625e-05
9.775161743164062e-06
9.775161743164062e-06
1.0013580322265625e-05
9.775161743164062e-06
1.0013580322265625e-05
1.0251998901367188e-05
1.0251998901367188e-05
1.049041748046875e-05
1.0013580322265625e-05
1.5497207641601562e-05
2.7179718017578125e-05
1.0967254638671875e-05
1.0728836059570312e-05
1.049041748046875e-05
2.47955322265625e-05
1.1205673217773438e-05