0.17668557167053223
0.23746895790100098
0.25606679916381836
0.23000121116638184
0.18563628196716309
0.2046041488647461
0.229780912399292
0.19112539291381836
0.20454025268554688
0.20312738418579102
0.2192995548248291
0.20520830154418945
0.24779391288757324
0.2191765308380127
0.20950603485107422
0.24347233772277832
0.25983524322509766
0.26845288276672363
0.24662137031555176
0.2584383487701416
0.25698184967041016
0.25235581398010254
0.2153613567352295
0.21934080123901367
0.2398054599761963
0.176957368850708
0.1688098907470703
0.19955992698669434
0.187147855758667
0.212188720703125
0.1979389190673828
0.20610928535461426
0.20335173606872559
0.21447110176086426
0.1883862018585205
0.22558832168579102
0.2198019027709961
0.14972519874572754
0.19457340240478516
0.18440699577331543
0.1992783546447754
0.2928786277770996
0.2622406482696533
0.27297329902648926
0.15968728065490723
0.20516490936279297
0.24064183235168457
0.18292760848999023
0.2895820140838623
0.28491973876953125
0.2790076732635498
0.15860676765441895
0.3245575428009033
0.4145784378051758
0.226548433303833
0.22257423400878906
0.22864007949829102
0.22591638565063477
0.19029521942138672
0.20569920539855957
0.2525808811187744
0.20258307456970215
0.2062981128692627
0.2584073543548584
0.1917743682861328
0.20088529586791992
0.22406864166259766
0.19477605819702148
0.21544265747070312
0.19031882286071777
0.2647233009338379
0.24503302574157715
0.2664656639099121
0.24432873725891113
0.18271231651306152
0.2262275218963623
0.20853400230407715
0.24888300895690918
0.26792168617248535
0.2098534107208252
0.17217493057250977
0.21776223182678223
0.24248337745666504
0.23779773712158203
0.21171331405639648
0.2102046012878418
0.20496511459350586
0.18073749542236328
0.2067115306854248
0.22008824348449707
0.18941044807434082
0.2520925998687744
0.20222806930541992
0.21289873123168945
0.19747447967529297
0.21866154670715332
0.2895326614379883
0.25005412101745605
0.19981622695922852
0.3160889148712158