0.2633702754974365
0.3147749900817871
0.3073701858520508
0.27622008323669434
0.2532165050506592
0.24311614036560059
0.2339625358581543
0.23703289031982422
0.181060791015625
0.1968226432800293
0.1911296844482422
0.17569923400878906
0.23528361320495605
0.27452969551086426
0.22722458839416504
0.2055647373199463
0.22243881225585938
0.19316959381103516
0.2640507221221924
0.19260501861572266
0.295762300491333
0.19449067115783691
0.2233877182006836
0.18445086479187012
0.22401046752929688
0.27800774574279785
0.25043439865112305
0.25008058547973633
0.27108049392700195
0.2476644515991211
0.20951247215270996
0.24840950965881348
0.20569419860839844
0.259380578994751
0.21787166595458984
0.16869020462036133
0.21909379959106445
0.1930713653564453
0.23838233947753906
0.26056432723999023
0.2670409679412842
0.32667970657348633
0.23385334014892578
0.25844907760620117
0.2030959129333496
0.2095348834991455
0.3411295413970947
0.2923426628112793
0.19116902351379395
0.3175008296966553
0.28536391258239746
0.2431340217590332
0.24100399017333984
0.2686748504638672
0.3099057674407959
0.26591062545776367
0.300342321395874
0.2652599811553955
0.2728869915008545
0.2449653148651123
0.28421926498413086
0.2231152057647705
0.2841792106628418
0.2482912540435791
0.2688102722167969
0.23014354705810547
0.2547430992126465
0.3017714023590088
0.28110575675964355
0.24338364601135254
0.17260503768920898
0.22716927528381348
0.22205662727355957
0.3114910125732422
0.2845160961151123
0.25894784927368164
0.24420452117919922
0.2602806091308594
0.2975959777832031
0.251101016998291
0.21647024154663086
0.28826165199279785
0.2960784435272217
0.2698848247528076
0.24374771118164062
0.2482466697692871
0.26979613304138184
0.2754194736480713
0.33395886421203613
0.2108755111694336
0.24607157707214355
0.27430129051208496
0.2405402660369873
0.20342016220092773
0.29243969917297363
0.22505640983581543
0.253528356552124
0.19704413414001465
0.22965121269226074
0.18256306648254395