1 25 6152
2 25 6421
3 25 6541
4 25 7100
5 25 6317
6 25 6920
7 25 7369
8 25 4809
9 25 4833
10 25 4469
11 25 5137
12 25 6563
13 25 4897
14 25 5899
15 25 6289
16 25 6375
17 25 6563
18 25 6208
19 25 5051
20 25 5795
21 25 6360
22 25 5740
23 25 5573
24 25 7077
25 25 5237
26 25 5731
27 25 5865
28 25 5608
29 25 5825
30 25 6182
31 25 5405
32 25 5815
33 25 6497
34 25 7031
35 25 5422
36 25 5087
37 25 5232
38 25 7119
39 25 5322
40 25 6261
41 25 5670
42 25 5778
43 25 5882
44 25 6156
45 25 5420
46 25 6114
47 25 6389
48 25 7192
49 25 5848
50 25 5081
51 25 6194
52 25 6338
53 25 5395
54 25 6354
55 25 5520
56 25 6770
57 25 6043
58 25 7058
59 25 5256
60 25 5860
61 25 5198
62 25 6054
63 25 6270
64 25 5597
65 25 6346
66 25 5172
67 25 6306
68 25 4120
69 25 6747
70 25 5849
71 25 6791
72 25 5771
73 25 5739
74 25 6194
75 25 5536
76 25 5608
77 25 5643
78 25 5746
79 25 7120
80 25 5738
81 25 6552
82 25 6033
83 25 5076
84 25 6217
85 25 6279
86 25 6434
87 25 6338
88 25 6729
89 25 6037
90 25 6249
91 25 7198
92 25 6051
93 25 5450
94 25 7759
95 25 5448
96 25 5945
97 25 5882
98 25 5131
99 25 4904
100 25 6069