8.058547973632812e-05
0.00012040138244628906
0.00010204315185546875
0.0001201629638671875
0.00018644332885742188
0.0002982616424560547
0.000457763671875
0.00017952919006347656
7.152557373046875e-05
0.00011873245239257812
0.0001995563507080078
0.00018286705017089844
0.0003142356872558594
8.392333984375e-05
0.00012350082397460938
0.00023889541625976562
0.00018906593322753906
0.0003247261047363281
0.00019359588623046875
0.00010609626770019531
8.344650268554688e-05
0.00010228157043457031
9.918212890625e-05
0.00019621849060058594
0.00014638900756835938
0.0001354217529296875
0.00011229515075683594
0.00018906593322753906
0.0002524852752685547
8.726119995117188e-05
0.00012135505676269531
0.00017833709716796875
0.0002167224884033203
3.123283386230469e-05
5.8650970458984375e-05
0.0001227855682373047
0.00010013580322265625
0.000209808349609375
0.00013518333435058594
8.225440979003906e-05
0.0003666877746582031
0.0005249977111816406
0.000186920166015625
0.00012135505676269531
0.00046062469482421875
7.581710815429688e-05
7.915496826171875e-05
6.890296936035156e-05
0.00018525123596191406
0.00021910667419433594
0.0001862049102783203
0.0001494884490966797
0.00021195411682128906
0.00012230873107910156
0.0003361701965332031
0.00017499923706054688
0.00011897087097167969
0.0001685619354248047
0.00012040138244628906
0.00021123886108398438
0.0003135204315185547
0.00015783309936523438
0.00018668174743652344
0.00018739700317382812
0.0001614093780517578
0.00021338462829589844
0.0002808570861816406
0.00012564659118652344
0.0002143383026123047
0.00014328956604003906
0.0002295970916748047
0.0008823871612548828
5.269050598144531e-05
0.00013184547424316406
0.00014209747314453125
0.00014925003051757812
0.0002617835998535156
0.00018334388732910156
0.0001857280731201172
0.00018978118896484375
0.00026535987854003906
0.0002319812774658203
0.00020360946655273438
0.0003743171691894531
0.00020384788513183594
0.0004067420959472656
0.00016641616821289062
0.0001347064971923828
0.000186920166015625
8.702278137207031e-05
0.00033974647521972656
0.00012612342834472656
9.632110595703125e-05
6.699562072753906e-05
0.0004551410675048828
0.0003094673156738281
0.00015115737915039062
0.00028252601623535156
0.00029015541076660156
0.00025916099548339844