0.04986799647990613
0.03217315004387248
0.07253886010362694
0.07548179871520343
0.017259144770736732
0.061036789297658864
0.07646474677259185
0.055876685934489405
0.010875331564986738
0.010150891632373114
0.0548180924287119
0.0
0.0011347517730496454
0.00029239766081871346
0.056878306878306875
0.056544202066590124
0.027446631549764348
0.0
0.0031889449906989105
0.008756116404841618
0.003930238270695161
0.06219059405940594
0.05028069319013913
0.030912289519979895
0.041776993233303916
0.06107099879663057
0.07923019245188703
0.021116575065085335
0.07074136955291455
0.07410179640718563
0.02086906803887936
0.06566604127579738
0.07568483479243152
0.004770273663068039
0.07987220447284345
0.031432545201668986
0.06313905930470348
0.03343061820111436
0.04903225806451613
0.06941081517352704
0.029131089904570567
0.07054061867591789
0.036475725661443616
0.07408458699971615
0.074800290486565
0.04930904522613065
0.05030333670374115
0.047644829453167295
0.08061472094904287
0.07424161788185205
0.03904969961769525
0.08941243258586432
0.03935650675093364
0.07963897000265463
0.00580046403712297
0.013742690058479532
0.047550845030077345
0.050655021834061134
0.06974921630094044
0.019740129935032484
0.07390691114245417
0.08597031643797255
0.019727299100667246
0.06607551487414187
0.05739400206825233
0.0
0.04091144484722942
0.021334792122538294
0.013395297977036633
0.06444796619123085
0.06940945983767143
0.0026849642004773268
0.0
0.005085176709890669
0.0
0.07055555555555555
0.02474937343358396
0.05103179029559397
0.004574042309891366
0.040337463749011336
0.07475169890224778
0.05177265053460889
0.048318804483188045
0.0328133405056482
0.04842931937172775
0.006260206859009254
0.046366977664687586
0.03538779121203185
0.06527570789865872
0.005889281507656066
0.07942918686052773
0.03613531522296258
0.0
0.0538481744155503
0.0
0.029838488913222008
0.038222884090345
0.08710700894144793
0.07463080168776372
0.007455731593662628