0.08423924446105957
0.11054039001464844
0.10423541069030762
0.10429024696350098
0.08977460861206055
0.09478640556335449
0.09622406959533691
0.08757424354553223
0.09055066108703613
0.07485485076904297
0.11673450469970703
0.09914183616638184
0.08189821243286133
0.09216690063476562
0.10021424293518066
0.10733366012573242
0.12589669227600098
0.07377123832702637
0.10862874984741211
0.11509966850280762
0.08780241012573242
0.10584092140197754
0.07966327667236328
0.09442853927612305
0.09004402160644531
0.10518097877502441
0.10413193702697754
0.09207487106323242
0.10912752151489258
0.09380507469177246
0.12867331504821777
0.0901491641998291
0.07816457748413086
0.1116018295288086
0.10501480102539062
0.08328557014465332
0.0975351333618164
0.11861300468444824
0.1193845272064209
0.08957529067993164
0.09637904167175293
0.10102176666259766
0.09654784202575684
0.09676575660705566
0.10981225967407227
0.09408044815063477
0.10694718360900879
0.11176872253417969
0.08401894569396973
0.11142945289611816
0.08751201629638672
0.08865213394165039
0.09301948547363281
0.12608075141906738
0.10375738143920898
0.08951425552368164
0.10202980041503906
0.09911537170410156
0.0864725112915039
0.07872486114501953
0.11305737495422363
0.14337944984436035
0.07466959953308105
0.10066032409667969
0.09335803985595703
0.1218268871307373
0.0864253044128418
0.10297346115112305
0.11178278923034668
0.1030120849609375
0.1242527961730957
0.07877230644226074
0.1217503547668457
0.1156458854675293
0.11510276794433594
0.07703065872192383
0.09705281257629395
0.10880661010742188
0.09586167335510254
0.10981345176696777
0.11539292335510254
0.0997622013092041
0.08325958251953125
0.1030881404876709
0.09135103225708008
0.06716251373291016
0.0836944580078125
0.10555219650268555
0.10922670364379883
0.1038815975189209
0.07896018028259277
0.10466718673706055
0.11872243881225586
0.10556340217590332
0.08107185363769531
0.08584284782409668
0.09512114524841309
0.0946359634399414
0.1123201847076416
0.12239313125610352