0.06392073631286621
0.08573055267333984
0.08185935020446777
0.08773922920227051
0.07830286026000977
0.0910801887512207
0.09312820434570312
0.06665658950805664
0.08580255508422852
0.07256650924682617
0.0755302906036377
0.09960603713989258
0.10001039505004883
0.08397555351257324
0.04722166061401367
0.07593488693237305
0.08165931701660156
0.09144353866577148
0.08201265335083008
0.05099987983703613
0.10082340240478516
0.08843755722045898
0.08560395240783691
0.08452177047729492
0.09080338478088379
0.09671688079833984
0.07209253311157227
0.08179187774658203
0.06439876556396484
0.07214903831481934
0.08044242858886719
0.056267738342285156
0.0869140625
0.0735478401184082
0.09624266624450684
0.06644749641418457
0.07000374794006348
0.07336926460266113
0.07979345321655273
0.05510425567626953
0.0978078842163086
0.05970048904418945
0.06438875198364258
0.08028721809387207
0.07816672325134277
0.08683586120605469
0.08588886260986328
0.07538008689880371
0.06830739974975586
0.08949947357177734
0.0820159912109375
0.07289600372314453
0.08329653739929199
0.08728218078613281
0.06838107109069824
0.09848880767822266
0.0679173469543457
0.07277393341064453
0.10370922088623047
0.05108213424682617
0.08987832069396973
0.10592937469482422
0.08922696113586426
0.0802614688873291
0.07887744903564453
0.07014060020446777
0.07387232780456543
0.0515744686126709
0.0837552547454834
0.10847163200378418
0.05794787406921387
0.0703287124633789
0.06474971771240234
0.08238339424133301
0.0804290771484375
0.05785489082336426
0.08107447624206543
0.09330916404724121
0.10138797760009766
0.08700680732727051
0.06733298301696777
0.057572364807128906
0.08124709129333496
0.09611248970031738
0.09271907806396484
0.0725245475769043
0.0658562183380127
0.07801032066345215
0.0676116943359375
0.08151125907897949
0.07589006423950195
0.06324338912963867
0.06719803810119629
0.07102274894714355
0.07780122756958008
0.08613348007202148
0.07895731925964355
0.08255529403686523
0.0660090446472168
0.07496166229248047