0.0
0.0031982942430703624
0.0041906757464641176
0.002229654403567447
0.0
0.0018703241895261845
0.0
0.0
0.0
0.0022935779816513763
0.00243605359317905
0.0
0.003484320557491289
0.0009775171065493646
0.0
0.0
0.004899292324442025
0.0
0.000574052812858783
0.0019646365422396855
0.006575857209957727
0.0
0.0
0.0
0.0032310177705977385
0.0
0.0010712372790573112
0.0
0.0
0.0
0.0
0.0
0.000554016620498615
0.0010325245224574084
0.0
0.0028469750889679717
0.0
0.001718213058419244
0.0
0.0
0.007194244604316547
0.0
0.0
0.0011402508551881414
0.005253940455341506
0.0
0.0010183299389002036
0.0
0.0006207324643078833
0.0
0.0
0.0
0.0
0.0
0.0005580357142857143
0.010823812387251955
0.001098297638660077
0.0
0.0
0.0030469226081657527
0.0
0.0
0.0
0.0
0.012700165654334622
0.0016882386043894203
0.002048131080389145
0.0
0.0
0.0
0.0
0.0005633802816901409
0.004009163802978236
0.0
0.0
0.0
0.0
0.0010660980810234541
0.0
0.006292906178489702
0.006024096385542169
0.0011487650775416428
0.0
0.0012004801920768306
0.0005984440454817474
0.0
0.0022346368715083797
0.0
0.0
0.0006253908692933083
0.002408187838651415
0.005047955577990914
0.0
0.001273074474856779
0.0
0.0
0.00351288056206089
0.0
0.0006038647342995169
0.0