1 32 1331
2 32 1698
3 32 1680
4 32 1590
5 32 1709
6 32 1445
7 32 1458
8 32 1443
9 32 1804
10 32 1620
11 32 1579
12 32 1584
13 32 1435
14 32 1491
15 32 1684
16 32 1626
17 32 1728
18 32 1782
19 32 1563
20 32 1711
21 32 1586
22 32 1379
23 32 1609
24 32 1424
25 32 1491
26 32 1542
27 32 1407
28 32 1429
29 32 1474
30 32 1813
31 32 1605
32 32 1616
33 32 1612
34 32 1603
35 32 1488
36 32 1254
37 32 1521
38 32 1584
39 32 1451
40 32 1475
41 32 1586
42 32 1388
43 32 1509
44 32 1509
45 32 1604
46 32 1643
47 32 1668
48 32 1656
49 32 1303
50 32 1507
51 32 1517
52 32 1647
53 32 1512
54 32 1481
55 32 1857
56 32 1547
57 32 1446
58 32 1637
59 32 1707
60 32 1692
61 32 1674
62 32 1798
63 32 1473
64 32 1420
65 32 1333
66 32 1437
67 32 1553
68 32 1541
69 32 1453
70 32 1659
71 32 1557
72 32 1364
73 32 1871
74 32 1473
75 32 1492
76 32 1483
77 32 1662
78 32 1669
79 32 1335
80 32 1580
81 32 1544
82 32 1483
83 32 1639
84 32 1558
85 32 1290
86 32 1608
87 32 1582
88 32 1472
89 32 1384
90 32 1698
91 32 1521
92 32 1582
93 32 1435
94 32 1489
95 32 1492
96 32 1629
97 32 1404
98 32 1463
99 32 1341
100 32 1342