1.9788742065429688e-05
1.5020370483398438e-05
1.4781951904296875e-05
1.4066696166992188e-05
1.4066696166992188e-05
1.3828277587890625e-05
1.3828277587890625e-05
1.33514404296875e-05
1.33514404296875e-05
1.33514404296875e-05
1.3828277587890625e-05
1.3589859008789062e-05
1.33514404296875e-05
1.33514404296875e-05
1.3589859008789062e-05
1.33514404296875e-05
1.3113021850585938e-05
1.33514404296875e-05
1.33514404296875e-05
1.33514404296875e-05
1.3113021850585938e-05
1.33514404296875e-05
1.33514404296875e-05
1.2874603271484375e-05
1.3113021850585938e-05
1.33514404296875e-05
1.33514404296875e-05
1.33514404296875e-05
1.3113021850585938e-05
1.33514404296875e-05
1.33514404296875e-05
1.3113021850585938e-05
1.3113021850585938e-05
1.33514404296875e-05
1.33514404296875e-05
1.2874603271484375e-05
1.3113021850585938e-05
1.33514404296875e-05
1.3113021850585938e-05
1.2874603271484375e-05
1.2636184692382812e-05
1.33514404296875e-05
1.3589859008789062e-05
1.33514404296875e-05
1.33514404296875e-05
1.2874603271484375e-05
1.33514404296875e-05
1.33514404296875e-05
1.3113021850585938e-05
1.33514404296875e-05
1.3828277587890625e-05
1.3589859008789062e-05
1.33514404296875e-05
1.33514404296875e-05
1.33514404296875e-05
1.3589859008789062e-05
1.33514404296875e-05
1.3113021850585938e-05
1.3113021850585938e-05
1.33514404296875e-05
1.2874603271484375e-05
1.33514404296875e-05
1.3589859008789062e-05
1.33514404296875e-05
1.2874603271484375e-05
1.33514404296875e-05
1.3113021850585938e-05
1.2874603271484375e-05
1.3113021850585938e-05
1.3113021850585938e-05
1.3113021850585938e-05
1.3113021850585938e-05
1.33514404296875e-05
1.33514404296875e-05
1.3113021850585938e-05
1.3113021850585938e-05
1.3113021850585938e-05
1.33514404296875e-05
1.2874603271484375e-05
1.33514404296875e-05
1.3113021850585938e-05
1.3113021850585938e-05
1.33514404296875e-05
1.3113021850585938e-05
1.33514404296875e-05
1.33514404296875e-05
1.3589859008789062e-05
1.2874603271484375e-05
1.3113021850585938e-05
1.33514404296875e-05
1.2874603271484375e-05
1.33514404296875e-05
1.3589859008789062e-05
1.3589859008789062e-05
1.3113021850585938e-05
1.3113021850585938e-05
1.33514404296875e-05
1.3113021850585938e-05
1.3113021850585938e-05
1.33514404296875e-05