3.218650817871094e-05
2.6702880859375e-05
2.574920654296875e-05
2.5033950805664062e-05
2.5510787963867188e-05
2.5272369384765625e-05
2.47955322265625e-05
2.4557113647460938e-05
2.5510787963867188e-05
2.5272369384765625e-05
2.5033950805664062e-05
2.47955322265625e-05
2.47955322265625e-05
2.4318695068359375e-05
2.47955322265625e-05
2.4557113647460938e-05
2.5033950805664062e-05
2.5272369384765625e-05
2.47955322265625e-05
2.5033950805664062e-05
2.47955322265625e-05
2.4557113647460938e-05
2.47955322265625e-05
2.47955322265625e-05
2.4318695068359375e-05
2.4557113647460938e-05
2.5033950805664062e-05
2.5510787963867188e-05
2.5272369384765625e-05
2.47955322265625e-05
2.47955322265625e-05
2.5033950805664062e-05
2.6464462280273438e-05
2.5510787963867188e-05
2.5510787963867188e-05
2.47955322265625e-05
2.47955322265625e-05
2.4557113647460938e-05
2.4557113647460938e-05
4.00543212890625e-05
2.6702880859375e-05
2.6702880859375e-05
2.6941299438476562e-05
2.6464462280273438e-05
2.6464462280273438e-05
2.6702880859375e-05
2.6464462280273438e-05
2.5033950805664062e-05
2.4557113647460938e-05
2.5510787963867188e-05
2.47955322265625e-05
2.5033950805664062e-05
2.47955322265625e-05
2.5033950805664062e-05
2.4557113647460938e-05
2.47955322265625e-05
2.5033950805664062e-05
2.47955322265625e-05
2.4557113647460938e-05
2.47955322265625e-05
2.47955322265625e-05
2.5033950805664062e-05
2.5033950805664062e-05
2.5272369384765625e-05
2.5033950805664062e-05
2.5033950805664062e-05
2.5033950805664062e-05
2.47955322265625e-05
2.5033950805664062e-05
2.4557113647460938e-05
2.47955322265625e-05
2.47955322265625e-05
2.47955322265625e-05
2.47955322265625e-05
2.5033950805664062e-05
2.5033950805664062e-05
5.5789947509765625e-05
2.574920654296875e-05
2.47955322265625e-05
2.4557113647460938e-05
2.4557113647460938e-05
2.47955322265625e-05
2.5033950805664062e-05
2.4557113647460938e-05
2.5272369384765625e-05
2.4557113647460938e-05
2.47955322265625e-05
2.5033950805664062e-05
2.5033950805664062e-05
2.5033950805664062e-05
2.47955322265625e-05
4.172325134277344e-05
2.4318695068359375e-05
2.47955322265625e-05
2.4557113647460938e-05
2.4318695068359375e-05
2.4557113647460938e-05
2.4557113647460938e-05
5.7697296142578125e-05
2.6464462280273438e-05