0.0011403560638427734
0.00096893310546875
0.006188631057739258
0.0006973743438720703
0.0019986629486083984
0.0013921260833740234
0.00024437904357910156
0.0018374919891357422
0.0007996559143066406
0.0022373199462890625
0.002529621124267578
0.003342151641845703
0.0007429122924804688
0.00030732154846191406
0.0016820430755615234
0.0031652450561523438
0.0015857219696044922
0.00023245811462402344
0.0019075870513916016
0.000949859619140625
0.0014150142669677734
0.0007524490356445312
0.0015773773193359375
0.0014562606811523438
0.0011639595031738281
0.0023932456970214844
0.002640962600708008
0.0005009174346923828
0.0022802352905273438
0.0014410018920898438
0.0031213760375976562
0.002639293670654297
0.0007948875427246094
0.0007560253143310547
0.0018036365509033203
0.0002894401550292969
0.0021865367889404297
0.0009529590606689453
0.001077890396118164
0.0029745101928710938
0.0014464855194091797
0.0023283958435058594
0.0005321502685546875
0.010914087295532227
0.0014700889587402344
0.0010063648223876953
0.0035750865936279297
0.002811908721923828
0.0004820823669433594
0.0009329319000244141
0.0014712810516357422
0.0009069442749023438
0.0018129348754882812
0.0006005764007568359
0.0024394989013671875
0.0012781620025634766
0.000339508056640625
0.0012600421905517578
0.0030510425567626953
0.0011734962463378906
0.011255502700805664
0.0011599063873291016
0.00465703010559082
0.0019783973693847656
0.0003643035888671875
0.000377655029296875
0.00020599365234375
0.0015816688537597656
0.0011355876922607422
0.000362396240234375
0.0013463497161865234
0.0006103515625
0.00027060508728027344
0.00039005279541015625
0.0005173683166503906
0.0004906654357910156
0.002382516860961914
0.0003509521484375
0.00027942657470703125
0.0023376941680908203
0.002454996109008789
0.003412008285522461
0.0007188320159912109
0.0006010532379150391
0.0019321441650390625
0.0007402896881103516
0.0033075809478759766
0.0005280971527099609
0.0013742446899414062
0.002262592315673828
0.0011408329010009766
0.0017783641815185547
0.0012927055358886719
0.0011973381042480469
0.0004601478576660156
0.000518798828125
0.0012714862823486328
0.0019383430480957031
0.0009064674377441406
0.0029218196868896484