1 10 983
2 10 1143
3 10 1234
4 10 1074
5 10 1441
6 10 1368
7 10 1186
8 10 1312
9 10 1253
10 10 1573
11 10 1029
12 10 1349
13 10 1470
14 10 1458
15 10 1361
16 10 1226
17 10 967
18 10 1374
19 10 1023
20 10 1279
21 10 1269
22 10 899
23 10 1540
24 10 1170
25 10 1274
26 10 1753
27 10 857
28 10 1540
29 10 1299
30 10 1446
31 10 1222
32 10 1047
33 10 1351
34 10 1118
35 10 1144
36 10 982
37 10 1228
38 10 1222
39 10 911
40 10 1284
41 10 1258
42 10 1739
43 10 896
44 10 1057
45 10 1160
46 10 1475
47 10 1083
48 10 1455
49 10 1338
50 10 1693
51 10 1250
52 10 1323
53 10 1176
54 10 1144
55 10 1433
56 10 820
57 10 784
58 10 1194
59 10 1304
60 10 1207
61 10 1167
62 10 1046
63 10 1143
64 10 972
65 10 1128
66 10 1352
67 10 1504
68 10 918
69 10 1352
70 10 874
71 10 1062
72 10 1523
73 10 1132
74 10 1627
75 10 1183
76 10 1175
77 10 1292
78 10 935
79 10 1306
80 10 1274
81 10 1213
82 10 1254
83 10 1138
84 10 1665
85 10 927
86 10 1448
87 10 1060
88 10 813
89 10 1130
90 10 1371
91 10 1428
92 10 1533
93 10 1418
94 10 1029
95 10 1179
96 10 1192
97 10 1101
98 10 1363
99 10 1317
100 10 1445