1 4 396
2 4 223
3 4 592
4 4 389
5 4 404
6 4 335
7 4 429
8 4 407
9 4 520
10 4 637
11 4 592
12 4 360
13 4 397
14 4 406
15 4 399
16 4 375
17 4 712
18 4 402
19 4 467
20 4 475
21 4 394
22 4 654
23 4 194
24 4 402
25 4 741
26 4 473
27 4 447
28 4 457
29 4 408
30 4 606
31 4 256
32 4 412
33 4 438
34 4 373
35 4 402
36 4 248
37 4 779
38 4 277
39 4 303
40 4 404
41 4 490
42 4 525
43 4 489
44 4 270
45 4 460
46 4 349
47 4 368
48 4 188
49 4 454
50 4 293
51 4 475
52 4 311
53 4 500
54 4 590
55 4 419
56 4 440
57 4 388
58 4 597
59 4 487
60 4 539
61 4 500
62 4 319
63 4 462
64 4 515
65 4 752
66 4 469
67 4 414
68 4 389
69 4 515
70 4 477
71 4 562
72 4 513
73 4 461
74 4 374
75 4 362
76 4 455
77 4 432
78 4 507
79 4 301
80 4 336
81 4 351
82 4 765
83 4 302
84 4 196
85 4 599
86 4 348
87 4 560
88 4 602
89 4 451
90 4 310
91 4 537
92 4 552
93 4 362
94 4 372
95 4 532
96 4 541
97 4 461
98 4 633
99 4 56
100 4 441