3.075599670410156e-05
2.3365020751953125e-05
2.1457672119140625e-05
2.1219253540039062e-05
2.1219253540039062e-05
2.09808349609375e-05
2.09808349609375e-05
2.09808349609375e-05
0.00035381317138671875
2.5987625122070312e-05
2.2411346435546875e-05
2.1696090698242188e-05
2.1219253540039062e-05
2.0503997802734375e-05
2.0503997802734375e-05
2.0503997802734375e-05
2.002716064453125e-05
2.0265579223632812e-05
2.002716064453125e-05
2.09808349609375e-05
2.0742416381835938e-05
2.1219253540039062e-05
2.0742416381835938e-05
2.0503997802734375e-05
2.09808349609375e-05
2.0742416381835938e-05
2.0265579223632812e-05
2.0265579223632812e-05
2.1457672119140625e-05
2.0742416381835938e-05
2.09808349609375e-05
2.0265579223632812e-05
2.0742416381835938e-05
2.09808349609375e-05
2.0503997802734375e-05
2.0265579223632812e-05
2.0503997802734375e-05
2.0503997802734375e-05
2.0742416381835938e-05
2.002716064453125e-05
2.0265579223632812e-05
2.002716064453125e-05
2.002716064453125e-05
2.0265579223632812e-05
2.0265579223632812e-05
2.09808349609375e-05
2.0265579223632812e-05
2.0265579223632812e-05
2.0503997802734375e-05
2.1219253540039062e-05
2.0265579223632812e-05
2.0742416381835938e-05
2.0742416381835938e-05
2.002716064453125e-05
2.0503997802734375e-05
2.1457672119140625e-05
2.0742416381835938e-05
2.0503997802734375e-05
2.0265579223632812e-05
2.0265579223632812e-05
2.0742416381835938e-05
2.0265579223632812e-05
2.0503997802734375e-05
2.0503997802734375e-05
2.0503997802734375e-05
2.0265579223632812e-05
2.0265579223632812e-05
2.0265579223632812e-05
2.1457672119140625e-05
2.0503997802734375e-05
2.1457672119140625e-05
2.0503997802734375e-05
4.029273986816406e-05
2.6702880859375e-05
2.002716064453125e-05
2.002716064453125e-05
2.0742416381835938e-05
2.09808349609375e-05
2.002716064453125e-05
2.0742416381835938e-05
2.1457672119140625e-05
2.0742416381835938e-05
2.0742416381835938e-05
2.002716064453125e-05
2.0265579223632812e-05
2.0503997802734375e-05
2.0503997802734375e-05
2.0265579223632812e-05
2.0742416381835938e-05
2.0503997802734375e-05
2.0742416381835938e-05
2.1696090698242188e-05
2.0742416381835938e-05
2.2172927856445312e-05
2.1696090698242188e-05
2.1457672119140625e-05
2.0503997802734375e-05
2.09808349609375e-05
2.0742416381835938e-05
2.0265579223632812e-05