2102075
42365
3459606
7230
0
4182021
0
0
4029289
112846
3451520
1035909
0
4159708
0
90331
4061070
0
0
1
624664
0
0
0
0
0
4194171
4184385
6
0
21
0
0
418
0
3563171
39
0
4085003
26329
0
279
0
0
0
1165721
0
1633
0
0
2
110904
2069458
1583211
0
0
3779927
0
0
29
3398986
0
0
0
0
3572348
0
649205
0
0
1294864
61635
1045873
0
0
1812085
0
0
478
2921730
0
560524
913
0
0
0
0
0
0
2201
0
0
0
0
3470894
3418820
0
5142
0
4193598
280150
84
97358
0
0
0
0
2750185
28102
0
533
0
0
9724
0
0
0
5546
0
0
3365
8857
0
3211837
4033700
0
0
0
3
0
0
0
535072
110512
0
565044
0
705379
4007428
0
8567
78565
4132552
5
0
24665
0
0
0
2995805
0
0
4194139
916680
0
9
0
464283
4133670
0
36576
678387
0
87
1110027
0
0
54
14796
0
0
0
0
192102
3337274
1
0
0
0
0
3681389
2
348212
0
14
4185542
0
0
4070809
0
0
0
53
0
0
86174
0
3778465
1600823
16794
3969317
0
3944660
0
2419419
1790
0
0
0
0
4193004
4185269
1567
3670973
0
5
0
0
0
184
0
319
0
4108504
0
0
0
137130
44648
0
2172607
2615706
0
1492
1059154
0
1295225
2452
0
3991549
0
0
0
0
41495
0
0
0
676993
4193974
0
4073575
1
0
0
0
1222
642219
992737
0
0
0
0
0
0
0
0
986321
0
0
376
331951
16219
24202
863037
0
3205951
0
0
1741222
0
0
1805316
0
6290
5
0
0
929
0
1127904
0
0
0
5
3808820
2696149
121671
1408488
456
184751
26228
0
3216144
0
31695
2928203
0
4047135
0
17262
0
0
0
4275
2855756
1057157
70364
0
4113368
98685
0
10
2028302
0
252363
0
0
0
2679
0
661315
3999401
4057672
0
9
9
733344
665986
0
2932971
4452
0
263291
139951
0
22
0
1664927
96
0
950269
38271
0
5771
37
0
0
344434
10
4193882
0
0
58539
318
806
0
0
2115868
0
0
23
0
0
25
1419430
996678
62
1374264
1177
87241
0
0
0
0
1
1059118
13145
189815
17872
49395
3503265
3746651
17
0
0
553235
3
60976
0
2814
0
0
82505
0
4157743
2147795
3986827
5293
0
1231708
0
17636
2385469
0
8485
2823926
0
155132
0
5921
0
0
13
16
2465
0
4194267
0
2899780
660630
5491
497825
0
0
761737
1240177
0
13910
936449
475302
4193962
0
2
0
952388
0
3987721
4020449
1634427
0
0
0
3
11444
0
356304
698937
4158533
2353465
0
1590921
62459
0
289829
726
3829538
0
0
0
0
152988
2581356
0
4829
0
274803
723611
9093
0
45
0
566824
0
2916731
630433
13128
0
1106907
986846
0
0
1085224
1188
0
0
168
1680
23884
0
