0.0
0.0
0.0011011483404121441
0.0
0.001699524133242692
0.0003057169061449098
0.0014892032762472078
0.00503509307293256
0.0
0.0
0.0
0.005128205128205128
0.0
0.0009347541596560105
0.0
0.0
0.0
0.0
0.0
0.0006926406926406926
0.0
0.0
0.0
0.0
0.0
0.0
0.0034760336626417855
0.0001554001554001554
0.0
0.0076128330614464385
0.002289202594429607
0.003074670571010249
0.0
0.0
0.0
0.0
0.0
0.0005746025665581306
0.0
0.0
0.0
0.0
0.006594189983960079
0.00549551199853453
0.0
0.002652168147460549
0.009689922480620155
0.0
0.0
0.002814423922603342
0.0
0.0
0.0
0.0
0.0
0.00471408075425292
0.007785467128027681
0.0
0.0
0.0032976092333058533
0.0
0.01125370187561698
0.0
0.0
0.0027109454422229754
0.0021668472372697724
0.0
0.003967538322813345
0.0
0.0
0.002508780732563974
0.003976459360585335
0.00866519174041298
0.0
0.004059301094246382
0.0
0.0
0.0
0.0
0.0
0.0062082880645661954
0.0
0.011496196111580727
0.0
0.0012239902080783353
0.0
0.0
0.0
0.0
0.0
0.0
0.002041163463174009
0.008593865757890057
0.0
0.0
0.0
0.0
0.0
0.008650207244548567
0.0