1 15 3032
2 15 3032
3 15 3032
4 15 3032
5 15 3032
6 15 3032
7 15 3032
8 15 3032
9 15 3032
10 15 3032
11 15 3032
12 15 3032
13 15 3032
14 15 3032
15 15 3032
16 15 3032
17 15 3032
18 15 3032
19 15 3032
20 15 3032
21 15 3032
22 15 3032
23 15 3032
24 15 3032
25 15 3032
26 15 3032
27 15 3032
28 15 3032
29 15 3032
30 15 3032
31 15 3032
32 15 3032
33 15 3032
34 15 3032
35 15 3032
36 15 3032
37 15 3032
38 15 3032
39 15 3032
40 15 3032
41 15 3032
42 15 3032
43 15 3032
44 15 3032
45 15 3032
46 15 3032
47 15 3032
48 15 3032
49 15 3032
50 15 3032
51 15 3032
52 15 3032
53 15 3032
54 15 3032
55 15 3032
56 15 3032
57 15 3032
58 15 3032
59 15 3032
60 15 3032
61 15 3032
62 15 3032
63 15 3032
64 15 3032
65 15 3032
66 15 3032
67 15 3032
68 15 3032
69 15 3032
70 15 3032
71 15 3032
72 15 3032
73 15 3032
74 15 3032
75 15 3032
76 15 3032
77 15 3032
78 15 3032
79 15 3032
80 15 3032
81 15 3032
82 15 3032
83 15 3032
84 15 3032
85 15 3032
86 15 3032
87 15 3032
88 15 3032
89 15 3032
90 15 3032
91 15 3032
92 15 3032
93 15 3032
94 15 3032
95 15 3032
96 15 3032
97 15 3032
98 15 3032
99 15 3032
100 15 3032