0.005872249603271484
0.006898641586303711
0.006609439849853516
0.00823354721069336
0.008255720138549805
0.007342100143432617
0.007205486297607422
0.006151437759399414
0.007768154144287109
0.006890296936035156
0.004678487777709961
0.004527568817138672
0.007326602935791016
0.005096912384033203
0.00674128532409668
0.005542278289794922
0.006149768829345703
0.006257295608520508
0.006488323211669922
0.007035970687866211
0.00820779800415039
0.004782676696777344
0.007478237152099609
0.00692296028137207
0.0056993961334228516
0.008286237716674805
0.008142232894897461
0.005867481231689453
0.006776332855224609
0.006330728530883789
0.006003856658935547
0.006733417510986328
0.006973743438720703
0.0076525211334228516
0.006308794021606445
0.005562543869018555
0.007317304611206055
0.00568842887878418
0.0056934356689453125
0.005768299102783203
0.005837917327880859
0.006190061569213867
0.005220651626586914
0.0044286251068115234
0.0075991153717041016
0.005318164825439453
0.005469560623168945
0.005935192108154297
0.0060122013092041016
0.006143093109130859
0.007870912551879883
0.006261348724365234
0.007529020309448242
0.007348060607910156
0.005758523941040039
0.0043032169342041016
0.0065822601318359375
0.0072100162506103516
0.007669687271118164
0.007158994674682617
0.00559234619140625
0.006983041763305664
0.0059337615966796875
0.005661964416503906
0.006680011749267578
0.005327939987182617
0.005816459655761719
0.008722305297851562
0.0065572261810302734
0.006655216217041016
0.0052454471588134766
0.006711721420288086
0.006844758987426758
0.006052970886230469
0.00712275505065918
0.007602214813232422
0.005318164825439453
0.0074121952056884766
0.006530284881591797
0.005926609039306641
0.006162166595458984
0.007970809936523438
0.005050182342529297
0.006702899932861328
0.006928682327270508
0.00692439079284668
0.006632566452026367
0.0072650909423828125
0.005348920822143555
0.005104780197143555
0.007537841796875
0.0065500736236572266
0.007001161575317383
0.00580143928527832
0.00500178337097168
0.00881648063659668
0.00676417350769043
0.006973981857299805
0.0065419673919677734
0.005433797836303711