0.022171735763549805
0.028092145919799805
0.026694059371948242
0.025064706802368164
0.027931690216064453
0.020684003829956055
0.030224084854125977
0.02627849578857422
0.028225421905517578
0.03249526023864746
0.03956937789916992
0.032828330993652344
0.028504610061645508
0.02894449234008789
0.02716803550720215
0.03275752067565918
0.02817249298095703
0.02427530288696289
0.035104990005493164
0.02466416358947754
0.02399611473083496
0.024716615676879883
0.02744293212890625
0.030947446823120117
0.027296781539916992
0.028276443481445312
0.029851913452148438
0.026856184005737305
0.023908615112304688
0.028070449829101562
0.02321004867553711
0.026802539825439453
0.028405427932739258
0.031363725662231445
0.02919483184814453
0.02492976188659668
0.027453899383544922
0.022784709930419922
0.02486276626586914
0.026189088821411133
0.025740385055541992
0.022484540939331055
0.027587890625
0.03010106086730957
0.026386022567749023
0.024636507034301758
0.032488107681274414
0.02583479881286621
0.0299990177154541
0.027255535125732422
0.027205944061279297
0.026556968688964844
0.0249326229095459
0.02155160903930664
0.02464580535888672
0.03076624870300293
0.023889541625976562
0.02421855926513672
0.024013996124267578
0.02541661262512207
0.025900840759277344
0.02902054786682129
0.028278589248657227
0.02567148208618164
0.025617361068725586
0.025809526443481445
0.024370908737182617
0.02406597137451172
0.028319597244262695
0.024490833282470703
0.021510839462280273
0.02763080596923828
0.02427983283996582
0.024960756301879883
0.02635812759399414
0.026682138442993164
0.026557207107543945
0.026259899139404297
0.024716615676879883
0.022423744201660156
0.026772499084472656
0.0290067195892334
0.024811267852783203
0.02508258819580078
0.029180288314819336
0.02861762046813965
0.024338483810424805
0.02594304084777832
0.022838592529296875
0.024281740188598633
0.025191545486450195
0.028474807739257812
0.024653196334838867
0.03035593032836914
0.02749490737915039
0.025330781936645508
0.018826007843017578
0.03160405158996582
0.02409982681274414
0.027233600616455078