0.002691507339477539
0.005135536193847656
0.003345966339111328
0.002584695816040039
0.019251108169555664
0.005853176116943359
0.007265806198120117
0.0011751651763916016
0.006853580474853516
0.002396106719970703
0.0014340877532958984
0.0018868446350097656
0.005549430847167969
0.008272647857666016
0.006757974624633789
0.004557132720947266
0.0047626495361328125
0.00810384750366211
0.0045316219329833984
0.002464771270751953
0.002274036407470703
0.009171724319458008
0.0059814453125
0.007163524627685547
0.005709409713745117
0.011713027954101562
0.006623268127441406
0.005705595016479492
0.015937328338623047
0.006345272064208984
0.02198314666748047
0.010337114334106445
0.004043102264404297
0.008821964263916016
0.0044062137603759766
0.00047588348388671875
0.020359039306640625
0.01792287826538086
0.021204471588134766
0.002454042434692383
0.02601909637451172
0.003147602081298828
0.014853239059448242
0.004528999328613281
0.0028743743896484375
0.003520488739013672
0.004366874694824219
0.003885507583618164
0.019253969192504883
0.0014688968658447266
0.0030357837677001953
0.003422260284423828
0.009759187698364258
0.006905794143676758
0.008929967880249023
0.011870861053466797
0.00751042366027832
0.005789756774902344
0.010281801223754883
0.003233194351196289
0.003218412399291992
0.0029265880584716797
0.011461973190307617
0.005063533782958984
0.003067493438720703
0.010886192321777344
0.003182649612426758
0.0010046958923339844
0.0045850276947021484
0.017675399780273438
0.0056378841400146484
0.0014026165008544922
0.0028994083404541016
0.0061397552490234375
0.0022983551025390625
0.004590034484863281
0.008572101593017578
0.013757705688476562
0.011166810989379883
0.0013425350189208984
0.002834320068359375
0.00035881996154785156
0.023587703704833984
0.006699800491333008
0.0061075687408447266
0.030929088592529297
0.00946807861328125
0.004995822906494141
0.00685572624206543
0.0006575584411621094
0.008654594421386719
0.007434368133544922
0.006052494049072266
0.0008084774017333984
0.004615068435668945
0.016161441802978516
0.005115032196044922
0.0062563419342041016
0.0032646656036376953
0.0020694732666015625