1 30 5809
2 30 8266
3 30 8428
4 30 8424
5 30 7357
6 30 8057
7 30 7971
8 30 6361
9 30 7302
10 30 7808
11 30 7842
12 30 7869
13 30 7790
14 30 6684
15 30 6367
16 30 6344
17 30 6552
18 30 8146
19 30 7542
20 30 6309
21 30 7260
22 30 7272
23 30 7212
24 30 7225
25 30 6165
26 30 6030
27 30 6786
28 30 7322
29 30 7016
30 30 8463
31 30 7767
32 30 6815
33 30 5793
34 30 7817
35 30 8350
36 30 6861
37 30 7087
38 30 7667
39 30 7684
40 30 6551
41 30 6020
42 30 7120
43 30 7012
44 30 6866
45 30 4825
46 30 7887
47 30 7849
48 30 6224
49 30 8549
50 30 6617
51 30 8687
52 30 6962
53 30 7572
54 30 6667
55 30 5838
56 30 7117
57 30 8309
58 30 6729
59 30 5942
60 30 5877
61 30 7165
62 30 7247
63 30 8083
64 30 6360
65 30 8061
66 30 6296
67 30 5952
68 30 8035
69 30 7408
70 30 7174
71 30 6805
72 30 7032
73 30 7450
74 30 6741
75 30 7964
76 30 6950
77 30 7157
78 30 7589
79 30 7858
80 30 6636
81 30 6664
82 30 7833
83 30 7512
84 30 7040
85 30 6053
86 30 7099
87 30 6334
88 30 6716
89 30 6457
90 30 7622
91 30 6794
92 30 6343
93 30 8121
94 30 7657
95 30 6661
96 30 7634
97 30 7381
98 30 6704
99 30 9094
100 30 7850