2.4080276489257812e-05
2.002716064453125e-05
1.8596649169921875e-05
1.811981201171875e-05
1.8358230590820312e-05
1.811981201171875e-05
1.8358230590820312e-05
1.811981201171875e-05
1.811981201171875e-05
1.7642974853515625e-05
1.811981201171875e-05
1.7642974853515625e-05
1.7642974853515625e-05
1.7881393432617188e-05
1.7642974853515625e-05
1.7881393432617188e-05
1.7642974853515625e-05
1.7642974853515625e-05
1.7881393432617188e-05
1.7881393432617188e-05
1.811981201171875e-05
1.7881393432617188e-05
1.8358230590820312e-05
1.7642974853515625e-05
1.7881393432617188e-05
1.8358230590820312e-05
1.811981201171875e-05
1.811981201171875e-05
1.7881393432617188e-05
1.8358230590820312e-05
1.7881393432617188e-05
1.7881393432617188e-05
1.7881393432617188e-05
1.811981201171875e-05
1.7881393432617188e-05
1.7881393432617188e-05
1.7881393432617188e-05
1.7642974853515625e-05
1.811981201171875e-05
1.7642974853515625e-05
1.7642974853515625e-05
1.7642974853515625e-05
1.7881393432617188e-05
1.7642974853515625e-05
1.7881393432617188e-05
1.7642974853515625e-05
1.7881393432617188e-05
1.7642974853515625e-05
1.7881393432617188e-05
1.811981201171875e-05
1.7642974853515625e-05
1.7642974853515625e-05
1.7881393432617188e-05
1.7881393432617188e-05
1.7881393432617188e-05
1.811981201171875e-05
1.7881393432617188e-05
1.7642974853515625e-05
1.7881393432617188e-05
1.7642974853515625e-05
1.7881393432617188e-05
1.811981201171875e-05
1.7881393432617188e-05
1.811981201171875e-05
1.811981201171875e-05
1.811981201171875e-05
1.7881393432617188e-05
1.7642974853515625e-05
1.7642974853515625e-05
1.7881393432617188e-05
1.7642974853515625e-05
1.7642974853515625e-05
1.7881393432617188e-05
1.7642974853515625e-05
1.7642974853515625e-05
1.7642974853515625e-05
1.7881393432617188e-05
1.7881393432617188e-05
1.7642974853515625e-05
1.7642974853515625e-05
1.7881393432617188e-05
1.7642974853515625e-05
4.601478576660156e-05
1.6927719116210938e-05
1.6689300537109375e-05
1.6927719116210938e-05
1.6927719116210938e-05
1.6689300537109375e-05
1.6689300537109375e-05
1.6450881958007812e-05
1.6450881958007812e-05
1.6927719116210938e-05
1.6927719116210938e-05
1.6927719116210938e-05
1.6689300537109375e-05
1.6689300537109375e-05
1.621246337890625e-05
1.6689300537109375e-05
1.6927719116210938e-05
1.6450881958007812e-05