1.7881393432617188e-05
5.5789947509765625e-05
2.1696090698242188e-05
1.6450881958007812e-05
6.0558319091796875e-05
4.220008850097656e-05
8.320808410644531e-05
3.7670135498046875e-05
4.1961669921875e-05
3.4332275390625e-05
3.886222839355469e-05
3.123283386230469e-05
6.747245788574219e-05
3.0994415283203125e-05
1.6450881958007812e-05
2.0503997802734375e-05
3.0279159545898438e-05
1.6689300537109375e-05
6.651878356933594e-05
6.747245788574219e-05
1.8358230590820312e-05
3.838539123535156e-05
4.2438507080078125e-05
4.982948303222656e-05
4.6253204345703125e-05
4.172325134277344e-05
4.8160552978515625e-05
3.0517578125e-05
3.218650817871094e-05
4.1484832763671875e-05
1.4781951904296875e-05
3.719329833984375e-05
3.790855407714844e-05
2.9087066650390625e-05
3.910064697265625e-05
1.6450881958007812e-05
5.340576171875e-05
2.6226043701171875e-05
2.3365020751953125e-05
3.361701965332031e-05
5.412101745605469e-05
4.6253204345703125e-05
0.00015354156494140625
3.743171691894531e-05
3.5762786865234375e-05
3.1948089599609375e-05
4.5299530029296875e-05
5.984306335449219e-05
1.2159347534179688e-05
2.8371810913085938e-05
5.054473876953125e-05
2.2172927856445312e-05
5.650520324707031e-05
4.1961669921875e-05
3.695487976074219e-05
8.296966552734375e-05
3.0994415283203125e-05
4.1484832763671875e-05
5.030632019042969e-05
4.315376281738281e-05
2.5987625122070312e-05
6.461143493652344e-05
1.5020370483398438e-05
5.364418029785156e-05
6.198883056640625e-05
2.8371810913085938e-05
5.0067901611328125e-05
5.269050598144531e-05
4.2438507080078125e-05
5.7697296142578125e-05
2.7418136596679688e-05
1.5497207641601562e-05
6.318092346191406e-05
3.266334533691406e-05
2.2649765014648438e-05
7.653236389160156e-05
6.723403930664062e-05
3.647804260253906e-05
1.9073486328125e-05
4.57763671875e-05
0.00013947486877441406
4.935264587402344e-05
4.220008850097656e-05
3.933906555175781e-05
0.0001347064971923828
2.6702880859375e-05
2.6702880859375e-05
2.4318695068359375e-05
4.601478576660156e-05
6.961822509765625e-05
3.600120544433594e-05
3.0040740966796875e-05
2.8133392333984375e-05
2.384185791015625e-05
5.555152893066406e-05
3.6716461181640625e-05
4.029273986816406e-05
2.6226043701171875e-05
2.0265579223632812e-05
3.24249267578125e-05