0.0001456737518310547
0.00032019615173339844
0.00044846534729003906
0.00027489662170410156
0.001745462417602539
0.0004730224609375
0.0004138946533203125
0.0012958049774169922
0.0023622512817382812
0.0004968643188476562
0.00013756752014160156
0.0015537738800048828
0.0012042522430419922
0.00041031837463378906
8.368492126464844e-05
0.0007309913635253906
0.0004608631134033203
0.0005371570587158203
0.0004267692565917969
0.0006327629089355469
0.0006709098815917969
0.0007493495941162109
0.0006005764007568359
0.0008714199066162109
0.0004241466522216797
0.00021886825561523438
0.0003020763397216797
0.00043129920959472656
0.0002760887145996094
0.0013794898986816406
0.00167083740234375
0.00042176246643066406
0.0005762577056884766
0.0008895397186279297
0.0006144046783447266
0.0011277198791503906
0.00016069412231445312
0.0005564689636230469
0.0012416839599609375
0.0008425712585449219
0.00041413307189941406
8.463859558105469e-05
0.0007474422454833984
0.0009124279022216797
0.0005886554718017578
0.00043964385986328125
0.0004172325134277344
0.0005745887756347656
0.0010106563568115234
0.003083467483520508
0.0009162425994873047
0.00010347366333007812
0.001016378402709961
0.0004973411560058594
0.0009129047393798828
0.0012295246124267578
0.0002872943878173828
0.0012459754943847656
0.0010576248168945312
0.0006628036499023438
0.0003676414489746094
0.0004210472106933594
0.0002243518829345703
0.0003643035888671875
0.0002541542053222656
0.00043320655822753906
0.0006222724914550781
0.0007448196411132812
0.001024007797241211
0.00024247169494628906
0.0008196830749511719
0.0001552104949951172
0.00010776519775390625
0.0006043910980224609
0.0007417201995849609
0.0013077259063720703
0.003073453903198242
0.0014536380767822266
0.0010936260223388672
0.0002777576446533203
0.00043654441833496094
0.0011966228485107422
0.0008127689361572266
0.0005018711090087891
0.00035262107849121094
0.0001239776611328125
0.0005960464477539062
0.0011169910430908203
0.0006935596466064453
0.0003838539123535156
0.0009162425994873047
0.0006961822509765625
0.00029850006103515625
0.0007829666137695312
0.00022292137145996094
0.0004742145538330078
0.0004811286926269531
0.0002644062042236328
0.0009741783142089844
0.0006415843963623047