0.001196146011352539
0.00544285774230957
0.0029256343841552734
0.0008144378662109375
0.007053375244140625
0.0017008781433105469
0.018880844116210938
0.007767915725708008
0.009029150009155273
0.004823923110961914
0.0009391307830810547
0.0028591156005859375
0.004326581954956055
0.010080337524414062
0.0077245235443115234
0.00042247772216796875
0.0024662017822265625
0.0039055347442626953
0.0021507740020751953
0.002203702926635742
0.0036563873291015625
0.012098550796508789
0.012190580368041992
0.003391742706298828
0.010225057601928711
0.0034263134002685547
0.0018610954284667969
0.004721879959106445
0.013025283813476562
0.0032689571380615234
0.011239051818847656
0.003693103790283203
0.00887441635131836
0.007227420806884766
0.003161907196044922
0.0022237300872802734
0.00493931770324707
0.0014815330505371094
0.01605391502380371
0.01127004623413086
0.0021517276763916016
0.010019779205322266
0.008138895034790039
0.0030832290649414062
0.0020265579223632812
0.0022101402282714844
0.0009992122650146484
0.000583648681640625
0.009764671325683594
0.010625839233398438
0.009263038635253906
0.012228727340698242
0.002106904983520508
0.006538867950439453
0.01114344596862793
0.00421142578125
0.03158688545227051
0.0028946399688720703
0.0021352767944335938
0.0011224746704101562
0.0008370876312255859
0.0018761157989501953
0.004915714263916016
0.0018167495727539062
0.0014939308166503906
0.0012655258178710938
0.006038188934326172
0.0019330978393554688
0.0007569789886474609
0.0021407604217529297
0.0009241104125976562
0.0012607574462890625
0.005148649215698242
0.00409698486328125
0.007924318313598633
0.002288341522216797
0.003993988037109375
0.002560853958129883
0.008558273315429688
0.0031599998474121094
0.0009851455688476562
0.002987384796142578
0.005150318145751953
0.027484893798828125
0.004955291748046875
0.0017864704132080078
0.0005471706390380859
0.0019459724426269531
0.0018415451049804688
0.016248703002929688
0.0011167526245117188
0.0049517154693603516
0.0020661354064941406
0.0036623477935791016
0.003670930862426758
0.0017690658569335938
0.004535675048828125
0.0027518272399902344
0.0025234222412109375
0.00014162063598632812