0.012636661529541016
0.12031245231628418
0.1685502529144287
0.05768728256225586
0.024639129638671875
0.09219813346862793
0.05221724510192871
0.016170740127563477
0.020334720611572266
0.010026931762695312
0.01680302619934082
0.0013363361358642578
0.02462458610534668
0.005264759063720703
0.0034241676330566406
0.01262521743774414
0.04762887954711914
0.1084437370300293
0.2007451057434082
0.0833885669708252
0.006499052047729492
0.02336907386779785
0.014505624771118164
0.09137248992919922
0.04092717170715332
0.029506683349609375
0.08614134788513184
0.19591498374938965
0.009005069732666016
0.1207125186920166
0.045449256896972656
0.027213573455810547
0.16564011573791504
0.005295753479003906
0.04418039321899414
0.009593009948730469
0.19993162155151367
0.010909795761108398
0.3227975368499756
0.019615888595581055
0.0028085708618164062
0.06485486030578613
0.2581939697265625
0.02436518669128418
0.056498050689697266
0.05100250244140625
0.07323932647705078
0.002113819122314453
0.005252361297607422
0.029730796813964844
0.03609108924865723
0.12326312065124512
0.012043237686157227
0.51393723487854
0.06444430351257324
0.03332662582397461
0.015123128890991211
0.021811485290527344
0.02728891372680664
0.009656190872192383
0.03195953369140625
0.026157617568969727
0.057044267654418945
0.016103744506835938
0.039702653884887695
0.0020525455474853516
0.025870084762573242
0.11441898345947266
0.014561891555786133
0.02155160903930664
0.06537365913391113
0.01346278190612793
0.02350306510925293
0.05055713653564453
0.057349205017089844
0.10110735893249512
0.006307840347290039
0.039437294006347656
0.005989789962768555
0.017331838607788086
0.010469198226928711
0.08692812919616699
0.019271373748779297
0.021293163299560547
0.11759376525878906
0.025505542755126953
0.016041040420532227
0.02547430992126465
0.08596277236938477
0.022670745849609375
0.00581669807434082
0.0564267635345459
0.33148884773254395
0.01772785186767578
0.00430607795715332
0.04378819465637207
0.1330265998840332
0.160919189453125
0.09108638763427734
0.014162063598632812