1 22 5292
2 22 5494
3 22 5576
4 22 5996
5 22 5928
6 22 6078
7 22 5865
8 22 6565
9 22 4280
10 22 4098
11 22 3922
12 22 4524
13 22 4828
14 22 5220
15 22 4138
16 22 5126
17 22 5474
18 22 6006
19 22 5809
20 22 5602
21 22 4102
22 22 4828
23 22 5596
24 22 5116
25 22 4888
26 22 4562
27 22 6412
28 22 4914
29 22 4764
30 22 4195
31 22 5087
32 22 5745
33 22 4848
34 22 5430
35 22 5314
36 22 5129
37 22 5550
38 22 5011
39 22 6233
40 22 4436
41 22 4697
42 22 4743
43 22 6526
44 22 4697
45 22 5190
46 22 6013
47 22 4569
48 22 5375
49 22 5034
50 22 5936
51 22 4744
52 22 5223
53 22 5724
54 22 5887
55 22 5644
56 22 4948
57 22 4621
58 22 5056
59 22 5140
60 22 5317
61 22 4318
62 22 6312
63 22 4715
64 22 5838
65 22 5517
66 22 6263
67 22 4265
68 22 5959
69 22 4890
70 22 5440
71 22 5371
72 22 5935
73 22 4997
74 22 5813
75 22 4392
76 22 5445
77 22 3357
78 22 5647
79 22 4938
80 22 6051
81 22 5944
82 22 5551
83 22 4637
84 22 5486
85 22 5136
86 22 4343
87 22 4664
88 22 5554
89 22 5582
90 22 5797
91 22 4800
92 22 5925
93 22 5284
94 22 4391
95 22 5133
96 22 5845
97 22 5817
98 22 5205
99 22 5130
100 22 5802