1 35 8658
2 35 8703
3 35 9919
4 35 8671
5 35 10103
6 35 7469
7 35 6121
8 35 7317
9 35 8854
10 35 7866
11 35 9010
12 35 9260
13 35 7876
14 35 7812
15 35 8668
16 35 7390
17 35 9904
18 35 7464
19 35 7354
20 35 8242
21 35 8467
22 35 8243
23 35 8938
24 35 8830
25 35 8647
26 35 7424
27 35 9038
28 35 8169
29 35 8505
30 35 7864
31 35 7912
32 35 8854
33 35 8270
34 35 9351
35 35 8645
36 35 7026
37 35 8214
38 35 7789
39 35 9217
40 35 8437
41 35 8409
42 35 8078
43 35 9031
44 35 7422
45 35 8700
46 35 8550
47 35 8753
48 35 7978
49 35 7207
50 35 9219
51 35 9352
52 35 8793
53 35 8052
54 35 8625
55 35 7389
56 35 7988
57 35 8584
58 35 8844
59 35 8960
60 35 7545
61 35 8569
62 35 9099
63 35 9003
64 35 9339
65 35 8745
66 35 9652
67 35 8902
68 35 9492
69 35 8300
70 35 7495
71 35 6731
72 35 7941
73 35 10052
74 35 8406
75 35 9091
76 35 8021
77 35 8318
78 35 8777
79 35 8657
80 35 9049
81 35 9482
82 35 8752
83 35 7958
84 35 9320
85 35 9054
86 35 8195
87 35 9175
88 35 8678
89 35 9204
90 35 9688
91 35 8055
92 35 6226
93 35 9354
94 35 7376
95 35 7858
96 35 8012
97 35 9351
98 35 9536
99 35 8898
100 35 7520