1.6689300537109375e-05
1.2636184692382812e-05
1.1682510375976562e-05
1.1444091796875e-05
1.1444091796875e-05
1.0967254638671875e-05
1.1205673217773438e-05
1.0967254638671875e-05
1.1444091796875e-05
1.0967254638671875e-05
1.0967254638671875e-05
1.0728836059570312e-05
1.0967254638671875e-05
1.0967254638671875e-05
1.0967254638671875e-05
1.0728836059570312e-05
1.0728836059570312e-05
1.0967254638671875e-05
1.0728836059570312e-05
1.0728836059570312e-05
1.0967254638671875e-05
1.0967254638671875e-05
1.1444091796875e-05
1.0728836059570312e-05
1.0728836059570312e-05
1.0967254638671875e-05
1.0967254638671875e-05
1.0728836059570312e-05
1.0967254638671875e-05
1.0728836059570312e-05
1.0967254638671875e-05
1.0967254638671875e-05
2.956390380859375e-05
2.7418136596679688e-05
1.0967254638671875e-05
1.0728836059570312e-05
1.0967254638671875e-05
1.0967254638671875e-05
1.0728836059570312e-05
1.0728836059570312e-05
1.0967254638671875e-05
1.1205673217773438e-05
1.0728836059570312e-05
1.0967254638671875e-05
1.1205673217773438e-05
1.0728836059570312e-05
1.0728836059570312e-05
1.0728836059570312e-05
1.049041748046875e-05
1.049041748046875e-05
1.1205673217773438e-05
1.0728836059570312e-05
1.0728836059570312e-05
1.0728836059570312e-05
1.0967254638671875e-05
1.0728836059570312e-05
1.0728836059570312e-05
1.0728836059570312e-05
1.0728836059570312e-05
1.0728836059570312e-05
1.0728836059570312e-05
1.0728836059570312e-05
1.049041748046875e-05
1.0728836059570312e-05
1.0728836059570312e-05
1.0967254638671875e-05
1.049041748046875e-05
1.0251998901367188e-05
1.0728836059570312e-05
1.0728836059570312e-05
1.0967254638671875e-05
1.0251998901367188e-05
1.0728836059570312e-05
1.0967254638671875e-05
1.049041748046875e-05
1.0728836059570312e-05
1.0728836059570312e-05
1.5735626220703125e-05
1.2636184692382812e-05
1.1444091796875e-05
1.1444091796875e-05
8.630752563476562e-05
1.3828277587890625e-05
1.1682510375976562e-05
1.1205673217773438e-05
1.1444091796875e-05
1.1205673217773438e-05
1.0728836059570312e-05
1.0967254638671875e-05
1.0967254638671875e-05
1.0967254638671875e-05
1.0728836059570312e-05
1.049041748046875e-05
1.0967254638671875e-05
1.0967254638671875e-05
1.0728836059570312e-05
1.0728836059570312e-05
1.0967254638671875e-05
1.0728836059570312e-05
1.0967254638671875e-05