1 20 528
2 20 539
3 20 626
4 20 565
5 20 585
6 20 604
7 20 591
8 20 559
9 20 601
10 20 481
11 20 574
12 20 587
13 20 576
14 20 612
15 20 730
16 20 613
17 20 653
18 20 546
19 20 553
20 20 557
21 20 631
22 20 527
23 20 511
24 20 616
25 20 562
26 20 616
27 20 581
28 20 625
29 20 541
30 20 599
31 20 600
32 20 588
33 20 562
34 20 498
35 20 484
36 20 505
37 20 647
38 20 621
39 20 543
40 20 548
41 20 542
42 20 548
43 20 623
44 20 591
45 20 477
46 20 522
47 20 652
48 20 574
49 20 525
50 20 614
51 20 618
52 20 559
53 20 583
54 20 534
55 20 489
56 20 482
57 20 589
58 20 549
59 20 560
60 20 568
61 20 602
62 20 533
63 20 534
64 20 402
65 20 568
66 20 643
67 20 603
68 20 570
69 20 602
70 20 529
71 20 638
72 20 629
73 20 553
74 20 564
75 20 663
76 20 509
77 20 588
78 20 541
79 20 531
80 20 549
81 20 626
82 20 488
83 20 486
84 20 654
85 20 644
86 20 653
87 20 554
88 20 491
89 20 540
90 20 643
91 20 648
92 20 606
93 20 505
94 20 617
95 20 639
96 20 582
97 20 641
98 20 519
99 20 561
100 20 624