1 32 7457
2 32 9419
3 32 7027
4 32 8102
5 32 7992
6 32 7528
7 32 8310
8 32 7742
9 32 7244
10 32 6038
11 32 6695
12 32 6060
13 32 7067
14 32 7155
15 32 8461
16 32 7556
17 32 7825
18 32 8427
19 32 6976
20 32 6509
21 32 8002
22 32 8046
23 32 7432
24 32 7198
25 32 8030
26 32 7598
27 32 6421
28 32 8430
29 32 7801
30 32 7604
31 32 8344
32 32 7999
33 32 7748
34 32 8245
35 32 6405
36 32 8929
37 32 8237
38 32 7396
39 32 7903
40 32 7970
41 32 8373
42 32 5521
43 32 8559
44 32 6665
45 32 7162
46 32 7018
47 32 7004
48 32 8268
49 32 6177
50 32 8931
51 32 7679
52 32 8141
53 32 6981
54 32 7388
55 32 7299
56 32 7519
57 32 7861
58 32 6920
59 32 7695
60 32 7832
61 32 6968
62 32 7435
63 32 8820
64 32 7487
65 32 7518
66 32 7385
67 32 6712
68 32 8152
69 32 8711
70 32 8208
71 32 6542
72 32 7968
73 32 7592
74 32 7794
75 32 7533
76 32 7520
77 32 8578
78 32 7430
79 32 6709
80 32 7969
81 32 7633
82 32 7450
83 32 6424
84 32 7497
85 32 7978
86 32 10031
87 32 8152
88 32 7708
89 32 7034
90 32 8293
91 32 7677
92 32 6769
93 32 7793
94 32 8028
95 32 7809
96 32 8285
97 32 7968
98 32 7278
99 32 9697
100 32 7529