2.5272369384765625e-05
2.0742416381835938e-05
1.9311904907226562e-05
1.9311904907226562e-05
1.8835067749023438e-05
1.8835067749023438e-05
3.361701965332031e-05
1.9788742065429688e-05
1.8358230590820312e-05
1.811981201171875e-05
1.8835067749023438e-05
1.811981201171875e-05
1.8358230590820312e-05
1.811981201171875e-05
1.7881393432617188e-05
1.8596649169921875e-05
1.811981201171875e-05
1.811981201171875e-05
1.8358230590820312e-05
1.8358230590820312e-05
1.7881393432617188e-05
1.7881393432617188e-05
1.811981201171875e-05
1.7881393432617188e-05
1.811981201171875e-05
1.8358230590820312e-05
1.7881393432617188e-05
1.811981201171875e-05
1.811981201171875e-05
1.811981201171875e-05
1.7881393432617188e-05
1.7881393432617188e-05
1.7881393432617188e-05
1.811981201171875e-05
1.7881393432617188e-05
1.8358230590820312e-05
1.8596649169921875e-05
1.811981201171875e-05
1.8358230590820312e-05
1.7881393432617188e-05
1.7881393432617188e-05
1.811981201171875e-05
1.811981201171875e-05
1.811981201171875e-05
1.811981201171875e-05
1.8358230590820312e-05
1.7881393432617188e-05
1.7881393432617188e-05
1.811981201171875e-05
5.4836273193359375e-05
3.528594970703125e-05
1.811981201171875e-05
1.811981201171875e-05
1.7881393432617188e-05
1.8358230590820312e-05
1.8596649169921875e-05
1.8358230590820312e-05
1.7881393432617188e-05
1.811981201171875e-05
1.811981201171875e-05
1.811981201171875e-05
1.7881393432617188e-05
1.7881393432617188e-05
1.8358230590820312e-05
1.811981201171875e-05
1.811981201171875e-05
1.811981201171875e-05
1.8358230590820312e-05
1.8596649169921875e-05
1.811981201171875e-05
1.8358230590820312e-05
1.8358230590820312e-05
1.8358230590820312e-05
1.8596649169921875e-05
1.8358230590820312e-05
1.8596649169921875e-05
1.811981201171875e-05
1.8596649169921875e-05
1.7881393432617188e-05
1.8596649169921875e-05
1.8358230590820312e-05
1.8596649169921875e-05
1.8835067749023438e-05
1.8358230590820312e-05
1.811981201171875e-05
1.8596649169921875e-05
1.8358230590820312e-05
1.8596649169921875e-05
3.719329833984375e-05
1.8596649169921875e-05
1.8596649169921875e-05
1.9311904907226562e-05
1.9311904907226562e-05
3.314018249511719e-05
1.9073486328125e-05
1.9311904907226562e-05
1.9311904907226562e-05
3.838539123535156e-05
2.0265579223632812e-05
4.9591064453125e-05