1.239776611328125e-05
8.106231689453125e-06
7.152557373046875e-06
6.4373016357421875e-06
5.7220458984375e-06
6.198883056640625e-06
1.9550323486328125e-05
6.198883056640625e-06
6.198883056640625e-06
6.198883056640625e-06
6.67572021484375e-06
5.9604644775390625e-06
5.4836273193359375e-06
6.198883056640625e-06
5.9604644775390625e-06
6.198883056640625e-06
6.198883056640625e-06
6.198883056640625e-06
5.7220458984375e-06
5.9604644775390625e-06
6.198883056640625e-06
5.9604644775390625e-06
6.4373016357421875e-06
5.7220458984375e-06
5.9604644775390625e-06
6.198883056640625e-06
5.9604644775390625e-06
6.198883056640625e-06
3.218650817871094e-05
6.198883056640625e-06
6.198883056640625e-06
5.9604644775390625e-06
6.198883056640625e-06
5.9604644775390625e-06
6.198883056640625e-06
6.198883056640625e-06
6.4373016357421875e-06
5.9604644775390625e-06
6.4373016357421875e-06
5.9604644775390625e-06
5.9604644775390625e-06
6.198883056640625e-06
5.7220458984375e-06
6.4373016357421875e-06
6.198883056640625e-06
5.7220458984375e-06
5.9604644775390625e-06
6.4373016357421875e-06
5.7220458984375e-06
5.9604644775390625e-06
6.198883056640625e-06
5.9604644775390625e-06
5.7220458984375e-06
5.9604644775390625e-06
6.198883056640625e-06
5.7220458984375e-06
2.4557113647460938e-05
1.9073486328125e-05
5.9604644775390625e-06
1.9788742065429688e-05
6.198883056640625e-06
6.198883056640625e-06
5.9604644775390625e-06
6.198883056640625e-06
5.9604644775390625e-06
5.9604644775390625e-06
6.198883056640625e-06
6.198883056640625e-06
2.0265579223632812e-05
6.198883056640625e-06
6.198883056640625e-06
6.4373016357421875e-06
2.0503997802734375e-05
7.867813110351562e-06
2.3365020751953125e-05
6.4373016357421875e-06
5.7220458984375e-06
6.67572021484375e-06
6.4373016357421875e-06
5.9604644775390625e-06
6.4373016357421875e-06
6.198883056640625e-06
6.9141387939453125e-06
6.67572021484375e-06
6.67572021484375e-06
6.198883056640625e-06
6.198883056640625e-06
5.7220458984375e-06
5.7220458984375e-06
6.4373016357421875e-06
5.9604644775390625e-06
5.9604644775390625e-06
6.198883056640625e-06
5.9604644775390625e-06
5.9604644775390625e-06
5.9604644775390625e-06
5.7220458984375e-06
5.9604644775390625e-06
6.67572021484375e-06
6.198883056640625e-06