2.5987625122070312e-05
2.09808349609375e-05
1.9550323486328125e-05
1.9550323486328125e-05
1.9311904907226562e-05
3.409385681152344e-05
3.337860107421875e-05
1.9073486328125e-05
1.9311904907226562e-05
1.9788742065429688e-05
1.9311904907226562e-05
1.9073486328125e-05
1.9788742065429688e-05
1.9073486328125e-05
3.790855407714844e-05
1.9788742065429688e-05
1.9788742065429688e-05
3.504753112792969e-05
1.8835067749023438e-05
3.218650817871094e-05
1.8358230590820312e-05
1.8596649169921875e-05
1.9073486328125e-05
1.8835067749023438e-05
1.9550323486328125e-05
1.8358230590820312e-05
1.8596649169921875e-05
1.8358230590820312e-05
1.8358230590820312e-05
1.8596649169921875e-05
3.719329833984375e-05
1.9311904907226562e-05
1.811981201171875e-05
1.9311904907226562e-05
1.8596649169921875e-05
1.8358230590820312e-05
1.8596649169921875e-05
1.811981201171875e-05
1.8596649169921875e-05
1.811981201171875e-05
1.811981201171875e-05
1.8596649169921875e-05
1.9073486328125e-05
1.8835067749023438e-05
1.8358230590820312e-05
1.8835067749023438e-05
1.8596649169921875e-05
1.8358230590820312e-05
1.8358230590820312e-05
1.8835067749023438e-05
1.8835067749023438e-05
1.811981201171875e-05
1.811981201171875e-05
1.8835067749023438e-05
1.8596649169921875e-05
1.8596649169921875e-05
3.695487976074219e-05
1.8358230590820312e-05
3.457069396972656e-05
3.4332275390625e-05
3.528594970703125e-05
3.457069396972656e-05
5.269050598144531e-05
1.8835067749023438e-05
3.123283386230469e-05
3.695487976074219e-05
5.507469177246094e-05
3.719329833984375e-05
4.410743713378906e-05
1.9550323486328125e-05
1.8596649169921875e-05
6.890296936035156e-05
1.8835067749023438e-05
3.218650817871094e-05
1.8835067749023438e-05
1.8596649169921875e-05
1.8596649169921875e-05
1.9073486328125e-05
1.9788742065429688e-05
1.9073486328125e-05
1.9311904907226562e-05
1.8358230590820312e-05
1.9311904907226562e-05
1.9073486328125e-05
1.9550323486328125e-05
1.9311904907226562e-05
1.9073486328125e-05
1.9311904907226562e-05
1.9311904907226562e-05
1.9073486328125e-05
1.9311904907226562e-05
1.8835067749023438e-05
1.9311904907226562e-05
1.9073486328125e-05
1.9073486328125e-05
1.9073486328125e-05
1.8835067749023438e-05
1.8835067749023438e-05
1.8596649169921875e-05
1.9073486328125e-05