1 4 644
2 4 644
3 4 644
4 4 644
5 4 644
6 4 644
7 4 644
8 4 644
9 4 644
10 4 644
11 4 644
12 4 644
13 4 644
14 4 644
15 4 644
16 4 644
17 4 644
18 4 644
19 4 644
20 4 644
21 4 644
22 4 644
23 4 644
24 4 644
25 4 644
26 4 644
27 4 644
28 4 644
29 4 644
30 4 644
31 4 644
32 4 644
33 4 644
34 4 644
35 4 644
36 4 644
37 4 644
38 4 644
39 4 644
40 4 644
41 4 644
42 4 644
43 4 644
44 4 644
45 4 644
46 4 644
47 4 644
48 4 644
49 4 644
50 4 644
51 4 644
52 4 644
53 4 644
54 4 644
55 4 644
56 4 644
57 4 644
58 4 644
59 4 644
60 4 644
61 4 644
62 4 644
63 4 644
64 4 644
65 4 644
66 4 644
67 4 644
68 4 644
69 4 644
70 4 644
71 4 644
72 4 644
73 4 644
74 4 644
75 4 644
76 4 644
77 4 644
78 4 644
79 4 644
80 4 644
81 4 644
82 4 644
83 4 644
84 4 644
85 4 644
86 4 644
87 4 644
88 4 644
89 4 644
90 4 644
91 4 644
92 4 644
93 4 644
94 4 644
95 4 644
96 4 644
97 4 644
98 4 644
99 4 644
100 4 644