4.696846008300781e-05
2.8133392333984375e-05
1.0013580322265625e-05
9.5367431640625e-06
9.298324584960938e-06
9.775161743164062e-06
9.298324584960938e-06
9.298324584960938e-06
9.059906005859375e-06
9.298324584960938e-06
9.298324584960938e-06
8.821487426757812e-06
9.059906005859375e-06
9.775161743164062e-06
9.775161743164062e-06
1.0013580322265625e-05
9.775161743164062e-06
2.5033950805664062e-05
9.298324584960938e-06
9.298324584960938e-06
8.58306884765625e-06
9.298324584960938e-06
9.059906005859375e-06
9.059906005859375e-06
8.821487426757812e-06
9.059906005859375e-06
9.5367431640625e-06
9.059906005859375e-06
9.298324584960938e-06
9.059906005859375e-06
8.821487426757812e-06
9.059906005859375e-06
9.059906005859375e-06
9.059906005859375e-06
9.298324584960938e-06
9.059906005859375e-06
9.298324584960938e-06
8.821487426757812e-06
9.059906005859375e-06
8.821487426757812e-06
9.059906005859375e-06
9.298324584960938e-06
9.5367431640625e-06
8.821487426757812e-06
9.298324584960938e-06
9.059906005859375e-06
9.059906005859375e-06
8.821487426757812e-06
9.298324584960938e-06
9.059906005859375e-06
9.298324584960938e-06
9.059906005859375e-06
9.298324584960938e-06
9.775161743164062e-06
9.298324584960938e-06
9.298324584960938e-06
9.059906005859375e-06
9.298324584960938e-06
9.298324584960938e-06
9.059906005859375e-06
9.298324584960938e-06
9.059906005859375e-06
9.298324584960938e-06
8.821487426757812e-06
9.298324584960938e-06
9.298324584960938e-06
9.298324584960938e-06
9.5367431640625e-06
9.5367431640625e-06
8.821487426757812e-06
9.298324584960938e-06
9.298324584960938e-06
8.821487426757812e-06
9.059906005859375e-06
9.059906005859375e-06
9.298324584960938e-06
8.821487426757812e-06
9.059906005859375e-06
9.059906005859375e-06
9.298324584960938e-06
9.298324584960938e-06
8.821487426757812e-06
9.059906005859375e-06
9.059906005859375e-06
9.059906005859375e-06
9.059906005859375e-06
8.821487426757812e-06
9.059906005859375e-06
9.5367431640625e-06
9.059906005859375e-06
9.059906005859375e-06
9.059906005859375e-06
8.821487426757812e-06
9.298324584960938e-06
9.059906005859375e-06
9.059906005859375e-06
9.298324584960938e-06
8.821487426757812e-06
9.059906005859375e-06
9.298324584960938e-06