0.0002765655517578125
0.00043845176696777344
0.0005345344543457031
0.0002970695495605469
0.0019168853759765625
0.0005428791046142578
0.0004534721374511719
0.0013971328735351562
0.0023345947265625
0.0005350112915039062
0.0001494884490966797
0.0017514228820800781
0.0012774467468261719
0.0005526542663574219
9.107589721679688e-05
0.0007543563842773438
0.0007398128509521484
0.0006213188171386719
0.0003790855407714844
0.0007762908935546875
0.0006701946258544922
0.0008127689361572266
0.0006525516510009766
0.0009648799896240234
0.0003960132598876953
0.0002353191375732422
0.0003299713134765625
0.0004966259002685547
0.00029349327087402344
0.0017170906066894531
0.0017657279968261719
0.0006623268127441406
0.0005342960357666016
0.0010325908660888672
0.0006992816925048828
0.0010540485382080078
0.0002086162567138672
0.0005071163177490234
0.0016465187072753906
0.0009214878082275391
0.0004947185516357422
9.083747863769531e-05
0.00070953369140625
0.001165628433227539
0.0007622241973876953
0.0006110668182373047
0.0006711483001708984
0.0008776187896728516
0.0012938976287841797
0.003180980682373047
0.0010826587677001953
0.00011324882507324219
0.0016772747039794922
0.0007317066192626953
0.0013089179992675781
0.0014297962188720703
0.0003509521484375
0.001552581787109375
0.001184701919555664
0.0007326602935791016
0.0003924369812011719
0.0003352165222167969
0.0002593994140625
0.00041484832763671875
0.00034689903259277344
0.0005106925964355469
0.0007021427154541016
0.0009219646453857422
0.0011861324310302734
0.0002846717834472656
0.0009982585906982422
0.0001666545867919922
0.00012183189392089844
0.0007030963897705078
0.0007932186126708984
0.001615762710571289
0.0029566287994384766
0.0015864372253417969
0.0011703968048095703
0.0002982616424560547
0.0004665851593017578
0.0015120506286621094
0.00087738037109375
0.0005450248718261719
0.00041675567626953125
0.00013518333435058594
0.00063323974609375
0.0012650489807128906
0.0007565021514892578
0.0005166530609130859
0.0011920928955078125
0.0009388923645019531
0.000457763671875
0.0009405612945556641
0.0002422332763671875
0.0006868839263916016
0.0005295276641845703
0.00030612945556640625
0.0011069774627685547
0.0006968975067138672