0.0008585453033447266
0.0006988048553466797
0.0027265548706054688
0.0031197071075439453
0.0027036666870117188
0.001994609832763672
0.001191854476928711
0.0009837150573730469
0.0012998580932617188
0.0009210109710693359
0.0011038780212402344
0.0010972023010253906
0.00020051002502441406
0.0007851123809814453
0.0008943080902099609
0.0018281936645507812
0.0011737346649169922
0.0008182525634765625
0.002400636672973633
0.0006816387176513672
0.0007915496826171875
0.0008630752563476562
0.0004763603210449219
0.0004012584686279297
0.0009942054748535156
0.0075969696044921875
0.0034270286560058594
0.002655506134033203
0.0013549327850341797
0.0014405250549316406
0.0017423629760742188
0.0006647109985351562
0.0009267330169677734
0.0007321834564208984
0.00024080276489257812
0.00165557861328125
0.001230001449584961
0.0017614364624023438
0.0003771781921386719
0.0002994537353515625
0.0007135868072509766
0.0036814212799072266
0.0016393661499023438
0.004427671432495117
0.002231121063232422
0.0002505779266357422
0.001790761947631836
0.0017976760864257812
0.0010089874267578125
0.004663228988647461
0.0019729137420654297
0.0012354850769042969
0.002859354019165039
0.0002815723419189453
0.002906322479248047
0.001214742660522461
0.0006494522094726562
0.0015943050384521484
0.001157999038696289
0.0025229454040527344
0.0014030933380126953
0.002866983413696289
0.0019659996032714844
0.0012781620025634766
0.0005791187286376953
0.0005974769592285156
0.00014066696166992188
0.0028371810913085938
0.001043081283569336
0.0004875659942626953
0.001794576644897461
0.00016450881958007812
0.000804901123046875
0.0006225109100341797
0.0018303394317626953
0.0002601146697998047
0.0011754035949707031
0.0011608600616455078
0.00043964385986328125
0.0016682147979736328
0.0011796951293945312
0.0042345523834228516
0.0014259815216064453
0.0035097599029541016
0.0010552406311035156
0.0006060600280761719
0.0017998218536376953
0.0012629032135009766
0.0009307861328125
0.0024437904357910156
0.0007407665252685547
0.0009329319000244141
0.0005280971527099609
0.001268625259399414
0.0006415843963623047
0.00035881996154785156
0.0003876686096191406
0.000396728515625
0.0038700103759765625
0.002781391143798828