1 10 1635
2 10 2201
3 10 2751
4 10 2783
5 10 3019
6 10 2215
7 10 2611
8 10 2519
9 10 2915
10 10 3034
11 10 1655
12 10 1645
13 10 2460
14 10 1800
15 10 2870
16 10 2571
17 10 1809
18 10 3145
19 10 2995
20 10 2333
21 10 1170
22 10 1848
23 10 2152
24 10 2014
25 10 2491
26 10 2335
27 10 2704
28 10 2591
29 10 2724
30 10 2626
31 10 2535
32 10 2284
33 10 2347
34 10 2314
35 10 2550
36 10 3107
37 10 2398
38 10 1648
39 10 2080
40 10 1561
41 10 2423
42 10 2088
43 10 2799
44 10 2292
45 10 1696
46 10 2820
47 10 1858
48 10 2457
49 10 1704
50 10 1601
51 10 2796
52 10 2674
53 10 2207
54 10 1855
55 10 2132
56 10 2399
57 10 1925
58 10 2208
59 10 2589
60 10 2546
61 10 2418
62 10 2606
63 10 2722
64 10 2230
65 10 2546
66 10 2404
67 10 2311
68 10 2322
69 10 1970
70 10 1815
71 10 2200
72 10 2233
73 10 2384
74 10 2362
75 10 1922
76 10 1776
77 10 2406
78 10 2119
79 10 2588
80 10 1888
81 10 2726
82 10 2069
83 10 2504
84 10 1980
85 10 2348
86 10 2209
87 10 3094
88 10 2274
89 10 2654
90 10 2609
91 10 1937
92 10 1707
93 10 2390
94 10 2167
95 10 2447
96 10 1512
97 10 2590
98 10 2267
99 10 2578
100 10 2128