0.00017523765563964844
0.00034499168395996094
0.0005085468292236328
0.00029778480529785156
0.0018720626831054688
0.0005271434783935547
0.0004572868347167969
0.0014500617980957031
0.002507448196411133
0.0005040168762207031
0.00014257431030273438
0.0014901161193847656
0.001215219497680664
0.0004146099090576172
8.320808410644531e-05
0.0007119178771972656
0.00046896934509277344
0.0006051063537597656
0.00041985511779785156
0.0007319450378417969
0.0006291866302490234
0.0010209083557128906
0.0006232261657714844
0.0010879039764404297
0.00037550926208496094
0.0002923011779785156
0.0005247592926025391
0.0006995201110839844
0.00031113624572753906
0.0018572807312011719
0.0017857551574707031
0.0004553794860839844
0.0005731582641601562
0.0010998249053955078
0.0006721019744873047
0.0011014938354492188
0.00020956993103027344
0.0005047321319580078
0.0014700889587402344
0.0012116432189941406
0.00045990943908691406
9.1552734375e-05
0.0008282661437988281
0.0010640621185302734
0.0006284713745117188
0.0004715919494628906
0.0005328655242919922
0.0006749629974365234
0.0013709068298339844
0.0038537979125976562
0.0010492801666259766
0.00020575523376464844
0.0011186599731445312
0.0005662441253662109
0.0010178089141845703
0.0013880729675292969
0.00032973289489746094
0.0014636516571044922
0.0013480186462402344
0.0007274150848388672
0.00039315223693847656
0.00031638145446777344
0.00024390220642089844
0.00041413307189941406
0.0002899169921875
0.0004749298095703125
0.000736236572265625
0.000865936279296875
0.0012195110321044922
0.00026869773864746094
0.0009493827819824219
0.00015783309936523438
0.00011587142944335938
0.0007164478302001953
0.0007457733154296875
0.0014009475708007812
0.002645730972290039
0.001538991928100586
0.0015032291412353516
0.0002989768981933594
0.00046515464782714844
0.001438140869140625
0.0008268356323242188
0.0005707740783691406
0.00041675567626953125
0.00012540817260742188
0.0005891323089599609
0.0011472702026367188
0.000644683837890625
0.0004754066467285156
0.0010361671447753906
0.0007448196411132812
0.00034880638122558594
0.0007500648498535156
0.0003380775451660156
0.0005116462707519531
0.000545501708984375
0.0003273487091064453
0.0009095668792724609
0.0006451606750488281