1 22 736
2 22 820
3 22 838
4 22 830
5 22 785
6 22 829
7 22 810
8 22 878
9 22 774
10 22 821
11 22 776
12 22 752
13 22 838
14 22 765
15 22 744
16 22 797
17 22 728
18 22 771
19 22 792
20 22 877
21 22 850
22 22 835
23 22 818
24 22 838
25 22 657
26 22 869
27 22 911
28 22 806
29 22 773
30 22 824
31 22 827
32 22 801
33 22 778
34 22 825
35 22 764
36 22 748
37 22 762
38 22 856
39 22 789
40 22 841
41 22 874
42 22 808
43 22 831
44 22 811
45 22 800
46 22 870
47 22 823
48 22 803
49 22 763
50 22 816
51 22 883
52 22 771
53 22 765
54 22 770
55 22 807
56 22 849
57 22 847
58 22 837
59 22 749
60 22 853
61 22 806
62 22 761
63 22 704
64 22 848
65 22 719
66 22 809
67 22 920
68 22 842
69 22 747
70 22 840
71 22 777
72 22 751
73 22 806
74 22 787
75 22 734
76 22 867
77 22 776
78 22 795
79 22 871
80 22 852
81 22 683
82 22 686
83 22 762
84 22 902
85 22 815
86 22 818
87 22 753
88 22 754
89 22 793
90 22 891
91 22 868
92 22 748
93 22 774
94 22 852
95 22 799
96 22 804
97 22 781
98 22 809
99 22 748
100 22 849