0.0012514591217041016
0.0013835430145263672
0.0013463497161865234
0.0010991096496582031
0.0011532306671142578
0.001199960708618164
0.0010499954223632812
0.001180410385131836
0.0014073848724365234
0.0013148784637451172
0.001325845718383789
0.0011894702911376953
0.0011234283447265625
0.0012617111206054688
0.0010571479797363281
0.0011534690856933594
0.0013360977172851562
0.0010917186737060547
0.0010271072387695312
0.0010635852813720703
0.0012471675872802734
0.0009834766387939453
0.0011341571807861328
0.0012149810791015625
0.0010190010070800781
0.0009720325469970703
0.0012814998626708984
0.0011930465698242188
0.0011341571807861328
0.0010607242584228516
0.0011358261108398438
0.0012333393096923828
0.001210927963256836
0.0012540817260742188
0.001287221908569336
0.0010557174682617188
0.0011432170867919922
0.001220703125
0.0010018348693847656
0.0010268688201904297
0.0011165142059326172
0.0011434555053710938
0.0012462139129638672
0.0014736652374267578
0.0011467933654785156
0.0012998580932617188
0.001096487045288086
0.0013055801391601562
0.001112222671508789
0.0010669231414794922
0.0011057853698730469
0.0013577938079833984
0.0011739730834960938
0.0012021064758300781
0.001157522201538086
0.0009965896606445312
0.0010914802551269531
0.0011277198791503906
0.0010485649108886719
0.0012896060943603516
0.0010273456573486328
0.001148223876953125
0.0011034011840820312
0.0010488033294677734
0.0010886192321777344
0.001140594482421875
0.001043558120727539
0.0011925697326660156
0.0015590190887451172
0.0011327266693115234
0.0012464523315429688
0.0012373924255371094
0.0010852813720703125
0.001096487045288086
0.0010039806365966797
0.0011415481567382812
0.001239776611328125
0.0012240409851074219
0.0011970996856689453
0.0011191368103027344
0.0010273456573486328
0.0009512901306152344
0.0010924339294433594
0.0009257793426513672
0.0010821819305419922
0.0013020038604736328
0.0013611316680908203
0.0014433860778808594
0.0011904239654541016
0.0012326240539550781
0.0010945796966552734
0.001169443130493164
0.000995635986328125
0.0012254714965820312
0.0009975433349609375
0.0012085437774658203
0.0010559558868408203
0.00110626220703125
0.0013456344604492188
0.0013298988342285156