2.2411346435546875e-05
1.5974044799804688e-05
1.430511474609375e-05
1.3828277587890625e-05
1.3589859008789062e-05
1.4066696166992188e-05
1.3113021850585938e-05
1.3113021850585938e-05
3.528594970703125e-05
3.0994415283203125e-05
1.4066696166992188e-05
1.4543533325195312e-05
1.3828277587890625e-05
2.9802322387695312e-05
3.218650817871094e-05
1.4781951904296875e-05
2.956390380859375e-05
3.170967102050781e-05
1.3828277587890625e-05
3.0994415283203125e-05
3.24249267578125e-05
1.4066696166992188e-05
3.0040740966796875e-05
3.2901763916015625e-05
1.33514404296875e-05
1.33514404296875e-05
1.3589859008789062e-05
1.3828277587890625e-05
1.33514404296875e-05
1.33514404296875e-05
1.4066696166992188e-05
1.3589859008789062e-05
1.3828277587890625e-05
3.552436828613281e-05
1.3589859008789062e-05
1.3113021850585938e-05
1.2874603271484375e-05
1.33514404296875e-05
1.33514404296875e-05
1.3589859008789062e-05
1.33514404296875e-05
1.3113021850585938e-05
1.33514404296875e-05
1.3113021850585938e-05
1.2874603271484375e-05
3.910064697265625e-05
1.4066696166992188e-05
1.4066696166992188e-05
1.4066696166992188e-05
1.33514404296875e-05
1.3113021850585938e-05
1.33514404296875e-05
1.3589859008789062e-05
1.33514404296875e-05
1.3113021850585938e-05
1.2874603271484375e-05
1.2874603271484375e-05
1.3589859008789062e-05
1.3113021850585938e-05
1.3589859008789062e-05
1.3113021850585938e-05
1.3113021850585938e-05
1.33514404296875e-05
1.33514404296875e-05
1.3589859008789062e-05
1.33514404296875e-05
1.33514404296875e-05
1.3589859008789062e-05
1.33514404296875e-05
1.33514404296875e-05
1.33514404296875e-05
1.2874603271484375e-05
1.3828277587890625e-05
1.3589859008789062e-05
1.33514404296875e-05
1.33514404296875e-05
1.33514404296875e-05
1.33514404296875e-05
1.33514404296875e-05
1.3589859008789062e-05
1.33514404296875e-05
1.33514404296875e-05
1.33514404296875e-05
1.33514404296875e-05
1.33514404296875e-05
1.3113021850585938e-05
1.2874603271484375e-05
1.33514404296875e-05
1.3589859008789062e-05
1.3113021850585938e-05
1.33514404296875e-05
1.33514404296875e-05
1.3828277587890625e-05
0.0001518726348876953
1.9788742065429688e-05
1.5735626220703125e-05
1.4781951904296875e-05
1.4781951904296875e-05
1.430511474609375e-05
1.4543533325195312e-05