1 25 976 15 1 18 23 81 2 60 42 11 13 22 15 59 6 61 13 7 29 86 23 27 46 96 31 98 29 3 5 3 39 55 26 66 24 74 10 49 31 9 21 55 5 80 36 51 15 69 2 66 47
2 25 958 34 7 3 43 68 9 58 28 35 10 61 49 64 40 17 47 6 42 83 4 36 15 66 38 17 44 53 12 20 34 35 15 86 28 95 32 96 48 22 30 87 27 84 10 22 48 43 30 7 18
3 25 1059 27 33 64 36 71 13 9 49 48 31 75 23 79 38 70 16 71 41 5 23 75 8 14 28 70 39 47 44 73 27 34 10 62 18 91 16 18 39 11 17 14 24 58 16 69 41 74 6 95 34
4 25 1152 33 50 38 40 22 5 65 20 27 47 51 16 93 47 52 22 68 32 95 49 21 11 58 41 77 39 74 4 84 12 62 25 11 39 78 7 89 39 91 5 87 32 41 28 19 13 42 9 63 9
5 25 1144 27 20 89 40 80 31 7 5 48 10 91 28 79 32 70 24 88 20 77 7 74 39 59 4 39 48 27 7 64 23 27 40 29 22 68 3 89 33 53 46 24 32 65 44 33 3 66 9 58 29
6 25 1148 66 13 35 6 60 26 87 49 76 33 86 30 31 35 83 24 38 22 35 15 85 9 58 47 20 50 71 14 52 20 51 49 98 23 100 10 92 44 56 22 19 12 23 15 47 12 44 48 22 39
7 25 898 25 48 8 46 32 34 92 43 17 4 31 20 71 5 19 36 52 15 83 19 64 27 85 23 93 18 1 4 81 6 56 17 37 27 23 23 64 8 30 27 21 50 29 23 79 5 13 40 17 25
8 25 1096 83 4 48 3 81 42 41 24 46 43 85 6 99 36 41 41 62 23 26 12 37 15 41 13 93 45 95 34 50 16 18 4 23 20 15 6 51 41 87 17 50 22 79 22 71 41 39 36 9 14
9 25 956 45 50 30 29 11 14 61 21 24 44 38 47 39 49 63 24 50 3 66 1 93 13 27 17 35 34 91 15 26 50 34 16 10 1 95 29 65 16 94 9 15 15 58 46 86 3 29 41 10 3
10 25 1069 26 49 32 20 60 1 28 10 75 41 90 50 33 1 79 22 90 19 26 11 64 5 97 18 66 1 34 22 78 16 33 50 86 1 21 47 54 25 8 8 54 36 79 42 56 18 7 49 61 6
11 25 988 56 8 64 45 88 24 39 14 84 24 51 12 33 39 73 10 15 33 87 49 60 45 18 30 45 8 89 33 91 24 31 48 38 50 60 32 49 33 9 34 77 30 17 48 19 12 25 27 18 25
12 25 1092 48 8 42 9 44 6 51 30 30 11 39 46 43 22 77 6 82 19 78 47 70 32 90 40 17 45 6 43 79 21 41 5 38 35 44 45 73 20 15 37 83 27 88 9 96 6 91 40 1 38
13 25 953 42 44 94 4 92 16 24 36 6 21 94 47 84 30 4 10 34 41 32 35 87 1 86 1 38 12 30 15 17 39 20 46 79 9 20 33 45 40 93 9 40 12 42 5 42 15 6 40 41 21
14 25 1103 20 29 2 40 98 14 76 8 14 22 28 32 87 40 91 26 47 38 30 37 36 28 97 18 62 2 46 44 32 44 58 2 14 29 94 21 86 44 69 24 90 31 21 10 46 1 72 27 63 25
15 25 944 46 5 62 27 42 14 93 27 12 39 25 2 73 6 53 10 78 29 5 49 57 26 91 48 15 32 15 26 37 26 94 16 8 30 18 7 75 18 29 11 53 7 4 44 47 43 67 47 82 23
16 25 834 84 46 15 40 70 26 27 12 32 23 31 26 89 46 4 27 92 19 23 4 76 29 95 41 72 12 27 22 13 34 38 46 23 28 6 20 1 24 5 44 38 19 51 24 61 22 19 39 51 14
17 25 926 16 33 88 43 7 13 12 42 98 14 42 44 82 48 58 45 62 7 13 24 25 27 49 17 6 34 31 9 28 29 100 35 24 8 88 38 99 33 95 30 8 33 53 35 16 22 50 37 8 43
18 25 1136 72 46 82 45 38 15 97 12 97 27 90 30 47 5 35 33 69 4 68 3 64 1 33 22 56 2 26 26 76 18 2 39 2 41 70 29 71 32 97 1 66 49 25 6 27 31 10 38 100 5
19 25 1087 58 50 38 47 65 25 1 26 10 45 29 37 46 47 8 2 62 25 95 15 74 44 72 25 77 2 41 37 59 15 41 29 90 39 14 27 32 36 98 7 78 6 63 32 39 32 94 34 75 7
20 25 1024 88 46 53 7 50 17 78 7 82 49 54 25 14 21 60 2 10 38 32 40 12 43 24 20 54 16 93 42 76 35 56 22 94 15 17 49 40 19 21 50 2 20 84 23 33 24 57 28 97 27
21 25 1120 29 7 2 27 87 40 25 50 14 16 45 44 98 6 84 5 47 33 34 5 82 26 91 20 94 8 100 42 79 40 89 49 46 19 37 5 87 39 13 23 39 1 80 11 4 48 77 44 17 13
22 25 1076 94 23 3 27 50 34 76 1 40 15 64 20 72 23 35 20 22 43 2 39 99 21 46 45 100 29 48 9 79 36 93 8 91 9 66 42 7 43 34 45 68 11 42 15 16 25 20 26 79 36
23 25 1131 30 33 64 5 90 5 35 18 41 22 43 5 71 43 13 34 96 3 6 46 47 37 20 46 49 6 95 27 88 4 93 33 31 46 90 6 84 20 41 42 85 34 46 7 51 42 92 49 13 18
24 25 1079 52 1 68 29 11 12 74 16 87 5 96 27 14 46 71 23 35 8 23 25 43 4 15 22 46 47 13 26 34 39 55 18 53 31 58 15 54 35 32 36 63 48 99 20 94 6 86 23 73 14
25 25 1128 49 25 51 19 79 4 98 6 68 33 19 37 81 25 56 30 39 18 47 32 48 49 30 22 60 38 19 2 70 17 95 31 12 50 39 42 15 14 86 12 12 6 73 6 81 33 83 19 100 22
26 25 988 52 29 76 31 4 1 16 30 4 28 79 42 66 35 35 17 58 30 100 39 1 20 93 38 59 39 23 3 41 1 64 8 71 46 26 40 63 45 54 11 25 32 92 30 49 2 65 33 19 46
27 25 916 18 38 44 3 31 28 98 34 10 26 10 49 40 9 9 42 28 40 25 14 20 38 73 36 81 38 63 10 18 13 38 25 97 20 100 50 47 16 88 30 56 12 11 8 19 2 69 45 52 3
28 25 1134 73 46 35 28 69 24 72 43 48 24 52 5 20 38 61 48 73 16 6 39 88 16 40 4 51 27 80 1 46 19 60 19 67 18 84 22 13 13 99 29 73 24 18 40 71 5 21 13 98 34
29 25 847 19 27 25 32 13 20 52 42 37 29 4 28 1 23 65 13 59 16 25 40 7 38 72 28 33 34 80 49 97 9 92 46 15 18 47 11 21 14 74 49 3 19 67 29 95 19 37 23 19 23
30 25 1126 20 24 64 48 83 11 71 15 14 27 63 33 75 19 24 6 26 28 74 1 61 33 6 25 25 20 23 44 66 36 50 9 75 10 91 24 95 47 85 29 54 44 61 1 31 9 91 50 80 9
31 25 868 11 1 36 49 18 49 96 31 16 49 71 25 82 19 7 47 2 32 75 28 24 27 82 22 6 43 65 44 42 41 33 32 97 18 5 8 28 48 73 32 27 33 92 22 55 48 37 2 6 21
32 25 947 53 20 31 15 26 6 71 9 37 44 4 3 50 11 16 30 85 13 88 44 47 35 37 12 94 20 42 46 52 28 50 40 84 2 19 34 40 25 74 5 20 21 34 45 35 14 94 46 1 28
33 25 1025 33 3 64 37 3 28 81 8 41 28 46 11 14 10 5 13 33 34 18 29 52 31 92 50 89 19 16 32 69 11 81 22 99 7 80 19 44 32 14 25 72 17 63 32 74 7 22 36 77 50
34 25 1024 81 3 81 37 67 13 65 12 26 21 1 28 40 16 2 14 62 44 96 41 21 32 69 16 11 45 98 19 39 28 69 11 21 12 57 31 93 28 29 22 16 48 75 50 47 49 78 1 37 44
35 25 969 5 25 76 19 59 42 2 20 73 3 48 2 12 21 50 30 92 38 48 23 75 11 35 26 94 18 63 9 45 19 82 46 57 48 32 43 22 35 78 36 4 45 40 38 62 43 9 27 49 30
36 25 1176 14 11 40 9 84 21 39 24 98 4 77 8 7 36 54 13 93 23 78 17 93 47 22 2 80 13 15 50 71 39 88 42 16 19 20 3 87 9 43 17 47 31 61 1 86 41 93 30 65 3
37 25 902 43 45 77 10 85 22 41 19 33 14 1 33 5 18 7 30 83 31 66 16 52 17 29 17 64 41 1 23 40 24 80 27 25 30 61 19 29 13 28 20 90 7 3 19 80 26 61 32 44 25
38 25 868 16 19 10 40 72 14 78 42 4 17 45 31 34 17 10 49 42 42 67 19 7 28 62 36 73 46 13 38 83 20 27 44 47 4 97 43 1 14 57 46 51 26 10 47 75 16 5 5 100 22
39 25 969 64 6 90 29 27 3 62 8 58 35 98 10 84 28 22 43 20 37 1 18 67 32 16 8 99 33 76 19 13 49 30 36 19 6 22 43 67 39 10 48 35 28 2 24 87 26 90 30 53 10
40 25 881 78 5 9 23 33 32 14 23 18 1 52 9 72 46 64 16 56 46 53 22 19 24 72 4 72 24 22 27 44 3 69 23 81 27 66 28 1 28 17 26 41 34 41 36 6 1 15 15 87 22
41 25 1132 88 13 6 7 85 4 35 9 70 40 39 45 81 50 54 4 96 33 66 34 20 2 87 41 30 11 100 11 65 30 36 39 82 16 10 13 40 37 94 38 97 37 94 6 26 31 4 42 10 36
42 25 1017 69 36 61 32 8 34 42 41 35 21 70 48 57 24 84 41 49 12 34 43 25 21 49 43 65 15 8 41 80 12 93 10 11 10 64 18 56 37 40 18 28 9 47 34 67 42 85 14 45 34
43 25 1060 43 30 58 13 1 47 99 45 33 43 82 29 77 2 57 44 37 7 55 42 1 23 36 29 39 29 76 30 13 28 88 44 56 47 72 42 82 1 21 8 55 16 78 30 41 16 43 20 82 1
44 25 984 68 35 15 11 57 9 71 16 78 44 73 14 75 34 69 24 15 26 36 41 39 11 75 20 71 40 12 1 86 28 52 38 50 48 48 15 15 7 60 36 70 18 6 45 13 2 68 21 9 37
45 25 852 95 27 14 9 56 26 62 20 55 48 66 44 25 29 2 19 34 19 43 17 63 43 60 35 69 7 5 40 32 8 72 10 34 45 7 49 26 45 10 8 62 8 11 15 25 26 99 43 39 11
46 25 890 99 5 12 4 32 9 66 21 86 17 31 32 40 38 18 9 45 44 16 26 29 17 1 34 67 24 51 23 96 8 34 26 28 25 39 25 36 8 37 27 86 17 22 50 39 42 53 38 50 18
47 25 1061 2 23 82 2 85 39 65 19 71 35 59 36 58 11 30 19 1 8 80 19 57 43 71 43 38 10 92 19 28 28 98 36 18 33 45 46 94 47 50 7 9 12 46 22 35 7 13 16 100 32
48 25 1064 42 31 30 32 67 25 89 13 76 29 85 9 33 24 68 45 50 6 13 21 91 45 100 50 30 27 3 13 36 12 35 13 47 12 52 39 85 16 66 24 37 46 86 31 22 39 80 22 7 42
49 25 995 90 11 16 25 15 22 97 22 22 38 70 41 47 24 25 10 31 30 89 4 60 1 44 32 31 33 55 45 41 17 72 13 91 32 24 17 93 50 43 15 54 2 31 33 76 14 1 5 26 42
50 25 964 74 39 16 22 6 9 98 38 69 39 38 36 48 22 83 43 27 20 74 33 66 19 27 29 86 9 35 48 40 12 9 39 4 47 36 45 3 7 13 7 36 18 95 15 99 41 24 23 100 46
51 25 981 54 37 71 33 2 4 67 6 5 48 17 10 53 12 88 30 67 43 29 50 98 12 87 39 65 13 82 22 18 12 37 13 38 7 45 1 57 28 48 14 42 25 65 31 12 29 52 47 28 2
52 25 1174 64 29 78 1 27 25 75 20 43 35 33 46 66 39 65 20 56 10 62 37 19 8 45 34 51 47 91 16 69 18 47 20 96 7 46 30 20 28 36 44 78 12 48 23 90 27 93 30 70 1
53 25 746 22 8 48 29 55 17 19 15 13 4 16 30 34 6 36 38 13 42 32 12 51 5 34 22 22 8 31 23 81 43 69 42 23 43 49 42 13 5 41 22 6 40 67 32 28 22 62 2 68 7
54 25 1061 91 8 36 37 9 41 95 40 65 41 93 4 44 8 28 45 3 19 10 7 60 12 68 10 94 41 39 49 92 37 17 19 63 40 64 23 92 32 1 38 78 35 7 50 65 39 45 42 68 30
55 25 1096 27 43 10 7 76 25 95 50 38 8 41 25 36 5 84 31 9 24 100 41 90 24 36 17 40 37 73 8 71 3 95 38 84 40 51 12 11 41 8 7 98 22 30 22 60 17 87 14 21 48
56 25 1124 18 14 48 18 91 25 6 32 41 49 17 16 10 41 82 8 62 6 80 15 80 1 76 28 100 4 87 7 30 44 10 23 27 11 64 50 91 48 7 3 11 42 88 5 85 26 96 47 98 5
57 25 896 90 16 77 19 75 6 5 34 56 48 82 10 27 2 26 45 63 34 20 28 29 27 53 32 1 36 15 25 35 45 6 39 36 17 42 20 82 12 69 7 65 3 39 47 34 6 24 13 70 34
58 25 1078 34 30 38 44 35 29 43 49 81 3 75 26 97 49 84 36 41 27 20 26 32 7 6 14 24 15 75 1 98 31 80 48 77 22 30 14 72 34 86 42 66 45 16 19 56 48 67 30 15 15
59 25 987 51 46 29 32 8 7 46 2 77 48 88 33 78 49 86 26 46 25 55 30 37 1 54 39 98 6 98 48 60 34 8 33 40 13 77 11 82 49 47 10 25 20 4 14 15 4 4 15 21 6
60 25 1312 72 8 60 49 87 33 51 13 1 21 49 7 98 38 70 43 24 12 79 41 79 11 21 17 82 1 54 11 30 23 88 26 94 5 89 19 62 47 42 7 95 36 91 2 60 10 71 32 92 9
61 25 1049 41 8 78 40 16 7 83 15 62 40 54 27 49 7 4 7 57 25 91 17 71 20 19 4 35 29 91 31 13 35 19 31 29 8 95 33 70 50 68 32 81 31 58 38 48 45 10 19 70 37
62 25 880 46 41 57 30 84 21 8 32 45 18 57 45 64 39 41 40 62 41 57 35 13 46 21 26 82 46 41 40 14 46 55 36 25 26 57 22 2 26 35 36 96 27 3 23 90 40 12 37 34 40
63 25 1061 49 14 55 18 71 27 30 15 17 3 94 20 94 26 81 39 97 1 56 34 17 6 70 8 76 22 79 12 5 8 39 11 45 4 65 7 89 37 2 20 41 41 56 28 32 45 41 5 26 24
64 25 919 48 31 78 7 46 20 24 16 46 31 66 20 24 35 43 6 20 31 43 28 28 23 56 42 16 43 36 48 1 32 96 23 8 5 88 13 59 4 91 21 68 29 81 24 13 40 29 16 41 5
65 25 1006 96 2 9 33 20 26 70 46 87 39 73 17 32 8 12 46 4 23 70 44 73 11 35 25 41 33 24 14 67 35 48 32 69 36 75 9 33 22 66 13 49 20 36 48 25 14 96 15 48 16
66 25 1066 64 4 40 41 48 38 70 13 1 30 76 7 79 26 31 31 24 48 73 27 37 6 67 31 19 49 98 44 5 42 58 46 100 35 29 39 80 40 92 16 15 24 67 7 74 32 6 8 80 38
67 25 817 12 9 80 5 100 5 12 14 5 16 36 42 28 3 66 34 61 48 78 1 50 9 24 50 79 21 23 23 37 6 24 18 1 7 5 38 3 13 4 4 79 31 94 29 29 50 5 20 87 16
68 25 994 44 34 49 22 60 12 77 49 71 16 5 7 29 40 81 47 70 31 68 42 75 8 81 39 32 11 24 26 55 9 21 26 5 33 69 13 55 14 25 2 58 11 17 39 32 38 40 48 100 22
69 25 1128 70 5 92 39 33 20 86 46 86 37 20 3 66 48 28 16 84 10 1 39 35 4 21 29 73 42 45 29 31 26 36 38 76 10 63 19 62 17 18 39 41 46 91 35 98 15 82 38 73 23
70 25 1244 99 5 93 12 53 41 60 11 84 34 33 46 79 32 92 6 15 34 11 24 81 15 97 40 6 36 88 27 82 30 88 49 70 48 64 6 46 34 22 43 8 8 90 17 9 50 92 4 94 22
71 25 1096 60 5 66 32 65 27 51 6 51 44 72 25 88 22 11 29 87 26 87 48 59 15 38 27 82 27 18 39 56 29 74 41 46 37 16 3 77 41 25 26 1 35 77 9 68 3 4 42 91 48
72 25 850 5 9 1 42 9 24 42 32 74 8 84 2 75 45 59 10 26 33 28 23 43 4 54 19 11 36 86 11 26 21 41 19 21 24 55 33 76 32 36 11 17 16 81 31 14 22 7 25 92 14
73 25 948 83 12 51 3 6 48 24 12 16 34 33 48 10 24 19 36 22 46 22 7 61 43 30 19 91 42 95 31 30 8 86 8 81 24 30 45 60 34 11 41 83 36 91 36 33 3 23 32 94 35
74 25 1105 80 8 79 45 88 27 9 30 49 40 85 8 57 38 66 22 45 45 21 49 41 10 16 40 87 23 85 37 60 24 68 38 97 4 45 22 20 29 14 12 95 21 55 20 61 47 29 35 30 36
75 25 1119 89 14 88 22 88 47 1 1 94 20 33 31 95 49 85 12 64 32 19 34 78 41 75 49 15 20 38 50 38 36 20 26 91 13 28 20 67 4 7 34 98 29 12 46 98 36 3 37 75 10
76 25 950 85 12 22 48 80 1 54 45 16 31 28 41 52 35 24 19 45 23 81 33 89 1 95 45 57 40 7 31 17 16 19 3 16 44 94 31 33 26 69 16 6 14 14 15 92 5 33 30 60 38
77 25 1129 95 14 80 26 45 32 23 9 63 36 84 25 48 30 67 3 77 4 96 42 60 12 17 34 43 16 16 49 43 22 100 27 42 2 27 12 10 15 79 39 22 38 46 29 100 16 35 40 94 41
78 25 1044 50 30 28 45 2 44 81 41 41 47 61 37 18 5 53 19 91 28 69 45 54 24 92 6 77 35 79 3 60 40 19 14 78 14 28 26 75 13 91 5 61 45 41 36 36 36 8 18 13 41
79 25 1181 99 15 8 18 69 37 6 35 85 3 87 6 62 6 54 13 30 44 80 24 48 33 82 23 67 6 64 4 64 49 23 13 13 4 48 13 91 32 83 33 70 18 85 48 47 42 71 41 41 50
80 25 981 55 36 88 45 67 33 74 9 43 12 82 26 64 31 55 3 13 48 1 10 14 44 74 41 30 2 92 43 30 31 38 8 40 31 2 25 44 31 38 38 44 37 19 32 95 41 27 29 98 35
81 25 827 100 19 54 23 5 47 13 26 19 5 50 18 6 41 79 42 12 43 45 9 65 39 62 49 40 37 28 24 68 31 84 20 94 12 23 8 38 17 40 25 5 28 54 41 38 38 4 46 8 4
82 25 934 90 16 84 27 7 44 10 46 76 9 83 35 88 49 34 16 18 29 32 6 93 47 3 3 89 19 74 32 66 14 49 48 16 4 51 15 17 42 15 19 23 43 18 13 66 15 37 45 29 10
83 25 888 50 10 59 40 85 29 65 41 19 5 17 10 40 46 29 19 56 17 92 6 62 28 9 31 10 25 79 18 69 43 36 23 14 43 10 4 28 36 77 7 91 44 26 23 9 26 35 15 43 15
84 25 1018 33 42 38 25 12 17 66 35 5 18 78 20 13 4 78 45 93 46 14 4 17 31 86 7 56 26 36 32 12 29 92 43 65 19 76 40 52 19 89 5 98 48 22 3 75 4 11 5 56 48
85 25 1055 29 18 41 47 65 13 83 12 8 40 95 38 58 28 72 11 54 28 78 3 39 49 63 19 36 32 39 48 64 19 57 9 27 22 48 39 66 45 34 6 14 28 64 38 82 29 94 1 9 32
86 25 800 54 5 9 15 10 11 15 22 57 42 66 50 76 27 69 9 85 5 21 4 19 18 22 24 86 8 85 8 92 7 16 43 18 27 26 8 12 41 22 9 43 14 9 41 38 21 24 20 26 32
87 25 1008 8 15 79 36 56 49 58 14 84 8 69 6 81 31 9 19 72 40 100 19 46 28 7 22 21 13 22 30 81 44 91 24 61 10 78 16 79 39 65 4 57 32 10 22 1 4 8 24 17 7
88 25 1027 61 23 89 4 87 11 3 22 61 32 17 44 62 39 11 30 52 27 95 35 1 4 21 18 22 42 35 4 36 33 82 12 60 29 58 37 94 12 65 10 93 46 54 43 19 27 24 5 82 48
89 25 1144 75 42 22 2 42 29 48 18 59 7 21 47 38 24 100 14 84 14 99 5 8 37 97 43 77 28 61 23 62 22 28 41 39 7 47 34 93 33 39 18 65 45 82 33 69 34 21 35 55 6
90 25 1020 71 13 27 50 21 24 10 17 48 7 40 7 38 30 76 19 79 33 94 16 87 35 37 20 97 49 58 26 13 4 86 49 46 32 12 13 28 1 18 43 85 14 69 46 14 24 29 5 93 38
91 25 813 95 5 14 5 53 50 66 33 4 9 33 18 9 18 41 46 80 16 98 47 39 1 48 21 36 37 12 5 34 1 18 6 29 28 40 15 17 31 77 34 48 24 60 48 30 35 24 18 12 16
92 25 1138 100 6 59 45 22 40 79 6 84 37 46 14 37 10 58 44 54 27 85 22 85 31 56 23 35 15 24 18 26 36 39 48 33 38 41 11 52 33 67 2 92 2 57 47 99 10 50 22 43 9
93 25 1058 99 45 26 25 56 9 98 3 42 13 7 38 27 17 85 13 53 49 51 17 79 44 39 50 52 41 17 50 11 27 21 36 41 37 46 7 41 50 99 44 42 32 82 23 44 8 70 31 95 11
94 25 920 95 50 98 26 15 3 2 9 19 49 21 27 89 17 54 39 58 16 68 39 47 18 82 3 5 35 48 31 27 28 40 7 47 30 2 46 69 20 65 8 29 2 1 16 4 40 77 35 88 41
95 25 1056 95 5 15 16 58 29 91 32 7 40 8 27 15 49 65 9 51 20 3 40 85 1 81 29 32 14 34 15 49 37 90 40 30 5 94 25 59 48 14 6 15 36 77 2 97 22 67 35 88 5
96 25 1044 50 2 67 6 34 32 56 31 58 32 80 12 74 48 80 13 60 38 49 2 3 42 81 3 31 23 35 18 40 20 31 33 72 2 46 26 10 36 80 3 12 29 92 27 6 11 99 27 60 48
97 25 998 68 14 79 13 9 33 92 16 20 49 69 31 44 1 88 44 73 2 24 23 53 24 12 49 86 35 40 34 10 41 86 3 21 39 81 19 25 37 18 4 24 30 32 28 76 43 62 7 56 37
98 25 1070 67 6 33 30 65 19 11 8 93 11 73 31 76 6 56 13 92 33 27 10 49 3 72 43 47 42 43 45 9 31 15 42 90 49 71 15 41 27 18 26 23 5 97 21 7 45 66 33 97 47
99 25 1136 84 46 10 31 22 21 7 49 96 38 92 15 62 25 60 48 45 36 84 25 14 4 52 15 60 42 100 50 13 17 33 5 96 23 82 44 84 12 49 44 22 43 48 35 53 28 76 2 76 24
100 25 1076 5 11 46 11 49 5 62 29 36 20 86 23 68 26 65 46 50 30 92 24 44 7 56 35 33 33 51 26 96 48 87 48 76 50 29 47 97 50 20 4 17 34 6 26 41 2 41 2 93 31
