1 15 517 15 1 18 23 81 2 60 42 11 13 22 15 59 6 61 13 7 29 86 23 27 46 96 31 98 29 3 5 3 39
2 15 501 52 33 47 37 20 25 61 5 41 28 9 40 71 26 30 35 4 33 94 26 34 7 3 43 68 9 58 28 35 10
3 15 760 98 32 79 9 94 3 84 42 7 18 30 33 75 9 88 27 24 10 68 18 30 43 55 48 63 48 96 11 59 44
4 15 610 84 10 22 48 43 30 7 18 8 14 65 32 71 36 25 5 97 24 61 38 46 40 76 35 31 36 82 3 45 38
5 15 588 14 28 70 39 47 44 73 27 34 10 62 18 91 16 18 39 11 17 14 24 58 16 69 41 74 6 95 34 5 17
6 15 709 38 40 22 5 65 20 27 47 51 16 93 47 52 22 68 32 95 49 21 11 58 41 77 39 74 4 84 12 62 25
7 15 561 78 39 14 45 78 46 10 44 64 21 56 10 26 21 17 32 17 38 27 20 89 40 80 31 7 5 48 10 91 28
8 15 603 64 35 48 44 40 39 14 37 77 30 7 20 95 14 13 32 46 14 80 15 44 34 5 45 65 27 92 12 64 33
9 15 604 33 3 66 9 58 29 81 33 25 18 12 30 51 44 98 38 65 43 59 16 70 42 48 19 43 18 29 43 17 29
10 15 664 20 50 71 14 52 20 51 49 98 23 100 10 92 44 56 22 19 12 23 15 47 12 44 48 22 39 41 13 95 4
11 15 651 32 34 92 43 17 4 31 20 71 5 19 36 52 15 83 19 64 27 85 23 93 18 1 4 81 6 56 17 37 27
12 15 702 45 32 16 15 53 11 99 15 45 40 9 7 79 9 49 41 83 4 48 3 81 42 41 24 46 43 85 6 99 36
13 15 522 82 31 45 13 24 19 30 21 25 47 89 48 67 25 32 9 7 12 39 8 12 26 81 44 33 25 43 40 44 36
14 15 540 39 36 9 14 12 23 99 15 58 6 27 31 41 12 88 19 94 20 97 32 47 25 5 33 1 47 25 14 33 18
15 15 604 91 15 26 50 34 16 10 1 95 29 65 16 94 9 15 15 58 46 86 3 29 41 10 3 4 13 98 16 40 30
16 15 720 28 10 75 41 90 50 33 1 79 22 90 19 26 11 64 5 97 18 66 1 34 22 78 16 33 50 86 1 21 47
17 15 680 49 4 15 27 71 40 84 28 35 4 97 31 12 39 56 8 64 45 88 24 39 14 84 24 51 12 33 39 73 10
18 15 811 65 44 98 30 89 9 60 23 16 45 66 46 48 16 96 19 100 30 64 25 66 5 68 39 59 9 96 10 23 13
19 15 601 18 25 97 24 16 21 17 22 12 26 60 15 21 20 92 22 43 39 12 41 37 39 93 35 64 45 80 9 90 3
20 15 684 79 21 41 5 38 35 44 45 73 20 15 37 83 27 88 9 96 6 91 40 1 38 80 21 87 47 8 46 32 12
21 15 540 6 21 94 47 84 30 4 10 34 41 32 35 87 1 86 1 38 12 30 15 17 39 20 46 79 9 20 33 45 40
22 15 532 17 20 24 21 10 21 30 3 79 21 42 48 20 29 2 40 98 14 76 8 14 22 28 32 87 40 91 26 47 38
23 15 572 74 18 55 49 35 31 4 23 87 16 87 29 4 7 57 47 41 43 88 35 47 45 62 11 19 23 2 36 53 32
24 15 592 68 23 10 31 53 21 28 47 53 6 77 13 4 37 11 27 19 39 57 3 98 29 52 46 96 8 63 8 51 19
25 15 636 94 16 8 30 18 7 75 18 29 11 53 7 4 44 47 43 67 47 82 23 74 42 92 8 79 35 51 14 23 16
26 15 476 31 26 89 46 4 27 92 19 23 4 76 29 95 41 72 12 27 22 13 34 38 46 23 28 6 20 1 24 5 44
27 15 568 37 26 47 31 43 10 78 26 27 1 16 33 88 43 7 13 12 42 98 14 42 44 82 48 58 45 62 7 13 24
28 15 683 54 25 34 3 68 16 17 14 57 50 69 12 16 44 75 50 66 48 60 4 66 27 70 8 43 25 74 4 85 13
29 15 457 92 41 89 19 30 49 23 49 53 45 60 24 9 18 66 35 8 34 6 32 1 17 44 28 3 13 52 38 36 1
30 15 712 2 41 70 29 71 32 97 1 66 49 25 6 27 31 10 38 100 5 37 29 100 19 94 33 50 1 52 5 90 15
31 15 709 46 47 8 2 62 25 95 15 74 44 72 25 77 2 41 37 59 15 41 29 90 39 14 27 32 36 98 7 78 6
32 15 593 63 20 64 47 68 38 14 24 88 46 53 7 50 17 78 7 82 49 54 25 14 21 60 2 10 38 32 40 12 43
33 15 640 40 27 32 47 83 38 69 28 43 47 30 9 97 20 37 11 100 1 39 42 45 17 48 29 55 49 54 28 29 7
34 15 651 54 44 80 13 100 7 31 23 87 49 12 42 9 24 65 17 9 41 52 46 39 47 16 50 83 40 79 45 98 23
35 15 486 37 5 87 39 13 23 39 1 80 11 4 48 77 44 17 13 16 47 46 2 54 25 68 38 2 20 29 32 39 36
36 15 665 35 20 22 43 2 39 99 21 46 45 100 29 48 9 79 36 93 8 91 9 66 42 7 43 34 45 68 11 42 15
37 15 583 50 10 51 40 72 17 30 33 64 5 90 5 35 18 41 22 43 5 71 43 13 34 96 3 6 46 47 37 20 46
38 15 627 12 48 53 44 8 47 66 16 92 45 12 42 39 21 84 43 67 23 14 26 84 46 97 7 36 9 52 1 68 29
39 15 552 23 37 31 44 9 48 54 7 92 36 46 18 16 12 49 22 8 8 43 23 93 7 51 17 78 28 36 27 61 29
40 15 677 54 35 32 36 63 48 99 20 94 6 86 23 73 14 51 25 49 26 37 40 8 49 12 34 65 10 74 41 50 28
41 15 580 39 18 47 32 48 49 30 22 60 38 19 2 70 17 95 31 12 50 39 42 15 14 86 12 12 6 73 6 81 33
42 15 580 38 50 44 34 52 29 76 31 4 1 16 30 4 28 79 42 66 35 35 17 58 30 100 39 1 20 93 38 59 39
43 15 546 6 21 2 32 16 36 92 13 79 32 90 27 22 13 64 46 59 25 3 33 65 10 92 7 18 38 44 3 31 28
44 15 704 67 5 52 5 98 20 17 5 84 14 79 13 27 10 76 37 71 41 75 32 19 9 26 19 49 49 40 50 100 24
45 15 670 88 30 56 12 11 8 19 2 69 45 52 3 36 37 91 18 55 35 48 36 85 24 48 26 9 10 76 31 95 37
46 15 653 6 39 88 16 40 4 51 27 80 1 46 19 60 19 67 18 84 22 13 13 99 29 73 24 18 40 71 5 21 13
47 15 448 68 3 19 27 25 32 13 20 52 42 37 29 4 28 1 23 65 13 59 16 25 40 7 38 72 28 33 34 80 49
48 15 604 17 46 92 8 36 24 21 11 28 37 98 2 38 34 58 48 38 19 46 10 45 4 20 24 64 48 83 11 71 15
49 15 570 53 32 65 38 37 12 11 13 55 37 2 31 66 3 49 13 39 12 88 33 71 25 17 38 19 46 47 48 94 43
50 15 767 54 44 61 1 31 9 91 50 80 9 42 6 1 18 98 9 98 48 62 8 97 36 49 41 38 4 94 1 63 38
51 15 537 24 27 82 22 6 43 65 44 42 41 33 32 97 18 5 8 28 48 73 32 27 33 92 22 55 48 37 2 6 21
52 15 586 53 20 31 15 26 6 71 9 37 44 4 3 50 11 16 30 85 13 88 44 47 35 37 12 94 20 42 46 52 28
53 15 589 79 42 4 10 67 20 49 37 9 10 42 17 89 18 28 47 92 1 56 25 33 3 64 37 3 28 81 8 41 28
54 15 550 22 7 20 3 26 17 68 9 57 26 62 46 99 45 38 8 64 35 22 41 44 50 14 40 38 22 64 7 50 36
55 15 588 63 32 74 7 22 36 77 50 46 41 6 41 73 34 26 33 23 13 42 1 56 20 31 1 27 31 88 48 82 11
56 15 624 69 16 11 45 98 19 39 28 69 11 21 12 57 31 93 28 29 22 16 48 75 50 47 49 78 1 37 44 41 3
57 15 683 76 19 59 42 2 20 73 3 48 2 12 21 50 30 92 38 48 23 75 11 35 26 94 18 63 9 45 19 82 46
58 15 831 95 16 85 11 70 39 71 2 90 20 76 31 86 5 54 25 60 34 14 11 40 9 84 21 39 24 98 4 77 8
59 15 572 72 27 26 47 46 39 34 47 94 11 3 40 26 8 100 36 77 44 83 8 37 10 5 44 17 22 34 24 61 31
60 15 601 86 41 93 30 65 3 5 22 89 39 19 43 43 21 37 17 28 1 66 3 35 4 59 42 61 33 32 26 34 15
61 15 587 64 41 1 23 40 24 80 27 25 30 61 19 29 13 28 20 90 7 3 19 80 26 61 32 44 25 91 8 37 5
62 15 531 72 14 78 42 4 17 45 31 34 17 10 49 42 42 67 19 7 28 62 36 73 46 13 38 83 20 27 44 47 4
63 15 734 85 1 28 29 91 26 52 5 93 38 32 3 10 50 44 11 64 6 90 29 27 3 62 8 58 35 98 10 84 28
64 15 732 85 10 73 1 35 34 63 8 15 50 66 38 38 7 97 15 71 10 11 11 85 34 77 5 96 18 55 1 48 44
65 15 540 90 30 53 10 37 39 9 5 46 17 63 7 45 9 1 26 18 36 92 32 31 28 92 27 43 10 48 36 8 36
66 15 482 22 27 44 3 69 23 81 27 66 28 1 28 17 26 41 34 41 36 6 1 15 15 87 22 75 44 25 3 13 43
67 15 696 35 9 70 40 39 45 81 50 54 4 96 33 66 34 20 2 87 41 30 11 100 11 65 30 36 39 82 16 10 13
68 15 701 74 47 75 49 74 47 12 13 61 2 84 5 71 6 69 36 61 32 8 34 42 41 35 21 70 48 57 24 84 41
69 15 579 24 17 85 13 42 25 86 33 30 4 81 40 23 47 20 6 20 32 36 28 74 20 35 14 18 24 67 34 83 43
70 15 696 45 34 67 22 59 29 26 1 94 50 89 17 85 41 57 39 4 29 87 19 13 28 83 1 46 18 58 20 57 38
71 15 671 13 28 88 44 56 47 72 42 82 1 21 8 55 16 78 30 41 16 43 20 82 1 100 34 70 8 21 29 17 36
72 15 635 78 44 73 14 75 34 69 24 15 26 36 41 39 11 75 20 71 40 12 1 86 28 52 38 50 48 48 15 15 7
73 15 578 72 35 35 3 89 7 4 34 41 5 73 28 95 27 14 9 56 26 62 20 55 48 66 44 25 29 2 19 34 19
74 15 632 34 32 86 30 70 35 13 3 80 16 15 36 19 17 89 4 98 13 89 5 16 31 15 6 30 13 52 50 85 20
75 15 480 1 50 10 6 7 16 18 33 41 43 33 16 63 20 75 9 18 23 88 8 52 15 34 1 67 34 48 26 45 48
76 15 544 34 26 28 25 39 25 36 8 37 27 86 17 22 50 39 42 53 38 50 18 92 1 45 41 4 43 77 33 38 36
77 15 655 59 36 58 11 30 19 1 8 80 19 57 43 71 43 38 10 92 19 28 28 98 36 18 33 45 46 94 47 50 7
78 15 581 23 23 43 18 13 7 32 50 63 36 42 31 30 32 67 25 89 13 76 29 85 9 33 24 68 45 50 6 13 21
79 15 683 90 50 100 15 53 2 25 18 24 18 25 24 24 26 78 43 31 33 48 19 91 43 61 11 77 40 44 4 83 16
80 15 560 21 8 49 8 44 49 44 11 75 35 82 24 47 13 19 16 59 45 8 30 1 22 64 16 65 28 89 21 34 36
81 15 664 91 32 24 17 93 50 43 15 54 2 31 33 76 14 1 5 26 42 99 37 78 8 43 3 18 49 76 35 77 19
82 15 469 48 22 83 43 27 20 74 33 66 19 27 29 86 9 35 48 40 12 9 39 4 47 36 45 3 7 13 7 36 18
83 15 637 29 50 81 12 45 50 91 12 54 37 71 33 2 4 67 6 5 48 17 10 53 12 88 30 67 43 29 50 98 12
84 15 496 77 33 26 41 43 9 23 19 25 19 14 23 2 29 56 24 27 21 49 33 61 6 57 26 94 14 3 45 64 29
85 15 596 2 14 49 38 40 22 70 17 91 33 78 33 39 28 19 31 74 10 15 23 68 26 93 46 32 35 36 24 39 48
86 15 592 46 30 20 28 36 44 78 12 48 23 90 27 93 30 70 1 55 11 16 24 58 28 34 10 29 7 8 8 60 17
87 15 454 36 38 13 42 32 12 51 5 34 22 22 8 31 23 81 43 69 42 23 43 49 42 13 5 41 22 6 40 67 32
88 15 530 43 31 4 34 14 46 91 8 36 37 9 41 95 40 65 41 93 4 44 8 28 45 3 19 10 7 60 12 68 10
89 15 784 81 20 98 46 74 9 37 32 80 32 46 46 63 1 75 39 69 4 100 33 77 23 83 34 60 9 27 43 10 7
90 15 596 50 48 99 19 15 21 50 18 10 42 62 5 47 50 81 45 48 18 33 20 73 37 16 36 6 48 76 42 79 26
91 15 600 11 41 8 7 98 22 30 22 60 17 87 14 21 48 49 9 28 24 36 46 49 3 63 21 97 9 32 5 81 41
92 15 718 62 6 80 15 80 1 76 28 100 4 87 7 30 44 10 23 27 11 64 50 91 48 7 3 11 42 88 5 85 26
93 15 564 93 49 9 4 90 16 77 19 75 6 5 34 56 48 82 10 27 2 26 45 63 34 20 28 29 27 53 32 1 36
94 15 508 49 18 89 3 77 18 33 21 40 41 24 35 14 33 5 20 94 17 11 12 26 35 67 44 34 30 38 44 35 29
95 15 582 98 41 5 38 51 49 97 42 71 21 54 10 52 16 14 3 28 12 29 38 1 49 61 40 96 39 43 15 28 36
96 15 643 86 42 66 45 16 19 56 48 67 30 15 15 17 26 91 15 64 4 14 23 4 39 95 44 65 39 97 43 51 23
97 15 563 55 30 37 1 54 39 98 6 98 48 60 34 8 33 40 13 77 11 82 49 47 10 25 20 4 14 15 4 4 15
98 15 671 12 28 72 8 60 49 87 33 51 13 1 21 49 7 98 38 70 43 24 12 79 41 79 11 21 17 82 1 54 11
99 15 516 46 44 52 47 10 45 37 31 94 21 14 48 71 46 4 30 19 36 63 46 18 20 41 8 78 40 16 7 83 15
100 15 577 80 27 54 25 13 2 14 29 49 46 33 36 40 10 7 18 57 46 62 7 70 10 62 15 16 48 65 35 100 34
