2.3603439331054688e-05
5.030632019042969e-05
0.0001285076141357422
5.698204040527344e-05
2.002716064453125e-05
4.38690185546875e-05
4.029273986816406e-05
3.7670135498046875e-05
3.170967102050781e-05
3.0279159545898438e-05
8.440017700195312e-05
4.172325134277344e-05
6.937980651855469e-05
2.384185791015625e-05
1.621246337890625e-05
2.9325485229492188e-05
3.409385681152344e-05
2.6941299438476562e-05
0.00010538101196289062
4.6253204345703125e-05
5.7220458984375e-05
2.86102294921875e-05
2.2411346435546875e-05
4.172325134277344e-05
6.532669067382812e-05
3.981590270996094e-05
3.0994415283203125e-05
3.600120544433594e-05
4.863739013671875e-05
4.8160552978515625e-05
6.818771362304688e-05
2.86102294921875e-05
4.792213439941406e-05
7.43865966796875e-05
3.8623809814453125e-05
3.266334533691406e-05
2.4080276489257812e-05
3.337860107421875e-05
0.00011324882507324219
2.0265579223632812e-05
0.000102996826171875
4.792213439941406e-05
4.172325134277344e-05
3.4332275390625e-05
3.218650817871094e-05
4.220008850097656e-05
1.239776611328125e-05
4.3392181396484375e-05
7.081031799316406e-05
3.2901763916015625e-05
3.981590270996094e-05
1.3828277587890625e-05
5.078315734863281e-05
4.57763671875e-05
2.8133392333984375e-05
1.9788742065429688e-05
2.86102294921875e-05
4.220008850097656e-05
2.2172927856445312e-05
4.8160552978515625e-05
3.24249267578125e-05
0.00010967254638671875
2.2172927856445312e-05
5.459785461425781e-05
6.556510925292969e-05
4.5299530029296875e-05
8.082389831542969e-05
4.1961669921875e-05
1.2159347534179688e-05
5.030632019042969e-05
6.699562072753906e-05
3.170967102050781e-05
6.842613220214844e-05
5.650520324707031e-05
2.1457672119140625e-05
3.695487976074219e-05
6.008148193359375e-05
2.1696090698242188e-05
7.462501525878906e-05
5.7697296142578125e-05
3.0040740966796875e-05
8.106231689453125e-05
3.62396240234375e-05
4.4345855712890625e-05
6.890296936035156e-05
1.9311904907226562e-05
4.076957702636719e-05
2.5033950805664062e-05
0.00011587142944335938
5.435943603515625e-05
3.4332275390625e-05
4.673004150390625e-05
6.031990051269531e-05
2.47955322265625e-05
4.410743713378906e-05
3.0994415283203125e-05
4.601478576660156e-05
3.838539123535156e-05
3.600120544433594e-05
3.838539123535156e-05