0.0016925334930419922
0.0011906623840332031
0.0027103424072265625
0.0008909702301025391
0.0033168792724609375
0.004969358444213867
0.0005886554718017578
0.0034651756286621094
0.0002772808074951172
0.0008432865142822266
0.001653909683227539
0.0007979869842529297
0.00018596649169921875
0.0012249946594238281
0.0007827281951904297
0.0030372142791748047
0.0031938552856445312
0.00035762786865234375
0.000354766845703125
0.0002696514129638672
0.002094268798828125
0.00034618377685546875
0.003635406494140625
0.00021195411682128906
0.004087686538696289
0.0060884952545166016
0.0013728141784667969
0.0006239414215087891
0.0022058486938476562
0.0009474754333496094
0.0009152889251708984
0.0008127689361572266
0.0024290084838867188
0.0005178451538085938
0.0010223388671875
0.0004458427429199219
0.0018610954284667969
0.0011641979217529297
0.0008108615875244141
0.0011706352233886719
0.0016243457794189453
0.002271413803100586
0.0005297660827636719
0.007303476333618164
0.0009779930114746094
0.0006268024444580078
0.002020597457885742
0.0014338493347167969
0.0007648468017578125
0.0020911693572998047
0.002237558364868164
0.002223968505859375
0.0007555484771728516
0.0003299713134765625
0.005732536315917969
0.0008985996246337891
0.0001678466796875
0.009890079498291016
0.0011768341064453125
0.001104593276977539
0.003402233123779297
0.002036571502685547
0.0009932518005371094
0.0012700557708740234
0.002512693405151367
0.0009608268737792969
0.0001926422119140625
0.0032045841217041016
0.0013375282287597656
0.0006582736968994141
0.0005087852478027344
0.0004782676696777344
0.0002396106719970703
0.0003921985626220703
0.0020689964294433594
0.0015256404876708984
0.0011675357818603516
0.00038361549377441406
0.0007147789001464844
0.004116535186767578
0.0005099773406982422
0.0037889480590820312
0.0012216567993164062
0.0007281303405761719
0.0009944438934326172
0.0007982254028320312
0.0023894309997558594
0.0004928112030029297
0.0012590885162353516
0.00304412841796875
0.003549814224243164
0.0005340576171875
0.0012340545654296875
0.00046539306640625
0.0015513896942138672
0.0004279613494873047
0.0003535747528076172
0.0011963844299316406
0.0016553401947021484
0.001477956771850586