2.8848648071289062e-05
1.2159347534179688e-05
2.288818359375e-05
9.775161743164062e-06
9.5367431640625e-06
9.5367431640625e-06
9.5367431640625e-06
9.059906005859375e-06
9.059906005859375e-06
9.059906005859375e-06
9.298324584960938e-06
9.5367431640625e-06
9.298324584960938e-06
9.298324584960938e-06
9.059906005859375e-06
9.5367431640625e-06
9.298324584960938e-06
9.5367431640625e-06
9.298324584960938e-06
9.059906005859375e-06
9.5367431640625e-06
9.298324584960938e-06
9.298324584960938e-06
9.059906005859375e-06
9.298324584960938e-06
1.0967254638671875e-05
2.5272369384765625e-05
9.298324584960938e-06
9.298324584960938e-06
9.298324584960938e-06
9.775161743164062e-06
9.298324584960938e-06
9.5367431640625e-06
9.5367431640625e-06
9.298324584960938e-06
9.059906005859375e-06
9.059906005859375e-06
9.298324584960938e-06
9.5367431640625e-06
9.059906005859375e-06
9.298324584960938e-06
9.298324584960938e-06
9.298324584960938e-06
9.059906005859375e-06
9.5367431640625e-06
9.298324584960938e-06
9.298324584960938e-06
9.059906005859375e-06
9.5367431640625e-06
9.5367431640625e-06
9.298324584960938e-06
9.298324584960938e-06
9.5367431640625e-06
9.059906005859375e-06
9.298324584960938e-06
9.298324584960938e-06
9.298324584960938e-06
9.5367431640625e-06
9.298324584960938e-06
9.5367431640625e-06
9.298324584960938e-06
9.298324584960938e-06
9.298324584960938e-06
9.059906005859375e-06
9.298324584960938e-06
9.298324584960938e-06
9.298324584960938e-06
9.298324584960938e-06
9.5367431640625e-06
9.298324584960938e-06
9.298324584960938e-06
9.059906005859375e-06
9.059906005859375e-06
9.298324584960938e-06
9.298324584960938e-06
9.298324584960938e-06
9.5367431640625e-06
9.059906005859375e-06
9.5367431640625e-06
9.298324584960938e-06
9.059906005859375e-06
9.298324584960938e-06
9.5367431640625e-06
9.298324584960938e-06
9.059906005859375e-06
9.5367431640625e-06
9.059906005859375e-06
9.059906005859375e-06
9.298324584960938e-06
8.821487426757812e-06
9.059906005859375e-06
9.059906005859375e-06
8.821487426757812e-06
9.298324584960938e-06
9.298324584960938e-06
9.059906005859375e-06
9.059906005859375e-06
8.821487426757812e-06
9.298324584960938e-06
9.059906005859375e-06