2.6702880859375e-05
2.2172927856445312e-05
2.193450927734375e-05
2.1219253540039062e-05
2.1219253540039062e-05
2.09808349609375e-05
2.0742416381835938e-05
2.0742416381835938e-05
2.0503997802734375e-05
2.0265579223632812e-05
2.09808349609375e-05
2.0503997802734375e-05
2.0503997802734375e-05
2.0503997802734375e-05
2.09808349609375e-05
2.0742416381835938e-05
2.0742416381835938e-05
2.0742416381835938e-05
2.09808349609375e-05
2.0503997802734375e-05
2.0742416381835938e-05
2.0503997802734375e-05
2.0742416381835938e-05
2.0503997802734375e-05
2.09808349609375e-05
2.0742416381835938e-05
2.0742416381835938e-05
2.0503997802734375e-05
2.0265579223632812e-05
2.0742416381835938e-05
2.0742416381835938e-05
2.0265579223632812e-05
2.0503997802734375e-05
2.0742416381835938e-05
2.0742416381835938e-05
3.9577484130859375e-05
3.457069396972656e-05
2.0742416381835938e-05
2.0742416381835938e-05
2.0265579223632812e-05
2.0503997802734375e-05
2.0742416381835938e-05
2.0742416381835938e-05
2.0503997802734375e-05
2.0503997802734375e-05
2.0503997802734375e-05
2.0742416381835938e-05
2.09808349609375e-05
2.0503997802734375e-05
2.0265579223632812e-05
2.0742416381835938e-05
2.0742416381835938e-05
2.09808349609375e-05
2.0742416381835938e-05
2.0503997802734375e-05
2.09808349609375e-05
2.0503997802734375e-05
2.0742416381835938e-05
2.0742416381835938e-05
2.0503997802734375e-05
2.0503997802734375e-05
2.09808349609375e-05
3.981590270996094e-05
2.2411346435546875e-05
3.4332275390625e-05
2.0742416381835938e-05
2.0503997802734375e-05
2.0503997802734375e-05
2.0503997802734375e-05
2.0742416381835938e-05
2.0742416381835938e-05
2.002716064453125e-05
2.0503997802734375e-05
2.0742416381835938e-05
2.0503997802734375e-05
2.0503997802734375e-05
2.0503997802734375e-05
2.0503997802734375e-05
5.030632019042969e-05
2.0742416381835938e-05
2.0503997802734375e-05
2.0742416381835938e-05
2.0265579223632812e-05
2.0742416381835938e-05
2.09808349609375e-05
2.0742416381835938e-05
2.09808349609375e-05
2.0503997802734375e-05
3.504753112792969e-05
2.1457672119140625e-05
2.0503997802734375e-05
2.0503997802734375e-05
2.09808349609375e-05
2.0742416381835938e-05
2.0503997802734375e-05
2.0265579223632812e-05
2.0503997802734375e-05
2.0742416381835938e-05
2.0265579223632812e-05
2.0503997802734375e-05