4.553794860839844e-05
3.6716461181640625e-05
3.5762786865234375e-05
3.552436828613281e-05
3.4809112548828125e-05
3.4809112548828125e-05
3.409385681152344e-05
3.4332275390625e-05
3.457069396972656e-05
3.4332275390625e-05
3.409385681152344e-05
3.4332275390625e-05
3.457069396972656e-05
3.457069396972656e-05
3.4332275390625e-05
3.4332275390625e-05
3.409385681152344e-05
3.4332275390625e-05
3.409385681152344e-05
3.4332275390625e-05
3.4332275390625e-05
3.457069396972656e-05
3.457069396972656e-05
6.556510925292969e-05
3.457069396972656e-05
3.457069396972656e-05
3.504753112792969e-05
3.552436828613281e-05
3.528594970703125e-05
3.409385681152344e-05
3.4332275390625e-05
3.4332275390625e-05
3.504753112792969e-05
3.4332275390625e-05
3.552436828613281e-05
3.4809112548828125e-05
3.457069396972656e-05
3.457069396972656e-05
3.457069396972656e-05
3.4332275390625e-05
3.4809112548828125e-05
3.409385681152344e-05
3.504753112792969e-05
3.457069396972656e-05
3.4332275390625e-05
3.4809112548828125e-05
3.409385681152344e-05
3.4809112548828125e-05
3.4809112548828125e-05
3.457069396972656e-05
3.5762786865234375e-05
3.504753112792969e-05
3.4809112548828125e-05
3.4332275390625e-05
3.4809112548828125e-05
3.4809112548828125e-05
3.457069396972656e-05
3.4809112548828125e-05
3.409385681152344e-05
3.409385681152344e-05
3.600120544433594e-05
3.4332275390625e-05
3.457069396972656e-05
3.457069396972656e-05
3.4332275390625e-05
3.457069396972656e-05
3.4332275390625e-05
3.4332275390625e-05
3.409385681152344e-05
3.4332275390625e-05
3.409385681152344e-05
3.409385681152344e-05
3.3855438232421875e-05
3.3855438232421875e-05
3.457069396972656e-05
3.457069396972656e-05
3.4809112548828125e-05
3.4332275390625e-05
3.4809112548828125e-05
3.457069396972656e-05
3.409385681152344e-05
3.4332275390625e-05
3.504753112792969e-05
3.4809112548828125e-05
3.4332275390625e-05
3.4332275390625e-05
3.4332275390625e-05
3.4332275390625e-05
3.409385681152344e-05
4.458427429199219e-05
3.4809112548828125e-05
3.4332275390625e-05
3.457069396972656e-05
3.552436828613281e-05
3.409385681152344e-05
3.528594970703125e-05
3.4332275390625e-05
3.3855438232421875e-05
3.4809112548828125e-05
3.4809112548828125e-05