2.7894973754882812e-05
1.9788742065429688e-05
1.9550323486328125e-05
1.8835067749023438e-05
1.9073486328125e-05
1.9073486328125e-05
1.8835067749023438e-05
1.8596649169921875e-05
1.9073486328125e-05
1.8596649169921875e-05
1.8596649169921875e-05
1.8835067749023438e-05
1.8596649169921875e-05
3.9577484130859375e-05
1.8596649169921875e-05
1.8358230590820312e-05
1.8835067749023438e-05
1.8358230590820312e-05
1.8596649169921875e-05
1.8596649169921875e-05
1.8596649169921875e-05
1.8596649169921875e-05
1.8596649169921875e-05
1.811981201171875e-05
1.9073486328125e-05
1.8835067749023438e-05
1.8835067749023438e-05
1.8835067749023438e-05
3.814697265625e-05
5.4836273193359375e-05
1.9788742065429688e-05
1.9550323486328125e-05
2.0265579223632812e-05
2.002716064453125e-05
1.9788742065429688e-05
3.838539123535156e-05
2.0503997802734375e-05
2.0742416381835938e-05
2.0503997802734375e-05
2.0742416381835938e-05
2.0503997802734375e-05
2.0742416381835938e-05
2.0742416381835938e-05
2.0503997802734375e-05
2.0265579223632812e-05
2.0265579223632812e-05
2.0503997802734375e-05
2.0265579223632812e-05
2.0503997802734375e-05
2.0503997802734375e-05
2.0503997802734375e-05
2.0265579223632812e-05
2.0742416381835938e-05
2.09808349609375e-05
2.09808349609375e-05
2.09808349609375e-05
2.09808349609375e-05
2.002716064453125e-05
4.124641418457031e-05
3.743171691894531e-05
2.0742416381835938e-05
2.0503997802734375e-05
2.0742416381835938e-05
2.0742416381835938e-05
2.0742416381835938e-05
2.0742416381835938e-05
2.0503997802734375e-05
4.1484832763671875e-05
2.47955322265625e-05
3.719329833984375e-05
3.719329833984375e-05
3.981590270996094e-05
4.267692565917969e-05
5.53131103515625e-05
2.0742416381835938e-05
2.09808349609375e-05
2.0742416381835938e-05
2.0265579223632812e-05
2.0742416381835938e-05
2.09808349609375e-05
2.0503997802734375e-05
2.0742416381835938e-05
2.002716064453125e-05
3.62396240234375e-05
4.1484832763671875e-05
2.0742416381835938e-05
2.0503997802734375e-05
2.1457672119140625e-05
2.0742416381835938e-05
2.0265579223632812e-05
3.814697265625e-05
2.0503997802734375e-05
2.002716064453125e-05
2.002716064453125e-05
1.9788742065429688e-05
2.002716064453125e-05
1.9788742065429688e-05
1.9788742065429688e-05
1.9788742065429688e-05
1.9788742065429688e-05