3.457069396972656e-05
3.0517578125e-05
3.0517578125e-05
2.9802322387695312e-05
2.9802322387695312e-05
2.956390380859375e-05
2.9087066650390625e-05
2.9325485229492188e-05
2.9802322387695312e-05
2.9802322387695312e-05
2.9087066650390625e-05
2.9087066650390625e-05
2.86102294921875e-05
2.9087066650390625e-05
2.9087066650390625e-05
2.956390380859375e-05
7.843971252441406e-05
2.9325485229492188e-05
3.528594970703125e-05
4.9114227294921875e-05
4.887580871582031e-05
2.9802322387695312e-05
2.956390380859375e-05
2.9802322387695312e-05
2.9325485229492188e-05
3.0040740966796875e-05
2.9087066650390625e-05
2.9325485229492188e-05
2.9325485229492188e-05
2.9325485229492188e-05
2.9087066650390625e-05
2.956390380859375e-05
2.7418136596679688e-05
2.7418136596679688e-05
2.7894973754882812e-05
2.7418136596679688e-05
2.7179718017578125e-05
2.6941299438476562e-05
2.7418136596679688e-05
2.7418136596679688e-05
2.7179718017578125e-05
2.7418136596679688e-05
2.7179718017578125e-05
5.936622619628906e-05
2.956390380859375e-05
2.7179718017578125e-05
2.7418136596679688e-05
2.7418136596679688e-05
2.7179718017578125e-05
2.7418136596679688e-05
2.7179718017578125e-05
2.6941299438476562e-05
2.7179718017578125e-05
2.7179718017578125e-05
2.7179718017578125e-05
2.7179718017578125e-05
2.765655517578125e-05
2.7418136596679688e-05
2.7179718017578125e-05
2.7179718017578125e-05
2.7179718017578125e-05
2.7179718017578125e-05
2.7418136596679688e-05
2.765655517578125e-05
2.7179718017578125e-05
2.7418136596679688e-05
4.696846008300781e-05
2.86102294921875e-05
4.00543212890625e-05
2.7418136596679688e-05
2.7418136596679688e-05
2.7179718017578125e-05
2.7418136596679688e-05
2.7179718017578125e-05
2.7179718017578125e-05
2.7179718017578125e-05
2.7418136596679688e-05
2.7418136596679688e-05
2.7179718017578125e-05
2.765655517578125e-05
2.7179718017578125e-05
2.7179718017578125e-05
2.7179718017578125e-05
2.7179718017578125e-05
2.7179718017578125e-05
2.7418136596679688e-05
3.3855438232421875e-05
3.0994415283203125e-05
3.147125244140625e-05
2.7179718017578125e-05
2.6702880859375e-05
2.6941299438476562e-05
2.7179718017578125e-05
2.6702880859375e-05
2.765655517578125e-05
2.7179718017578125e-05
2.6941299438476562e-05
2.7179718017578125e-05
2.6941299438476562e-05
2.7179718017578125e-05