1 25 669
2 25 733
3 25 652
4 25 748
5 25 728
6 25 770
7 25 599
8 25 629
9 25 671
10 25 776
11 25 663
12 25 760
13 25 690
14 25 723
15 25 677
16 25 608
17 25 825
18 25 693
19 25 770
20 25 749
21 25 802
22 25 759
23 25 790
24 25 655
25 25 688
26 25 644
27 25 683
28 25 512
29 25 643
30 25 831
31 25 725
32 25 578
33 25 720
34 25 716
35 25 834
36 25 696
37 25 626
38 25 700
39 25 598
40 25 712
41 25 799
42 25 698
43 25 697
44 25 631
45 25 592
46 25 645
47 25 635
48 25 646
49 25 708
50 25 656
51 25 644
52 25 524
53 25 789
54 25 827
55 25 699
56 25 739
57 25 703
58 25 759
59 25 637
60 25 734
61 25 842
62 25 567
63 25 659
64 25 640
65 25 752
66 25 645
67 25 658
68 25 792
69 25 799
70 25 727
71 25 618
72 25 756
73 25 794
74 25 833
75 25 651
76 25 768
77 25 746
78 25 753
79 25 745
80 25 631
81 25 665
82 25 643
83 25 745
84 25 614
85 25 663
86 25 701
87 25 751
88 25 679
89 25 699
90 25 595
91 25 687
92 25 706
93 25 726
94 25 725
95 25 686
96 25 692
97 25 740
98 25 673
99 25 702
100 25 730