0.09848475456237793
0.11773538589477539
0.10458803176879883
0.08788204193115234
0.09744501113891602
0.1111762523651123
0.08768796920776367
0.09492754936218262
0.08662939071655273
0.093505859375
0.14567160606384277
0.12447929382324219
0.09267926216125488
0.10831236839294434
0.1111602783203125
0.10539579391479492
0.1168978214263916
0.08164596557617188
0.09456133842468262
0.11693501472473145
0.09657120704650879
0.1083064079284668
0.106201171875
0.09498262405395508
0.10131502151489258
0.1109781265258789
0.08721542358398438
0.09391427040100098
0.1131901741027832
0.09768867492675781
0.11968302726745605
0.10507559776306152
0.09655046463012695
0.11019587516784668
0.13271450996398926
0.09390139579772949
0.10564517974853516
0.12838459014892578
0.11488699913024902
0.08487391471862793
0.11309385299682617
0.12238788604736328
0.14464402198791504
0.12663888931274414
0.11643457412719727
0.11512088775634766
0.09874224662780762
0.12153220176696777
0.16018009185791016
0.15704870223999023
0.08795619010925293
0.08833527565002441
0.10599017143249512
0.14513468742370605
0.11222648620605469
0.1051023006439209
0.10570335388183594
0.13036799430847168
0.07814717292785645
0.07240033149719238
0.12727761268615723
0.17224907875061035
0.08930134773254395
0.10559844970703125
0.10905313491821289
0.1226043701171875
0.0912630558013916
0.10490584373474121
0.10805392265319824
0.11525845527648926
0.12898802757263184
0.09643411636352539
0.12695002555847168
0.12585830688476562
0.15414905548095703
0.10120654106140137
0.11153554916381836
0.11065959930419922
0.11796951293945312
0.13902664184570312
0.13162636756896973
0.12449789047241211
0.10509824752807617
0.10524773597717285
0.0977635383605957
0.08121800422668457
0.08498835563659668
0.13054847717285156
0.1415872573852539
0.11903119087219238
0.10610651969909668
0.09999227523803711
0.1317458152770996
0.09763717651367188
0.09583044052124023
0.09786438941955566
0.11110496520996094
0.12411665916442871
0.12543892860412598
0.11384201049804688