0.13687849044799805
0.17494869232177734
0.18943428993225098
0.17887091636657715
0.18600845336914062
0.14283347129821777
0.18167448043823242
0.11873602867126465
0.19652509689331055
0.1688995361328125
0.13027286529541016
0.18592000007629395
0.19173216819763184
0.18784356117248535
0.1785426139831543
0.1800520420074463
0.15369772911071777
0.18125295639038086
0.14682507514953613
0.14608097076416016
0.15633320808410645
0.14794254302978516
0.15671133995056152
0.12236189842224121
0.16969728469848633
0.1381072998046875
0.12972807884216309
0.1664714813232422
0.161346435546875
0.12362384796142578
0.12143254280090332
0.19826436042785645
0.16846585273742676
0.19386744499206543
0.16263413429260254
0.186065673828125
0.1558670997619629
0.11471128463745117
0.16025733947753906
0.1622943878173828
0.1450972557067871
0.15140295028686523
0.1583116054534912
0.12369251251220703
0.15966105461120605
0.16541314125061035
0.15440773963928223
0.15449094772338867
0.17068958282470703
0.12440776824951172
0.17972636222839355
0.18596148490905762
0.11873579025268555
0.1284468173980713
0.1826918125152588
0.10487484931945801
0.17250561714172363
0.21291565895080566
0.18518543243408203
0.14709067344665527
0.19223523139953613
0.18164658546447754
0.17485737800598145
0.15314054489135742
0.18361139297485352
0.19988155364990234
0.13760852813720703
0.13403797149658203
0.13404273986816406
0.17828154563903809
0.17639374732971191
0.14688968658447266
0.14290785789489746
0.17106199264526367
0.1666116714477539
0.12637829780578613
0.17589569091796875
0.1713550090789795
0.1413712501525879
0.12849712371826172
0.16973376274108887
0.1803300380706787
0.22697806358337402
0.1803910732269287
0.20566248893737793
0.16790199279785156
0.16980266571044922
0.14856791496276855
0.1744399070739746
0.1627035140991211
0.12359452247619629
0.14330029487609863
0.14396405220031738
0.13114142417907715
0.15838098526000977
0.21616911888122559
0.1570427417755127
0.1682419776916504
0.17999911308288574
0.19622278213500977