0.2100677490234375
0.266193151473999
0.2535238265991211
0.2420954704284668
0.27502918243408203
0.19706988334655762
0.29615330696105957
0.25243687629699707
0.2443087100982666
0.26712894439697266
0.3188469409942627
0.27131199836730957
0.2489488124847412
0.25015687942504883
0.23487472534179688
0.2823610305786133
0.23885130882263184
0.19864463806152344
0.340928316116333
0.23366594314575195
0.23277950286865234
0.23905706405639648
0.2604079246520996
0.2956063747406006
0.2694106101989746
0.278867244720459
0.28029942512512207
0.25342440605163574
0.23142671585083008
0.25556445121765137
0.22776317596435547
0.25798916816711426
0.2711668014526367
0.29589390754699707
0.2640225887298584
0.248687744140625
0.2683091163635254
0.21004533767700195
0.2597038745880127
0.2653505802154541
0.2353830337524414
0.2222728729248047
0.2750437259674072
0.2903437614440918
0.28110551834106445
0.28954505920410156
0.4072234630584717
0.3493196964263916
0.36818790435791016
0.2824091911315918
0.37044548988342285
0.33507633209228516
0.2688627243041992
0.21054434776306152
0.22141671180725098
0.2925093173980713
0.25632381439208984
0.23823261260986328
0.2391037940979004
0.24738359451293945
0.24976277351379395
0.26960039138793945
0.2622642517089844
0.24428367614746094
0.25603485107421875
0.2512059211730957
0.2649495601654053
0.24879002571105957
0.29649925231933594
0.2682955265045166
0.23499703407287598
0.32669925689697266
0.28827857971191406
0.3020970821380615
0.26944446563720703
0.29676389694213867
0.33269762992858887
0.25870418548583984
0.2602405548095703
0.24167275428771973
0.2909703254699707
0.38736987113952637
0.32127928733825684
0.3104360103607178
0.28855347633361816
0.2715189456939697
0.3124425411224365
0.3029317855834961
0.246107816696167
0.3052504062652588
0.2978527545928955
0.27373743057250977
0.24551033973693848
0.30242300033569336
0.3013598918914795
0.23948121070861816
0.17912626266479492
0.30060410499572754
0.23778486251831055
0.26807403564453125