0.10799741744995117
0.15195894241333008
0.1419839859008789
0.15282201766967773
0.13007044792175293
0.11677098274230957
0.1717383861541748
0.09784770011901855
0.09471368789672852
0.1149899959564209
0.13170981407165527
0.12585139274597168
0.12529993057250977
0.11724066734313965
0.11360669136047363
0.14408302307128906
0.1332404613494873
0.1264171600341797
0.13181447982788086
0.22593379020690918
0.24579858779907227
0.1390376091003418
0.14572429656982422
0.13020968437194824
0.15445184707641602
0.20404052734375
0.19463276863098145
0.15145349502563477
0.10914278030395508
0.12591767311096191
0.11428976058959961
0.1389303207397461
0.1217954158782959
0.1445305347442627
0.10380959510803223
0.11218690872192383
0.10991358757019043
0.16669678688049316
0.09267640113830566
0.12296056747436523
0.12689852714538574
0.12845563888549805
0.1127171516418457
0.13086867332458496
0.12013006210327148
0.10300445556640625
0.11514854431152344
0.10613632202148438
0.11765909194946289
0.07727408409118652
0.1431434154510498
0.09872055053710938
0.08143305778503418
0.13216161727905273
0.1246035099029541
0.13814377784729004
0.14117145538330078
0.1212911605834961
0.11593055725097656
0.11809968948364258
0.11686182022094727
0.13152503967285156
0.12289714813232422
0.1048588752746582
0.1176156997680664
0.10085654258728027
0.08383893966674805
0.10560846328735352
0.1173865795135498
0.14261722564697266
0.12352776527404785
0.1661980152130127
0.09685230255126953
0.09004545211791992
0.13244032859802246
0.15682482719421387
0.1308739185333252
0.0863502025604248
0.11468315124511719
0.10808491706848145
0.10934281349182129
0.1234598159790039
0.12096619606018066
0.14279532432556152
0.11828780174255371
0.1258409023284912
0.12018442153930664
0.14858388900756836
0.1150820255279541
0.1584022045135498
0.14903855323791504
0.12807440757751465
0.10192036628723145
0.09919404983520508
0.12414717674255371
0.12089252471923828
0.11204910278320312
0.09247851371765137
0.12437033653259277
0.10747218132019043