0.006552934646606445
0.04220461845397949
0.005568981170654297
0.017587661743164062
0.024582862854003906
0.023502826690673828
0.0012280941009521484
0.05806684494018555
0.00481104850769043
0.010634899139404297
0.016778230667114258
0.0370182991027832
0.031943559646606445
0.0010106563568115234
0.012583732604980469
0.0029435157775878906
0.0012574195861816406
0.006891489028930664
0.0009007453918457031
0.07870125770568848
0.007138729095458984
0.015093803405761719
0.024441003799438477
0.005296230316162109
0.0369870662689209
0.011314868927001953
0.0203094482421875
0.016098499298095703
0.013390064239501953
0.005457639694213867
0.035178422927856445
0.10767149925231934
0.007478952407836914
0.012180805206298828
0.011555671691894531
0.042626142501831055
0.013018369674682617
0.020034313201904297
0.003437519073486328
0.017775774002075195
0.004566192626953125
0.015039205551147461
0.007791996002197266
0.005063533782958984
0.03439640998840332
0.00544428825378418
0.041234731674194336
0.05664205551147461
0.09901952743530273
0.00926518440246582
0.011317968368530273
0.0054852962493896484
0.03813886642456055
0.01711130142211914
0.03708505630493164
0.01840662956237793
0.004195213317871094
0.014573812484741211
0.0022630691528320312
0.005487918853759766
0.005988359451293945
0.0026471614837646484
0.03100299835205078
0.02153801918029785
0.00876164436340332
0.0052416324615478516
0.009427070617675781
0.007087230682373047
0.016157865524291992
0.07005906105041504
0.013028144836425781
0.046747684478759766
0.0057947635650634766
0.007558345794677734
0.006245613098144531
0.004075050354003906
0.013563156127929688
0.01131749153137207
0.009278059005737305
0.0032994747161865234
0.015260934829711914
0.008284330368041992
0.011539220809936523
0.003789663314819336
0.008703231811523438
0.0007162094116210938
0.00415802001953125
0.017987966537475586
0.008288383483886719
0.005421161651611328
0.00298309326171875
0.011356830596923828
0.011152267456054688
0.019119977951049805
0.013566970825195312
0.0027549266815185547
0.04362297058105469
0.01278829574584961
0.01259922981262207
0.004498481750488281