0.0
0.007870572802798426
0.0
0.0
0.0
0.0
0.017180788754392814
0.0
0.0
0.05422446406052964
0.0
0.0
0.0
0.011783610069630423
0.0
0.0
0.012352610892756879
0.0
0.0
0.0
0.0
0.0
0.0
0.0
0.0
0.007689021785561726
0.0
0.0
0.023721275018532245
0.0
0.0
0.010620220900594732
0.0
0.0
0.006619776582540339
0.0
0.0
0.0
0.037604456824512536
0.0
0.0
0.015632401705352912
0.0
0.0
0.0
0.07417488941816945
0.0
0.0
0.0
0.0
0.0
0.006586169045005488
0.0
0.040137053352912386
0.0
0.0
0.0
0.008360427310729215
0.0
0.0
0.016182572614107885
0.0
0.0
0.012853470437017995
0.0
0.0
0.0
0.0
0.0005238344683080147
0.0
0.0
0.0
0.0
0.0024937655860349127
0.0
0.0
0.10368294635708566
0.0
0.0
0.007526342197691922
0.03089080459770115
0.0
0.0
0.0
0.0
0.0
0.0
0.0
0.0
0.0
0.016095534787123573
0.0
0.0
0.026071586389748123
0.0
0.0
0.0
0.0
0.0
0.0