0.0014541149139404297
0.001199483871459961
0.0012085437774658203
0.0016543865203857422
0.0012140274047851562
0.0009152889251708984
0.0011513233184814453
0.0012433528900146484
0.0012030601501464844
0.0009763240814208984
0.0011861324310302734
0.0012164115905761719
0.0011937618255615234
0.001140594482421875
0.0011501312255859375
0.0017108917236328125
0.0013272762298583984
0.0016014575958251953
0.0012040138244628906
0.0012359619140625
0.0013091564178466797
0.0014379024505615234
0.001676321029663086
0.0012121200561523438
0.0008933544158935547
0.0012450218200683594
0.001110076904296875
0.0014185905456542969
0.0018227100372314453
0.0013620853424072266
0.00131988525390625
0.0011441707611083984
0.0011112689971923828
0.0011239051818847656
0.0011444091796875
0.001173257827758789
0.0011932849884033203
0.0014636516571044922
0.001150369644165039
0.0010876655578613281
0.001608133316040039
0.0015094280242919922
0.0009627342224121094
0.0016257762908935547
0.0013852119445800781
0.0011267662048339844
0.001089334487915039
0.0012359619140625
0.0010790824890136719
0.001209259033203125
0.001257181167602539
0.001071929931640625
0.0012454986572265625
0.0015664100646972656
0.0017213821411132812
0.0012030601501464844
0.0011777877807617188
0.001253366470336914
0.0013608932495117188
0.0015561580657958984
0.0011172294616699219
0.001207113265991211
0.0013375282287597656
0.0011458396911621094
0.0011751651763916016
0.0015842914581298828
0.001722574234008789
0.001689910888671875
0.0015659332275390625
0.001241922378540039
0.0011551380157470703
0.0008597373962402344
0.0011785030364990234
0.0011591911315917969
0.001560211181640625
0.0011105537414550781
0.0012273788452148438
0.00113677978515625
0.0014607906341552734
0.001590728759765625
0.001111745834350586
0.0011186599731445312
0.0011243820190429688
0.0011682510375976562
0.0011453628540039062
0.0011005401611328125
0.0013086795806884766
0.0013227462768554688
0.0010628700256347656
0.0014734268188476562
0.0013175010681152344
0.0015408992767333984
0.0014262199401855469
0.001617431640625
0.001260519027709961
0.0015149116516113281
0.0011525154113769531
0.0014190673828125
0.001188516616821289
0.0011746883392333984