1 40 3256 29 1 35 226 162 19 119 417 22 130 44 148 118 60 121 121 13 284 172 229 54 451 191 309 196 283 6 45 6 388 110 257 132 235 147 100 98 305 18 201 109 45 160 351 102 149 138 16 132 468 104 167 26 15 171 336 34 286 110 175 38 301 196 320 158 83 188 30 167 415 14 177 59 327 149 81 176 265 47 99
2 40 3293 69 149 171 275 189 315 191 478 43 294 173 268 167 100 44 476 86 296 14 173 15 135 130 317 142 351 50 43 193 239 122 372 91 391 151 346 62 354 163 23 90 372 31 69 109 347 156 233 174 361 108 166 40 310 70 453 64 88 154 54 66 69 95 286 61 341 164 370 21 475 134 24 65 491 76 398 44 50 129 196
3 40 3464 187 252 63 464 186 258 88 336 128 472 194 104 41 288 161 385 155 366 14 420 46 309 97 51 156 387 28 443 155 453 20 433 128 205 111 92 52 206 33 314 33 377 54 191 178 396 160 303 13 50 96 94 181 279 157 317 139 238 175 200 154 66 147 385 118 32 77 474 54 63 128 227 53 398 57 218 136 22 178 323
4 40 3615 184 116 127 323 176 162 12 330 35 288 116 405 132 121 69 57 120 251 173 490 151 321 171 293 62 349 166 236 75 215 69 141 170 84 116 467 39 495 141 133 104 199 101 485 196 229 199 93 183 438 111 212 37 116 46 150 93 112 87 472 44 389 82 123 189 38 182 160 133 459 172 83 16 151 78 351 20 92 142 256
5 40 3029 165 190 127 270 169 230 185 177 2 34 162 52 112 166 73 267 45 224 127 79 59 265 41 491 58 225 158 42 25 393 34 245 161 412 15 240 11 405 165 201 94 227 172 423 24 495 143 202 163 308 89 128 48 183 60 203 49 464 178 474 134 249 63 87 13 113 77 75 24 255 162 435 66 249 85 395 88 351 161 193
6 40 3112 18 137 24 222 198 150 115 55 53 302 81 117 176 189 188 193 193 311 93 250 9 330 2 464 49 135 66 174 136 455 60 129 199 170 64 49 1 473 114 321 64 467 34 71 57 290 184 426 11 145 164 47 12 17 51 488 63 196 120 8 56 96 150 401 179 500 65 3 158 215 180 190 52 105 127 49 193 178 132 4
7 40 3178 86 387 64 162 197 428 1 104 186 269 98 36 30 267 142 391 168 279 70 34 193 301 24 387 112 76 127 448 175 236 78 139 168 236 101 111 65 383 146 97 29 323 174 487 119 441 35 296 90 76 177 327 181 237 61 478 76 500 119 318 97 329 17 337 154 295 33 479 38 114 50 262 35 247 193 237 31 210 33 220
8 40 3379 101 297 59 105 77 456 86 211 154 60 163 181 156 461 140 317 180 400 34 449 11 426 158 208 82 50 76 348 88 449 145 197 30 368 166 268 176 82 192 58 181 399 1 376 160 208 173 466 15 458 64 119 143 28 83 470 187 420 119 20 40 167 164 158 138 434 3 430 1 188 47 149 60 81 156 100 181 394 34 99
9 40 3208 90 391 186 83 79 118 83 46 83 149 12 395 82 208 191 96 113 8 160 490 56 377 29 68 86 137 126 435 159 455 103 233 151 150 148 179 109 484 70 307 7 230 173 158 173 288 8 67 114 467 81 429 175 344 93 447 124 101 37 226 4 358 106 315 99 338 91 46 124 261 83 137 185 265 24 384 49 17 145 53
10 40 3006 38 390 114 22 196 284 103 454 191 71 125 72 101 183 103 466 64 38 119 88 26 375 72 142 44 263 27 20 174 235 170 331 185 410 92 369 167 457 29 392 139 253 53 115 64 229 62 258 177 452 8 264 183 182 46 33 152 285 190 406 144 118 53 218 26 333 75 453 46 279 12 191 1 236 9 438 76 182 102 233
11 40 2818 86 93 155 251 54 10 32 330 176 425 14 124 24 419 195 131 84 434 164 474 115 449 123 61 25 232 50 270 97 166 12 337 62 83 56 285 200 344 48 79 175 372 198 328 190 300 16 326 106 347 32 214 99 367 15 423 52 358 184 406 177 186 59 484 46 483 106 450 119 231 17 172 131 344 16 338 12 319 1 162
12 40 3384 111 12 52 260 152 179 4 388 4 410 139 284 142 320 194 4 131 485 50 59 54 304 19 377 199 41 74 287 199 188 188 324 100 5 104 50 180 144 147 229 185 38 7 310 97 472 57 368 174 357 98 382 5 205 145 294 60 204 116 446 154 67 106 158 143 490 27 388 23 315 125 193 127 466 136 371 27 235 175 454
13 40 3612 25 248 66 386 26 408 196 269 99 68 82 298 8 50 150 156 159 60 172 119 79 266 64 462 166 377 137 276 86 467 60 84 194 199 74 101 200 7 77 420 90 165 96 281 109 485 108 276 58 70 4 270 174 396 49 496 27 152 90 433 195 58 168 41 93 321 68 42 164 256 182 195 187 78 200 414 157 395 177 489
14 40 3092 73 185 18 432 153 62 90 195 3 399 44 19 189 383 175 83 52 79 187 229 5 268 100 337 152 9 79 145 127 194 144 230 70 199 43 429 3 383 197 206 92 450 199 290 95 90 157 358 185 71 182 82 132 417 13 424 68 445 135 109 84 147 32 248 40 252 158 360 65 150 132 319 18 450 17 175 69 203 88 215
15 40 3259 141 426 26 339 191 28 11 457 94 369 40 455 97 59 190 265 175 39 186 327 61 458 179 56 168 192 81 420 170 333 91 70 102 418 184 483 25 178 35 260 2 337 116 51 45 368 61 432 17 479 107 69 183 352 91 173 32 111 97 213 15 75 86 227 185 64 101 167 155 274 72 261 121 287 60 270 139 158 142 313
16 40 3293 198 195 187 54 172 229 146 136 101 244 97 254 73 394 15 488 24 339 129 91 148 402 100 278 117 191 72 235 128 238 194 150 85 299 151 94 5 350 67 473 123 57 199 195 168 71 55 428 46 57 24 362 22 403 130 413 75 497 88 338 104 281 151 303 7 1 32 297 8 278 158 413 132 348 70 161 116 299 200 384
17 40 3070 77 464 151 292 156 112 11 201 3 318 31 353 184 126 157 311 179 269 44 122 127 460 118 245 5 323 130 94 183 62 36 378 87 23 61 274 196 335 20 257 20 490 80 84 18 419 55 392 50 132 40 380 146 353 162 375 125 91 36 127 75 242 194 196 199 499 93 158 176 296 112 111 22 77 38 19 137 448 104 26
18 40 3601 146 453 70 272 138 236 144 425 96 237 103 41 40 379 121 475 146 158 11 386 176 158 79 40 102 269 159 4 92 185 120 183 134 173 167 213 25 129 198 284 145 232 36 398 142 42 42 123 196 338 11 94 107 122 128 63 79 259 165 182 115 20 110 2 90 322 52 293 62 124 160 33 152 357 111 163 136 396 196 485
19 40 2912 184 458 30 180 94 105 42 139 148 487 5 188 134 290 190 189 74 228 38 224 16 99 93 318 189 412 44 352 60 67 106 314 129 371 74 120 22 128 110 369 4 302 131 28 98 123 77 115 175 329 141 247 34 375 38 453 94 473 187 421 114 266 176 303 4 152 34 451 200 400 33 208 21 5 71 487 35 488 192 307
20 40 3500 193 352 98 406 75 35 188 8 126 375 110 116 108 407 85 27 170 321 176 206 161 163 125 481 70 21 30 138 192 361 127 135 129 457 86 273 191 183 8 30 83 390 105 200 61 146 52 59 142 90 74 434 7 21 99 103 32 297 170 122 175 440 93 346 74 114 188 196 84 459 103 271 100 395 168 19 37 331 80 244
21 40 3068 17 99 83 169 177 174 55 467 184 1 111 242 66 26 128 363 5 274 162 76 82 277 91 107 27 97 10 130 65 338 36 285 104 308 184 491 178 187 31 316 138 109 161 218 197 70 160 190 87 319 28 249 143 167 125 316 147 70 43 359 153 491 92 403 12 402 145 331 51 325 46 126 83 5 112 199 62 8 54 309
22 40 3441 191 407 41 318 137 152 21 443 196 188 78 280 137 108 41 115 114 303 186 273 57 214 31 471 149 499 93 481 155 10 74 433 82 25 99 377 76 292 165 6 77 363 9 237 7 58 81 250 117 457 149 239 90 371 43 175 102 468 69 311 36 224 75 407 182 282 189 157 169 109 140 386 141 16 180 197 152 308 171 42
23 40 2726 98 298 133 66 41 200 36 420 82 193 94 489 13 383 31 35 144 269 51 462 91 386 67 461 188 107 5 400 52 71 200 353 154 438 166 80 74 100 9 432 33 215 67 233 121 304 1 426 161 464 120 324 10 25 86 442 153 95 170 213 81 184 66 136 2 327 9 171 14 293 165 303 131 158 104 170 58 161 127 408
24 40 2709 90 198 95 399 108 123 118 302 75 141 52 140 80 449 25 11 76 396 102 305 128 217 99 453 31 185 20 395 143 131 156 413 8 163 89 310 68 163 20 486 84 412 133 185 13 277 123 351 146 452 25 374 166 194 54 433 93 31 193 423 2 140 113 452 101 256 20 464 149 160 9 47 199 218 42 319 23 448 116 135
25 40 2812 123 80 116 349 195 97 168 279 44 422 39 364 2 173 134 314 32 75 198 326 152 187 26 481 59 351 37 54 44 422 133 383 19 479 69 271 3 237 174 254 179 299 105 93 73 390 17 41 92 161 125 70 90 90 2 258 35 358 183 316 61 279 183 265 86 91 95 357 15 359 93 109 107 217 11 343 90 401 107 326
26 40 2978 2 272 33 253 82 332 82 356 11 6 30 143 173 215 150 440 50 30 25 425 15 174 34 349 160 195 178 403 197 269 15 480 130 327 135 100 7 433 162 147 43 496 44 324 118 180 153 406 61 48 52 199 148 468 149 481 148 469 24 129 122 19 168 46 142 52 138 354 122 313 15 336 83 402 69 204 140 477 113 237
27 40 3275 162 245 47 168 169 121 83 241 171 321 59 39 162 399 45 465 40 53 40 320 72 278 147 199 69 140 35 231 133 334 165 422 56 221 134 334 86 293 116 130 1 467 197 445 66 421 164 283 154 17 113 431 73 62 110 415 2 228 72 290 77 283 151 292 25 271 175 440 112 467 143 420 163 5 41 72 109 160 155 293
28 40 3120 63 213 78 407 4 500 136 349 29 103 114 81 142 156 155 439 145 137 149 336 137 233 30 252 72 407 78 105 150 197 142 398 24 1 172 273 104 378 99 472 96 144 30 66 120 360 140 175 12 445 26 19 136 204 18 365 110 473 106 70 36 279 103 310 79 275 191 330 173 125 114 10 73 169 75 212 67 312 172 299
29 40 2631 138 63 10 398 63 75 144 93 68 442 13 487 51 444 19 79 124 73 21 148 50 257 197 424 78 101 1 493 19 56 13 158 36 326 81 430 66 153 125 199 149 88 35 221 176 78 103 143 67 1 134 335 96 253 89 477 30 170 101 138 97 194 99 180 31 181 107 429 67 110 200 195 166 265 149 247 72 459 4 224
30 40 3207 8 422 153 325 76 355 139 293 143 286 44 149 76 1 32 397 73 285 171 355 171 189 37 460 73 140 109 487 143 88 130 221 182 468 188 250 28 42 45 228 86 172 25 62 64 498 125 358 84 306 59 314 134 249 178 126 151 290 170 82 65 236 135 448 99 51 25 207 181 447 200 496 60 261 5 125 72 116 70 123
31 40 3456 48 259 155 422 61 328 96 181 181 429 121 108 153 397 87 35 165 154 179 103 32 244 29 218 193 217 43 371 140 409 94 235 50 92 62 293 178 37 120 4 87 319 61 325 109 444 81 168 144 125 181 319 48 161 185 492 85 145 107 20 61 322 152 139 1 45 51 413 197 369 156 80 86 28 36 488 151 345 154 190
32 40 2841 96 213 165 429 53 198 147 322 131 187 54 286 172 82 70 473 79 116 17 390 7 466 71 445 6 61 25 61 72 173 190 144 198 404 47 223 200 454 48 268 146 354 129 9 16 333 22 21 192 82 37 261 47 440 118 333 171 142 199 490 46 431 153 325 52 409 85 89 45 182 50 188 27 223 3 285 112 238 54 210
33 40 2759 130 303 24 281 103 468 55 14 179 316 116 386 4 134 98 371 79 211 139 165 181 330 155 325 77 276 37 309 148 92 29 223 135 254 185 451 63 341 72 232 78 478 25 229 120 100 109 180 176 390 45 236 89 447 107 464 119 347 3 274 44 79 95 289 109 169 37 145 25 37 31 296 68 51 72 379 25 416 63 116
34 40 3240 20 167 87 107 31 153 91 405 170 343 168 113 170 244 165 62 20 205 87 26 157 331 126 138 85 309 7 338 27 458 181 75 72 365 17 409 189 396 129 408 186 35 87 74 56 442 6 189 19 62 119 117 136 93 187 401 77 487 184 369 33 185 126 398 127 230 183 315 2 374 155 343 13 499 130 383 90 412 135 297
35 40 3080 53 429 20 69 152 246 189 495 75 71 81 249 71 49 168 308 17 235 199 402 180 240 71 165 79 362 145 78 142 28 189 380 167 392 101 117 21 401 15 66 195 218 59 213 119 168 173 131 41 480 97 90 55 238 71 454 97 29 125 205 193 83 63 50 162 408 30 310 21 399 60 399 3 378 111 498 13 433 27 148
36 40 3080 19 221 53 106 128 499 182 475 14 29 21 413 176 45 170 255 191 461 196 42 14 450 64 381 75 374 23 23 133 279 192 408 38 134 5 128 179 313 134 98 112 144 108 261 128 3 144 74 98 172 178 30 153 176 66 206 79 410 48 345 27 323 10 194 187 170 22 116 51 348 134 432 68 292 75 433 70 288 85 490
37 40 3518 10 372 101 485 193 416 141 205 108 100 103 158 28 28 56 117 57 371 2 486 121 396 191 384 85 150 56 360 134 427 167 329 178 78 76 279 190 335 117 73 58 81 102 453 57 319 15 68 91 20 154 472 175 324 155 483 172 251 91 243 110 298 74 9 108 386 196 52 196 471 119 336 16 329 79 121 153 108 163 481
38 40 3368 38 121 79 16 55 75 14 20 57 105 24 274 143 79 120 483 173 321 101 121 2 203 98 66 196 377 139 429 47 118 158 405 158 105 42 169 163 7 108 107 60 227 176 260 187 48 178 184 124 468 84 67 189 353 181 20 120 94 142 314 183 89 77 202 29 388 158 78 27 412 59 308 160 270 108 244 26 20 27 285
39 40 4006 181 164 142 197 37 34 70 282 181 310 25 349 37 309 58 78 190 324 140 498 135 314 162 303 116 380 96 445 20 182 139 362 186 230 162 284 119 419 84 40 126 224 72 285 177 319 156 205 157 307 162 283 139 62 182 104 103 408 182 204 160 66 181 273 141 124 104 283 87 8 102 174 144 477 106 12 89 446 158 59
40 40 2549 68 391 194 242 56 275 72 355 105 150 60 82 9 466 77 470 101 405 154 485 1 279 133 83 21 348 30 380 87 393 46 22 30 192 42 221 16 324 25 442 146 7 80 201 164 280 109 156 177 201 20 130 94 282 96 308 156 67 92 194 47 155 92 301 131 200 47 350 86 58 40 306 85 279 55 230 112 412 31 423
41 40 3080 191 1 125 480 91 40 17 437 52 293 14 453 81 338 114 401 93 64 158 142 61 201 19 70 191 12 17 324 39 260 139 451 174 384 145 162 64 80 23 456 7 230 140 436 146 109 69 245 82 322 47 139 133 343 95 318 137 356 150 86 66 213 132 126 98 192 71 478 49 139 192 143 95 160 158 320 14 198 161 238
42 40 2970 139 124 1 300 152 62 158 253 62 308 47 475 146 266 74 60 134 305 38 490 195 433 9 420 115 453 199 348 57 387 159 400 183 156 29 235 133 65 148 318 11 71 160 380 146 57 36 396 18 500 17 57 53 22 62 180 166 137 12 329 134 304 192 389 2 247 36 120 197 395 83 112 92 184 23 119 70 2 25 22
43 40 3308 6 130 8 32 157 302 188 289 57 500 10 199 173 153 116 217 133 243 85 297 48 383 193 355 62 24 25 144 160 403 186 349 122 339 165 374 32 405 156 160 44 119 104 275 33 103 101 22 130 345 51 275 54 124 7 286 41 82 156 158 151 200 191 498 88 488 139 45 183 383 65 192 172 458 172 365 39 25 132 477
44 40 3670 64 419 40 5 153 172 16 102 113 364 165 224 114 154 103 176 152 380 39 311 74 307 68 88 156 203 181 451 140 487 58 410 152 363 89 357 197 47 186 118 105 401 120 102 168 337 66 460 157 318 183 55 30 340 22 233 162 141 194 399 12 357 175 261 163 292 176 484 140 479 127 52 91 338 43 429 15 80 179 163
45 40 3197 197 460 15 469 87 351 120 42 132 319 129 269 101 55 102 431 144 249 175 216 22 286 174 254 174 472 118 146 76 265 164 268 36 382 112 289 147 402 91 368 31 30 154 402 50 255 1 342 154 85 136 24 7 416 182 476 52 24 34 3 166 42 93 210 126 369 32 419 6 374 180 294 40 129 129 139 92 211 16 267
46 40 3276 21 360 171 104 52 207 81 188 41 238 109 323 151 312 71 101 34 158 161 309 28 218 14 243 183 131 23 415 48 253 11 27 192 120 48 80 134 161 190 47 95 92 142 109 181 106 28 303 170 149 76 453 166 474 121 146 30 430 31 401 93 150 180 300 133 54 163 413 143 451 143 165 12 115 127 469 139 183 160 77
47 40 3683 179 438 107 43 120 242 157 421 30 283 150 327 87 221 177 102 193 205 38 76 160 435 92 424 147 298 95 337 150 485 16 221 85 96 114 70 45 471 82 273 79 305 186 144 140 148 142 487 177 137 175 216 175 465 2 2 188 200 65 308 190 481 170 118 127 311 38 334 155 405 149 487 30 197 76 498 76 360 40 255
48 40 3055 52 137 78 332 13 33 133 489 114 58 183 490 143 12 147 375 38 401 170 118 44 477 160 5 107 450 31 306 55 405 104 350 48 186 90 228 161 326 177 10 189 450 113 400 13 307 33 159 37 24 32 435 187 304 66 256 138 152 11 132 28 143 183 43 65 294 120 374 93 471 55 400 103 223 127 113 36 311 142 418
49 40 3334 95 300 133 25 154 37 192 419 119 115 34 335 85 158 32 483 85 217 200 266 83 17 53 117 20 141 157 386 44 379 92 289 200 152 70 391 187 409 74 247 118 136 179 9 176 403 163 201 186 303 147 86 17 263 76 452 112 342 177 267 96 460 21 383 140 391 10 299 160 91 55 386 53 139 104 374 51 451 18 305
50 40 3027 81 356 72 351 16 177 25 408 109 494 60 38 69 342 148 26 138 423 12 431 21 307 21 268 51 149 176 397 93 237 130 409 90 334 22 318 16 317 195 114 51 64 16 238 50 453 125 411 132 347 72 424 191 231 166 355 162 201 198 27 109 360 176 448 133 330 147 84 85 115 163 251 127 306 110 21 25 475 1 95
51 40 3124 174 367 161 146 5 456 171 147 123 190 31 198 124 6 100 217 122 186 150 219 145 92 126 474 164 134 115 488 139 126 200 187 107 228 10 462 25 252 37 50 99 173 11 403 157 412 24 430 90 82 129 383 124 490 80 363 56 236 136 309 167 196 188 117 46 74 75 163 79 243 10 278 108 401 75 379 7 460 16 40
52 40 2930 179 159 167 265 14 437 20 452 152 89 166 342 175 483 67 153 35 284 64 51 186 469 5 25 177 181 147 319 131 134 98 480 31 38 101 148 34 416 29 184 46 425 36 123 132 149 74 448 57 98 60 249 38 292 159 424 114 324 163 93 17 84 40 197 183 144 74 280 65 459 24 307 111 44 123 49 100 394 69 343
53 40 2939 71 222 27 427 19 34 56 354 154 63 181 435 52 226 18 259 69 143 85 150 82 161 168 186 99 58 67 330 139 24 72 386 80 65 14 387 180 464 181 70 14 84 124 428 28 279 101 180 125 60 113 459 172 325 73 379 160 257 73 444 17 489 191 109 11 372 14 55 19 277 190 56 58 179 82 470 130 127 165 118
54 40 3119 160 471 151 290 110 357 44 269 111 389 10 191 193 312 73 180 126 195 189 318 75 285 36 133 88 236 154 326 178 169 23 66 111 317 152 410 116 467 2 43 128 225 108 45 18 148 19 103 30 216 113 418 131 498 151 262 138 89 169 43 42 34 38 175 43 239 172 72 170 80 184 64 32 425 35 262 52 73 24 407
55 40 3211 36 213 55 44 162 190 82 119 78 127 127 460 16 149 158 354 112 488 116 132 167 71 137 59 162 308 18 189 143 392 200 190 92 280 13 212 41 129 43 291 162 432 181 238 121 94 156 156 157 386 129 40 114 311 19 217 1 32 16 237 34 62 161 302 90 444 14 433 42 15 86 303 127 85 176 310 153 52 117 260
56 40 3338 189 345 2 35 42 173 44 414 69 35 72 326 164 118 119 286 115 363 188 115 129 96 186 451 107 429 37 265 47 43 163 479 139 373 168 110 8 210 115 237 70 291 27 105 187 188 93 500 53 419 55 493 18 39 147 482 171 383 111 305 90 307 85 137 161 195 25 231 133 463 129 193 70 322 179 410 130 345 136 105
57 40 3050 110 51 68 352 50 132 197 104 93 48 66 239 27 200 27 187 117 377 73 393 129 467 62 432 137 183 79 484 195 290 102 65 15 428 194 226 126 57 49 139 2 89 171 423 53 343 184 70 94 145 20 461 150 26 189 50 27 48 106 494 131 328 8 90 65 179 17 172 81 458 159 156 196 463 77 7 96 203 71 364
58 40 3428 17 166 1 86 22 144 111 196 60 83 122 385 134 238 94 297 192 148 137 118 69 60 63 143 200 58 118 444 43 394 157 51 167 365 91 134 74 94 115 439 108 270 169 212 170 306 111 223 69 148 47 180 52 357 77 474 66 378 82 109 103 330 134 16 183 17 114 468 198 92 100 220 86 88 152 491 179 126 98 277
59 40 3210 195 22 83 122 14 374 53 162 169 124 105 485 102 164 158 437 77 496 104 408 34 493 21 268 42 352 82 365 91 65 81 495 198 439 84 314 164 222 87 76 140 305 189 101 61 473 197 489 104 73 12 8 34 94 195 102 107 443 65 266 154 287 63 336 153 235 69 410 10 23 137 238 124 134 110 196 28 232 117 7
60 40 3179 138 196 129 72 57 13 2 157 8 400 154 345 176 403 153 475 17 73 64 289 114 455 127 35 160 38 108 71 196 325 35 253 80 12 159 421 4 401 116 160 56 168 57 243 145 446 157 148 17 466 98 291 192 68 24 75 143 381 8 483 88 333 138 437 20 113 99 17 134 51 68 316 111 309 115 311 160 117 147 473
61 40 2943 52 299 152 245 8 14 168 405 11 153 92 175 71 200 80 151 132 358 6 228 103 48 141 399 11 56 115 458 105 30 41 493 106 297 190 189 136 136 158 126 17 327 184 158 40 489 137 309 87 6 175 433 145 20 48 226 105 238 23 488 172 342 79 335 20 405 171 26 41 387 161 183 49 366 35 34 48 296 64 272
62 40 3504 171 310 28 276 148 483 133 56 65 292 130 189 22 80 185 106 145 310 151 58 111 123 183 324 54 97 98 24 143 429 94 417 86 449 18 305 29 417 179 486 142 145 82 264 36 258 45 42 193 210 13 445 132 327 194 462 42 416 183 49 121 109 83 33 193 479 150 460 57 306 97 300 192 221 141 416 99 67 13 257
63 40 3579 119 417 199 497 25 162 65 49 192 224 164 435 168 120 97 433 44 421 96 342 105 276 152 12 151 236 62 22 44 228 41 241 19 307 116 178 80 430 90 340 101 321 181 250 119 457 94 219 27 279 139 162 131 252 104 476 191 434 191 379 199 141 187 482 198 97 13 82 133 26 102 202 6 201 8 464 122 441 199 72
64 40 3045 42 205 16 77 22 372 30 67 10 22 191 384 10 492 60 323 45 82 96 103 50 130 187 432 124 65 149 202 21 38 16 459 197 79 60 294 65 56 15 462 127 28 58 43 46 499 37 301 179 31 84 446 136 231 193 120 162 272 100 468 138 383 144 412 58 457 184 24 193 255 100 423 66 391 179 195 54 183 163 71
65 40 3385 82 179 101 136 4 327 19 191 152 179 172 282 193 245 33 371 96 47 90 244 3 9 133 21 198 259 48 199 109 426 189 139 123 399 130 158 54 479 98 60 69 79 178 464 109 341 31 451 110 314 141 43 61 415 136 241 85 489 75 265 54 403 190 177 182 55 154 26 87 151 111 14 32 354 154 199 98 411 148 497
66 40 2934 12 348 11 5 78 43 67 386 124 313 182 346 32 298 168 23 194 12 5 322 105 158 116 367 137 120 41 484 29 182 179 380 108 453 56 58 115 148 171 20 65 201 54 82 37 238 74 54 46 431 191 131 68 354 1 469 3 257 56 393 109 61 15 275 38 132 190 262 41 348 181 400 188 74 17 346 195 193 169 485
67 40 3149 126 418 31 488 41 79 59 193 164 207 6 164 23 359 36 137 153 223 79 91 46 496 77 266 145 124 181 201 135 468 49 255 116 120 187 25 94 330 9 283 179 11 107 189 81 377 143 322 107 208 163 345 94 479 23 23 29 395 30 227 74 377 179 212 126 110 94 296 169 382 53 198 144 77 155 387 101 136 129 85
68 40 2960 125 256 66 364 169 402 194 332 6 93 16 266 111 295 40 103 74 73 175 342 22 86 190 250 165 496 137 61 127 356 35 51 59 451 83 35 124 55 106 372 149 442 79 297 56 88 154 427 154 496 28 388 124 16 68 258 112 261 11 80 194 90 67 118 65 167 107 475 23 190 5 42 29 255 77 146 146 75 29 353
69 40 3529 184 35 99 53 125 244 30 185 119 383 137 54 196 181 132 263 16 462 113 121 165 198 167 267 64 65 172 498 131 264 61 189 100 221 172 119 118 255 183 314 41 18 9 384 125 323 18 375 94 1 23 378 165 500 99 497 150 4 107 434 28 72 72 89 36 194 26 178 116 415 186 298 184 245 136 125 199 485 114 406
70 40 3379 116 243 151 79 106 297 145 400 68 69 131 455 87 412 177 476 161 132 99 37 61 100 42 289 168 23 105 304 178 186 178 317 176 71 39 366 36 392 13 257 55 424 14 8 12 92 135 378 73 187 78 246 100 308 101 192 105 135 196 146 45 197 193 185 50 413 188 248 175 67 93 480 66 208 39 364 177 260 92 179
71 40 2760 123 360 29 93 67 220 138 78 90 196 58 446 103 382 88 156 47 457 13 10 51 478 155 128 87 484 116 22 180 142 33 418 130 294 100 310 111 336 86 126 199 126 155 239 70 404 40 119 48 343 16 70 78 94 74 259 30 13 128 88 156 282 59 210 69 249 98 454 21 84 170 119 47 274 46 67 120 280 22 102
72 40 3428 91 211 133 67 15 491 176 233 73 295 66 352 50 163 148 127 126 175 149 435 42 352 192 399 159 336 34 201 109 42 147 40 144 247 71 230 157 25 200 59 89 65 19 320 168 138 108 480 142 488 11 363 189 8 127 392 137 487 115 47 129 460 76 280 37 416 121 389 138 85 33 51 71 93 12 351 161 422 120 483
73 40 2988 62 386 131 434 169 142 100 385 63 304 87 202 189 360 162 13 51 234 128 148 109 156 63 243 45 402 186 422 198 162 171 265 10 367 25 327 113 414 111 11 62 111 42 461 13 299 4 17 115 500 64 205 93 412 34 234 186 484 116 192 37 171 14 336 56 225 19 219 178 60 125 79 69 8 150 464 62 81 124 131
74 40 3184 99 460 102 475 55 283 190 274 195 203 166 85 170 69 70 418 46 230 79 227 102 434 143 265 107 473 98 159 60 220 20 400 19 102 115 132 66 350 55 81 120 187 162 467 112 3 6 297 8 296 138 495 23 366 132 147 198 284 100 237 32 354 196 162 147 77 56 28 134 290 114 300 100 12 28 27 107 448 110 190
75 40 2700 142 270 18 409 129 90 157 176 190 60 74 45 34 343 16 87 186 359 39 464 33 307 29 107 94 225 63 500 151 267 35 35 13 466 164 143 10 41 116 285 48 214 11 162 161 500 53 183 8 61 137 242 7 293 68 292 1 119 153 238 24 491 14 32 53 51 119 105 148 77 174 249 59 381 189 390 174 393 81 228
76 40 3007 98 210 192 396 23 71 137 210 6 287 116 195 14 330 127 347 103 141 130 471 72 310 60 242 156 250 50 49 171 194 10 101 172 436 30 310 77 406 9 361 134 78 19 19 158 49 36 127 190 134 96 179 37 472 196 152 36 386 166 132 142 106 19 403 179 420 116 367 19 410 23 114 88 201 85 446 190 161 77 446
77 40 3249 41 378 96 249 29 134 128 113 92 226 67 447 132 19 153 284 85 475 8 328 175 28 107 259 92 119 163 22 155 457 181 104 109 397 133 456 104 112 151 41 83 467 139 446 130 207 16 37 152 485 11 423 101 436 93 450 114 274 123 422 102 317 35 175 112 216 116 100 33 3 81 218 132 440 43 8 78 241 167 493
78 40 2956 104 250 161 189 42 225 105 55 100 148 16 348 134 81 54 319 28 452 98 62 116 350 184 176 48 337 54 216 151 286 9 230 37 1 138 68 31 102 100 286 21 316 101 364 153 161 166 481 134 93 152 492 26 19 128 466 109 219 35 356 198 122 167 404 20 317 48 116 193 228 52 315 81 331 33 88 161 110 7 225
79 40 2936 146 272 69 136 96 420 5 193 32 161 161 300 56 66 130 60 1 223 154 440 109 140 200 7 111 18 34 145 104 188 176 32 180 286 121 458 113 301 74 181 17 31 142 95 89 333 17 435 50 398 99 359 90 472 49 373 103 260 186 4 70 228 138 381 136 16 171 293 112 497 75 172 34 433 8 22 12 51 1 446
80 40 2763 36 321 3 448 43 80 103 251 39 302 44 278 32 219 14 288 48 179 194 483 139 396 69 487 61 348 167 75 3 174 104 181 127 113 34 408 168 480 134 25 171 5 7 470 57 89 189 220 99 49 68 59 152 230 110 100 70 21 95 51 54 38 46 488 60 244 27 157 124 488 173 216 116 490 8 370 191 142 75 113
81 40 3419 35 299 54 448 15 389 56 205 40 305 164 140 193 88 83 6 169 278 97 245 123 449 74 442 71 438 96 263 27 34 150 160 133 412 162 263 14 497 189 138 200 16 181 308 173 99 52 261 35 433 189 252 130 234 157 230 137 284 174 72 73 153 93 113 195 130 99 2 150 393 72 450 28 381 66 339 50 381 75 269
82 40 3529 170 67 31 264 176 411 128 77 53 449 76 175 194 358 102 239 113 179 97 262 84 361 181 378 7 489 141 152 29 133 23 190 185 354 142 450 107 303 83 76 6 205 93 411 159 281 101 155 133 447 169 240 48 280 180 102 82 298 79 484 142 382 175 258 20 422 157 51 51 416 184 344 159 167 152 44 12 234 188 481
83 40 2887 118 390 41 466 47 444 72 365 114 499 76 98 169 97 28 408 138 403 170 68 3 138 93 251 126 442 43 261 115 68 86 135 8 498 99 356 187 466 154 200 131 40 20 215 21 115 10 121 140 344 123 142 127 360 24 289 141 286 5 60 62 487 69 421 160 46 94 18 94 374 158 133 71 358 200 401 30 96 42 267
84 40 3253 24 198 164 138 1 39 164 479 128 331 65 459 158 168 1 116 55 153 172 27 76 118 81 398 147 110 115 398 189 76 3 238 70 100 40 30 54 11 132 352 185 66 28 116 153 11 193 490 129 68 89 149 91 406 138 30 102 356 164 139 1 207 106 50 171 335 88 378 47 434 77 498 176 234 20 326 185 205 85 463
85 40 3353 128 164 101 112 79 299 133 85 144 225 2 60 93 224 176 360 9 71 87 106 76 284 138 365 21 151 155 469 197 249 198 307 137 153 95 35 180 335 17 306 166 361 76 464 54 114 192 313 3 497 90 358 51 56 186 268 146 488 15 415 96 195 142 318 36 422 184 8 174 410 97 255 175 44 78 30 24 358 41 495
86 40 3358 15 233 155 400 135 460 53 36 134 156 33 200 155 315 50 31 155 416 108 81 92 84 5 138 162 313 117 162 54 152 191 100 143 500 164 76 49 136 127 181 20 421 189 48 173 344 69 387 32 479 165 296 184 451 69 180 47 332 11 447 194 243 82 308 145 223 62 351 154 70 27 284 12 222 128 315 178 259 160 255
87 40 2908 111 343 50 165 158 160 14 423 175 108 104 386 110 450 37 424 107 120 180 334 109 295 99 425 26 380 33 283 6 226 102 74 35 468 46 258 105 427 65 443 12 198 197 336 184 63 22 9 117 13 133 192 177 9 22 483 63 116 38 456 149 141 110 170 70 194 135 123 83 366 164 29 73 402 31 445 52 85 132 405
88 40 3334 33 49 158 100 152 112 56 124 171 467 113 395 160 302 14 129 126 12 45 395 76 109 183 311 23 166 75 453 83 285 34 226 1 425 17 223 153 355 40 301 7 451 141 325 60 488 179 444 122 86 196 428 122 280 119 283 128 264 135 35 140 278 71 163 200 15 68 199 111 301 143 460 192 103 170 100 64 122 87 466
89 40 2975 4 31 82 35 127 167 74 104 146 106 113 280 32 93 33 357 58 124 51 86 113 98 29 38 5 465 157 269 25 472 28 441 86 381 38 103 140 309 149 66 22 473 40 60 15 50 169 71 168 453 110 165 155 159 157 462 115 321 129 307 170 266 142 308 113 100 61 12 39 92 108 208 183 443 189 217 113 31 31 57
90 40 3182 65 498 31 165 81 493 67 375 31 270 111 414 132 364 56 265 197 328 46 417 132 108 192 10 198 311 26 9 122 449 179 102 3 443 145 171 57 399 132 84 14 93 185 479 136 56 57 51 123 122 41 347 78 389 200 470 72 206 75 300 17 258 88 376 174 351 151 371 144 171 71 2 193 10 50 205 83 163 23 383
91 40 2592 173 110 91 92 18 175 79 11 68 137 26 269 89 470 96 489 67 182 159 430 198 22 160 42 117 426 45 3 36 5 59 200 44 187 27 346 116 401 86 412 100 128 30 38 15 422 128 500 56 140 96 459 135 243 19 33 5 185 150 241 110 71 188 350 104 67 13 60 49 188 128 443 76 416 17 419 4 90 63 312
92 40 3055 109 473 61 264 198 394 168 72 18 65 41 381 101 296 25 242 17 450 30 100 127 242 126 376 180 230 137 442 69 123 123 103 175 315 121 408 61 11 70 390 115 422 134 93 9 393 95 109 28 140 127 4 20 376 26 127 56 448 122 222 200 383 190 206 6 162 140 89 75 195 192 257 102 447 43 304 40 219 142 347
93 40 2852 183 269 9 367 12 137 155 223 125 305 105 389 66 461 60 34 104 407 16 177 16 195 62 235 15 79 83 310 173 279 93 380 76 368 105 489 31 82 95 247 75 89 83 181 88 234 88 94 131 21 47 71 30 105 55 336 172 488 116 106 117 189 20 447 129 254 196 65 122 332 9 289 107 298 195 483 150 40 52 329
94 40 2619 161 124 197 249 19 37 25 35 67 144 186 117 89 461 173 189 171 231 14 58 19 125 108 209 84 332 21 345 137 195 61 220 153 391 101 138 179 487 59 373 79 38 83 477 121 32 20 451 10 78 47 293 6 164 6 240 7 404 33 264 39 493 9 251 168 475 106 229 155 27 99 452 26 411 74 468 4 445 158 489
95 40 3287 145 132 184 9 140 126 74 481 197 38 127 346 85 452 106 132 28 7 89 382 91 489 164 108 151 105 111 137 110 429 13 139 187 356 166 209 69 389 30 427 141 104 75 157 41 184 73 299 44 384 16 297 51 127 101 431 145 450 164 181 92 407 55 263 108 279 161 51 171 35 56 188 89 454 18 357 141 324 100 318
96 40 2628 83 108 153 460 41 412 38 64 47 335 61 453 100 305 3 394 64 356 36 40 34 431 90 400 114 383 53 276 99 168 91 204 184 333 15 437 140 150 170 4 68 337 18 247 51 130 94 8 164 467 25 291 36 438 167 300 142 500 32 311 130 60 29 175 52 93 64 387 104 66 15 172 129 71 80 295 112 418 157 73
97 40 3260 107 220 90 447 185 160 16 329 105 466 88 105 160 216 134 496 123 298 111 73 108 418 104 389 194 220 8 307 35 214 109 299 72 110 50 248 120 417 116 94 99 365 17 423 146 135 25 70 132 102 187 48 41 151 13 37 134 148 158 17 8 195 64 255 149 88 152 360 117 8 123 33 83 26 188 224 128 381 77 123
98 40 3300 172 256 149 157 81 115 81 407 108 225 167 408 73 389 139 219 44 413 130 355 47 142 97 368 106 133 155 479 77 69 90 240 155 484 41 414 152 416 99 318 100 183 169 436 118 187 184 274 13 297 147 247 114 352 16 203 101 416 169 48 173 180 31 322 8 480 99 304 151 58 40 189 6 363 11 61 187 396 126 480
99 40 2915 56 347 42 449 45 189 118 302 111 231 37 170 29 122 3 231 67 101 8 152 184 68 75 301 35 54 197 261 87 494 45 229 80 208 43 414 83 288 16 37 54 208 56 126 119 392 108 34 181 190 182 125 172 126 184 452 106 362 176 481 85 36 124 261 117 155 117 444 129 38 94 398 35 213 29 234 123 481 92 64
100 40 3248 155 83 89 267 170 68 45 1 41 143 75 198 60 357 135 183 184 344 24 499 61 115 80 286 74 411 172 113 129 188 34 305 95 235 42 142 194 73 73 494 33 468 177 254 165 235 141 177 150 257 91 408 123 59 52 4 98 404 102 306 139 405 162 120 117 343 85 313 24 155 98 417 19 173 156 80 112 466 85 444
