1 25 4849 298 417 86 226 108 148 489 283 272 45 404 19 366 100 253 149 428 229 15 45 31 284 274 257 45 201 14 388 55 130 293 60 330 235 400 351 345 16 476 309 72 1 329 468 135 451 301 121 243 305
2 25 4748 34 173 99 338 336 85 175 95 286 274 431 268 427 275 320 395 107 294 83 469 301 489 265 118 477 478 177 147 15 426 30 417 327 371 472 315 214 296 81 439 108 476 415 35 167 65 171 149 417 100
3 25 5252 310 175 370 51 233 434 372 76 391 376 372 227 341 409 54 165 43 481 88 384 23 224 166 99 361 270 69 236 475 333 286 153 317 354 354 407 347 390 346 154 453 158 351 124 239 304 135 325 69 272
4 25 5721 258 219 51 388 453 48 464 464 92 130 309 242 104 101 322 196 110 50 420 114 472 483 131 467 336 319 314 81 433 320 366 34 252 157 443 387 288 401 190 398 387 69 385 387 161 491 206 81 205 277
5 25 5681 330 86 293 32 132 398 238 94 444 396 392 317 33 50 445 323 346 238 116 318 385 66 319 227 133 63 288 289 264 460 323 439 162 28 367 385 134 191 436 200 452 279 142 218 192 474 398 303 338 22
6 25 5697 172 57 290 467 277 212 155 349 432 490 252 485 300 251 113 150 427 293 232 112 93 116 456 438 490 229 188 215 425 84 329 121 109 389 376 321 496 93 217 472 259 199 171 141 413 236 353 133 97 495
7 25 4447 404 52 256 141 112 224 102 491 148 265 92 355 84 245 316 79 38 455 123 472 351 49 181 267 395 42 280 166 5 34 144 225 83 40 421 230 316 270 463 177 413 190 151 194 459 430 160 332 62 393
8 25 5448 183 149 75 60 113 192 193 360 44 137 128 119 423 59 240 26 395 220 308 222 495 356 412 36 464 445 201 234 405 411 203 122 249 212 202 407 474 335 255 403 249 156 227 429 87 31 351 401 435 163
9 25 4748 55 132 290 459 49 2 135 165 170 159 250 21 464 122 129 497 193 481 467 85 174 339 150 287 117 440 473 284 145 409 426 27 311 231 302 201 321 160 330 4 189 470 455 148 47 29 71 142 222 495
10 25 5304 36 75 428 1 104 464 166 215 279 174 330 4 267 353 130 105 162 3 391 420 269 245 482 178 157 196 301 60 448 500 387 158 394 215 449 190 127 488 34 482 162 491 373 401 138 96 316 49 300 8
11 25 4895 94 114 188 500 452 237 125 262 71 323 298 318 241 329 279 76 442 327 434 487 42 337 418 236 296 441 224 76 365 97 82 479 161 383 88 296 316 448 438 236 251 111 86 247 151 478 384 295 193 139
12 25 5435 188 348 439 82 204 50 390 461 362 197 210 83 395 208 26 426 220 60 215 211 253 297 480 58 349 317 75 368 2 376 237 77 85 449 448 400 384 60 220 449 193 456 452 399 408 181 146 105 413 268
13 25 4736 430 2 205 208 420 298 30 395 206 149 394 84 81 390 434 6 208 433 188 117 458 159 99 329 20 100 225 391 466 38 167 410 28 207 197 118 463 83 158 344 100 452 149 149 470 468 206 46 119 356
14 25 5479 226 10 101 91 137 313 68 215 179 272 307 17 344 231 233 376 484 175 447 309 467 201 158 431 96 282 377 71 150 369 455 257 358 264 288 19 315 247 8 399 230 432 435 397 429 436 67 283 490 140
15 25 4683 72 253 390 284 284 256 183 256 310 261 226 46 88 65 22 489 71 311 362 53 121 17 410 229 466 159 375 178 235 425 59 384 263 94 331 463 142 108 20 435 454 478 263 67 463 265 38 297 206 137
16 25 4128 71 392 188 182 417 457 473 406 131 218 65 333 303 215 442 452 379 285 251 134 347 253 114 279 18 264 457 182 2 236 29 191 154 258 22 438 160 229 253 233 186 453 115 33 131 115 360 118 93 386
17 25 4600 119 79 29 337 62 232 408 474 210 434 34 124 155 83 487 131 123 270 437 372 78 214 247 367 80 330 495 328 59 419 306 61 475 300 498 344 243 166 265 347 140 285 440 425 286 449 39 326 36 423
18 25 5640 162 216 496 41 344 40 10 388 231 41 319 2 347 284 379 179 358 458 47 377 484 115 406 441 483 265 186 147 327 485 484 4 172 326 276 12 134 304 450 298 128 260 125 59 354 320 338 28 10 410
19 25 5400 310 242 67 265 193 316 472 141 5 258 371 67 382 12 229 463 50 450 287 496 144 368 158 357 388 56 446 384 368 435 205 361 188 470 490 66 324 248 294 150 204 289 315 312 357 245 38 16 466 338
20 25 5082 248 163 438 454 263 61 50 374 485 270 119 196 462 414 84 483 386 65 68 203 266 160 420 225 165 240 281 271 408 488 199 185 467 149 156 397 269 247 377 341 276 213 60 429 7 191 101 499 298 19
21 25 5564 434 396 83 128 410 256 185 45 67 152 455 195 392 395 195 8 500 414 486 58 10 270 19 471 467 78 442 489 144 70 419 41 233 321 121 496 62 224 224 433 383 436 168 42 399 109 432 381 226 182
22 25 5344 107 429 250 337 395 360 455 82 360 230 337 109 378 9 7 383 32 424 99 252 174 199 329 417 229 450 197 145 492 206 169 445 318 194 466 229 237 90 392 358 462 71 210 147 78 248 12 268 496 290
23 25 5624 227 70 63 178 464 327 254 418 65 339 151 458 436 39 27 457 460 483 201 420 476 28 448 56 450 42 319 45 420 192 473 265 150 329 175 171 215 41 100 455 425 333 234 369 242 59 203 220 353 426
24 25 5355 432 42 428 229 69 457 173 79 111 241 274 179 260 4 479 267 364 136 261 302 227 461 51 111 167 386 270 348 352 226 313 474 495 195 158 353 287 149 75 214 368 151 466 54 337 289 213 38 64 252
25 25 5602 394 37 57 58 238 484 254 183 413 186 71 137 91 368 339 322 362 55 150 211 278 292 235 320 244 241 403 323 402 250 428 113 57 496 488 59 94 11 191 180 497 220 299 376 473 308 350 167 195 420
26 25 4902 311 448 122 317 201 6 245 13 173 161 94 456 290 299 323 324 460 293 500 384 329 348 79 297 126 392 18 278 395 413 318 78 16 1 269 109 292 390 112 26 377 303 464 376 353 460 3 191 258 281
27 25 4548 279 111 186 242 152 274 45 419 365 353 55 77 404 375 440 296 94 19 124 132 136 392 48 257 484 196 216 23 497 499 90 127 312 91 341 448 488 335 258 26 199 84 50 490 100 380 233 158 90 378
28 25 5647 198 40 495 284 105 123 98 379 255 269 27 386 397 4 365 158 230 185 360 425 440 158 355 42 417 213 240 237 489 338 334 173 90 398 258 41 343 236 302 475 299 183 173 272 364 453 63 129 362 232
29 25 4202 33 378 322 130 73 180 474 189 11 188 185 228 459 458 2 224 182 287 396 489 335 290 63 197 369 487 94 224 234 105 94 266 357 278 293 153 124 400 485 82 104 139 20 274 259 412 122 319 163 339
30 25 5590 329 352 451 498 28 245 303 9 152 85 473 466 99 231 318 472 314 323 123 192 369 8 453 234 302 327 352 150 421 284 115 437 266 440 67 263 247 85 371 185 120 54 375 94 128 274 412 110 400 82
31 25 4296 183 19 321 439 78 482 361 316 375 275 352 245 479 307 8 315 481 175 407 211 457 214 138 480 27 423 30 206 135 322 206 401 178 487 35 469 88 488 273 476 163 313 52 5 116 270 21 74 406 186
32 25 4700 467 459 425 122 353 90 420 19 79 297 184 434 99 206 210 459 470 196 151 146 92 331 436 440 184 114 262 200 369 43 17 21 169 442 1 277 250 395 128 59 199 244 233 346 256 271 247 103 174 138
33 25 5084 69 249 400 190 76 316 162 338 405 76 458 491 344 109 443 187 492 70 106 359 90 285 227 107 217 319 259 308 320 363 66 97 204 277 11 274 312 316 382 491 164 26 401 218 367 70 25 130 356 167
34 25 5080 101 318 126 208 285 303 343 152 388 10 476 407 101 115 309 440 193 280 5 279 331 128 325 115 402 361 403 29 463 273 77 471 342 108 373 499 199 155 8 133 51 443 142 214 232 481 490 188 185 433
35 25 4801 6 191 282 471 308 427 197 380 237 16 239 225 457 372 292 412 245 298 311 90 377 190 42 269 250 291 58 202 16 449 175 255 25 246 157 421 109 350 371 106 386 352 407 454 224 186 468 171 363 23
36 25 5848 200 90 100 22 386 166 35 359 420 205 80 184 324 25 215 166 400 128 107 12 464 300 304 3 193 235 233 301 462 226 71 499 383 76 426 402 489 31 461 470 438 414 66 101 269 127 353 385 432 81
37 25 4475 382 95 11 189 35 293 141 130 305 320 214 442 396 253 5 224 317 408 217 248 425 213 326 158 202 184 165 136 449 62 140 199 123 295 399 270 23 171 258 170 198 238 302 187 412 303 145 161 4 327
38 25 4301 78 185 210 412 308 351 134 433 20 163 33 277 389 413 251 256 413 194 332 185 50 464 357 131 371 160 222 310 50 486 363 452 61 374 496 218 3 140 169 163 482 423 231 31 282 452 23 47 49 395
39 25 4811 147 351 308 80 48 479 261 93 486 97 495 326 92 54 448 289 65 481 108 422 135 26 108 422 289 349 333 314 319 57 447 299 331 383 435 254 6 237 5 173 172 271 420 279 96 364 80 75 380 187
40 25 4366 73 143 316 151 5 272 28 6 161 313 217 26 204 332 41 228 258 87 358 458 90 4 343 224 326 275 81 253 390 42 70 225 359 232 204 356 265 214 279 456 432 215 401 267 91 237 109 267 357 36
41 25 5629 180 381 440 124 100 16 406 151 19 420 199 368 481 369 327 337 30 63 129 304 349 400 195 445 496 109 433 405 48 129 269 37 324 294 425 38 46 355 480 324 468 372 469 60 174 84 147 106 403 492
42 25 5048 344 354 208 402 199 171 168 422 140 87 417 405 334 412 241 426 399 113 320 180 245 117 422 140 282 237 321 147 231 331 173 204 36 336 221 334 465 100 278 367 303 313 39 403 350 477 121 207 53 100
43 25 5254 407 9 289 130 5 228 388 293 376 292 179 290 437 440 356 420 282 431 215 293 408 5 2 467 384 17 61 271 165 421 273 160 213 193 280 467 101 72 275 415 191 283 201 158 181 62 408 283 491 445
44 25 4892 44 365 355 156 29 445 386 439 59 1 240 144 353 398 75 252 285 81 362 137 338 204 247 472 338 349 429 273 372 336 194 105 259 378 373 197 71 103 75 66 64 19 348 175 180 407 341 233 299 360
45 25 4236 53 148 47 79 275 476 345 63 310 196 330 432 473 264 312 430 169 187 194 101 125 285 493 424 156 75 169 442 359 93 212 166 309 73 32 487 10 182 126 444 299 347 279 258 124 257 25 398 70 89
46 25 4416 88 87 138 242 143 167 180 76 253 223 1 334 430 165 158 89 195 414 78 256 110 498 247 180 194 248 326 203 265 371 153 311 493 47 429 167 181 267 477 75 199 372 170 251 221 439 56 33 335 239
47 25 5271 355 348 88 324 228 215 10 224 422 382 355 428 172 61 250 69 293 357 487 357 140 272 460 182 468 469 397 182 149 189 286 109 1 78 285 427 42 111 406 19 62 159 325 188 498 311 189 91 221 453
48 25 5276 247 51 61 207 498 496 149 261 12 125 162 236 328 239 108 382 452 447 425 82 35 411 335 249 444 126 397 216 146 314 337 448 259 387 210 306 429 302 179 116 231 119 376 290 181 452 422 151 173 123
49 25 4935 1 45 453 319 155 293 447 103 379 139 123 92 152 322 272 444 202 168 107 371 444 37 268 20 119 161 71 218 213 145 482 217 127 413 79 244 462 492 235 235 217 319 359 125 300 4 152 325 350 409
50 25 4792 198 116 488 378 412 429 63 61 327 187 495 404 28 90 499 454 177 445 133 286 117 223 180 173 131 198 430 82 41 390 175 473 368 322 16 466 15 61 80 215 190 356 369 390 239 213 345 385 474 144
51 25 4872 325 129 142 497 238 133 182 123 431 381 333 55 223 6 261 116 409 212 440 294 210 242 82 91 324 303 490 115 138 14 89 111 9 39 21 479 285 280 354 321 58 281 257 468 333 426 188 67 268 363
52 25 5829 254 462 316 290 451 156 223 338 390 112 330 387 347 6 309 368 180 439 276 92 386 10 236 222 447 268 100 272 211 347 341 178 325 191 478 63 371 196 92 73 229 299 165 453 232 195 464 296 134 243
53 25 3688 405 424 205 217 169 51 92 145 62 49 167 218 309 17 61 37 156 116 338 67 343 419 138 212 153 227 113 425 273 169 244 412 251 50 107 78 110 79 238 289 62 416 180 379 26 392 331 315 77 296
54 25 5265 338 297 339 93 317 230 459 369 82 185 386 343 42 409 139 442 15 189 180 365 457 315 48 62 5 374 324 383 225 412 33 499 191 487 467 401 464 35 315 398 216 74 451 75 321 408 472 396 296 117
55 25 5431 497 402 433 131 37 66 473 380 486 218 133 429 176 49 355 28 42 235 379 246 196 362 187 71 50 69 416 392 298 168 148 213 102 480 472 495 201 249 177 165 450 240 361 78 51 401 418 308 251 117
56 25 5589 90 136 133 106 238 177 408 75 476 461 29 312 399 149 52 413 46 221 50 404 148 437 455 475 489 42 438 45 310 52 83 158 454 242 498 31 399 6 378 278 33 29 318 499 425 255 433 67 205 481
57 25 4448 134 13 128 446 450 160 345 67 23 331 279 478 194 467 323 24 410 119 261 318 3 359 172 445 176 164 313 333 348 334 74 244 98 279 144 270 374 57 381 186 206 197 116 126 30 382 170 53 408 94
58 25 5353 174 288 401 25 485 481 211 490 360 335 279 475 396 477 416 352 371 4 329 443 335 291 169 292 427 417 78 190 117 141 372 251 158 68 100 256 205 269 28 140 150 139 188 433 73 145 486 301 384 212
59 25 4894 20 142 407 481 275 298 385 472 121 197 75 35 268 386 296 336 37 68 382 108 141 319 437 324 488 52 183 9 490 471 227 20 235 93 387 483 38 329 254 453 226 243 16 138 428 251 105 58 197 121
60 25 6525 148 227 310 468 407 7 489 377 471 353 210 67 347 429 395 105 432 321 457 89 3 203 105 169 356 79 243 66 467 48 452 20 445 184 251 121 438 260 354 314 299 483 270 107 298 94 393 405 117 118
61 25 5216 202 73 91 34 144 78 285 245 78 67 388 394 354 197 289 380 453 164 20 67 404 303 350 498 308 400 412 148 240 445 347 362 93 309 270 269 175 282 474 324 244 64 62 349 48 182 452 310 337 314
62 25 4372 285 442 205 393 8 253 169 391 224 180 408 455 419 209 283 216 40 315 273 351 283 346 284 296 66 452 319 390 230 405 124 260 477 264 446 393 307 405 59 368 12 222 174 359 104 256 62 453 204 399
63 25 5271 393 113 221 40 275 180 7 200 348 74 279 332 485 2 82 21 324 62 201 408 83 51 150 150 466 191 242 140 405 385 470 253 22 74 442 363 130 233 156 441 201 49 355 262 280 273 192 104 380 216
64 25 4554 229 301 64 395 77 423 142 151 117 155 401 231 40 42 116 350 390 67 293 34 136 230 480 226 1 311 239 308 201 48 99 306 437 129 338 285 212 279 453 201 327 200 230 194 279 412 215 58 177 478
65 25 4981 479 143 237 318 362 162 236 160 164 213 332 343 177 478 116 139 349 436 346 451 365 109 328 126 159 80 171 245 341 356 243 192 476 12 42 324 433 384 16 230 96 260 57 456 374 86 205 322 123 139
66 25 5290 116 475 286 453 398 380 184 60 2 300 155 308 335 305 238 372 72 235 456 156 21 420 364 266 28 71 398 400 393 253 380 62 347 124 143 387 487 433 332 65 95 490 320 35 496 348 369 318 198 401
67 25 4053 329 335 57 89 22 154 14 130 396 43 395 206 142 500 500 41 304 478 2 63 112 230 247 90 19 32 25 199 389 4 120 493 119 175 392 302 137 30 470 289 180 415 433 153 184 57 57 132 22 374
68 25 4944 158 377 119 259 275 81 243 213 286 102 82 389 144 399 374 78 124 17 103 252 345 126 24 61 383 482 339 411 275 135 297 119 200 476 349 304 403 464 498 220 160 109 405 390 22 325 217 333 355 154
69 25 5607 419 99 163 192 380 96 307 168 429 365 176 379 451 350 5 383 154 257 311 185 458 383 224 284 102 283 97 25 347 45 139 160 430 458 487 145 88 390 364 412 172 40 410 379 363 223 203 451 330 477
70 25 6191 43 491 55 233 165 460 348 479 228 338 465 118 447 163 408 292 469 217 483 399 391 318 299 102 318 52 38 80 440 484 108 429 492 47 456 55 263 401 420 337 460 38 404 141 29 357 73 340 437 261
71 25 5448 124 255 455 476 409 268 2 342 360 249 384 85 299 42 383 402 322 269 437 216 89 382 278 289 78 30 295 146 253 55 53 286 366 402 433 254 434 472 339 24 329 319 189 265 255 431 16 416 228 368
72 25 4209 202 188 272 323 129 322 419 13 69 218 457 131 426 104 374 450 3 414 177 101 294 100 211 39 128 207 139 228 83 158 210 313 52 360 267 185 102 238 42 231 24 84 34 243 376 312 403 309 369 79
73 25 4706 469 348 54 407 27 480 149 190 165 30 474 302 47 237 430 77 413 357 92 353 300 331 80 334 453 414 150 450 451 356 106 68 109 451 161 474 303 424 146 74 120 120 115 316 415 120 401 231 253 27
74 25 5487 76 400 400 77 70 111 327 216 394 448 337 374 144 350 424 367 96 285 242 393 485 40 205 93 305 464 283 375 471 204 148 353 221 442 43 299 438 267 221 213 102 481 298 236 435 230 421 73 273 197
75 25 5560 95 334 33 331 455 129 58 458 162 308 100 255 470 200 137 195 436 216 372 487 189 498 436 465 189 360 12 366 332 33 74 197 489 285 375 93 475 481 386 405 442 137 5 2 423 118 490 357 316 311
76 25 4702 259 350 161 294 281 400 345 152 441 10 110 477 136 405 76 306 224 228 68 143 32 307 399 5 299 374 402 326 457 43 423 118 92 24 164 256 26 132 467 304 267 450 471 450 81 159 78 435 119 186
77 25 5608 385 37 211 158 499 266 206 17 311 353 499 152 229 289 173 391 50 141 392 386 298 115 84 335 132 117 333 25 418 244 113 90 79 483 110 379 400 256 236 300 479 419 212 217 471 136 467 409 223 318
78 25 5176 136 447 342 441 403 408 91 137 202 356 139 259 374 126 383 350 386 131 299 398 247 294 9 439 305 445 180 351 267 239 451 44 460 52 263 189 39 177 391 23 201 465 86 43 303 367 452 280 62 408
79 25 5862 268 128 494 149 149 438 409 223 231 413 38 171 307 51 318 39 424 477 238 124 411 328 237 324 397 232 453 312 355 404 64 39 26 344 334 53 317 487 431 51 342 370 201 493 347 180 114 127 423 30
80 25 4853 63 475 367 401 198 310 66 435 366 84 316 306 488 347 147 307 474 410 186 375 190 78 440 448 1 95 219 362 92 314 272 360 406 251 6 250 134 286 217 305 275 21 211 115 331 330 146 11 456 426
81 25 4100 267 228 40 40 270 401 61 252 224 82 469 117 17 460 247 173 391 412 322 383 27 403 24 462 60 430 138 236 418 196 500 187 198 243 187 163 186 379 200 363 340 309 91 50 115 74 310 490 24 278
82 25 4627 244 480 380 89 447 159 84 416 142 98 86 284 90 123 252 148 11 25 328 149 442 181 436 483 464 469 166 153 413 342 326 134 366 319 50 452 417 265 159 51 185 448 72 184 33 437 77 38 114 425
83 25 4405 144 183 48 34 197 456 84 99 280 161 129 226 139 354 452 435 459 58 213 150 177 222 424 285 49 249 44 306 171 143 249 94 93 41 324 407 292 396 307 278 394 171 66 427 45 259 343 422 384 63
84 25 5062 428 70 464 452 325 183 65 34 180 311 186 246 330 347 58 166 84 308 489 476 55 48 444 42 459 430 161 420 277 474 70 33 24 178 257 181 109 26 386 199 279 253 387 450 379 400 372 35 60 283
85 25 5236 195 472 312 183 411 118 326 444 144 179 317 379 133 219 324 127 236 383 389 24 357 109 38 400 191 483 269 276 471 377 169 56 410 289 204 470 180 315 285 90 318 188 43 320 467 5 66 276 290 275
86 25 3971 44 403 377 262 75 216 327 498 268 45 45 148 429 72 105 34 108 89 281 418 80 425 119 193 190 204 127 317 422 43 95 175 425 80 48 103 129 73 107 239 213 137 345 89 87 262 59 407 459 64
87 25 4999 45 189 405 308 84 62 39 149 389 156 302 94 101 129 284 311 46 217 108 291 31 212 405 432 416 71 358 392 278 488 3 32 230 280 451 238 341 59 321 40 498 190 40 237 393 354 391 386 290 132
88 25 5104 433 105 470 115 303 318 444 34 15 213 287 363 85 439 260 263 321 96 409 118 93 265 473 345 310 381 266 429 408 479 465 451 104 173 117 43 108 414 172 35 52 291 5 35 180 326 302 223 298 286
89 25 5692 39 366 383 276 410 324 231 332 373 419 188 232 210 287 105 466 482 428 105 349 110 19 291 67 307 211 322 447 237 175 305 225 345 338 137 403 419 137 463 322 193 173 195 61 493 45 273 51 500 132
90 25 5067 423 131 343 460 393 323 484 486 139 3 239 68 65 38 57 121 377 181 290 253 432 341 461 374 183 198 145 49 104 231 467 154 428 484 132 492 226 315 89 426 70 234 48 165 200 67 352 125 187 292
91 25 4021 56 41 238 234 264 494 472 50 240 203 144 277 326 328 196 150 67 48 83 305 19 90 489 463 118 173 177 364 396 156 60 157 148 341 42 172 202 458 385 335 297 479 166 3 193 7 163 179 86 53
92 25 5652 333 16 192 474 277 223 423 212 172 148 416 365 283 468 286 439 215 88 500 58 457 17 227 134 129 357 391 51 294 444 494 92 256 330 249 220 270 270 204 109 185 94 118 180 164 378 107 394 423 306
93 25 5247 191 496 206 122 85 493 395 437 408 222 258 408 255 164 209 314 52 268 421 124 126 244 33 374 491 447 349 305 495 439 132 162 217 76 105 352 472 101 487 22 261 485 228 65 204 365 202 495 277 89
94 25 4559 7 458 473 492 235 173 94 487 18 400 266 385 443 162 322 72 134 274 73 30 141 13 345 196 440 403 102 266 196 70 232 292 3 157 287 157 8 85 489 259 410 25 23 342 384 345 238 309 336 382
95 25 5237 71 489 243 362 289 283 421 10 401 290 160 140 73 160 38 270 291 479 483 219 253 200 75 358 35 399 475 42 168 142 12 396 455 316 148 42 333 344 325 86 381 19 437 49 446 391 68 59 466 244
96 25 5191 366 473 30 101 287 311 247 17 358 15 400 129 400 117 153 229 277 309 228 258 297 475 333 51 245 19 151 328 200 199 14 419 170 316 299 379 48 351 56 286 399 26 493 265 458 261 175 176 405 27
97 25 4945 361 20 339 136 101 387 57 488 87 34 395 126 119 226 48 405 380 428 460 158 401 183 436 433 41 327 197 335 159 272 217 6 119 296 427 26 261 238 276 368 428 342 341 309 310 69 123 366 99 489
98 25 5308 235 417 245 24 214 449 162 292 276 123 333 56 446 486 32 445 324 189 361 310 484 462 376 58 462 106 90 258 133 97 456 324 73 417 53 80 204 264 481 210 354 145 356 429 113 42 43 305 329 327
99 25 5638 480 224 67 32 419 120 109 208 416 456 241 433 479 375 49 301 496 497 162 49 300 479 221 353 262 276 408 435 110 421 380 12 296 417 416 246 63 162 33 481 378 236 306 243 240 342 460 142 257 142
100 25 5336 464 303 482 495 340 253 141 466 252 259 201 18 430 223 241 46 379 497 279 346 457 233 476 476 307 288 228 101 162 327 250 298 219 66 97 31 22 110 202 15 321 451 434 477 82 331 26 255 178 199
