3.5762786865234375e-05
2.4557113647460938e-05
3.933906555175781e-05
3.838539123535156e-05
2.1696090698242188e-05
2.2172927856445312e-05
2.193450927734375e-05
2.2172927856445312e-05
2.1457672119140625e-05
2.1696090698242188e-05
2.193450927734375e-05
2.193450927734375e-05
2.2172927856445312e-05
3.910064697265625e-05
2.2649765014648438e-05
2.2411346435546875e-05
2.1696090698242188e-05
3.790855407714844e-05
3.933906555175781e-05
3.910064697265625e-05
2.1696090698242188e-05
2.1457672119140625e-05
2.193450927734375e-05
2.1457672119140625e-05
2.193450927734375e-05
2.1696090698242188e-05
3.8623809814453125e-05
3.814697265625e-05
2.193450927734375e-05
2.1457672119140625e-05
2.1457672119140625e-05
2.1219253540039062e-05
4.029273986816406e-05
5.459785461425781e-05
2.2649765014648438e-05
2.3603439331054688e-05
4.267692565917969e-05
2.3126602172851562e-05
3.62396240234375e-05
3.5762786865234375e-05
2.1457672119140625e-05
2.1457672119140625e-05
2.1457672119140625e-05
2.1457672119140625e-05
2.1457672119140625e-05
2.1457672119140625e-05
2.2172927856445312e-05
2.1696090698242188e-05
2.1696090698242188e-05
2.1457672119140625e-05
2.1696090698242188e-05
2.1457672119140625e-05
2.1457672119140625e-05
2.1457672119140625e-05
2.1696090698242188e-05
2.1457672119140625e-05
2.2411346435546875e-05
2.2411346435546875e-05
2.2411346435546875e-05
2.2172927856445312e-05
2.3126602172851562e-05
2.2649765014648438e-05
2.2411346435546875e-05
2.3126602172851562e-05
2.2649765014648438e-05
2.288818359375e-05
2.2649765014648438e-05
2.2649765014648438e-05
2.2411346435546875e-05
2.2649765014648438e-05
2.288818359375e-05
2.2649765014648438e-05
2.2172927856445312e-05
2.2411346435546875e-05
2.288818359375e-05
2.2649765014648438e-05
2.2411346435546875e-05
2.2172927856445312e-05
2.3126602172851562e-05
2.2411346435546875e-05
2.9802322387695312e-05
2.2411346435546875e-05
2.2172927856445312e-05
2.2411346435546875e-05
2.384185791015625e-05
2.193450927734375e-05
2.193450927734375e-05
2.2172927856445312e-05
2.1457672119140625e-05
2.1696090698242188e-05
2.2172927856445312e-05
2.1696090698242188e-05
2.1457672119140625e-05
2.1696090698242188e-05
2.1696090698242188e-05
2.193450927734375e-05
2.193450927734375e-05
2.1457672119140625e-05
2.1696090698242188e-05
2.1457672119140625e-05