1.621246337890625e-05
1.1920928955078125e-05
1.049041748046875e-05
1.0728836059570312e-05
1.0013580322265625e-05
1.0013580322265625e-05
9.298324584960938e-06
9.298324584960938e-06
9.298324584960938e-06
9.775161743164062e-06
9.298324584960938e-06
1.0013580322265625e-05
9.5367431640625e-06
9.298324584960938e-06
9.775161743164062e-06
9.059906005859375e-06
9.5367431640625e-06
9.5367431640625e-06
9.5367431640625e-06
9.059906005859375e-06
9.298324584960938e-06
1.0251998901367188e-05
1.0013580322265625e-05
9.5367431640625e-06
9.5367431640625e-06
9.5367431640625e-06
9.059906005859375e-06
9.775161743164062e-06
9.5367431640625e-06
9.5367431640625e-06
9.5367431640625e-06
9.298324584960938e-06
9.5367431640625e-06
9.5367431640625e-06
9.059906005859375e-06
9.059906005859375e-06
9.298324584960938e-06
1.3589859008789062e-05
9.298324584960938e-06
9.5367431640625e-06
9.298324584960938e-06
9.298324584960938e-06
9.298324584960938e-06
8.821487426757812e-06
9.298324584960938e-06
9.5367431640625e-06
9.5367431640625e-06
9.059906005859375e-06
8.821487426757812e-06
9.059906005859375e-06
9.059906005859375e-06
9.298324584960938e-06
1.33514404296875e-05
9.5367431640625e-06
9.298324584960938e-06
9.775161743164062e-06
9.298324584960938e-06
9.298324584960938e-06
9.298324584960938e-06
9.5367431640625e-06
9.298324584960938e-06
9.298324584960938e-06
9.298324584960938e-06
9.298324584960938e-06
9.5367431640625e-06
9.298324584960938e-06
9.298324584960938e-06
9.298324584960938e-06
1.0251998901367188e-05
9.298324584960938e-06
9.059906005859375e-06
9.059906005859375e-06
9.5367431640625e-06
9.5367431640625e-06
9.298324584960938e-06
9.059906005859375e-06
9.298324584960938e-06
9.5367431640625e-06
8.821487426757812e-06
9.059906005859375e-06
9.298324584960938e-06
9.298324584960938e-06
9.059906005859375e-06
1.0251998901367188e-05
9.775161743164062e-06
9.059906005859375e-06
9.059906005859375e-06
8.821487426757812e-06
9.298324584960938e-06
8.821487426757812e-06
8.821487426757812e-06
9.298324584960938e-06
8.821487426757812e-06
9.298324584960938e-06
8.821487426757812e-06
9.298324584960938e-06
9.059906005859375e-06
9.059906005859375e-06
9.059906005859375e-06
9.298324584960938e-06