2.193450927734375e-05
1.8596649169921875e-05
1.7642974853515625e-05
1.6689300537109375e-05
1.6689300537109375e-05
1.71661376953125e-05
1.6689300537109375e-05
1.6927719116210938e-05
3.123283386230469e-05
1.6689300537109375e-05
1.6689300537109375e-05
1.6689300537109375e-05
1.621246337890625e-05
1.6689300537109375e-05
1.621246337890625e-05
1.6450881958007812e-05
1.6450881958007812e-05
1.6927719116210938e-05
1.6927719116210938e-05
1.621246337890625e-05
1.6450881958007812e-05
1.6927719116210938e-05
1.6450881958007812e-05
1.621246337890625e-05
1.8835067749023438e-05
1.7404556274414062e-05
1.6689300537109375e-05
1.6689300537109375e-05
1.6689300537109375e-05
1.621246337890625e-05
1.5974044799804688e-05
1.6450881958007812e-05
1.6450881958007812e-05
1.621246337890625e-05
1.6450881958007812e-05
1.6689300537109375e-05
1.621246337890625e-05
1.6450881958007812e-05
1.6450881958007812e-05
1.6450881958007812e-05
1.6689300537109375e-05
1.621246337890625e-05
1.621246337890625e-05
1.6450881958007812e-05
1.6450881958007812e-05
1.6689300537109375e-05
1.6450881958007812e-05
1.621246337890625e-05
1.6450881958007812e-05
1.6450881958007812e-05
3.147125244140625e-05
1.6927719116210938e-05
1.6927719116210938e-05
1.6689300537109375e-05
3.0994415283203125e-05
1.6450881958007812e-05
3.0279159545898438e-05
1.6689300537109375e-05
1.6450881958007812e-05
1.6689300537109375e-05
1.5974044799804688e-05
1.6450881958007812e-05
1.6689300537109375e-05
1.6450881958007812e-05
1.6689300537109375e-05
1.6689300537109375e-05
1.6450881958007812e-05
1.6450881958007812e-05
1.6450881958007812e-05
1.71661376953125e-05
1.6927719116210938e-05
1.6450881958007812e-05
1.6450881958007812e-05
1.6689300537109375e-05
1.6689300537109375e-05
1.6689300537109375e-05
1.6450881958007812e-05
1.6450881958007812e-05
1.621246337890625e-05
1.7642974853515625e-05
1.6689300537109375e-05
1.621246337890625e-05
1.621246337890625e-05
1.5974044799804688e-05
1.6450881958007812e-05
1.6689300537109375e-05
1.621246337890625e-05
1.621246337890625e-05
1.6450881958007812e-05
1.5974044799804688e-05
1.6450881958007812e-05
3.910064697265625e-05
1.6927719116210938e-05
3.552436828613281e-05
1.811981201171875e-05
1.6927719116210938e-05
1.7404556274414062e-05
1.6927719116210938e-05
1.6450881958007812e-05
1.6927719116210938e-05