2.6464462280273438e-05
2.0503997802734375e-05
1.9788742065429688e-05
3.2901763916015625e-05
1.8596649169921875e-05
1.9311904907226562e-05
1.9073486328125e-05
1.8596649169921875e-05
3.266334533691406e-05
1.9073486328125e-05
1.8596649169921875e-05
1.8835067749023438e-05
1.8596649169921875e-05
1.8358230590820312e-05
2.1696090698242188e-05
3.24249267578125e-05
1.8358230590820312e-05
1.8358230590820312e-05
2.1696090698242188e-05
1.811981201171875e-05
1.8358230590820312e-05
1.8596649169921875e-05
1.811981201171875e-05
1.8358230590820312e-05
1.8596649169921875e-05
1.8358230590820312e-05
1.8596649169921875e-05
3.147125244140625e-05
3.218650817871094e-05
1.8358230590820312e-05
1.811981201171875e-05
1.8835067749023438e-05
1.8358230590820312e-05
1.811981201171875e-05
1.8596649169921875e-05
1.8596649169921875e-05
1.8358230590820312e-05
1.811981201171875e-05
1.8596649169921875e-05
1.8358230590820312e-05
1.8358230590820312e-05
1.8358230590820312e-05
1.811981201171875e-05
3.1948089599609375e-05
1.7881393432617188e-05
1.811981201171875e-05
2.5033950805664062e-05
2.0503997802734375e-05
1.9550323486328125e-05
1.8835067749023438e-05
1.9073486328125e-05
1.8596649169921875e-05
1.8596649169921875e-05
2.0503997802734375e-05
1.9550323486328125e-05
1.9073486328125e-05
1.8835067749023438e-05
1.8358230590820312e-05
1.8358230590820312e-05
1.8835067749023438e-05
1.8358230590820312e-05
1.8596649169921875e-05
1.8358230590820312e-05
1.8835067749023438e-05
1.8596649169921875e-05
1.8596649169921875e-05
1.8596649169921875e-05
1.7642974853515625e-05
1.811981201171875e-05
1.9073486328125e-05
3.1948089599609375e-05
1.9073486328125e-05
3.147125244140625e-05
1.7881393432617188e-05
1.811981201171875e-05
1.811981201171875e-05
1.7404556274414062e-05
1.7642974853515625e-05
1.7642974853515625e-05
1.7642974853515625e-05
1.7642974853515625e-05
3.075599670410156e-05
3.123283386230469e-05
1.7881393432617188e-05
2.1457672119140625e-05
1.9311904907226562e-05
1.9788742065429688e-05
1.8835067749023438e-05
3.647804260253906e-05
1.8358230590820312e-05
1.8358230590820312e-05
1.8596649169921875e-05
1.811981201171875e-05
1.8596649169921875e-05
3.337860107421875e-05
2.0742416381835938e-05
3.600120544433594e-05
3.5762786865234375e-05
3.266334533691406e-05
1.9311904907226562e-05