1 20 813
2 20 1118
3 20 1095
4 20 1018
5 20 1230
6 20 1124
7 20 1035
8 20 896
9 20 931
10 20 849
11 20 859
12 20 780
13 20 953
14 20 827
15 20 1212
16 20 937
17 20 937
18 20 955
19 20 946
20 20 968
21 20 1047
22 20 798
23 20 1150
24 20 1070
25 20 895
26 20 1157
27 20 1141
28 20 949
29 20 1094
30 20 957
31 20 952
32 20 1029
33 20 1062
34 20 1053
35 20 1049
36 20 920
37 20 984
38 20 846
39 20 938
40 20 1048
41 20 878
42 20 873
43 20 812
44 20 760
45 20 1027
46 20 839
47 20 827
48 20 998
49 20 962
50 20 869
51 20 1060
52 20 1038
53 20 1109
54 20 1057
55 20 918
56 20 700
57 20 815
58 20 1170
59 20 988
60 20 990
61 20 867
62 20 1006
63 20 947
64 20 941
65 20 1005
66 20 801
67 20 1003
68 20 1170
69 20 941
70 20 1009
71 20 964
72 20 1015
73 20 1002
74 20 792
75 20 1134
76 20 1117
77 20 828
78 20 1141
79 20 865
80 20 859
81 20 900
82 20 1119
83 20 830
84 20 1019
85 20 947
86 20 980
87 20 1132
88 20 1059
89 20 900
90 20 721
91 20 1078
92 20 1074
93 20 1074
94 20 1169
95 20 797
96 20 1009
97 20 1059
98 20 1134
99 20 1116
100 20 963