0.0
0.0
0.004470198675496689
0.017403206883066093
0.00014058765640376775
0.0
0.0
0.0
0.001847115657857346
0.0014967259120673526
0.0
0.01263341319973862
0.0
0.0
0.0
0.001003814495081309
0.0066315252508076855
0.0
0.004989538065346854
0.0
0.0
0.0
0.008604690399865025
0.0035324341682723185
0.016580903373356205
0.0
0.004233700254022015
0.005870841487279843
0.0031689443454149336
0.012536873156342183
0.002932551319648094
0.0
0.0
0.0
0.0056798012069577564
0.005936227951153324
0.011414790996784566
0.0
0.0
0.0
0.0
0.0
0.02729528535980149
0.0
0.0
0.0
0.0
0.004235493434985175
0.0
0.0
0.012354152367879203
0.008712121212121213
0.00045378913931326575
0.0022016040257902187
0.004657451923076923
0.0
0.0
0.002081887578070784
0.0
0.0
0.011440888741502238
0.0
0.005749880210828941
0.0
0.0
0.0
0.0017177211565989122
0.0
0.0
0.0
0.0
0.0
0.001321003963011889
0.011785912368275097
0.0
0.0
0.0136986301369863
0.004042889787308841
0.0
0.0010940919037199124
0.0
0.0
0.0
0.0019572953736654805
0.0
0.002780674313521029
0.0
0.0
0.004252303330970942
0.0
0.0
0.008683274021352314
0.0
0.01832460732984293
0.0
0.02140110349439893
0.0
0.0
0.0
0.0