0.0
0.0
0.0
0.0
0.0012367733956300674
0.0
0.0
0.0057584269662921345
0.00660180681028492
0.0053045859000684465
0.0025506589202210573
0.0
0.002041411490230388
0.005419677598665925
0.0
0.0
0.0
0.0009832841691248771
0.0
0.013812507993349533
0.012936802973977694
0.000829737802854298
0.0
0.0
0.0012720848056537103
0.0
0.0
0.0
0.0005752912411908529
0.0
0.0
0.0
0.0
0.00015269506794930523
0.0
0.0
0.002378892733564014
0.002036659877800407
0.0
0.004408060453400504
0.001692047377326565
0.0
0.0
0.001573001573001573
0.0026035209521448055
0.0
0.0
0.0
0.0
0.0
0.00013856172925038105
0.0
0.0
0.0001362583458236817
0.0
0.004194204372140315
0.0
0.003782720532607051
0.0019055995309293463
0.0
0.0
0.0
0.0
0.004693458492226459
0.0
0.0
0.0
0.0
0.005665365730832179
0.0
0.0
0.0010358094110683633
0.02406821620134782
0.0
0.0
0.0
0.0
0.00491183879093199
0.0
0.016944557408160497
0.0
0.0
0.0
0.0
0.0
0.0
0.007731958762886598
0.010001190617930707
0.0
0.0
0.0
0.0
0.0
0.004597040655078293
0.0
0.008416622830089426
0.0
0.0
0.0
0.022305869231841628