0.00014638900756835938
0.00030112266540527344
0.0005221366882324219
0.0004305839538574219
0.0002846717834472656
0.0007779598236083984
0.0005488395690917969
0.000637054443359375
0.00019359588623046875
0.003007650375366211
0.00031495094299316406
0.0005519390106201172
0.0005550384521484375
0.0016453266143798828
0.0002434253692626953
0.00013208389282226562
0.0003032684326171875
0.0007317066192626953
0.0003211498260498047
0.00023102760314941406
0.0003237724304199219
0.00041222572326660156
0.0004038810729980469
0.0003762245178222656
0.00017690658569335938
0.00022530555725097656
0.0005311965942382812
0.0006394386291503906
0.00013780593872070312
0.0004124641418457031
0.0009949207305908203
0.002965211868286133
0.0001480579376220703
0.0005462169647216797
0.00036406517028808594
0.00012183189392089844
0.0006110668182373047
0.0006151199340820312
0.00045108795166015625
0.00029206275939941406
0.00042891502380371094
0.0004715919494628906
0.0006515979766845703
0.0005152225494384766
0.0002541542053222656
6.818771362304688e-05
0.00021529197692871094
0.0005629062652587891
0.0006725788116455078
0.00034236907958984375
0.00031876564025878906
0.0013422966003417969
0.0006048679351806641
0.001065969467163086
0.000240325927734375
0.00031375885009765625
0.00014066696166992188
0.00030541419982910156
0.0008664131164550781
0.0011184215545654297
0.0002067089080810547
0.0007827281951904297
0.0005793571472167969
0.000202178955078125
0.0012426376342773438
0.00021386146545410156
0.0003044605255126953
0.00029587745666503906
0.0003445148468017578
0.00015926361083984375
0.0009903907775878906
0.0003643035888671875
0.0005400180816650391
0.0008294582366943359
0.0007243156433105469
0.0002307891845703125
0.000759124755859375
0.00036406517028808594
0.0028257369995117188
0.0007271766662597656
0.0006983280181884766
0.00029158592224121094
7.700920104980469e-05
0.0003020763397216797
0.0008440017700195312
0.0005583763122558594
0.00040912628173828125
0.0011315345764160156
0.00012111663818359375
0.0010247230529785156
0.0006380081176757812
0.000308990478515625
0.0005550384521484375
0.00014162063598632812
0.0010182857513427734
0.0005466938018798828
0.0004985332489013672
0.00021219253540039062
0.001432180404663086
0.0008561611175537109