0.0012924671173095703
0.006025552749633789
0.0036115646362304688
0.0010628700256347656
0.0077779293060302734
0.0018427371978759766
0.02049851417541504
0.00937032699584961
0.010470151901245117
0.007316112518310547
0.0010714530944824219
0.003184795379638672
0.005640983581542969
0.011252403259277344
0.008993864059448242
0.00047135353088378906
0.0027163028717041016
0.004656314849853516
0.00238800048828125
0.0025157928466796875
0.0036804676055908203
0.013371706008911133
0.013519763946533203
0.0044934749603271484
0.011230945587158203
0.00410008430480957
0.002515554428100586
0.0054111480712890625
0.014547109603881836
0.003938198089599609
0.011823654174804688
0.004412651062011719
0.009914875030517578
0.008493661880493164
0.0033435821533203125
0.002204418182373047
0.005582094192504883
0.0016641616821289062
0.01635146141052246
0.012802600860595703
0.0020055770874023438
0.010766267776489258
0.009556055068969727
0.0035796165466308594
0.002355813980102539
0.002147674560546875
0.0010540485382080078
0.0005247592926025391
0.010048389434814453
0.01227259635925293
0.010286331176757812
0.012727737426757812
0.0020346641540527344
0.006106138229370117
0.012581110000610352
0.005191326141357422
0.03330039978027344
0.00289154052734375
0.0032470226287841797
0.0017156600952148438
0.0008814334869384766
0.0022487640380859375
0.0056874752044677734
0.0020961761474609375
0.0022144317626953125
0.0013275146484375
0.007337808609008789
0.002135038375854492
0.0010499954223632812
0.0023136138916015625
0.0012302398681640625
0.0014464855194091797
0.006213188171386719
0.004418373107910156
0.009988069534301758
0.0026977062225341797
0.004944562911987305
0.003128528594970703
0.010177135467529297
0.0037012100219726562
0.0011761188507080078
0.0038564205169677734
0.006204128265380859
0.03287076950073242
0.0055768489837646484
0.002281665802001953
0.0007917881011962891
0.0024557113647460938
0.0025246143341064453
0.01949596405029297
0.0013113021850585938
0.00594019889831543
0.0025606155395507812
0.004216909408569336
0.00420689582824707
0.0020012855529785156
0.005490303039550781
0.002795696258544922
0.003045797348022461
0.0001971721649169922