3.933906555175781e-05
2.1457672119140625e-05
2.0742416381835938e-05
2.0265579223632812e-05
2.0503997802734375e-05
2.0265579223632812e-05
1.9788742065429688e-05
2.002716064453125e-05
1.9788742065429688e-05
5.221366882324219e-05
2.0742416381835938e-05
1.9550323486328125e-05
1.9550323486328125e-05
2.002716064453125e-05
2.002716064453125e-05
2.002716064453125e-05
1.9788742065429688e-05
1.9788742065429688e-05
2.002716064453125e-05
2.0265579223632812e-05
1.9788742065429688e-05
2.002716064453125e-05
2.09808349609375e-05
2.0503997802734375e-05
2.0742416381835938e-05
3.933906555175781e-05
2.0742416381835938e-05
2.0503997802734375e-05
1.9788742065429688e-05
2.0503997802734375e-05
1.9550323486328125e-05
1.9788742065429688e-05
1.9550323486328125e-05
1.9788742065429688e-05
1.9788742065429688e-05
2.002716064453125e-05
2.002716064453125e-05
2.002716064453125e-05
1.9550323486328125e-05
1.9311904907226562e-05
2.002716064453125e-05
1.9550323486328125e-05
2.002716064453125e-05
1.9788742065429688e-05
3.910064697265625e-05
2.09808349609375e-05
2.0503997802734375e-05
4.315376281738281e-05
2.0503997802734375e-05
2.002716064453125e-05
1.9550323486328125e-05
1.9788742065429688e-05
2.002716064453125e-05
1.9550323486328125e-05
1.9550323486328125e-05
1.9788742065429688e-05
1.9073486328125e-05
1.9788742065429688e-05
1.9788742065429688e-05
3.838539123535156e-05
3.409385681152344e-05
3.2901763916015625e-05
1.9550323486328125e-05
1.9550323486328125e-05
1.9311904907226562e-05
1.9550323486328125e-05
1.9311904907226562e-05
2.1219253540039062e-05
2.0265579223632812e-05
2.002716064453125e-05
2.002716064453125e-05
2.0742416381835938e-05
2.002716064453125e-05
2.002716064453125e-05
3.6716461181640625e-05
1.9788742065429688e-05
1.9788742065429688e-05
2.002716064453125e-05
1.9788742065429688e-05
1.9550323486328125e-05
1.9788742065429688e-05
2.002716064453125e-05
1.9788742065429688e-05
2.002716064453125e-05
1.9788742065429688e-05
2.002716064453125e-05
1.9788742065429688e-05
1.9311904907226562e-05
1.9550323486328125e-05
1.9550323486328125e-05
2.0742416381835938e-05
1.9788742065429688e-05
1.9788742065429688e-05
2.002716064453125e-05
2.002716064453125e-05
3.838539123535156e-05
2.0742416381835938e-05
2.002716064453125e-05
1.9311904907226562e-05
1.9550323486328125e-05