1.33514404296875e-05
2.002716064453125e-05
1.9073486328125e-05
1.8596649169921875e-05
5.4836273193359375e-06
5.4836273193359375e-06
5.245208740234375e-06
5.245208740234375e-06
4.76837158203125e-06
5.0067901611328125e-06
4.76837158203125e-06
1.8596649169921875e-05
5.245208740234375e-06
5.0067901611328125e-06
5.0067901611328125e-06
5.0067901611328125e-06
5.245208740234375e-06
5.245208740234375e-06
5.0067901611328125e-06
5.0067901611328125e-06
5.245208740234375e-06
5.4836273193359375e-06
5.245208740234375e-06
5.245208740234375e-06
5.0067901611328125e-06
5.0067901611328125e-06
5.245208740234375e-06
4.76837158203125e-06
1.049041748046875e-05
5.0067901611328125e-06
4.5299530029296875e-06
5.0067901611328125e-06
4.5299530029296875e-06
4.76837158203125e-06
6.67572021484375e-06
5.245208740234375e-06
4.76837158203125e-06
4.5299530029296875e-06
4.76837158203125e-06
4.76837158203125e-06
4.5299530029296875e-06
5.245208740234375e-06
5.245208740234375e-06
4.5299530029296875e-06
4.76837158203125e-06
4.5299530029296875e-06
4.5299530029296875e-06
4.5299530029296875e-06
4.5299530029296875e-06
4.5299530029296875e-06
4.5299530029296875e-06
4.5299530029296875e-06
4.76837158203125e-06
5.0067901611328125e-06
5.245208740234375e-06
4.76837158203125e-06
5.0067901611328125e-06
4.5299530029296875e-06
4.5299530029296875e-06
4.5299530029296875e-06
4.5299530029296875e-06
5.0067901611328125e-06
5.0067901611328125e-06
4.5299530029296875e-06
4.76837158203125e-06
4.5299530029296875e-06
4.5299530029296875e-06
4.5299530029296875e-06
5.0067901611328125e-06
4.76837158203125e-06
4.5299530029296875e-06
4.76837158203125e-06
4.76837158203125e-06
4.5299530029296875e-06
4.76837158203125e-06
4.76837158203125e-06
1.0728836059570312e-05
6.67572021484375e-06
5.9604644775390625e-06
5.7220458984375e-06
5.245208740234375e-06
5.245208740234375e-06
5.0067901611328125e-06
5.0067901611328125e-06
5.245208740234375e-06
4.76837158203125e-06
4.76837158203125e-06
5.245208740234375e-06
5.0067901611328125e-06
5.0067901611328125e-06
4.76837158203125e-06
5.245208740234375e-06
4.76837158203125e-06
5.245208740234375e-06
4.5299530029296875e-06
4.5299530029296875e-06
4.5299530029296875e-06
4.76837158203125e-06
5.245208740234375e-06
4.76837158203125e-06