0.0010919570922851562
0.002122163772583008
0.0014476776123046875
0.0012149810791015625
0.002660989761352539
0.0018150806427001953
0.0013911724090576172
0.0017957687377929688
0.0011014938354492188
0.0013399124145507812
0.002616405487060547
0.0007789134979248047
0.0014891624450683594
0.0010759830474853516
0.0012791156768798828
0.0024569034576416016
0.0007252693176269531
0.0010380744934082031
0.0014934539794921875
0.0019080638885498047
0.0008146762847900391
0.005201101303100586
0.0023157596588134766
0.0028946399688720703
0.0014519691467285156
0.001312255859375
0.0009462833404541016
0.001195669174194336
0.0018818378448486328
0.0009186267852783203
0.003108501434326172
0.0027399063110351562
0.0009322166442871094
0.0015287399291992188
0.0028810501098632812
0.002153158187866211
0.0020551681518554688
0.0008969306945800781
0.0011832714080810547
0.0020341873168945312
0.0017735958099365234
0.0020580291748046875
0.0007359981536865234
0.0022089481353759766
0.0006747245788574219
0.002483367919921875
0.0011208057403564453
0.0012557506561279297
0.0006635189056396484
0.0007662773132324219
0.0011730194091796875
0.0007588863372802734
0.0014879703521728516
0.002344846725463867
0.001737833023071289
0.0014374256134033203
0.0009784698486328125
0.0014591217041015625
0.0017707347869873047
0.0019693374633789062
0.0011448860168457031
0.0023550987243652344
0.0011763572692871094
0.0015039443969726562
0.0022187232971191406
0.0012807846069335938
0.002201080322265625
0.002031564712524414
0.0018367767333984375
0.0018684864044189453
0.0012722015380859375
0.003021717071533203
0.0021245479583740234
0.0022475719451904297
0.0005738735198974609
0.0016584396362304688
0.002993345260620117
0.0012006759643554688
0.0018007755279541016
0.0012209415435791016
0.003403186798095703
0.0013811588287353516
0.0019948482513427734
0.0012636184692382812
0.0012829303741455078
0.0014460086822509766
0.0018360614776611328
0.0009412765502929688
0.001913309097290039
0.001279592514038086
0.0013887882232666016
0.0027205944061279297
0.0025086402893066406
0.0013773441314697266
0.0010628700256347656
0.0010857582092285156
0.00154876708984375
0.0015764236450195312
0.0016603469848632812
0.0027213096618652344