uf20-0768.mwcnf 23278 -1 2 3 -4 -5 -6 7 -8 -9 10 11 12 13 14 15 16 -17 18 19 20 0
uf20-0218.mwcnf 35321 1 2 -3 -4 5 -6 7 8 9 10 -11 12 13 14 -15 -16 17 18 19 -20 0
uf20-0881.mwcnf 24156 -1 2 3 4 5 6 7 8 -9 10 -11 -12 13 -14 -15 16 17 18 19 20 0
uf20-0216.mwcnf 22831 -1 -2 3 -4 -5 -6 -7 8 -9 10 -11 12 13 14 -15 -16 17 18 19 -20 0
uf20-0254.mwcnf 42646 1 -2 3 4 5 6 7 8 9 -10 11 12 -13 14 15 -16 -17 18 19 20 0
uf20-0974.mwcnf 24771 1 -2 3 -4 5 6 -7 -8 9 -10 -11 12 -13 14 15 16 17 18 19 20 0
uf20-0888.mwcnf 30824 1 2 3 -4 5 6 -7 8 9 10 11 -12 13 14 15 16 17 18 19 20 0
uf20-0879.mwcnf 28347 1 -2 3 -4 -5 6 7 8 9 10 11 12 13 14 -15 -16 17 18 19 20 0
uf20-0576.mwcnf 99520 1 2 -3 4 -5 -6 -7 8 -9 10 11 12 13 14 15 -16 17 18 19 20 0
uf20-0490.mwcnf 87045 1 2 3 4 5 -6 -7 8 -9 10 11 12 13 -14 -15 -16 17 18 -19 -20 0
uf20-0883.mwcnf 18919 1 -2 -3 4 5 6 7 8 -9 -10 -11 12 -13 -14 15 -16 -17 18 19 20 0
uf20-0232.mwcnf 26777 1 2 -3 -4 5 -6 7 8 9 10 -11 -12 -13 14 -15 -16 -17 -18 -19 20 0
uf20-0775.mwcnf 14563 -1 -2 -3 4 5 6 -7 -8 9 10 11 12 -13 -14 -15 16 -17 -18 19 20 0
uf20-0591.mwcnf 74435 -1 2 -3 -4 5 6 7 -8 -9 10 -11 -12 -13 14 -15 16 17 18 19 -20 0
uf20-0251.mwcnf 30277 1 -2 -3 4 -5 6 -7 8 -9 -10 11 -12 -13 14 15 16 17 -18 19 -20 0
uf20-0857.mwcnf 16288 1 -2 3 4 -5 6 -7 8 -9 10 11 -12 -13 14 -15 -16 -17 18 -19 -20 0
uf20-0552.mwcnf 76404 -1 2 -3 -4 5 -6 7 -8 -9 10 11 12 -13 14 15 16 -17 -18 -19 20 0
uf20-063.mwcnf 70539 1 2 -3 -4 5 -6 -7 -8 9 10 11 -12 -13 -14 -15 16 17 -18 -19 20 0
uf20-0938.mwcnf 22269 1 -2 -3 4 5 -6 7 8 9 10 -11 12 13 14 -15 16 -17 18 -19 20 0
uf20-067.mwcnf 54361 1 2 3 -4 -5 -6 -7 8 -9 -10 11 -12 13 -14 15 -16 17 18 19 -20 0
uf20-0567.mwcnf 63170 1 -2 -3 -4 -5 6 -7 8 9 -10 11 12 -13 -14 15 -16 17 18 -19 20 0
uf20-0186.mwcnf 26619 -1 -2 3 -4 5 6 -7 8 9 -10 -11 -12 -13 14 15 16 -17 18 -19 20 0
uf20-0542.mwcnf 97522 1 2 3 -4 5 6 7 8 -9 -10 11 -12 13 14 15 -16 -17 -18 19 20 0
uf20-0892.mwcnf 24505 1 2 -3 4 5 6 7 8 9 10 11 12 13 -14 15 -16 17 -18 -19 -20 0
uf20-0329.mwcnf 36268 -1 2 3 4 5 6 7 -8 9 -10 11 12 -13 14 15 16 -17 -18 19 -20 0
uf20-0600.mwcnf 55766 -1 -2 3 -4 -5 -6 7 -8 9 -10 11 -12 -13 -14 15 16 17 -18 19 20 0
uf20-0210.mwcnf 28259 1 -2 -3 4 5 6 7 8 9 10 11 12 13 14 15 -16 -17 -18 19 -20 0
uf20-0500.mwcnf 85672 -1 2 3 4 -5 6 7 -8 -9 10 11 12 13 14 15 16 -17 18 19 -20 0
uf20-0724.mwcnf 36361 1 2 3 4 5 6 7 8 -9 10 11 12 13 14 15 16 17 18 19 20 0
uf20-0332.mwcnf 28139 1 2 3 -4 5 6 -7 8 -9 10 -11 12 -13 14 15 -16 -17 18 19 20 0
uf20-0359.mwcnf 26785 1 -2 -3 4 5 -6 7 8 -9 10 -11 12 13 -14 -15 16 -17 -18 -19 20 0
uf20-0297.mwcnf 36402 1 2 3 4 5 -6 7 8 9 -10 11 12 -13 -14 15 -16 17 18 -19 -20 0
uf20-0846.mwcnf 34088 1 2 3 4 5 6 7 8 9 -10 11 12 13 14 15 16 17 -18 19 20 0
uf20-0276.mwcnf 40931 -1 -2 3 -4 5 6 -7 8 9 10 -11 12 13 -14 15 16 17 18 19 20 0
uf20-0203.mwcnf 38199 1 -2 -3 -4 5 6 -7 8 9 10 11 12 13 14 15 -16 -17 18 19 20 0
uf20-0925.mwcnf 15669 1 2 3 -4 5 6 -7 8 -9 10 -11 -12 -13 -14 15 -16 -17 18 19 -20 0
uf20-0807.mwcnf 19649 1 -2 3 4 5 6 7 -8 -9 -10 11 12 -13 -14 -15 16 17 -18 19 20 0
uf20-0120.mwcnf 37749 1 -2 3 4 5 6 7 8 9 10 11 12 -13 -14 15 16 17 18 -19 -20 0
uf20-0796.mwcnf 22734 1 -2 3 -4 5 6 -7 8 9 10 11 12 -13 -14 -15 -16 17 18 19 20 0
uf20-0125.mwcnf 38648 1 2 3 -4 5 -6 7 8 -9 -10 -11 12 13 -14 -15 16 17 18 19 20 0
uf20-0950.mwcnf 26191 1 -2 3 4 -5 6 7 8 -9 10 11 12 13 14 -15 -16 17 -18 19 20 0
uf20-0536.mwcnf 73887 -1 -2 3 -4 5 -6 7 8 9 10 -11 12 -13 14 15 -16 17 -18 19 -20 0
uf20-0560.mwcnf 114457 -1 2 3 4 5 -6 7 -8 9 10 -11 12 13 14 -15 16 17 18 19 20 0
uf20-0923.mwcnf 25821 1 -2 3 -4 5 -6 7 -8 9 10 11 12 13 14 -15 16 17 18 -19 20 0
uf20-0887.mwcnf 20394 -1 2 3 4 -5 6 7 -8 -9 -10 -11 12 13 14 15 16 17 -18 19 -20 0
uf20-0227.mwcnf 48728 -1 2 3 4 5 -6 7 8 9 -10 -11 12 13 14 15 16 17 18 19 20 0
uf20-0663.mwcnf 95203 1 -2 3 4 5 6 7 8 9 10 -11 12 -13 14 15 -16 17 18 -19 -20 0
uf20-0971.mwcnf 17902 -1 2 -3 4 -5 6 7 8 -9 -10 -11 12 -13 14 -15 16 17 18 -19 20 0
uf20-0198.mwcnf 42704 1 -2 3 4 5 -6 7 8 -9 10 11 12 13 -14 -15 16 17 18 19 -20 0
uf20-0727.mwcnf 22163 1 2 -3 4 5 6 -7 -8 9 -10 11 -12 -13 -14 15 16 17 -18 19 20 0
uf20-0584.mwcnf 52754 1 2 -3 -4 -5 6 -7 -8 9 10 -11 -12 -13 -14 -15 16 -17 -18 -19 20 0
uf20-0641.mwcnf 94314 1 -2 -3 4 5 6 7 8 -9 10 11 -12 -13 -14 15 16 17 18 19 -20 0
uf20-0826.mwcnf 25569 1 -2 3 -4 5 6 7 -8 9 -10 11 12 -13 -14 -15 16 17 18 19 -20 0
uf20-0226.mwcnf 41285 1 2 3 4 5 6 -7 8 9 10 -11 12 13 14 -15 16 17 -18 19 -20 0
uf20-0279.mwcnf 27821 1 -2 3 4 -5 6 7 8 -9 -10 11 -12 -13 -14 15 16 -17 18 -19 -20 0
uf20-0566.mwcnf 66695 1 2 -3 -4 -5 -6 -7 8 9 10 -11 12 13 -14 15 -16 17 -18 19 20 0
uf20-0988.mwcnf 23572 -1 2 3 4 5 6 -7 8 -9 10 11 12 -13 -14 15 16 17 18 19 20 0
uf20-040.mwcnf 37289 1 2 3 4 5 6 -7 -8 9 10 -11 12 -13 -14 -15 16 17 -18 19 20 0
uf20-0959.mwcnf 24483 1 2 3 4 -5 6 -7 -8 9 10 -11 -12 13 -14 15 16 17 18 19 20 0
uf20-0217.mwcnf 35179 -1 -2 3 -4 5 6 7 8 9 -10 11 -12 -13 14 15 -16 -17 18 -19 -20 0
uf20-0680.mwcnf 73050 -1 -2 3 -4 5 6 -7 -8 9 -10 -11 -12 -13 14 -15 16 17 -18 19 -20 0
uf20-0460.mwcnf 86889 -1 -2 3 4 5 6 -7 -8 -9 10 11 12 13 -14 -15 -16 -17 18 19 20 0
uf20-0774.mwcnf 23755 1 -2 3 4 -5 -6 7 8 -9 10 11 12 13 -14 15 16 -17 18 19 20 0
uf20-0720.mwcnf 109741 1 2 3 4 5 6 7 -8 -9 10 11 12 -13 14 15 -16 -17 18 19 20 0
uf20-0328.mwcnf 30317 -1 -2 3 -4 5 -6 -7 -8 9 -10 11 12 -13 14 15 16 17 -18 -19 20 0
uf20-0228.mwcnf 35250 1 2 -3 4 5 -6 -7 8 9 10 11 -12 -13 -14 15 -16 17 18 -19 -20 0
uf20-0579.mwcnf 88109 1 -2 3 4 -5 -6 7 8 -9 -10 11 -12 -13 14 15 16 17 18 -19 -20 0
uf20-0771.mwcnf 26914 -1 2 3 4 5 -6 7 8 9 10 11 -12 13 14 15 16 17 18 -19 -20 0
uf20-0424.mwcnf 38641 1 2 3 4 5 6 7 -8 -9 -10 11 -12 13 14 -15 16 -17 18 -19 -20 0
uf20-0113.mwcnf 32664 -1 -2 3 -4 -5 6 7 8 9 10 11 -12 -13 14 15 16 17 18 -19 20 0
uf20-0803.mwcnf 28830 -1 2 3 4 5 6 7 -8 9 10 -11 12 13 14 15 -16 17 18 19 20 0
uf20-0639.mwcnf 94052 1 2 -3 -4 5 6 7 8 9 10 11 12 13 14 15 16 -17 -18 19 -20 0
uf20-0305.mwcnf 36911 1 -2 3 4 -5 -6 -7 8 9 10 11 -12 13 14 15 -16 -17 -18 -19 20 0
uf20-0553.mwcnf 83473 1 2 3 4 -5 6 7 8 9 -10 11 12 13 -14 -15 -16 -17 18 -19 -20 0
uf20-01000.mwcnf 33166 -1 2 3 4 5 6 7 8 9 10 -11 12 13 14 -15 -16 -17 18 19 -20 0
uf20-0292.mwcnf 35405 -1 2 3 -4 -5 6 -7 8 9 -10 11 12 13 -14 15 -16 -17 18 -19 20 0
uf20-0954.mwcnf 29795 1 2 3 4 -5 6 7 -8 9 10 11 12 13 14 15 -16 17 18 19 -20 0
uf20-0211.mwcnf 28293 1 2 3 -4 5 6 7 8 9 -10 -11 -12 13 -14 -15 16 -17 18 -19 20 0
uf20-0574.mwcnf 82033 -1 2 3 -4 -5 6 -7 8 -9 10 11 12 13 -14 -15 16 -17 18 19 -20 0
uf20-0126.mwcnf 31284 1 -2 -3 4 -5 -6 -7 8 9 10 -11 12 -13 14 15 16 17 -18 -19 20 0
uf20-0161.mwcnf 31433 1 -2 3 -4 -5 6 -7 8 -9 10 11 12 13 14 15 16 -17 18 -19 -20 0
uf20-0323.mwcnf 28528 -1 -2 -3 4 5 6 -7 -8 9 10 11 12 -13 14 -15 16 17 18 -19 20 0
uf20-0256.mwcnf 33600 -1 -2 3 -4 5 6 -7 8 -9 10 11 12 13 14 -15 -16 17 18 -19 -20 0
uf20-0804.mwcnf 24181 1 2 3 4 5 6 7 8 -9 10 11 12 -13 14 15 -16 17 -18 19 20 0
uf20-0793.mwcnf 25493 1 -2 3 4 5 6 7 8 9 10 11 -12 -13 14 15 16 17 -18 -19 20 0
uf20-0769.mwcnf 25404 -1 2 -3 4 5 6 7 8 9 10 11 12 13 14 15 16 -17 18 -19 -20 0
uf20-0707.mwcnf 79568 -1 -2 3 4 -5 6 -7 8 9 10 11 -12 13 -14 15 -16 -17 18 19 20 0
uf20-0897.mwcnf 22397 1 -2 -3 4 5 -6 -7 8 -9 10 11 12 13 14 15 16 -17 18 19 -20 0
uf20-0182.mwcnf 33022 -1 2 -3 4 5 -6 -7 -8 9 10 11 -12 13 14 15 16 17 18 19 20 0
uf20-0306.mwcnf 30418 -1 2 3 4 5 -6 7 8 9 10 11 -12 -13 -14 -15 16 17 18 19 -20 0
uf20-0231.mwcnf 17944 -1 -2 3 -4 5 6 -7 8 9 -10 -11 -12 -13 14 -15 16 -17 -18 -19 -20 0
uf20-0918.mwcnf 28750 1 2 -3 -4 -5 6 -7 8 9 10 11 12 13 -14 15 16 17 18 19 20 0
uf20-083.mwcnf 24617 -1 2 3 4 5 -6 -7 8 9 10 11 12 -13 14 -15 -16 17 18 19 20 0
uf20-0848.mwcnf 28610 1 2 3 4 5 -6 7 -8 -9 10 -11 12 -13 14 15 16 17 18 19 20 0
uf20-0403.mwcnf 39454 1 -2 -3 4 -5 6 7 8 9 10 -11 12 -13 14 15 -16 17 -18 19 20 0
uf20-085.mwcnf 24740 1 2 -3 4 5 -6 7 8 -9 10 -11 -12 -13 14 15 -16 17 -18 19 20 0
uf20-0261.mwcnf 34286 -1 2 -3 4 -5 6 7 -8 9 10 -11 12 13 14 15 -16 -17 18 -19 20 0
uf20-0609.mwcnf 78408 -1 -2 3 4 -5 6 7 -8 9 10 11 -12 13 14 -15 16 -17 -18 19 -20 0
uf20-0628.mwcnf 101161 1 2 -3 4 -5 6 -7 8 9 -10 11 12 13 14 -15 -16 17 -18 19 20 0
uf20-0705.mwcnf 110003 1 2 3 -4 5 6 7 -8 -9 -10 11 12 13 -14 15 -16 17 -18 19 20 0
uf20-0752.mwcnf 18513 1 -2 3 -4 -5 6 -7 8 9 10 11 -12 -13 -14 15 16 -17 18 -19 -20 0
uf20-0851.mwcnf 20422 1 -2 3 -4 5 6 -7 8 9 10 11 12 13 -14 15 16 17 -18 -19 -20 0
uf20-0224.mwcnf 27196 1 2 -3 -4 5 -6 7 8 -9 -10 11 -12 -13 -14 -15 -16 -17 18 19 20 0
uf20-030.mwcnf 33436 -1 2 3 4 -5 6 7 8 -9 -10 11 -12 -13 14 -15 -16 -17 18 -19 20 0
uf20-0697.mwcnf 80321 -1 -2 -3 4 5 6 -7 8 -9 10 -11 12 -13 14 15 -16 17 18 19 -20 0
uf20-0863.mwcnf 26659 -1 2 -3 4 5 6 7 8 9 10 11 12 -13 14 15 16 17 18 19 -20 0
uf20-0631.mwcnf 103401 1 -2 3 4 5 -6 7 8 9 10 11 -12 13 -14 15 16 17 -18 19 20 0
uf20-0173.mwcnf 33216 1 2 -3 4 5 6 -7 -8 -9 10 11 -12 13 14 15 -16 -17 18 19 20 0
uf20-0463.mwcnf 98155 1 2 -3 -4 5 6 7 -8 9 10 11 12 13 14 15 16 17 18 -19 20 0
uf20-073.mwcnf 23292 1 2 3 4 5 6 -7 8 -9 10 11 12 13 -14 -15 16 -17 -18 19 20 0
uf20-0504.mwcnf 73471 1 -2 -3 -4 -5 -6 7 -8 9 -10 11 12 13 14 15 -16 -17 18 -19 20 0
uf20-0363.mwcnf 36086 1 -2 3 4 5 -6 7 8 9 10 11 -12 -13 14 -15 16 -17 18 -19 20 0
uf20-0378.mwcnf 43795 1 2 3 4 5 -6 7 -8 -9 10 11 12 13 14 15 -16 17 18 -19 20 0
uf20-0559.mwcnf 77391 -1 2 -3 -4 5 6 7 8 -9 10 -11 -12 13 -14 -15 -16 17 18 19 20 0
uf20-0896.mwcnf 21888 -1 2 3 -4 5 6 -7 8 9 -10 11 12 13 14 15 16 17 -18 -19 -20 0
uf20-0483.mwcnf 88611 -1 2 -3 -4 5 -6 7 -8 -9 10 -11 12 13 14 15 16 17 18 19 -20 0
uf20-011.mwcnf 39132 1 2 3 4 5 6 7 -8 -9 -10 -11 12 13 -14 15 16 17 18 19 -20 0
uf20-0596.mwcnf 85155 1 -2 -3 4 -5 6 -7 8 -9 10 -11 -12 13 14 15 16 17 18 -19 20 0
uf20-0900.mwcnf 27149 1 -2 3 4 5 -6 -7 8 9 10 11 12 13 14 -15 16 17 18 -19 20 0
uf20-0967.mwcnf 30542 1 2 3 4 5 6 -7 8 9 10 11 12 -13 14 -15 16 17 18 19 -20 0
uf20-0581.mwcnf 98167 -1 2 3 -4 5 6 -7 8 9 10 11 -12 13 14 15 -16 17 -18 -19 20 0
uf20-0763.mwcnf 31031 1 2 3 4 5 6 -7 8 9 10 11 12 -13 14 15 16 17 18 -19 20 0
uf20-0530.mwcnf 86191 1 2 3 4 -5 -6 7 8 9 10 11 12 -13 14 15 16 17 -18 -19 20 0
uf20-0931.mwcnf 20527 1 -2 3 4 -5 6 7 -8 9 10 -11 12 -13 -14 -15 16 17 -18 -19 20 0
uf20-0905.mwcnf 22082 1 -2 3 -4 5 -6 7 -8 9 -10 11 12 13 14 15 -16 17 18 19 20 0
uf20-0535.mwcnf 55403 -1 -2 3 -4 -5 6 7 -8 -9 10 11 12 13 -14 -15 -16 17 -18 19 -20 0
uf20-0610.mwcnf 101017 1 -2 3 -4 5 -6 7 8 9 -10 11 12 13 -14 -15 -16 17 18 19 20 0
uf20-0219.mwcnf 42554 1 2 3 4 5 6 -7 -8 9 10 11 -12 -13 14 15 16 17 18 -19 20 0
uf20-0595.mwcnf 80111 -1 -2 -3 -4 5 6 7 -8 9 -10 11 -12 13 -14 15 16 17 18 19 -20 0
uf20-0659.mwcnf 97736 1 2 3 4 5 6 -7 8 9 10 11 12 -13 -14 -15 16 -17 -18 19 20 0
uf20-0249.mwcnf 32567 -1 2 3 4 -5 -6 7 8 -9 -10 11 12 13 14 15 -16 17 -18 -19 -20 0
uf20-0412.mwcnf 44199 -1 2 3 4 5 -6 7 8 9 10 11 12 -13 14 15 -16 17 18 19 -20 0
uf20-016.mwcnf 33895 -1 2 -3 -4 5 6 -7 8 9 10 11 12 13 -14 15 -16 -17 18 19 20 0
uf20-0298.mwcnf 50324 1 2 -3 4 5 6 7 8 9 10 -11 -12 -13 14 15 16 17 18 19 20 0
uf20-0289.mwcnf 41039 1 2 -3 4 5 -6 -7 8 -9 10 -11 12 13 14 15 16 17 18 19 20 0
uf20-0263.mwcnf 47249 -1 2 3 -4 5 6 -7 8 9 10 11 12 -13 14 15 16 17 18 19 20 0
uf20-0405.mwcnf 35414 -1 2 3 4 5 6 7 -8 9 10 -11 -12 -13 14 15 16 17 18 19 -20 0
uf20-0814.mwcnf 29335 1 2 3 4 5 6 7 8 9 -10 11 12 13 14 15 16 -17 -18 19 -20 0
uf20-0410.mwcnf 35211 -1 2 -3 4 5 6 7 -8 9 -10 11 -12 -13 14 -15 -16 -17 18 19 20 0
uf20-0183.mwcnf 30100 1 2 3 -4 5 6 7 8 -9 10 -11 12 -13 14 15 -16 -17 18 -19 -20 0
uf20-0387.mwcnf 35062 1 2 -3 4 5 6 -7 8 9 -10 11 -12 13 -14 15 16 17 18 -19 -20 0
uf20-0275.mwcnf 33365 1 -2 3 -4 5 6 -7 8 -9 10 11 12 13 14 15 16 17 18 -19 -20 0
uf20-0794.mwcnf 24595 1 2 3 -4 5 6 7 8 -9 10 -11 12 13 14 -15 16 -17 -18 -19 -20 0
uf20-0997.mwcnf 28230 1 2 3 -4 5 6 7 8 9 10 11 12 13 14 15 16 -17 18 -19 -20 0
uf20-0791.mwcnf 28543 1 2 -3 4 -5 6 -7 -8 9 10 11 12 13 -14 15 16 17 18 19 20 0
uf20-0309.mwcnf 26791 1 -2 3 -4 -5 6 7 8 9 -10 11 -12 -13 -14 15 16 -17 -18 -19 -20 0
uf20-0627.mwcnf 102274 -1 2 3 4 5 6 7 8 -9 10 11 12 13 14 -15 16 -17 18 19 20 0
uf20-01.mwcnf 43759 1 2 3 4 -5 6 7 8 9 10 11 12 -13 14 -15 16 17 18 19 20 0
uf20-0827.mwcnf 16712 -1 -2 -3 4 5 6 7 -8 9 10 11 12 -13 14 -15 -16 17 18 19 -20 0
uf20-0248.mwcnf 33132 1 -2 -3 -4 -5 6 7 -8 9 -10 11 12 13 -14 15 16 -17 18 19 -20 0
uf20-0676.mwcnf 74716 -1 2 -3 4 5 6 7 -8 9 -10 -11 12 13 -14 15 16 -17 -18 19 20 0
uf20-0317.mwcnf 24711 -1 -2 3 -4 -5 -6 -7 -8 9 10 11 12 13 -14 15 -16 17 18 -19 -20 0
uf20-0448.mwcnf 48231 -1 -2 -3 4 -5 -6 7 8 9 10 11 12 13 14 15 16 17 18 19 -20 0
uf20-0744.mwcnf 27026 1 2 -3 4 5 6 7 8 9 10 11 -12 -13 14 15 -16 -17 18 19 20 0
uf20-0515.mwcnf 74223 1 2 3 -4 -5 -6 -7 8 9 -10 11 12 -13 -14 15 16 17 18 19 20 0
uf20-0941.mwcnf 11372 -1 -2 3 4 -5 -6 -7 8 -9 10 11 12 -13 14 15 -16 17 18 -19 20 0
uf20-072.mwcnf 22922 1 -2 -3 4 5 6 7 -8 9 -10 11 12 -13 14 15 -16 -17 18 19 20 0
uf20-0283.mwcnf 42817 -1 2 3 -4 5 6 7 -8 9 10 -11 -12 13 14 15 16 -17 18 -19 20 0
uf20-0214.mwcnf 43835 1 2 3 4 5 6 7 8 9 -10 11 -12 -13 14 -15 -16 17 -18 19 20 0
uf20-0831.mwcnf 26932 1 2 3 4 5 -6 -7 8 -9 10 11 12 13 -14 15 -16 17 18 19 20 0
uf20-0679.mwcnf 95782 -1 2 3 4 5 6 7 -8 9 -10 -11 12 13 14 -15 -16 17 18 -19 -20 0
uf20-058.mwcnf 86559 1 -2 -3 4 5 -6 -7 8 9 10 11 12 13 14 -15 -16 17 18 -19 20 0
uf20-065.mwcnf 103644 1 2 3 4 -5 6 -7 -8 -9 10 11 -12 13 14 15 16 17 18 19 -20 0
uf20-0312.mwcnf 35663 1 2 3 -4 5 6 -7 8 9 10 11 -12 13 -14 -15 -16 -17 -18 19 20 0
uf20-0419.mwcnf 33053 1 -2 3 4 -5 6 -7 8 9 -10 11 -12 13 -14 -15 16 17 18 -19 20 0
uf20-0181.mwcnf 38749 1 2 3 4 5 6 -7 -8 9 10 -11 12 13 14 15 16 -17 -18 19 20 0
uf20-0637.mwcnf 55679 1 -2 -3 -4 5 6 -7 -8 -9 10 11 12 13 -14 15 -16 17 -18 19 -20 0
uf20-0557.mwcnf 60657 1 -2 3 4 5 6 -7 8 9 10 11 12 13 -14 -15 16 -17 -18 -19 -20 0
uf20-0920.mwcnf 26931 1 2 3 4 5 6 7 8 -9 10 -11 12 13 14 15 -16 -17 18 -19 20 0
uf20-0789.mwcnf 24649 1 -2 -3 4 -5 -6 7 -8 9 10 11 12 -13 14 -15 16 17 -18 19 -20 0
uf20-0384.mwcnf 38926 1 -2 -3 4 5 6 7 8 9 -10 -11 -12 13 14 15 16 17 -18 19 -20 0
uf20-0607.mwcnf 94615 1 2 3 -4 5 6 -7 8 -9 10 11 -12 -13 -14 15 16 -17 18 19 20 0
uf20-091.mwcnf 29381 -1 2 3 4 5 6 -7 8 9 10 -11 12 13 14 15 16 17 18 19 -20 0
uf20-0452.mwcnf 21352 -1 -2 -3 -4 5 -6 -7 8 9 -10 -11 12 13 14 15 -16 -17 -18 19 -20 0
uf20-0322.mwcnf 30943 1 -2 3 -4 5 6 -7 8 9 -10 11 -12 -13 14 -15 16 -17 -18 -19 -20 0
uf20-0529.mwcnf 116400 1 -2 -3 4 5 6 7 8 9 10 11 12 -13 14 15 -16 17 18 19 20 0
uf20-0502.mwcnf 108157 1 -2 3 4 5 6 7 8 9 10 11 -12 13 14 15 16 17 18 -19 20 0
uf20-0507.mwcnf 93762 1 2 3 4 5 6 7 8 9 -10 -11 12 -13 14 15 -16 17 -18 -19 20 0
uf20-0994.mwcnf 24773 -1 -2 3 -4 5 -6 7 8 9 10 11 12 13 -14 15 16 17 18 19 -20 0
uf20-0782.mwcnf 22705 -1 -2 3 -4 5 6 7 -8 9 10 11 12 13 14 15 16 -17 -18 -19 20 0
uf20-0437.mwcnf 23731 1 -2 3 -4 -5 6 7 -8 -9 -10 -11 12 -13 -14 -15 16 17 18 19 -20 0
uf20-0620.mwcnf 63088 1 -2 -3 -4 5 6 -7 8 -9 10 11 12 -13 14 15 -16 -17 18 -19 -20 0
uf20-0195.mwcnf 37722 1 2 3 -4 5 -6 -7 8 9 -10 11 -12 13 -14 15 16 17 18 -19 -20 0
uf20-0549.mwcnf 62489 -1 2 -3 -4 -5 -6 -7 8 -9 -10 11 12 -13 -14 15 -16 17 18 -19 20 0
uf20-0674.mwcnf 67998 1 2 3 -4 -5 -6 -7 -8 9 10 -11 -12 13 14 15 16 17 18 -19 -20 0
uf20-015.mwcnf 29163 -1 2 3 4 5 6 7 8 9 10 11 -12 13 14 15 -16 -17 18 19 -20 0
uf20-0823.mwcnf 25466 1 -2 3 4 -5 6 7 8 -9 10 11 12 13 -14 -15 16 17 18 -19 20 0
uf20-0427.mwcnf 31507 -1 2 3 -4 5 -6 -7 8 9 -10 11 12 13 14 -15 16 -17 -18 19 -20 0
uf20-0489.mwcnf 68300 1 -2 3 4 -5 6 -7 8 -9 10 -11 12 -13 -14 -15 -16 17 -18 -19 20 0
uf20-0860.mwcnf 26158 1 -2 -3 4 5 6 7 8 9 10 11 12 -13 14 -15 16 -17 18 19 20 0
uf20-0832.mwcnf 18219 1 2 3 -4 5 -6 -7 -8 9 -10 11 -12 -13 -14 -15 16 17 18 19 20 0
uf20-0634.mwcnf 71605 1 2 3 -4 -5 -6 7 -8 9 10 -11 12 13 -14 -15 -16 17 18 -19 20 0
uf20-0986.mwcnf 18868 -1 2 3 4 -5 6 -7 8 -9 10 11 -12 13 -14 15 16 -17 18 19 20 0
uf20-0873.mwcnf 37231 1 2 3 4 5 6 7 8 9 10 11 12 13 14 15 16 -17 -18 19 20 0
uf20-0809.mwcnf 24314 -1 -2 3 4 5 -6 7 8 -9 10 11 12 -13 14 -15 16 17 18 19 20 0
uf20-0970.mwcnf 22302 1 2 3 -4 5 -6 7 8 -9 10 -11 12 13 -14 15 16 17 18 19 -20 0
uf20-0982.mwcnf 11259 1 -2 3 4 -5 -6 -7 -8 9 -10 11 -12 -13 -14 -15 -16 17 -18 19 -20 0
uf20-0995.mwcnf 23545 1 -2 3 4 5 6 7 -8 9 10 -11 -12 -13 14 15 -16 -17 18 -19 -20 0
uf20-0672.mwcnf 91972 1 2 3 4 5 6 7 -8 9 -10 11 -12 13 14 15 -16 -17 18 -19 20 0
uf20-0185.mwcnf 22887 -1 2 -3 4 5 6 7 -8 -9 -10 -11 12 -13 14 15 -16 -17 18 -19 20 0
uf20-0327.mwcnf 43761 1 2 3 4 5 6 7 8 9 10 -11 -12 13 14 15 16 -17 18 19 20 0
uf20-03.mwcnf 35688 1 -2 3 -4 5 6 7 8 9 10 -11 12 13 -14 15 16 -17 -18 19 20 0
uf20-0250.mwcnf 57233 1 2 3 4 -5 6 7 8 9 10 11 12 13 14 15 16 17 18 -19 20 0
uf20-0506.mwcnf 70335 1 -2 3 4 -5 -6 -7 -8 -9 -10 11 12 -13 14 15 -16 -17 18 19 20 0
uf20-0420.mwcnf 39277 1 2 -3 -4 5 6 -7 -8 9 10 11 -12 13 14 15 -16 17 -18 -19 20 0
uf20-0272.mwcnf 32016 1 2 -3 -4 -5 -6 7 8 9 10 -11 12 -13 14 15 -16 17 18 19 -20 0
uf20-0124.mwcnf 41627 1 2 3 4 5 6 7 8 9 10 11 12 13 14 -15 -16 17 -18 19 -20 0
uf20-0512.mwcnf 39080 -1 -2 3 -4 -5 -6 -7 8 9 -10 -11 -12 -13 14 -15 16 -17 18 -19 -20 0
uf20-0171.mwcnf 29121 -1 -2 -3 -4 5 6 7 8 9 -10 -11 12 13 -14 -15 16 17 18 -19 20 0
uf20-0743.mwcnf 14853 1 2 3 4 5 -6 7 -8 -9 -10 11 -12 -13 14 -15 -16 17 18 19 -20 0
uf20-0616.mwcnf 49002 1 -2 -3 -4 5 6 -7 -8 9 -10 11 -12 13 -14 -15 -16 -17 18 -19 20 0
uf20-0509.mwcnf 61496 -1 2 3 -4 5 -6 7 -8 -9 -10 -11 -12 13 14 15 16 -17 18 -19 -20 0
uf20-0751.mwcnf 23672 -1 -2 3 4 5 6 7 8 -9 -10 11 12 -13 14 15 16 17 -18 19 20 0
uf20-035.mwcnf 41891 1 2 3 -4 -5 6 -7 8 9 -10 11 12 -13 14 -15 -16 17 18 -19 20 0
uf20-0868.mwcnf 24027 1 2 3 4 5 -6 -7 8 9 -10 11 12 13 -14 15 16 -17 18 -19 20 0
uf20-0342.mwcnf 30113 -1 2 -3 -4 5 -6 -7 8 9 -10 -11 -12 -13 -14 -15 16 17 18 19 20 0
uf20-0307.mwcnf 49074 1 2 3 -4 5 -6 7 -8 9 10 11 12 13 14 15 16 -17 18 -19 20 0
uf20-0105.mwcnf 33082 -1 -2 3 4 5 6 7 8 9 10 11 12 13 -14 -15 -16 17 18 -19 20 0
uf20-0855.mwcnf 29296 -1 2 -3 4 5 6 7 8 -9 10 11 12 13 14 -15 -16 17 -18 19 20 0
uf20-0813.mwcnf 18754 1 2 -3 4 5 -6 -7 8 -9 10 11 12 -13 14 -15 -16 -17 -18 19 -20 0
uf20-0904.mwcnf 23655 1 -2 3 4 5 6 -7 8 9 10 -11 12 13 14 15 16 -17 18 19 -20 0
uf20-0660.mwcnf 119364 1 2 -3 4 5 6 -7 8 9 10 11 -12 13 -14 15 16 17 18 19 20 0
uf20-0683.mwcnf 56569 -1 2 -3 -4 -5 -6 7 -8 -9 -10 11 -12 13 -14 15 16 -17 18 19 -20 0
uf20-0981.mwcnf 14399 1 -2 -3 -4 -5 6 7 8 9 10 11 12 -13 14 15 -16 17 -18 -19 20 0
uf20-0331.mwcnf 41888 1 2 -3 4 5 6 7 8 9 10 11 -12 13 -14 15 -16 17 -18 19 -20 0
uf20-0894.mwcnf 31551 1 2 3 4 5 6 -7 8 9 10 11 12 -13 14 15 -16 17 18 -19 20 0
uf20-0750.mwcnf 18653 1 -2 3 4 -5 -6 -7 -8 9 10 -11 -12 -13 -14 15 16 17 18 -19 20 0
uf20-0598.mwcnf 89015 1 2 3 4 5 6 -7 8 9 -10 -11 12 -13 14 -15 16 17 -18 -19 20 0
uf20-0993.mwcnf 30116 -1 2 3 4 5 6 -7 8 -9 10 11 12 13 14 -15 16 17 18 19 20 0
uf20-0872.mwcnf 19171 -1 2 3 4 -5 -6 7 8 -9 10 11 -12 13 14 15 -16 17 18 -19 20 0
uf20-0866.mwcnf 22371 1 -2 3 4 -5 6 -7 8 9 10 11 12 -13 14 -15 -16 17 18 -19 20 0
uf20-0399.mwcnf 33575 1 2 -3 -4 -5 6 7 8 9 -10 11 12 13 -14 -15 16 -17 18 19 -20 0
uf20-0838.mwcnf 21472 -1 2 -3 4 -5 -6 7 8 9 -10 11 12 13 14 15 -16 17 18 19 20 0
uf20-0477.mwcnf 79412 1 -2 3 -4 5 6 -7 8 -9 -10 -11 -12 13 14 15 -16 -17 18 19 20 0
uf20-0193.mwcnf 25300 1 2 3 -4 -5 -6 7 -8 -9 -10 -11 12 -13 -14 15 16 17 18 -19 20 0
uf20-0386.mwcnf 38565 1 -2 3 4 5 -6 -7 8 9 -10 -11 -12 -13 -14 15 16 17 -18 19 20 0
uf20-0244.mwcnf 32267 1 -2 3 4 -5 6 7 8 9 10 11 -12 -13 -14 -15 -16 17 -18 -19 -20 0
uf20-0675.mwcnf 84446 -1 2 3 4 5 6 7 -8 9 -10 11 -12 -13 -14 15 16 -17 18 19 20 0
uf20-07.mwcnf 25703 -1 2 3 4 -5 6 7 8 9 -10 11 12 13 14 15 -16 -17 18 19 20 0
uf20-0757.mwcnf 33547 1 2 3 4 5 6 -7 8 -9 10 11 12 13 14 15 16 17 18 19 20 0
uf20-0455.mwcnf 45621 1 2 3 -4 5 -6 -7 8 9 10 11 -12 13 14 15 16 -17 18 19 20 0
uf20-0755.mwcnf 29267 1 2 3 -4 5 -6 -7 8 9 10 11 -12 13 14 15 16 17 18 19 20 0
uf20-0302.mwcnf 37788 1 2 3 -4 5 -6 7 -8 9 -10 11 12 -13 -14 -15 -16 17 18 -19 20 0
uf20-0858.mwcnf 25793 1 -2 3 4 5 6 -7 8 -9 10 -11 12 -13 -14 15 16 17 18 19 20 0
uf20-0957.mwcnf 30428 1 -2 3 4 -5 6 7 8 9 10 11 12 13 14 15 16 17 18 -19 20 0
uf20-0802.mwcnf 24513 1 -2 3 4 5 -6 7 8 9 10 -11 12 13 14 -15 16 -17 18 19 -20 0
uf20-0649.mwcnf 79188 -1 2 3 -4 5 6 7 8 -9 -10 -11 12 13 -14 15 16 17 18 -19 20 0
uf20-0274.mwcnf 42530 1 -2 3 -4 5 6 7 -8 9 -10 11 12 13 14 15 -16 -17 -18 19 20 0
uf20-0417.mwcnf 33177 1 2 -3 -4 -5 6 7 8 9 -10 -11 -12 13 -14 -15 -16 17 18 19 -20 0
uf20-0521.mwcnf 98495 1 2 3 -4 5 6 7 -8 -9 10 11 12 13 -14 15 -16 17 18 -19 20 0
uf20-0725.mwcnf 22309 1 2 -3 4 5 6 7 -8 9 10 -11 12 -13 14 15 16 17 -18 -19 -20 0
uf20-0689.mwcnf 76701 -1 2 3 -4 5 6 7 8 9 10 11 -12 -13 -14 -15 16 -17 18 19 -20 0
uf20-0932.mwcnf 29542 1 2 3 4 5 -6 7 8 -9 -10 11 12 13 14 -15 16 17 18 19 20 0
uf20-023.mwcnf 32022 -1 -2 -3 4 -5 6 7 -8 9 10 -11 12 13 14 -15 16 -17 18 19 20 0
uf20-0985.mwcnf 29406 1 2 3 4 5 6 -7 8 9 10 -11 12 13 14 -15 16 17 -18 19 20 0
uf20-0585.mwcnf 80279 1 2 3 -4 -5 6 -7 -8 9 -10 -11 12 13 -14 -15 16 17 18 -19 20 0
uf20-0325.mwcnf 46467 -1 2 -3 -4 5 6 7 8 9 -10 11 12 13 -14 15 16 17 -18 19 20 0
uf20-0611.mwcnf 68469 1 2 -3 4 5 -6 7 8 -9 10 11 12 -13 14 -15 -16 -17 18 -19 -20 0
uf20-0608.mwcnf 68412 -1 -2 3 4 5 6 7 -8 -9 10 11 -12 -13 -14 -15 16 17 -18 -19 -20 0
uf20-0926.mwcnf 26499 -1 -2 -3 4 5 6 -7 8 9 10 11 12 13 14 15 -16 -17 18 19 20 0
uf20-0824.mwcnf 22060 1 -2 3 -4 5 -6 -7 -8 9 10 11 12 13 14 15 16 -17 -18 19 20 0
uf20-0197.mwcnf 35620 1 2 3 -4 -5 -6 7 8 -9 10 -11 12 13 14 15 -16 -17 18 19 20 0
uf20-0800.mwcnf 27885 1 2 3 4 5 6 7 8 9 -10 11 -12 13 14 -15 -16 17 18 19 -20 0
uf20-0457.mwcnf 67564 1 -2 -3 4 5 6 -7 -8 9 -10 -11 12 -13 14 15 16 -17 18 19 20 0
uf20-0130.mwcnf 22941 1 -2 3 -4 5 6 7 -8 9 10 -11 12 -13 14 -15 16 17 18 19 -20 0
uf20-0875.mwcnf 27552 1 2 3 -4 5 6 -7 8 9 10 11 12 -13 14 -15 16 17 18 -19 20 0
uf20-0651.mwcnf 109009 1 -2 3 4 -5 -6 7 8 9 10 -11 -12 13 14 15 16 17 18 19 20 0
uf20-0360.mwcnf 34546 -1 2 3 4 5 6 7 -8 -9 10 11 12 -13 -14 15 -16 17 -18 19 20 0
uf20-0206.mwcnf 43279 1 2 3 4 5 6 -7 -8 -9 10 -11 -12 -13 14 15 -16 17 18 -19 20 0
uf20-0367.mwcnf 35797 1 -2 3 4 -5 -6 7 8 9 -10 11 12 -13 14 15 16 17 18 -19 -20 0
uf20-0462.mwcnf 103262 1 2 3 4 5 6 7 8 -9 -10 11 -12 13 14 -15 -16 -17 -18 19 20 0
uf20-0914.mwcnf 26501 1 -2 3 4 5 -6 7 -8 9 -10 11 12 13 14 15 16 17 -18 19 20 0
uf20-0606.mwcnf 88419 -1 -2 3 -4 5 -6 7 -8 9 -10 11 12 -13 -14 15 16 17 18 19 -20 0
uf20-0488.mwcnf 81518 -1 2 3 -4 5 6 -7 -8 -9 10 -11 12 -13 14 15 16 -17 18 -19 -20 0
uf20-0511.mwcnf 97496 1 -2 3 -4 5 -6 7 8 9 10 11 12 -13 14 15 -16 -17 18 19 -20 0
uf20-0466.mwcnf 62113 -1 2 -3 -4 5 6 -7 8 9 10 -11 12 -13 14 15 -16 -17 18 -19 -20 0
uf20-0458.mwcnf 57599 1 -2 3 -4 -5 -6 7 8 -9 -10 11 12 -13 -14 -15 -16 17 -18 19 20 0
uf20-0740.mwcnf 32481 1 2 3 4 5 -6 7 8 -9 10 11 12 -13 14 15 16 17 18 19 20 0
uf20-0408.mwcnf 37277 -1 -2 -3 -4 5 -6 7 8 9 -10 -11 12 -13 -14 15 16 17 18 19 20 0
uf20-0989.mwcnf 26055 -1 2 -3 4 5 6 7 8 9 10 -11 12 13 -14 15 -16 17 -18 19 20 0
uf20-0984.mwcnf 17254 1 2 3 -4 5 6 7 -8 -9 -10 -11 12 -13 -14 -15 -16 17 -18 19 20 0
uf20-06.mwcnf 113951 1 2 -3 4 5 -6 7 8 9 10 11 12 13 14 15 16 -17 -18 -19 -20 0
uf20-0843.mwcnf 20256 1 -2 3 4 -5 -6 -7 8 9 -10 11 12 -13 14 15 16 17 18 19 20 0
uf20-044.mwcnf 23057 -1 -2 3 -4 5 6 7 -8 -9 -10 11 12 -13 -14 15 -16 -17 18 19 -20 0
uf20-090.mwcnf 33693 1 2 3 4 5 6 7 8 -9 10 11 12 13 14 15 16 17 18 19 20 0
uf20-0418.mwcnf 53175 -1 2 3 4 5 6 7 8 9 10 -11 12 13 14 15 -16 17 18 19 20 0
uf20-0133.mwcnf 50780 1 -2 3 4 5 6 7 -8 9 10 11 12 13 14 15 16 17 18 19 20 0
uf20-0852.mwcnf 21201 1 2 3 -4 5 -6 7 8 9 -10 11 12 -13 -14 -15 16 17 18 19 -20 0
uf20-0699.mwcnf 50449 1 -2 3 4 -5 -6 7 8 -9 -10 -11 -12 13 -14 -15 16 -17 18 -19 -20 0
uf20-0785.mwcnf 23443 -1 2 3 -4 -5 6 7 8 9 10 11 12 13 -14 15 16 17 -18 -19 20 0
uf20-0539.mwcnf 64300 -1 2 -3 -4 5 -6 -7 8 9 10 -11 12 13 -14 -15 -16 -17 -18 -19 20 0
uf20-0820.mwcnf 21388 1 2 -3 -4 5 6 7 -8 9 -10 11 12 -13 14 15 16 -17 -18 19 -20 0
uf20-0718.mwcnf 76516 1 2 -3 4 5 6 7 8 -9 10 11 12 13 14 -15 16 17 -18 -19 20 0
uf20-048.mwcnf 69500 -1 -2 -3 -4 5 -6 7 8 9 10 11 12 -13 -14 15 -16 17 -18 19 20 0
uf20-0964.mwcnf 22851 1 -2 -3 4 5 6 -7 8 9 10 -11 12 -13 14 15 -16 -17 -18 -19 20 0
uf20-0188.mwcnf 31870 1 2 3 4 -5 -6 -7 8 9 -10 11 12 13 14 15 -16 17 -18 19 -20 0
uf20-0990.mwcnf 27806 1 -2 3 4 5 6 7 8 -9 10 11 12 13 -14 -15 16 17 -18 19 20 0
uf20-0694.mwcnf 56698 1 -2 -3 -4 -5 6 -7 8 -9 10 11 -12 13 14 -15 16 -17 18 -19 -20 0
uf20-062.mwcnf 44127 1 -2 3 -4 -5 6 7 -8 -9 10 11 -12 -13 14 -15 16 -17 18 -19 -20 0
uf20-0311.mwcnf 36646 -1 2 3 -4 -5 -6 -7 -8 9 10 11 12 13 14 -15 16 17 18 19 20 0
uf20-0396.mwcnf 36994 1 2 3 4 5 6 7 -8 9 10 11 12 -13 14 -15 16 -17 -18 19 20 0
uf20-0380.mwcnf 32320 -1 2 -3 4 5 6 7 8 9 10 -11 -12 13 -14 15 16 17 18 -19 -20 0
uf20-0870.mwcnf 21497 1 -2 -3 4 5 6 7 -8 9 10 11 12 -13 14 15 -16 17 -18 -19 -20 0
uf20-0357.mwcnf 35178 1 2 3 -4 -5 6 -7 -8 -9 10 11 12 -13 14 -15 -16 17 -18 19 20 0
uf20-0423.mwcnf 26992 -1 2 3 -4 5 6 7 8 9 -10 -11 12 13 14 15 -16 -17 -18 -19 -20 0
uf20-0746.mwcnf 28858 1 2 3 4 5 6 7 8 -9 10 -11 12 -13 14 15 -16 -17 -18 19 20 0
uf20-0375.mwcnf 32822 1 2 3 4 5 -6 7 -8 9 -10 11 12 13 -14 15 16 -17 18 -19 -20 0
uf20-0459.mwcnf 54526 -1 -2 3 -4 -5 6 7 8 -9 -10 -11 12 13 14 -15 -16 -17 18 19 -20 0
uf20-0825.mwcnf 22113 -1 2 -3 -4 5 6 -7 -8 -9 -10 11 12 13 14 15 16 17 18 19 20 0
uf20-0446.mwcnf 23126 -1 2 3 -4 -5 6 -7 8 9 -10 11 -12 13 -14 -15 16 17 18 -19 -20 0
uf20-0484.mwcnf 69316 1 2 3 4 5 -6 7 8 -9 -10 -11 12 13 -14 15 -16 17 -18 19 20 0
uf20-0333.mwcnf 36793 1 2 3 4 5 -6 -7 -8 9 10 -11 12 -13 14 15 -16 -17 -18 19 20 0
uf20-0834.mwcnf 12986 -1 -2 -3 4 -5 -6 7 8 9 10 -11 -12 13 14 15 -16 17 -18 -19 -20 0
uf20-0395.mwcnf 45823 1 2 3 -4 5 -6 7 8 9 -10 11 12 13 14 15 16 -17 -18 19 20 0
uf20-0917.mwcnf 19347 1 2 -3 4 -5 -6 7 8 9 10 11 -12 13 -14 15 16 17 18 19 -20 0
uf20-0344.mwcnf 34500 -1 2 3 -4 5 -6 7 -8 -9 10 11 12 13 -14 15 16 17 18 -19 -20 0
uf20-0842.mwcnf 21527 1 -2 3 -4 5 6 7 -8 9 10 11 12 -13 -14 -15 16 17 18 -19 20 0
uf20-0955.mwcnf 30739 1 2 3 4 -5 6 7 8 9 10 11 -12 13 14 15 16 17 -18 19 20 0
uf20-0822.mwcnf 17520 1 2 3 -4 -5 -6 7 8 9 -10 11 12 13 14 15 -16 -17 -18 -19 20 0
uf20-0139.mwcnf 32549 -1 -2 3 -4 5 6 7 -8 9 10 11 12 13 -14 15 16 17 18 19 20 0
uf20-0385.mwcnf 25198 1 -2 -3 -4 -5 6 7 8 9 -10 -11 -12 13 -14 15 16 -17 -18 19 20 0
uf20-0819.mwcnf 22689 -1 -2 -3 4 -5 6 7 8 9 10 11 12 -13 14 -15 -16 17 18 19 20 0
uf20-0867.mwcnf 18010 -1 2 -3 4 -5 -6 7 8 9 10 -11 -12 -13 14 15 16 17 -18 19 -20 0
uf20-051.mwcnf 81899 -1 -2 -3 4 -5 6 -7 -8 -9 -10 11 12 13 -14 15 -16 -17 18 19 20 0
uf20-0586.mwcnf 74652 -1 2 3 4 5 6 7 8 -9 10 11 -12 -13 -14 -15 -16 17 -18 19 -20 0
uf20-0301.mwcnf 39319 1 -2 -3 4 5 6 7 -8 9 10 11 12 -13 14 15 -16 -17 18 19 -20 0
uf20-0733.mwcnf 27847 1 2 3 4 5 6 7 8 9 -10 11 -12 13 14 15 16 17 -18 19 -20 0
uf20-0108.mwcnf 54473 1 2 3 4 5 6 7 8 9 10 11 -12 13 14 15 16 17 18 19 20 0
uf20-0972.mwcnf 21753 -1 2 -3 4 -5 6 -7 8 9 10 11 12 13 14 15 -16 17 -18 -19 20 0
uf20-0510.mwcnf 72176 1 2 -3 4 5 6 7 -8 -9 -10 -11 12 -13 14 -15 16 17 -18 19 20 0
uf20-0481.mwcnf 82365 1 2 -3 -4 -5 6 -7 -8 -9 10 -11 12 13 14 15 -16 17 18 -19 20 0
uf20-0828.mwcnf 20778 -1 -2 3 4 5 6 7 8 9 10 -11 12 13 14 15 -16 -17 -18 19 -20 0
uf20-0107.mwcnf 15419 -1 -2 -3 4 5 6 -7 -8 -9 -10 -11 12 -13 -14 -15 16 17 -18 19 -20 0
uf20-0453.mwcnf 36052 1 2 -3 -4 5 6 -7 -8 9 10 11 12 13 14 -15 -16 17 -18 19 20 0
uf20-0163.mwcnf 41872 1 2 3 -4 -5 6 -7 8 -9 -10 11 12 13 14 15 16 17 18 19 20 0
uf20-0209.mwcnf 56237 1 2 3 4 -5 6 7 8 9 10 11 12 -13 14 15 16 17 -18 19 20 0
uf20-055.mwcnf 81745 1 -2 3 4 -5 6 -7 8 -9 10 11 -12 -13 14 15 16 -17 18 -19 20 0
uf20-0180.mwcnf 25980 1 -2 3 4 -5 -6 7 -8 -9 -10 -11 12 13 -14 15 16 -17 18 -19 -20 0
uf20-057.mwcnf 97513 -1 2 3 4 -5 -6 7 8 9 10 11 -12 13 14 -15 16 17 18 -19 -20 0
uf20-0401.mwcnf 42966 1 2 3 -4 -5 -6 -7 8 9 10 11 12 13 14 -15 -16 -17 18 19 20 0
uf20-038.mwcnf 20358 -1 -2 -3 4 5 -6 7 -8 -9 10 -11 12 -13 14 -15 -16 -17 -18 -19 -20 0
uf20-0874.mwcnf 35058 1 2 3 4 5 6 7 8 -9 10 11 -12 13 14 15 16 17 18 19 20 0
uf20-0703.mwcnf 95074 1 -2 -3 4 5 6 7 8 9 10 -11 12 13 14 -15 16 17 -18 19 -20 0
uf20-0132.mwcnf 27980 1 2 -3 4 5 6 7 -8 -9 -10 -11 12 -13 14 -15 -16 17 18 19 -20 0
uf20-0112.mwcnf 35560 -1 2 3 4 5 6 7 8 -9 10 11 12 13 -14 -15 16 17 -18 -19 -20 0
uf20-0411.mwcnf 53071 1 2 3 -4 5 6 7 8 9 10 11 12 -13 -14 15 16 17 -18 19 20 0
uf20-0619.mwcnf 87655 1 -2 3 -4 5 6 -7 8 -9 10 11 -12 13 -14 -15 16 17 18 19 20 0
uf20-0693.mwcnf 88238 1 -2 -3 -4 -5 6 7 8 -9 10 11 12 -13 -14 15 16 17 18 19 20 0
uf20-0722.mwcnf 24333 1 -2 -3 4 5 -6 -7 8 -9 10 11 12 -13 14 15 16 17 18 19 20 0
uf20-0174.mwcnf 31280 -1 -2 3 4 5 6 -7 8 -9 -10 -11 12 -13 14 15 16 17 18 19 20 0
uf20-0864.mwcnf 24929 1 -2 3 4 5 -6 7 8 -9 -10 11 12 13 -14 15 -16 17 18 -19 20 0
uf20-0656.mwcnf 64110 1 2 -3 -4 5 -6 -7 8 9 -10 11 12 -13 14 15 16 -17 18 -19 20 0
uf20-0721.mwcnf 23961 1 -2 3 4 -5 -6 7 -8 -9 -10 11 12 13 14 15 16 17 18 -19 20 0
uf20-0285.mwcnf 21569 1 -2 -3 4 -5 -6 -7 -8 -9 10 11 -12 13 14 -15 16 -17 -18 -19 -20 0
uf20-0454.mwcnf 38870 1 -2 -3 4 5 6 -7 8 -9 10 11 12 13 14 15 16 17 18 -19 20 0
uf20-0264.mwcnf 34647 1 2 3 4 5 6 7 8 9 -10 -11 -12 -13 14 -15 -16 -17 18 19 20 0
uf20-039.mwcnf 29993 1 2 -3 -4 5 6 7 -8 -9 10 -11 12 -13 -14 15 16 -17 18 -19 20 0
uf20-0496.mwcnf 91663 1 -2 -3 4 5 -6 -7 8 -9 10 11 12 -13 14 -15 -16 17 -18 19 20 0
uf20-0732.mwcnf 22127 1 2 -3 4 -5 -6 -7 8 9 10 -11 -12 13 14 15 16 17 -18 19 -20 0
uf20-0943.mwcnf 22532 -1 2 3 4 -5 -6 7 -8 -9 10 -11 12 13 14 15 16 17 18 19 20 0
uf20-0429.mwcnf 55501 1 2 3 4 -5 -6 7 8 9 10 11 12 13 14 15 16 -17 18 19 20 0
uf20-0160.mwcnf 33286 1 2 -3 -4 -5 6 -7 -8 9 10 -11 12 13 -14 -15 16 17 18 -19 20 0
uf20-0937.mwcnf 16210 1 2 -3 -4 5 6 -7 8 9 -10 -11 12 -13 14 -15 -16 17 18 -19 -20 0
uf20-092.mwcnf 36697 1 2 3 4 5 6 7 8 9 -10 11 12 13 14 15 16 17 18 19 20 0
uf20-0499.mwcnf 118518 -1 2 3 4 5 -6 7 8 9 10 -11 12 13 14 -15 16 17 18 19 -20 0
uf20-0129.mwcnf 20963 1 -2 3 4 5 6 -7 8 9 10 -11 -12 -13 14 -15 -16 17 -18 -19 20 0
uf20-0156.mwcnf 29148 1 2 -3 4 5 -6 7 8 9 10 11 -12 13 -14 -15 -16 17 -18 19 20 0
uf20-0951.mwcnf 26229 1 2 -3 4 -5 6 7 8 9 10 -11 12 13 -14 15 16 17 18 -19 20 0
uf20-0391.mwcnf 35075 1 2 -3 4 -5 6 7 8 9 10 11 12 13 -14 -15 -16 -17 -18 -19 20 0
uf20-0538.mwcnf 65213 -1 2 3 4 5 6 -7 8 -9 10 -11 12 13 -14 -15 -16 -17 -18 -19 20 0
uf20-0878.mwcnf 19212 -1 -2 -3 4 -5 6 7 8 9 10 11 12 13 -14 15 16 -17 18 19 -20 0
uf20-013.mwcnf 27247 1 2 3 4 5 6 7 8 -9 10 -11 12 13 14 15 -16 -17 -18 19 20 0
uf20-0258.mwcnf 46325 1 -2 3 4 5 -6 7 8 9 10 11 12 13 14 -15 16 17 -18 19 20 0
uf20-0550.mwcnf 74717 1 -2 3 4 5 6 -7 -8 9 -10 -11 12 13 -14 -15 16 17 -18 19 20 0
uf20-0850.mwcnf 18243 1 -2 -3 -4 5 -6 -7 8 9 -10 11 -12 -13 14 15 16 17 18 19 20 0
uf20-0570.mwcnf 74812 -1 -2 3 -4 -5 6 7 8 9 10 -11 -12 13 -14 15 16 -17 18 19 20 0
uf20-0927.mwcnf 24906 -1 -2 3 4 5 6 7 8 9 10 -11 12 -13 -14 15 16 17 18 19 -20 0
uf20-0480.mwcnf 100106 1 -2 3 4 5 -6 7 8 -9 10 11 12 13 14 15 -16 17 -18 -19 -20 0
uf20-0695.mwcnf 104333 1 -2 3 -4 5 -6 7 -8 -9 10 11 -12 13 14 15 16 17 18 19 -20 0
uf20-0354.mwcnf 36990 -1 2 3 -4 -5 6 7 8 9 -10 11 12 13 14 -15 -16 -17 18 19 20 0
uf20-0172.mwcnf 25392 1 2 -3 -4 -5 6 -7 -8 9 10 11 -12 13 14 15 -16 -17 18 19 -20 0
uf20-0799.mwcnf 28097 1 2 3 -4 5 6 -7 8 -9 10 11 12 13 14 15 16 17 18 19 -20 0
uf20-0940.mwcnf 19661 -1 2 3 4 5 6 -7 -8 9 -10 11 12 -13 -14 15 16 17 -18 19 -20 0
uf20-0356.mwcnf 38882 1 -2 -3 4 5 6 -7 8 9 10 -11 -12 13 -14 15 16 17 -18 -19 20 0
uf20-0390.mwcnf 35983 1 -2 -3 4 5 6 7 8 9 10 -11 -12 -13 -14 -15 16 17 18 -19 -20 0
uf20-0759.mwcnf 29147 1 2 3 4 5 6 -7 -8 9 10 11 12 13 14 15 16 17 -18 -19 20 0
uf20-0658.mwcnf 72150 -1 -2 -3 4 5 6 -7 8 9 10 -11 -12 13 -14 -15 -16 17 18 19 20 0
uf20-0745.mwcnf 21221 1 2 3 4 5 6 7 8 -9 10 -11 12 13 -14 15 16 -17 -18 -19 20 0
uf20-0739.mwcnf 29909 1 2 3 4 5 6 7 8 9 10 11 12 -13 14 -15 16 -17 -18 19 -20 0
uf20-0339.mwcnf 57277 1 2 3 4 5 6 7 8 9 -10 11 -12 13 14 15 16 17 18 19 20 0
uf20-0237.mwcnf 29415 1 -2 -3 4 5 6 -7 8 -9 -10 11 12 13 14 -15 -16 -17 -18 -19 20 0
uf20-0493.mwcnf 56452 1 -2 -3 -4 -5 6 7 -8 9 -10 -11 12 -13 14 15 16 -17 18 19 -20 0
uf20-0176.mwcnf 28552 1 -2 -3 4 5 6 -7 -8 9 -10 -11 12 13 14 15 16 -17 18 19 20 0
uf20-076.mwcnf 23737 1 -2 3 -4 -5 -6 7 -8 9 10 -11 12 13 14 15 16 17 18 19 -20 0
uf20-0622.mwcnf 70515 1 -2 -3 -4 5 6 -7 8 9 -10 11 12 13 14 15 16 17 -18 -19 -20 0
uf20-05.mwcnf 78382 -1 2 3 4 5 6 7 8 -9 10 -11 -12 -13 -14 15 -16 -17 18 -19 20 0
uf20-0632.mwcnf 71472 -1 2 3 -4 -5 6 -7 -8 9 -10 11 -12 13 -14 15 16 17 -18 19 -20 0
uf20-022.mwcnf 29435 -1 2 -3 4 5 -6 7 -8 -9 -10 -11 12 13 14 -15 -16 -17 18 19 20 0
uf20-0963.mwcnf 22707 1 -2 -3 4 5 6 7 8 -9 -10 11 12 -13 -14 15 16 17 18 19 20 0
uf20-0772.mwcnf 28347 1 2 -3 4 -5 6 7 8 9 10 11 12 13 14 15 16 17 18 -19 -20 0
uf20-071.mwcnf 87050 1 -2 -3 4 5 6 -7 -8 9 10 11 -12 13 14 -15 16 17 -18 19 20 0
uf20-0662.mwcnf 124607 1 2 3 4 5 6 -7 8 9 -10 -11 12 13 14 15 16 17 18 19 20 0
uf20-0712.mwcnf 64425 -1 2 -3 4 -5 6 7 -8 -9 10 -11 -12 13 14 15 -16 17 18 19 -20 0
uf20-0330.mwcnf 19538 -1 2 -3 4 -5 -6 -7 -8 9 10 -11 -12 -13 14 15 -16 17 -18 -19 20 0
uf20-0747.mwcnf 22873 1 -2 -3 -4 -5 6 7 8 -9 10 -11 12 -13 -14 15 16 17 18 19 20 0
uf20-0765.mwcnf 30466 -1 -2 3 4 5 6 7 8 9 10 11 12 13 14 -15 16 17 18 19 -20 0
uf20-0979.mwcnf 27813 1 -2 -3 4 5 6 7 8 9 10 11 12 13 14 -15 16 17 -18 19 -20 0
uf20-0737.mwcnf 22401 1 2 3 -4 -5 6 -7 -8 9 10 11 -12 13 14 -15 16 17 -18 19 20 0
uf20-0945.mwcnf 20611 1 2 3 -4 -5 6 7 8 9 10 11 12 -13 -14 15 -16 -17 -18 19 -20 0
uf20-0561.mwcnf 88821 -1 -2 3 -4 5 6 -7 -8 9 10 -11 -12 13 14 15 -16 17 18 -19 20 0
uf20-0478.mwcnf 87943 -1 -2 3 -4 5 6 7 8 9 10 11 12 -13 -14 15 -16 -17 18 -19 20 0
uf20-0714.mwcnf 90386 1 2 -3 4 -5 6 -7 8 9 10 -11 12 -13 14 -15 16 -17 18 19 20 0
uf20-0790.mwcnf 29666 -1 2 3 4 5 6 7 8 9 10 11 12 13 14 -15 16 -17 18 19 20 0
uf20-0895.mwcnf 19662 -1 2 -3 4 5 6 -7 -8 -9 -10 11 12 -13 14 15 16 17 18 19 -20 0
uf20-0402.mwcnf 31666 -1 -2 3 -4 5 -6 7 -8 9 -10 -11 12 13 14 15 16 17 18 19 20 0
uf20-0767.mwcnf 27990 1 2 3 4 5 6 7 8 -9 10 11 12 -13 14 -15 16 -17 18 19 20 0
uf20-0742.mwcnf 21277 1 2 3 4 -5 -6 7 -8 -9 10 -11 12 -13 14 15 16 17 18 -19 20 0
uf20-0869.mwcnf 26112 1 2 -3 4 5 -6 7 8 -9 10 11 12 -13 14 -15 16 17 18 19 20 0
uf20-0770.mwcnf 30600 1 2 3 4 5 6 7 8 9 -10 11 12 13 14 15 -16 -17 18 19 20 0
uf20-0533.mwcnf 94294 -1 2 3 -4 5 6 -7 8 -9 10 11 12 -13 14 15 16 -17 18 19 -20 0
uf20-0618.mwcnf 113305 -1 2 -3 4 5 6 7 8 -9 -10 11 12 13 14 -15 16 17 18 19 20 0
uf20-0544.mwcnf 64685 -1 2 -3 -4 5 6 -7 8 -9 -10 11 -12 -13 14 -15 -16 -17 18 19 -20 0
uf20-0361.mwcnf 37735 -1 2 3 4 5 6 -7 -8 9 -10 11 12 13 -14 -15 -16 -17 18 19 20 0
uf20-0805.mwcnf 31686 1 2 3 4 5 6 7 8 9 10 11 12 13 14 -15 16 17 -18 19 20 0
uf20-0687.mwcnf 105499 1 -2 3 4 -5 6 7 8 -9 10 11 12 13 14 15 -16 -17 18 19 20 0
uf20-0998.mwcnf 25667 -1 -2 3 4 -5 6 7 8 9 10 11 -12 -13 -14 -15 16 17 18 19 20 0
uf20-0434.mwcnf 36934 -1 2 -3 4 -5 6 7 8 -9 10 11 12 -13 14 -15 16 -17 -18 -19 20 0
uf20-0781.mwcnf 25301 1 2 3 4 -5 -6 -7 8 9 10 11 -12 13 14 15 16 17 18 19 -20 0
uf20-0242.mwcnf 32051 -1 2 3 -4 -5 -6 -7 8 9 10 11 12 13 14 15 -16 -17 -18 19 -20 0
uf20-0444.mwcnf 21352 -1 -2 -3 4 -5 6 -7 8 9 -10 11 -12 13 -14 -15 -16 17 18 19 20 0
uf20-0513.mwcnf 73493 1 -2 3 4 -5 -6 7 8 -9 -10 11 12 13 -14 -15 -16 17 18 19 20 0
uf20-0352.mwcnf 32250 -1 2 -3 4 5 -6 -7 8 9 -10 -11 12 -13 14 15 16 17 -18 -19 20 0
uf20-0681.mwcnf 83027 1 2 3 4 5 -6 -7 -8 9 -10 -11 -12 13 14 15 -16 -17 18 -19 20 0
uf20-0701.mwcnf 87745 1 -2 -3 4 -5 6 -7 -8 9 10 11 -12 13 14 15 16 17 -18 19 20 0
uf20-021.mwcnf 35067 -1 2 3 4 -5 6 7 8 9 -10 11 -12 13 14 -15 16 17 18 19 -20 0
uf20-0898.mwcnf 22270 -1 -2 -3 4 -5 6 7 8 -9 -10 11 12 13 -14 15 16 17 18 19 20 0
uf20-0844.mwcnf 34407 1 2 3 4 5 6 7 8 9 10 11 12 -13 14 15 16 17 18 19 20 0
uf20-014.mwcnf 29104 1 -2 -3 4 5 -6 7 8 -9 10 11 12 -13 14 -15 16 -17 18 -19 -20 0
uf20-0164.mwcnf 29359 1 -2 3 4 5 6 7 8 9 -10 11 12 13 -14 15 -16 -17 -18 -19 20 0
uf20-0400.mwcnf 37488 1 2 3 -4 5 6 7 8 -9 10 -11 12 -13 14 15 -16 17 -18 -19 -20 0
uf20-0441.mwcnf 45683 1 2 3 4 5 6 7 8 -9 10 11 12 -13 -14 15 16 17 -18 19 20 0
uf20-0474.mwcnf 73525 1 -2 -3 -4 5 6 -7 8 9 -10 -11 -12 13 -14 15 -16 17 18 19 -20 0
uf20-0604.mwcnf 103111 1 2 3 4 5 6 7 8 9 10 11 -12 -13 -14 -15 -16 -17 18 19 20 0
uf20-0587.mwcnf 56650 1 2 -3 4 5 -6 -7 -8 9 10 -11 -12 13 -14 15 16 17 18 19 -20 0
uf20-0589.mwcnf 114243 1 2 3 -4 5 -6 7 -8 -9 10 11 12 13 14 -15 16 17 18 19 20 0
uf20-0987.mwcnf 33632 1 2 -3 4 5 6 7 8 9 10 11 -12 13 14 15 16 17 18 -19 20 0
uf20-0257.mwcnf 35274 -1 -2 3 4 5 6 -7 -8 9 10 11 -12 -13 14 15 -16 17 -18 -19 20 0
uf20-0880.mwcnf 22827 -1 2 -3 4 5 6 -7 8 9 10 11 12 -13 14 -15 16 17 18 -19 -20 0
uf20-0684.mwcnf 55385 -1 2 3 -4 -5 -6 -7 -8 -9 10 -11 -12 13 14 -15 16 -17 -18 -19 20 0
uf20-0540.mwcnf 79224 1 2 3 4 5 -6 7 -8 -9 10 11 12 13 14 -15 16 -17 18 -19 -20 0
uf20-0565.mwcnf 61485 -1 2 -3 4 5 6 -7 -8 9 10 -11 12 -13 -14 -15 16 17 18 -19 20 0
uf20-037.mwcnf 45376 -1 2 -3 4 5 6 7 8 9 -10 11 12 13 14 -15 -16 17 18 19 20 0
uf20-024.mwcnf 33385 1 -2 3 -4 5 -6 -7 -8 9 10 11 -12 -13 14 15 -16 17 18 19 20 0
uf20-0235.mwcnf 45301 -1 -2 3 4 5 6 7 8 9 10 11 12 13 -14 15 -16 -17 18 19 20 0
uf20-054.mwcnf 80236 -1 -2 3 -4 5 6 -7 -8 -9 -10 -11 12 13 14 15 16 17 18 19 20 0
uf20-0546.mwcnf 69818 -1 2 -3 4 5 6 7 -8 9 -10 -11 -12 13 -14 15 -16 -17 18 19 -20 0
uf20-0475.mwcnf 68044 -1 -2 3 -4 5 -6 7 8 -9 10 -11 12 -13 -14 -15 -16 17 18 19 20 0
uf20-0397.mwcnf 29074 1 -2 -3 -4 5 -6 -7 8 -9 10 11 12 -13 -14 15 -16 17 18 19 -20 0
uf20-0944.mwcnf 20250 1 -2 -3 4 -5 6 7 -8 9 -10 11 -12 13 -14 15 16 17 -18 -19 20 0
uf20-0667.mwcnf 66645 -1 -2 3 -4 5 6 -7 -8 -9 -10 11 12 13 -14 -15 16 17 18 -19 20 0
uf20-029.mwcnf 38092 1 2 -3 4 5 -6 7 8 9 10 11 12 13 -14 15 16 -17 -18 19 20 0
uf20-0520.mwcnf 72018 -1 -2 3 -4 5 6 7 -8 -9 -10 -11 -12 -13 14 -15 -16 17 18 19 20 0
uf20-0673.mwcnf 52465 1 -2 3 4 -5 -6 -7 8 -9 -10 11 12 -13 14 15 -16 17 18 -19 -20 0
uf20-0921.mwcnf 27208 1 -2 3 -4 5 -6 7 8 9 10 11 -12 13 14 15 16 17 -18 19 20 0
uf20-0661.mwcnf 91638 -1 2 3 -4 5 6 -7 8 9 10 11 -12 -13 -14 15 16 -17 18 -19 20 0
uf20-0654.mwcnf 54372 -1 2 -3 4 5 -6 -7 -8 -9 10 -11 12 13 -14 -15 16 -17 -18 -19 20 0
uf20-0215.mwcnf 32501 -1 -2 3 4 5 -6 -7 -8 -9 -10 11 -12 13 -14 15 16 17 18 -19 20 0
uf20-0853.mwcnf 25515 1 2 -3 4 5 6 -7 -8 9 10 11 -12 13 14 -15 16 17 18 19 -20 0
uf20-0314.mwcnf 31932 -1 -2 3 -4 5 -6 7 8 9 10 11 -12 13 -14 -15 -16 -17 18 -19 20 0
uf20-0580.mwcnf 78305 1 -2 -3 -4 5 -6 7 8 9 -10 11 -12 13 14 15 -16 17 -18 -19 20 0
uf20-0147.mwcnf 33952 1 2 3 -4 5 -6 7 8 -9 10 11 -12 13 14 -15 16 17 18 19 -20 0
uf20-099.mwcnf 20517 1 2 3 -4 -5 -6 7 8 9 10 11 12 -13 14 -15 -16 17 18 -19 20 0
uf20-043.mwcnf 36124 -1 2 3 -4 5 6 7 8 9 10 11 12 13 -14 -15 -16 17 -18 19 -20 0
uf20-0922.mwcnf 29945 1 -2 -3 4 5 6 7 8 9 10 11 -12 13 14 15 16 17 18 19 20 0
uf20-0388.mwcnf 37185 -1 -2 3 4 5 6 -7 -8 9 10 -11 12 13 14 15 16 -17 -18 19 20 0
uf20-0569.mwcnf 67263 1 2 -3 4 5 6 -7 -8 9 10 11 -12 -13 14 15 -16 17 18 -19 -20 0
uf20-0711.mwcnf 50391 -1 2 -3 4 -5 -6 -7 -8 9 10 -11 -12 -13 14 15 -16 17 18 -19 20 0
uf20-0992.mwcnf 19830 1 -2 -3 4 5 6 7 -8 -9 10 11 12 -13 -14 15 16 -17 18 19 -20 0
uf20-0229.mwcnf 36175 -1 2 -3 4 5 6 7 -8 9 -10 -11 -12 13 14 15 -16 17 -18 -19 20 0
uf20-0753.mwcnf 24518 1 2 -3 4 5 6 -7 8 9 -10 11 12 13 14 -15 16 17 18 19 -20 0
uf20-0290.mwcnf 39799 1 2 -3 4 -5 6 -7 8 9 10 11 12 -13 -14 15 16 -17 18 19 20 0
uf20-0776.mwcnf 23229 1 2 -3 4 -5 6 -7 -8 -9 10 11 12 13 14 15 16 -17 18 19 20 0
uf20-0643.mwcnf 85551 -1 -2 3 4 5 -6 -7 8 9 10 11 -12 13 14 15 -16 17 18 19 -20 0
uf20-042.mwcnf 30861 -1 2 3 4 5 -6 7 -8 9 10 -11 12 -13 -14 15 16 17 -18 19 -20 0
uf20-0167.mwcnf 26599 1 -2 3 -4 -5 6 7 -8 9 10 11 12 -13 -14 15 16 -17 -18 19 -20 0
uf20-0555.mwcnf 103059 1 2 3 4 5 6 7 -8 -9 10 11 12 -13 14 -15 16 17 18 -19 20 0
uf20-0220.mwcnf 25063 1 -2 -3 -4 -5 6 7 8 -9 10 -11 -12 13 14 15 16 -17 18 19 20 0
uf20-0486.mwcnf 42272 -1 -2 -3 -4 5 6 -7 -8 -9 -10 11 12 -13 -14 -15 16 -17 -18 19 20 0
uf20-0808.mwcnf 24717 1 2 -3 -4 5 -6 -7 8 9 10 11 12 13 -14 15 16 -17 18 19 20 0
uf20-0861.mwcnf 20393 1 -2 -3 4 5 6 7 8 -9 10 11 -12 13 14 -15 -16 17 -18 -19 20 0
uf20-0109.mwcnf 16456 1 -2 3 -4 -5 -6 7 -8 9 10 -11 -12 13 -14 -15 -16 17 18 19 20 0
uf20-0779.mwcnf 24352 1 2 3 4 -5 6 7 8 -9 10 11 -12 -13 -14 15 -16 17 18 19 20 0
uf20-0942.mwcnf 23851 1 2 -3 4 5 -6 7 8 9 -10 11 12 13 -14 15 -16 17 18 19 20 0
uf20-0835.mwcnf 30475 1 2 3 4 5 6 7 8 9 -10 11 12 13 14 15 -16 17 18 19 -20 0
uf20-0877.mwcnf 19203 -1 2 -3 4 -5 -6 -7 8 9 -10 11 12 -13 -14 15 16 17 18 19 20 0
uf20-0856.mwcnf 18721 -1 -2 3 -4 5 6 7 8 -9 10 11 12 13 14 15 16 -17 -18 19 -20 0
uf20-0449.mwcnf 34326 -1 -2 -3 -4 5 -6 7 8 9 10 11 -12 13 -14 15 16 17 -18 -19 -20 0
uf20-0349.mwcnf 24888 -1 -2 -3 4 -5 6 -7 -8 9 -10 11 -12 -13 -14 15 -16 17 18 19 20 0
uf20-0324.mwcnf 35779 1 2 -3 4 5 -6 7 -8 9 10 11 12 13 -14 15 16 -17 -18 -19 -20 0
uf20-0666.mwcnf 55903 1 -2 -3 -4 -5 -6 7 8 9 10 11 -12 -13 -14 15 16 -17 -18 -19 20 0
uf20-0947.mwcnf 24189 -1 -2 -3 4 -5 -6 7 8 9 10 11 -12 13 14 15 16 17 18 19 20 0
uf20-0786.mwcnf 21209 1 2 3 4 5 6 -7 8 9 -10 -11 12 13 -14 -15 16 -17 -18 19 -20 0
uf20-0123.mwcnf 29586 1 -2 3 4 5 -6 -7 8 9 10 -11 12 -13 -14 15 -16 -17 -18 -19 20 0
uf20-0144.mwcnf 21707 -1 -2 3 -4 -5 -6 7 -8 9 10 11 12 13 14 -15 -16 17 -18 -19 20 0
uf20-09.mwcnf 26243 1 2 3 4 -5 -6 -7 -8 9 10 11 12 13 14 -15 16 17 18 19 -20 0
uf20-0915.mwcnf 23893 -1 2 -3 4 5 6 7 8 -9 10 11 12 13 14 15 16 -17 18 -19 -20 0
uf20-0239.mwcnf 36337 -1 2 3 -4 5 -6 7 -8 -9 10 11 12 -13 14 -15 16 -17 18 19 20 0
uf20-0373.mwcnf 22351 1 2 3 4 5 -6 7 8 -9 10 -11 -12 -13 14 -15 -16 -17 -18 -19 -20 0
uf20-0450.mwcnf 21291 -1 2 3 4 -5 -6 7 -8 -9 10 11 -12 -13 -14 -15 -16 17 18 -19 -20 0
uf20-0871.mwcnf 26523 1 2 -3 -4 5 6 7 8 9 10 11 -12 13 14 -15 16 17 18 -19 20 0
uf20-0590.mwcnf 63255 -1 -2 3 -4 -5 6 7 8 9 -10 -11 -12 13 -14 15 -16 17 18 19 20 0
uf20-0726.mwcnf 25935 -1 2 3 4 -5 6 7 8 -9 10 11 12 13 -14 15 -16 17 18 -19 20 0
uf20-0162.mwcnf 26739 1 2 -3 -4 -5 6 -7 8 9 -10 -11 -12 -13 14 -15 16 17 18 19 -20 0
uf20-0597.mwcnf 61400 -1 -2 3 4 -5 6 -7 8 -9 -10 11 -12 -13 14 -15 -16 17 18 -19 20 0
uf20-0287.mwcnf 29650 1 -2 3 -4 5 -6 7 8 -9 10 -11 -12 13 -14 15 16 -17 -18 19 20 0
uf20-0653.mwcnf 63549 1 2 -3 4 -5 6 -7 -8 9 -10 11 12 -13 14 -15 -16 -17 18 -19 20 0
uf20-0409.mwcnf 35760 1 2 3 -4 5 6 7 8 -9 -10 11 -12 -13 14 -15 -16 17 18 19 20 0
uf20-0464.mwcnf 51544 1 -2 -3 -4 -5 -6 7 8 -9 10 -11 12 -13 -14 15 -16 -17 -18 19 20 0
uf20-0221.mwcnf 42685 -1 2 -3 -4 -5 -6 -7 8 9 -10 11 12 13 14 15 16 17 -18 19 20 0
uf20-0199.mwcnf 44750 1 2 3 -4 5 6 -7 -8 9 10 11 -12 13 -14 15 16 -17 -18 19 20 0
uf20-094.mwcnf 26564 1 2 3 -4 5 6 -7 8 9 10 11 12 13 -14 -15 16 17 -18 19 -20 0
uf20-0155.mwcnf 35721 -1 2 3 4 5 6 -7 -8 9 -10 11 -12 13 14 15 16 -17 18 19 20 0
uf20-0494.mwcnf 106260 1 -2 -3 -4 5 6 7 -8 9 -10 -11 12 13 14 15 16 17 18 19 20 0
uf20-0335.mwcnf 43323 -1 2 3 4 5 6 7 8 9 10 -11 -12 13 -14 15 16 17 -18 19 20 0
uf20-0624.mwcnf 83540 -1 2 -3 4 5 6 7 -8 -9 10 -11 12 -13 14 -15 16 17 18 19 -20 0
uf20-0612.mwcnf 74164 -1 2 3 4 5 -6 -7 8 9 -10 -11 12 13 14 15 -16 17 18 19 -20 0
uf20-0723.mwcnf 21223 -1 -2 3 4 -5 6 7 -8 9 10 11 12 -13 -14 15 -16 17 -18 19 -20 0
uf20-0953.mwcnf 21940 -1 -2 3 4 5 -6 7 8 9 10 -11 12 -13 -14 15 16 17 18 19 20 0
uf20-0983.mwcnf 25594 1 2 -3 -4 -5 6 7 -8 -9 10 11 12 13 14 15 16 17 18 19 20 0
uf20-0731.mwcnf 27393 -1 2 3 4 5 6 7 8 9 10 11 12 13 14 15 -16 -17 -18 19 -20 0
uf20-0578.mwcnf 77749 1 2 3 -4 -5 -6 -7 8 9 10 -11 -12 -13 14 15 16 -17 -18 -19 20 0
uf20-0729.mwcnf 19837 -1 -2 3 -4 5 -6 -7 8 9 10 -11 12 13 14 -15 16 17 -18 19 20 0
uf20-0629.mwcnf 84542 -1 2 3 -4 -5 -6 -7 8 9 10 11 12 13 -14 15 16 -17 18 19 20 0
uf20-0431.mwcnf 46063 1 2 3 4 5 6 7 -8 -9 10 11 -12 13 14 15 16 17 18 19 -20 0
uf20-0127.mwcnf 25602 1 -2 3 -4 -5 -6 -7 8 9 10 11 -12 13 14 -15 -16 17 18 -19 20 0
uf20-0469.mwcnf 89096 1 2 3 4 5 6 -7 8 -9 -10 11 12 13 14 15 16 17 -18 19 20 0
uf20-0532.mwcnf 81618 1 2 -3 4 5 6 7 -8 -9 10 11 -12 -13 14 15 16 -17 18 -19 20 0
uf20-0440.mwcnf 33314 1 2 3 -4 5 -6 7 8 -9 10 11 12 13 -14 15 -16 -17 -18 19 20 0
uf20-0798.mwcnf 30384 1 -2 3 4 5 6 7 -8 -9 10 -11 12 13 14 15 16 17 18 -19 20 0
uf20-0394.mwcnf 33235 1 -2 -3 4 -5 6 -7 8 -9 -10 11 12 13 14 15 16 -17 18 -19 20 0
uf20-0473.mwcnf 85602 1 2 3 4 5 -6 -7 -8 -9 10 11 12 13 -14 -15 -16 -17 18 19 -20 0
uf20-0313.mwcnf 22448 1 2 -3 4 -5 -6 -7 8 -9 10 -11 12 13 -14 15 16 -17 -18 19 -20 0
uf20-0933.mwcnf 17348 -1 2 3 4 -5 6 -7 -8 9 -10 11 -12 13 -14 15 16 17 -18 -19 -20 0
uf20-0760.mwcnf 15402 -1 -2 3 -4 -5 6 -7 -8 9 -10 11 12 13 -14 15 16 -17 18 -19 20 0
uf20-0365.mwcnf 38436 -1 2 -3 -4 5 6 7 8 -9 10 11 12 13 14 15 -16 -17 18 19 20 0
uf20-0916.mwcnf 31921 1 2 -3 4 5 -6 7 8 -9 10 11 12 13 14 15 16 17 18 19 20 0
uf20-0371.mwcnf 42568 1 2 3 4 5 6 -7 -8 9 10 11 12 13 -14 15 16 17 18 19 20 0
uf20-0467.mwcnf 86852 1 2 3 4 5 6 7 8 9 -10 11 12 -13 14 -15 -16 17 -18 19 20 0
uf20-0960.mwcnf 28195 1 2 3 4 5 6 7 8 9 10 -11 -12 13 14 15 16 -17 -18 19 -20 0
uf20-0792.mwcnf 18380 1 2 -3 4 -5 6 7 8 9 -10 11 -12 13 -14 15 16 17 -18 19 -20 0
uf20-0252.mwcnf 37924 -1 2 3 -4 -5 6 7 8 9 10 -11 12 13 -14 15 16 -17 18 -19 20 0
uf20-0788.mwcnf 31726 1 2 3 4 5 6 7 8 9 10 11 -12 -13 -14 15 16 17 18 19 20 0
uf20-0487.mwcnf 110032 1 2 3 4 -5 6 7 8 -9 10 -11 12 13 14 15 -16 17 18 19 20 0
uf20-04.mwcnf 84427 1 -2 3 4 5 6 -7 -8 -9 10 -11 -12 13 -14 -15 16 17 18 19 20 0
uf20-0690.mwcnf 89909 1 2 3 -4 -5 -6 7 -8 9 -10 11 -12 13 14 15 16 -17 18 19 20 0
uf20-046.mwcnf 69874 -1 -2 -3 -4 5 6 7 -8 9 -10 -11 12 13 14 -15 -16 17 18 19 20 0
uf20-0225.mwcnf 36688 1 -2 3 4 -5 6 -7 8 9 -10 11 -12 -13 14 15 16 17 18 19 20 0
uf20-0638.mwcnf 80101 1 -2 -3 4 -5 -6 7 -8 9 10 11 12 -13 14 15 16 -17 18 19 -20 0
uf20-0393.mwcnf 38234 -1 2 -3 4 5 6 -7 8 9 10 -11 12 13 14 -15 16 -17 -18 -19 20 0
uf20-0190.mwcnf 33614 -1 -2 3 4 5 6 7 -8 -9 10 -11 12 13 14 15 16 17 -18 19 -20 0
uf20-070.mwcnf 88567 1 -2 -3 4 5 6 -7 8 -9 10 11 12 -13 -14 -15 16 17 18 19 -20 0
uf20-0741.mwcnf 22657 1 2 3 4 -5 6 7 8 9 10 -11 12 -13 -14 15 16 17 18 -19 20 0
uf20-0934.mwcnf 22656 1 2 3 4 -5 6 7 -8 -9 -10 -11 -12 13 14 -15 16 17 18 19 20 0
uf20-020.mwcnf 33638 1 2 -3 -4 5 6 7 8 -9 -10 11 -12 -13 14 15 16 17 -18 -19 -20 0
uf20-0657.mwcnf 63374 1 2 -3 4 -5 -6 7 -8 -9 -10 11 12 13 14 -15 -16 17 -18 -19 -20 0
uf20-0495.mwcnf 73725 1 -2 -3 4 5 6 -7 -8 -9 10 11 -12 -13 -14 15 -16 -17 18 19 20 0
uf20-0748.mwcnf 21449 1 -2 3 4 -5 6 7 8 9 10 11 -12 13 -14 -15 16 -17 18 -19 20 0
uf20-0345.mwcnf 51115 1 2 3 4 -5 -6 7 8 9 10 11 -12 13 14 -15 16 17 18 19 20 0
uf20-0592.mwcnf 67709 -1 2 -3 4 5 6 -7 8 9 10 -11 12 13 -14 -15 16 -17 18 -19 20 0
uf20-0168.mwcnf 36447 1 -2 3 -4 5 6 7 8 -9 10 11 12 -13 14 15 16 17 18 -19 -20 0
uf20-0208.mwcnf 48129 1 2 -3 4 5 6 -7 8 9 10 11 12 13 -14 -15 16 17 18 19 20 0
uf20-0886.mwcnf 29309 1 2 3 -4 5 6 7 8 9 10 -11 12 13 14 -15 16 -17 18 -19 20 0
uf20-0150.mwcnf 28941 1 2 3 4 -5 -6 -7 8 -9 10 11 12 -13 14 -15 16 17 -18 19 20 0
uf20-075.mwcnf 23868 1 -2 3 4 5 6 7 -8 9 10 11 12 13 -14 15 16 -17 -18 19 -20 0
uf20-0996.mwcnf 22936 1 -2 3 4 5 -6 7 -8 -9 10 11 12 13 -14 15 16 -17 18 19 -20 0
uf20-0468.mwcnf 87749 1 -2 3 4 5 6 7 -8 9 -10 11 12 13 -14 15 -16 -17 -18 19 20 0
uf20-087.mwcnf 26374 1 -2 3 -4 5 6 -7 8 -9 10 11 12 13 14 15 -16 17 18 19 20 0
uf20-0756.mwcnf 22458 1 2 3 4 5 -6 7 8 9 -10 -11 12 -13 -14 15 -16 -17 18 19 20 0
uf20-0501.mwcnf 97712 -1 2 3 4 -5 6 7 8 -9 -10 -11 12 13 14 15 16 -17 18 -19 20 0
uf20-050.mwcnf 95545 -1 -2 3 4 5 6 -7 8 9 10 -11 12 13 14 15 16 -17 18 19 20 0
uf20-0192.mwcnf 31152 -1 2 -3 4 5 -6 7 8 9 10 -11 12 13 14 -15 16 17 18 -19 20 0
uf20-0646.mwcnf 69145 -1 -2 3 -4 -5 -6 7 8 9 -10 11 -12 13 14 15 16 -17 -18 19 -20 0
uf20-0665.mwcnf 88512 1 -2 3 4 5 -6 7 -8 9 10 11 -12 -13 14 -15 16 17 -18 19 20 0
uf20-0709.mwcnf 107246 1 -2 3 4 -5 6 -7 8 9 10 -11 -12 -13 14 15 16 -17 18 19 20 0
uf20-0862.mwcnf 23555 1 -2 3 4 5 6 7 -8 -9 -10 -11 12 13 14 15 16 17 18 19 20 0
uf20-0749.mwcnf 36588 1 2 3 4 5 6 -7 8 9 10 -11 12 -13 14 15 16 17 18 19 20 0
uf20-0465.mwcnf 87837 1 -2 3 -4 5 6 -7 -8 9 10 11 12 -13 14 15 -16 17 -18 19 20 0
uf20-0602.mwcnf 76485 -1 -2 -3 4 -5 -6 7 8 -9 10 -11 12 13 14 15 16 -17 -18 19 20 0
uf20-069.mwcnf 82465 1 2 -3 -4 5 6 7 -8 9 10 11 12 13 14 -15 -16 -17 -18 19 -20 0
uf20-0187.mwcnf 28975 -1 2 3 -4 -5 6 7 8 9 -10 11 12 -13 14 15 16 17 -18 19 20 0
uf20-0222.mwcnf 43013 1 2 -3 4 -5 -6 7 -8 -9 10 11 -12 13 14 15 16 17 -18 -19 20 0
uf20-0935.mwcnf 31562 1 2 3 4 5 6 7 8 9 10 -11 12 13 14 15 16 -17 18 19 20 0
uf20-0893.mwcnf 17693 -1 2 3 4 -5 6 7 -8 -9 10 11 -12 -13 -14 -15 16 -17 -18 19 -20 0
uf20-0134.mwcnf 36556 1 2 -3 -4 5 6 7 8 9 10 11 12 13 14 -15 -16 17 18 -19 20 0
uf20-0671.mwcnf 63947 1 2 3 4 -5 -6 -7 8 9 10 -11 -12 13 -14 -15 16 17 -18 -19 20 0
uf20-0906.mwcnf 25024 -1 -2 3 4 5 6 7 8 -9 10 11 12 13 -14 15 -16 17 18 19 20 0
uf20-0351.mwcnf 41895 -1 2 -3 4 5 6 7 8 9 -10 -11 12 -13 14 15 16 -17 -18 19 20 0
uf20-0865.mwcnf 21460 1 2 -3 4 5 6 -7 8 9 -10 -11 12 13 14 15 16 -17 18 -19 -20 0
uf20-0425.mwcnf 44380 1 2 3 4 -5 6 -7 8 -9 10 11 12 13 14 15 16 17 -18 19 20 0
uf20-0625.mwcnf 65231 -1 -2 3 4 -5 -6 7 -8 9 10 -11 12 -13 -14 -15 16 -17 -18 19 20 0
uf20-0505.mwcnf 101486 -1 2 3 4 5 6 -7 -8 9 10 11 12 -13 -14 15 16 -17 18 19 20 0
uf20-0738.mwcnf 24847 1 2 3 -4 -5 6 7 8 -9 10 11 12 13 -14 15 -16 -17 18 19 20 0
uf20-0343.mwcnf 31249 -1 2 -3 4 5 6 -7 8 9 -10 -11 12 -13 -14 15 -16 17 -18 19 20 0
uf20-0121.mwcnf 42789 1 -2 3 4 -5 6 7 8 9 10 11 12 13 14 15 16 -17 18 19 20 0
uf20-0234.mwcnf 35601 1 -2 -3 4 5 6 -7 -8 9 10 11 12 -13 14 15 16 17 -18 -19 20 0
uf20-0318.mwcnf 54625 1 2 3 4 5 6 -7 8 9 10 11 12 13 14 -15 16 17 -18 19 20 0
uf20-0265.mwcnf 43927 1 2 3 4 5 6 -7 8 9 -10 -11 12 -13 -14 15 -16 17 18 19 20 0
uf20-0562.mwcnf 46488 -1 2 -3 -4 -5 -6 -7 8 9 10 11 -12 -13 -14 -15 -16 17 -18 -19 -20 0
uf20-060.mwcnf 100704 1 2 3 4 -5 6 7 8 9 -10 -11 -12 13 14 -15 -16 -17 18 19 20 0
uf20-0633.mwcnf 103371 1 2 3 4 -5 -6 7 8 9 -10 -11 12 13 -14 15 16 -17 18 19 20 0
uf20-0138.mwcnf 32497 -1 -2 -3 4 5 6 7 -8 -9 10 11 12 13 14 15 -16 17 18 -19 20 0
uf20-032.mwcnf 48620 1 2 3 4 5 6 -7 -8 9 -10 11 12 13 14 -15 16 17 18 19 20 0
uf20-0968.mwcnf 18610 1 -2 3 -4 5 6 -7 -8 9 10 11 -12 -13 14 -15 16 17 -18 -19 20 0
uf20-0476.mwcnf 104513 1 2 -3 4 5 -6 7 -8 9 10 -11 12 13 -14 15 16 17 18 19 20 0
uf20-034.mwcnf 34260 1 -2 3 -4 -5 6 -7 8 9 -10 11 12 13 -14 15 -16 17 -18 19 -20 0
uf20-0426.mwcnf 45563 1 -2 3 4 5 -6 7 -8 9 -10 11 12 13 -14 15 16 17 18 19 20 0
uf20-0159.mwcnf 40469 1 2 -3 -4 5 6 -7 8 9 10 11 -12 13 14 15 16 17 18 19 20 0
uf20-0170.mwcnf 40368 1 2 3 4 5 6 7 8 9 -10 11 12 13 14 -15 16 17 -18 19 -20 0
uf20-0355.mwcnf 50965 1 -2 3 4 5 6 7 8 9 -10 11 12 13 -14 15 16 17 -18 19 20 0
uf20-0326.mwcnf 38926 -1 2 3 4 5 -6 7 8 9 -10 -11 12 -13 14 -15 -16 17 18 19 20 0
uf20-0374.mwcnf 21279 -1 -2 3 4 -5 -6 -7 -8 -9 10 11 12 13 14 -15 -16 17 18 19 20 0
uf20-0885.mwcnf 26174 1 2 -3 4 5 -6 7 8 9 -10 11 12 13 14 15 -16 17 18 -19 20 0
uf20-0783.mwcnf 28728 1 2 3 4 5 6 7 8 9 10 11 -12 13 14 -15 -16 17 18 19 -20 0
uf20-0253.mwcnf 42126 1 -2 3 -4 5 6 7 8 9 -10 11 12 13 -14 15 -16 17 -18 19 20 0
uf20-0702.mwcnf 129756 1 2 3 -4 5 6 7 -8 9 10 -11 12 13 14 15 16 17 18 19 20 0
uf20-0806.mwcnf 22247 -1 2 -3 4 -5 6 7 8 9 -10 11 12 13 -14 15 -16 -17 -18 -19 20 0
uf20-0435.mwcnf 43172 1 2 3 4 5 6 7 -8 9 -10 11 12 13 14 15 16 -17 18 -19 -20 0
uf20-0647.mwcnf 83073 1 -2 -3 4 5 6 -7 8 9 -10 11 12 13 14 -15 16 -17 -18 -19 20 0
uf20-0204.mwcnf 31274 1 -2 3 4 5 -6 7 8 9 10 -11 -12 13 -14 -15 16 -17 18 19 -20 0
uf20-0655.mwcnf 71055 1 2 3 4 5 -6 -7 8 -9 10 11 12 -13 -14 -15 16 -17 18 19 20 0
uf20-0817.mwcnf 19371 1 -2 3 -4 -5 6 7 8 9 10 11 -12 -13 -14 15 -16 -17 18 19 20 0
uf20-0300.mwcnf 45856 1 2 3 4 5 6 7 8 9 10 -11 12 13 14 15 -16 17 -18 19 -20 0
uf20-0840.mwcnf 29074 1 2 3 4 5 -6 -7 8 9 10 11 12 13 -14 -15 16 17 18 19 20 0
uf20-0177.mwcnf 29951 1 -2 3 4 -5 -6 7 -8 9 10 -11 12 -13 14 15 16 -17 18 -19 20 0
uf20-0277.mwcnf 36521 -1 2 3 -4 -5 6 7 -8 -9 10 -11 12 -13 14 15 16 17 18 19 20 0
uf20-0336.mwcnf 25927 1 -2 3 -4 -5 -6 7 -8 -9 10 -11 -12 13 -14 15 16 17 -18 19 20 0
uf20-0111.mwcnf 31349 1 2 3 -4 5 -6 7 8 -9 -10 11 12 -13 -14 15 16 17 -18 -19 20 0
uf20-0554.mwcnf 96121 1 2 3 -4 5 -6 -7 8 9 10 -11 -12 13 14 15 -16 -17 -18 -19 20 0
uf20-0438.mwcnf 30060 -1 -2 3 4 -5 6 7 8 -9 -10 11 12 13 14 -15 -16 -17 -18 -19 20 0
uf20-0588.mwcnf 67901 -1 -2 -3 4 5 -6 -7 -8 9 10 -11 -12 -13 14 15 16 17 18 19 20 0
uf20-0304.mwcnf 31115 -1 -2 -3 4 -5 6 -7 8 9 10 11 -12 13 -14 -15 16 17 18 19 -20 0
uf20-066.mwcnf 102664 1 -2 -3 4 -5 -6 7 -8 9 -10 11 12 13 -14 15 16 17 -18 19 20 0
uf20-0948.mwcnf 33249 1 2 3 4 5 -6 7 8 -9 10 11 12 -13 14 15 16 17 18 19 20 0
uf20-0101.mwcnf 23327 -1 -2 -3 4 -5 6 -7 8 -9 10 11 12 -13 14 -15 16 -17 -18 19 -20 0
uf20-0907.mwcnf 17837 -1 2 3 -4 5 6 7 -8 -9 10 11 12 -13 14 -15 16 -17 18 -19 20 0
uf20-0157.mwcnf 19562 1 -2 3 4 -5 6 7 -8 9 10 -11 -12 -13 14 -15 -16 17 -18 -19 -20 0
uf20-0485.mwcnf 68977 -1 -2 3 -4 5 6 7 -8 -9 -10 11 12 -13 14 15 -16 -17 18 19 20 0
uf20-0259.mwcnf 40167 -1 2 -3 -4 5 6 7 8 9 10 11 -12 13 -14 15 16 -17 18 -19 20 0
uf20-0640.mwcnf 79271 1 2 -3 -4 -5 6 7 -8 9 -10 -11 12 13 14 15 16 17 -18 19 -20 0
uf20-0337.mwcnf 27126 -1 -2 -3 4 -5 -6 7 -8 -9 -10 -11 12 -13 14 -15 16 17 -18 19 20 0
uf20-0815.mwcnf 21542 1 2 3 4 5 -6 7 8 -9 -10 -11 12 -13 -14 15 16 17 18 19 -20 0
uf20-0762.mwcnf 26953 1 2 3 -4 5 -6 -7 8 9 10 -11 12 13 14 15 16 -17 18 19 20 0
uf20-010.mwcnf 38188 1 -2 3 4 5 6 7 -8 9 -10 11 12 13 14 15 16 -17 -18 -19 20 0
uf20-0523.mwcnf 68492 -1 -2 3 4 -5 -6 -7 -8 9 -10 -11 -12 -13 14 15 16 17 18 -19 20 0
uf20-0158.mwcnf 24953 -1 -2 3 4 -5 6 -7 8 -9 10 11 12 13 14 -15 -16 -17 -18 19 -20 0
uf20-0978.mwcnf 36928 1 2 3 4 5 6 7 8 9 10 11 12 13 14 15 -16 17 18 19 20 0
uf20-0692.mwcnf 100230 1 2 -3 4 5 -6 7 -8 -9 -10 11 12 13 14 -15 16 17 18 -19 20 0
uf20-0364.mwcnf 35092 1 2 3 4 -5 -6 -7 8 9 10 -11 12 13 -14 15 16 -17 -18 -19 -20 0
uf20-0818.mwcnf 30277 1 -2 3 -4 -5 6 7 8 9 10 11 12 -13 14 15 16 17 18 19 20 0
uf20-0548.mwcnf 85863 1 -2 3 4 -5 6 7 8 9 -10 -11 12 13 14 15 -16 17 -18 -19 -20 0
uf20-0270.mwcnf 35495 -1 -2 3 4 -5 -6 7 8 -9 -10 11 12 -13 14 -15 16 17 -18 19 20 0
uf20-0572.mwcnf 90575 -1 2 3 -4 -5 -6 7 8 9 10 11 12 13 14 -15 16 17 -18 -19 -20 0
uf20-0556.mwcnf 120668 1 -2 3 4 5 6 7 -8 9 10 -11 12 13 14 15 16 17 18 19 20 0
uf20-0421.mwcnf 23319 -1 2 3 -4 -5 -6 7 8 9 10 -11 12 13 14 -15 16 -17 -18 19 -20 0
uf20-0876.mwcnf 28104 1 2 3 -4 5 6 7 8 9 -10 -11 12 13 14 15 16 17 18 19 20 0
uf20-0153.mwcnf 31951 -1 2 3 -4 5 6 7 8 9 10 -11 -12 13 14 15 -16 17 18 19 -20 0
uf20-0845.mwcnf 25285 1 -2 3 4 5 -6 -7 8 9 10 11 12 -13 -14 15 16 17 18 19 20 0
uf20-0514.mwcnf 91257 1 2 -3 -4 -5 -6 7 8 9 10 11 12 13 -14 -15 16 -17 18 -19 20 0
uf20-0296.mwcnf 31219 -1 -2 3 -4 -5 6 -7 -8 9 10 11 12 13 -14 15 16 17 -18 19 -20 0
uf20-0700.mwcnf 101809 1 2 3 4 5 6 7 -8 9 10 11 12 -13 14 15 -16 -17 18 -19 20 0
uf20-0623.mwcnf 74433 -1 -2 3 4 5 6 -7 -8 9 -10 11 12 -13 -14 15 -16 17 -18 -19 20 0
uf20-0648.mwcnf 91779 1 2 -3 -4 5 6 -7 -8 9 -10 -11 12 13 14 15 16 17 18 19 20 0
uf20-0650.mwcnf 73310 -1 -2 -3 -4 5 6 7 8 -9 10 -11 12 13 14 15 16 -17 -18 19 -20 0
uf20-0563.mwcnf 90934 -1 -2 3 4 5 6 7 -8 -9 10 -11 12 13 14 -15 16 17 18 19 -20 0
uf20-0212.mwcnf 38196 -1 2 3 4 -5 -6 -7 8 -9 10 11 12 13 -14 15 16 17 18 -19 -20 0
uf20-08.mwcnf 26507 1 2 3 4 -5 6 7 -8 9 10 11 12 13 14 15 16 -17 -18 -19 20 0
uf20-0319.mwcnf 40428 1 2 3 4 5 -6 -7 -8 -9 -10 -11 -12 13 14 15 16 17 18 -19 20 0
uf20-0404.mwcnf 24696 -1 -2 -3 4 -5 6 -7 8 -9 10 11 12 13 14 15 16 17 -18 -19 -20 0
uf20-0524.mwcnf 118999 1 -2 3 4 -5 6 7 8 9 10 11 12 13 14 15 -16 -17 18 -19 20 0
uf20-086.mwcnf 23736 1 -2 3 -4 5 6 7 8 9 10 -11 12 13 14 15 16 -17 -18 -19 20 0
uf20-0621.mwcnf 89000 -1 -2 3 4 5 -6 7 8 9 10 -11 12 13 -14 15 -16 17 -18 -19 20 0
uf20-0882.mwcnf 34722 1 2 3 4 -5 6 7 8 9 10 11 -12 13 14 15 16 17 18 19 20 0
uf20-0106.mwcnf 26577 -1 2 3 -4 5 -6 7 8 -9 10 11 12 -13 -14 15 -16 -17 18 19 -20 0
uf20-0278.mwcnf 33265 -1 -2 3 -4 -5 6 -7 8 9 10 11 12 13 -14 15 16 17 18 19 -20 0
uf20-074.mwcnf 21207 -1 2 -3 -4 5 -6 -7 8 9 10 11 12 -13 14 15 -16 -17 -18 19 20 0
uf20-0165.mwcnf 43358 1 2 3 4 5 6 -7 8 9 10 11 -12 -13 14 15 16 17 18 19 20 0
uf20-056.mwcnf 71766 -1 2 -3 -4 5 -6 -7 -8 9 -10 11 12 13 -14 -15 16 -17 18 19 20 0
uf20-0541.mwcnf 73031 -1 2 3 -4 5 6 7 8 -9 10 -11 12 13 -14 15 -16 -17 -18 19 -20 0
uf20-0136.mwcnf 36224 1 -2 -3 -4 5 -6 7 -8 9 10 11 12 13 14 15 16 -17 18 -19 20 0
uf20-0308.mwcnf 35725 1 2 -3 4 5 6 -7 -8 9 -10 11 12 13 14 15 16 -17 -18 -19 20 0
uf20-0837.mwcnf 24385 1 2 3 -4 5 -6 7 8 9 -10 11 12 13 14 -15 -16 17 18 -19 20 0
uf20-0991.mwcnf 29084 1 -2 3 4 5 6 -7 8 9 10 11 12 13 14 -15 16 17 18 19 20 0
uf20-0912.mwcnf 20338 -1 2 3 4 5 6 -7 8 -9 10 11 12 13 -14 15 -16 17 18 19 20 0
uf20-0143.mwcnf 42394 -1 2 3 4 5 6 7 8 -9 10 11 12 -13 14 15 16 17 18 19 20 0
uf20-0528.mwcnf 66369 -1 2 3 -4 5 -6 -7 8 9 -10 11 12 -13 -14 15 16 -17 -18 -19 20 0
uf20-0376.mwcnf 37214 -1 2 -3 -4 5 6 7 8 9 10 -11 12 13 -14 -15 16 17 -18 19 -20 0
uf20-0564.mwcnf 90613 1 -2 -3 4 5 6 7 -8 9 10 11 -12 13 14 -15 16 -17 18 19 20 0
uf20-0919.mwcnf 22610 1 -2 3 4 5 -6 -7 -8 9 -10 11 12 -13 14 15 -16 17 -18 19 20 0
uf20-0976.mwcnf 17679 -1 -2 3 -4 -5 6 -7 8 9 -10 -11 -12 13 14 -15 16 17 -18 19 20 0
uf20-018.mwcnf 27812 -1 -2 3 -4 5 -6 7 -8 9 10 -11 12 13 -14 -15 16 17 -18 19 20 0
uf20-0246.mwcnf 27048 -1 2 3 -4 -5 -6 7 -8 9 10 -11 12 13 -14 -15 -16 17 -18 19 -20 0
uf20-0913.mwcnf 27295 1 2 3 4 5 -6 7 8 9 10 11 12 -13 14 15 16 -17 18 19 -20 0
uf20-0615.mwcnf 57464 -1 2 3 -4 5 6 7 8 -9 -10 -11 -12 -13 -14 -15 16 17 18 19 -20 0
uf20-0243.mwcnf 29311 -1 2 -3 -4 -5 -6 -7 8 9 -10 -11 -12 13 14 15 16 17 -18 19 -20 0
uf20-0189.mwcnf 34760 1 -2 3 4 -5 -6 7 -8 9 10 11 -12 13 -14 15 16 17 18 19 -20 0
uf20-0973.mwcnf 29090 -1 2 3 4 5 6 7 -8 9 -10 11 -12 13 14 15 16 -17 18 19 20 0
uf20-0245.mwcnf 28596 1 2 3 -4 5 6 7 8 -9 -10 11 -12 13 14 -15 -16 -17 -18 19 -20 0
uf20-0924.mwcnf 20649 -1 2 3 4 5 6 -7 8 -9 10 -11 12 -13 14 15 -16 17 -18 -19 -20 0
uf20-0451.mwcnf 44521 1 -2 -3 4 5 6 7 8 9 10 11 12 -13 14 15 16 17 18 19 -20 0
uf20-0389.mwcnf 37941 1 -2 3 4 5 6 -7 -8 -9 -10 11 12 -13 14 15 16 17 18 -19 20 0
uf20-0445.mwcnf 27592 1 2 -3 -4 -5 6 7 8 9 10 11 -12 -13 -14 15 -16 -17 -18 19 20 0
uf20-0110.mwcnf 23795 1 -2 3 -4 5 -6 -7 8 9 -10 11 -12 13 -14 -15 -16 17 -18 19 -20 0
uf20-0115.mwcnf 24274 1 2 3 4 5 -6 -7 -8 -9 10 11 -12 -13 -14 -15 16 -17 18 -19 20 0
uf20-0415.mwcnf 22256 -1 2 -3 4 5 -6 7 8 9 -10 -11 12 -13 -14 15 -16 -17 -18 19 20 0
uf20-0836.mwcnf 29615 1 2 -3 4 5 6 7 -8 9 -10 11 12 13 -14 15 16 17 18 -19 20 0
uf20-0310.mwcnf 31637 1 2 -3 -4 5 -6 7 -8 9 -10 11 12 13 -14 -15 16 -17 -18 19 20 0
uf20-0201.mwcnf 25733 1 2 -3 -4 -5 6 7 -8 -9 10 11 12 -13 14 15 -16 -17 18 19 20 0
uf20-0833.mwcnf 16081 1 2 3 -4 5 6 -7 -8 9 10 -11 12 -13 -14 -15 -16 -17 18 19 -20 0
uf20-0537.mwcnf 80945 -1 -2 3 4 5 -6 -7 8 9 10 -11 12 -13 -14 15 16 17 18 19 20 0
uf20-0811.mwcnf 29184 1 2 3 4 5 6 7 8 9 10 11 -12 -13 14 15 16 17 18 -19 -20 0
uf20-0114.mwcnf 46005 1 2 3 4 5 6 7 -8 9 -10 11 12 13 14 15 16 17 -18 19 20 0
uf20-0200.mwcnf 21606 1 -2 3 -4 -5 6 -7 8 -9 10 -11 12 -13 14 15 -16 -17 -18 19 20 0
uf20-0719.mwcnf 66654 -1 2 3 -4 5 6 7 -8 9 10 11 12 -13 -14 -15 -16 -17 -18 -19 -20 0
uf20-0178.mwcnf 28003 1 -2 -3 4 5 -6 -7 8 9 10 11 12 -13 14 -15 -16 17 -18 19 20 0
uf20-0670.mwcnf 66896 -1 -2 -3 4 5 6 -7 -8 9 -10 -11 12 13 14 -15 16 -17 18 -19 -20 0
uf20-0946.mwcnf 21373 1 -2 3 -4 -5 6 7 -8 -9 10 11 12 13 14 -15 16 -17 18 -19 20 0
uf20-0503.mwcnf 76200 -1 -2 3 4 5 6 -7 8 9 10 -11 12 13 14 -15 -16 -17 18 19 -20 0
uf20-0534.mwcnf 87160 -1 -2 -3 4 5 6 7 8 -9 -10 11 -12 -13 14 15 16 17 18 19 -20 0
uf20-082.mwcnf 19581 1 -2 3 4 -5 -6 -7 -8 -9 10 -11 12 13 14 -15 16 17 -18 -19 20 0
uf20-0145.mwcnf 26564 1 -2 3 -4 -5 6 -7 8 9 -10 11 -12 13 14 15 -16 17 18 -19 -20 0
uf20-0847.mwcnf 16665 -1 2 -3 4 -5 -6 7 8 9 10 11 -12 -13 14 15 16 -17 -18 -19 -20 0
uf20-080.mwcnf 28113 1 2 3 -4 5 -6 7 8 9 -10 11 12 13 14 15 16 17 -18 19 20 0
uf20-0128.mwcnf 38513 1 -2 3 4 5 6 7 8 9 10 11 12 -13 14 15 -16 -17 18 19 -20 0
uf20-0603.mwcnf 87983 1 2 3 -4 5 6 7 8 9 -10 11 12 -13 14 -15 16 17 -18 19 20 0
uf20-0498.mwcnf 89668 1 -2 3 -4 5 6 -7 -8 -9 10 11 -12 13 14 15 -16 -17 -18 19 20 0
uf20-0299.mwcnf 33237 1 -2 3 4 -5 6 -7 -8 -9 10 -11 12 13 14 15 16 -17 18 -19 20 0
uf20-0348.mwcnf 33191 -1 2 -3 -4 -5 -6 7 8 9 10 -11 -12 13 -14 15 16 -17 -18 19 20 0
uf20-0734.mwcnf 30332 1 2 -3 4 -5 6 7 8 -9 10 -11 12 13 14 15 16 17 18 19 -20 0
uf20-027.mwcnf 36316 -1 2 3 -4 5 6 7 -8 -9 -10 11 12 13 -14 15 16 17 -18 -19 -20 0
uf20-0191.mwcnf 41903 1 2 3 4 -5 6 -7 8 9 10 11 -12 13 14 15 16 17 18 19 20 0
uf20-0678.mwcnf 115497 -1 2 3 4 5 6 7 -8 9 10 11 12 13 -14 -15 16 17 18 19 20 0
uf20-093.mwcnf 21211 -1 -2 3 -4 5 6 7 -8 9 -10 -11 12 13 14 15 16 17 -18 19 20 0
uf20-0795.mwcnf 18311 1 2 -3 4 5 -6 7 8 9 10 11 -12 -13 -14 15 16 -17 18 -19 -20 0
uf20-0205.mwcnf 33425 -1 2 3 4 -5 6 -7 -8 9 -10 11 12 13 14 15 16 17 18 -19 -20 0
uf20-0442.mwcnf 31282 -1 -2 3 -4 5 6 -7 8 9 10 11 12 13 -14 15 -16 17 -18 19 -20 0
uf20-0816.mwcnf 17981 -1 2 -3 -4 -5 6 7 -8 9 -10 -11 12 13 14 15 16 -17 18 19 20 0
uf20-0516.mwcnf 82151 1 2 3 -4 5 -6 7 -8 9 -10 11 12 13 -14 15 -16 17 -18 -19 -20 0
uf20-0169.mwcnf 28172 1 -2 3 4 5 -6 -7 8 9 10 11 -12 13 -14 -15 16 17 18 -19 -20 0
uf20-0166.mwcnf 31622 -1 2 3 4 -5 6 7 -8 9 10 11 12 -13 -14 -15 16 17 18 19 -20 0
uf20-0519.mwcnf 77611 -1 -2 -3 4 -5 -6 7 -8 9 10 11 -12 13 -14 15 -16 -17 18 19 20 0
uf20-0241.mwcnf 26402 -1 -2 -3 4 5 6 -7 -8 -9 -10 11 -12 -13 14 15 16 17 -18 19 -20 0
uf20-0969.mwcnf 22126 -1 2 3 4 5 6 7 8 -9 -10 11 12 -13 -14 15 -16 17 18 19 20 0
uf20-0999.mwcnf 28913 1 2 -3 4 5 -6 7 8 9 10 -11 12 -13 14 15 -16 17 18 19 20 0
uf20-0710.mwcnf 60326 -1 -2 -3 -4 -5 -6 -7 8 -9 -10 11 -12 -13 -14 15 16 17 18 19 20 0
uf20-0137.mwcnf 23587 -1 2 -3 4 -5 6 -7 8 9 -10 -11 -12 13 14 -15 16 17 18 19 -20 0
uf20-0149.mwcnf 25101 1 -2 3 4 5 6 -7 -8 9 10 -11 -12 13 -14 15 16 17 18 -19 20 0
uf20-0230.mwcnf 28493 1 2 -3 4 -5 6 -7 -8 9 -10 -11 12 13 14 15 16 -17 18 -19 20 0
uf20-0899.mwcnf 32731 1 2 3 -4 5 6 7 8 9 10 -11 12 13 14 15 -16 17 18 19 20 0
uf20-0636.mwcnf 70887 1 2 3 4 5 6 -7 -8 9 -10 11 -12 -13 -14 -15 16 -17 -18 19 20 0
uf20-0295.mwcnf 35620 1 2 3 -4 5 -6 7 -8 -9 -10 11 12 -13 14 15 16 17 -18 19 20 0
uf20-0966.mwcnf 31440 -1 -2 3 4 5 6 7 8 9 10 11 12 13 14 -15 16 17 18 19 20 0
uf20-0179.mwcnf 32187 1 -2 3 4 -5 6 7 -8 9 -10 -11 -12 13 -14 15 -16 17 18 -19 20 0
uf20-0810.mwcnf 16989 1 2 -3 4 5 6 7 -8 -9 10 -11 -12 -13 14 15 -16 17 -18 -19 -20 0
uf20-0492.mwcnf 103113 1 2 3 4 5 6 7 8 9 -10 11 -12 13 -14 -15 16 -17 -18 19 20 0
uf20-026.mwcnf 41963 1 2 3 4 5 6 7 -8 9 10 -11 -12 13 14 -15 16 17 18 -19 -20 0
uf20-078.mwcnf 23863 1 2 3 4 5 -6 7 -8 9 -10 11 12 -13 14 15 -16 17 18 19 20 0
uf20-0884.mwcnf 27683 1 2 -3 4 5 6 7 -8 9 -10 11 -12 13 14 15 16 17 -18 19 20 0
uf20-089.mwcnf 19701 1 2 -3 4 5 6 7 8 -9 10 11 12 -13 -14 -15 -16 17 18 19 20 0
uf20-0470.mwcnf 107458 1 2 3 4 5 6 7 8 9 -10 11 12 13 14 15 -16 17 18 -19 20 0
uf20-0320.mwcnf 42290 1 2 3 4 5 6 -7 -8 9 10 11 -12 -13 14 15 -16 17 -18 19 20 0
uf20-0736.mwcnf 24856 -1 2 3 4 5 6 7 -8 9 10 11 -12 -13 14 -15 16 -17 18 19 20 0
uf20-0122.mwcnf 31891 -1 2 3 4 5 6 -7 -8 9 10 11 -12 -13 14 -15 16 17 18 -19 -20 0
uf20-0260.mwcnf 40267 1 2 3 4 5 -6 7 8 9 10 11 12 13 14 15 -16 -17 -18 -19 -20 0
uf20-0194.mwcnf 32289 1 2 -3 -4 -5 6 7 8 9 -10 -11 12 13 14 -15 16 17 18 -19 20 0
uf20-0358.mwcnf 32550 1 -2 -3 4 -5 6 -7 -8 9 -10 -11 12 13 -14 -15 16 17 18 -19 20 0
uf20-0439.mwcnf 46950 -1 2 3 -4 5 6 7 -8 9 10 -11 12 13 14 15 16 17 18 19 20 0
uf20-0334.mwcnf 32465 -1 -2 -3 4 5 6 7 -8 9 -10 11 12 -13 14 -15 16 17 18 19 20 0
uf20-0527.mwcnf 75448 1 -2 -3 -4 5 6 -7 8 -9 -10 -11 12 13 -14 15 -16 -17 18 19 -20 0
uf20-0901.mwcnf 24738 1 -2 -3 4 -5 6 -7 -8 9 10 11 12 -13 -14 15 16 17 18 19 20 0
uf20-0416.mwcnf 55494 1 -2 3 4 5 6 7 8 9 10 -11 12 13 14 -15 16 17 18 19 20 0
uf20-0284.mwcnf 33558 1 2 -3 -4 5 6 7 8 -9 10 11 12 -13 14 15 -16 -17 -18 -19 -20 0
uf20-0626.mwcnf 83789 -1 -2 3 4 5 6 -7 8 -9 10 11 -12 13 14 15 16 -17 -18 19 20 0
uf20-0841.mwcnf 24798 1 2 3 4 5 -6 -7 8 9 -10 -11 12 13 14 15 16 17 18 -19 20 0
uf20-0575.mwcnf 55251 1 -2 -3 4 -5 6 -7 8 -9 10 -11 -12 13 -14 -15 16 -17 18 -19 -20 0
uf20-0119.mwcnf 43583 1 2 3 4 5 6 7 8 -9 10 11 -12 13 14 15 16 17 -18 19 -20 0
uf20-0773.mwcnf 25808 1 -2 3 4 5 6 7 8 -9 10 -11 -12 -13 14 15 16 17 18 19 20 0
uf20-0682.mwcnf 57686 -1 -2 3 -4 -5 6 -7 8 9 10 11 -12 -13 -14 15 -16 17 -18 -19 20 0
uf20-0413.mwcnf 49915 1 -2 3 -4 -5 6 7 8 -9 10 11 -12 13 14 15 16 17 18 19 20 0
uf20-0461.mwcnf 75031 -1 2 -3 4 -5 6 7 8 -9 -10 -11 -12 13 -14 15 -16 17 -18 19 20 0
uf20-0518.mwcnf 70339 1 -2 -3 -4 5 6 7 -8 -9 10 11 12 -13 -14 -15 -16 17 18 19 20 0
uf20-0282.mwcnf 26221 -1 -2 3 4 -5 -6 -7 8 9 -10 -11 12 13 -14 -15 -16 17 18 -19 20 0
uf20-0956.mwcnf 21492 -1 2 3 -4 -5 6 7 -8 9 -10 11 -12 -13 14 -15 16 17 18 19 20 0
uf20-0508.mwcnf 75309 -1 -2 3 -4 -5 6 -7 8 9 10 11 12 13 14 15 16 17 18 19 20 0
uf20-0338.mwcnf 30193 1 -2 3 4 5 -6 7 -8 9 10 11 12 -13 -14 15 -16 -17 18 -19 20 0
uf20-0583.mwcnf 81219 1 -2 -3 4 5 6 7 -8 9 -10 11 -12 13 14 15 -16 17 18 -19 20 0
uf20-0669.mwcnf 54856 1 -2 3 -4 5 -6 -7 -8 9 10 11 -12 -13 -14 15 16 -17 -18 -19 -20 0
uf20-0381.mwcnf 31349 -1 2 3 -4 5 6 -7 8 -9 10 11 12 -13 14 15 -16 17 -18 -19 20 0
uf20-061.mwcnf 114530 1 2 3 4 5 -6 -7 8 -9 10 11 12 13 14 15 16 17 18 -19 20 0
uf20-0236.mwcnf 48080 1 2 3 -4 -5 -6 -7 -8 9 10 11 12 13 14 -15 16 17 18 19 20 0
uf20-041.mwcnf 30875 -1 2 3 -4 -5 6 -7 -8 9 10 -11 12 -13 14 15 -16 17 18 -19 -20 0
uf20-0238.mwcnf 51506 1 2 3 4 -5 6 -7 8 9 10 11 12 13 -14 15 16 17 18 19 20 0
uf20-095.mwcnf 29568 1 2 3 4 5 -6 -7 8 -9 10 11 12 13 14 15 16 17 18 -19 20 0
uf20-0936.mwcnf 20898 1 2 -3 4 5 6 7 8 9 10 11 -12 -13 14 15 16 17 -18 -19 -20 0
uf20-0369.mwcnf 34339 1 2 3 -4 -5 -6 7 8 9 10 -11 -12 -13 -14 15 -16 17 18 19 20 0
uf20-0698.mwcnf 93316 -1 2 3 4 5 6 7 8 9 10 11 -12 13 14 -15 -16 -17 18 -19 -20 0
uf20-0601.mwcnf 66718 1 -2 -3 -4 5 -6 7 -8 9 -10 -11 12 -13 14 -15 -16 17 18 19 20 0
uf20-0118.mwcnf 38179 1 -2 -3 4 5 -6 7 8 -9 10 11 -12 13 14 15 16 17 18 19 20 0
uf20-0577.mwcnf 59931 -1 -2 3 4 -5 -6 7 -8 9 10 11 12 13 14 -15 -16 17 -18 19 20 0
uf20-0262.mwcnf 28419 1 2 3 -4 5 6 -7 -8 -9 10 -11 12 13 -14 15 -16 -17 18 -19 -20 0
uf20-0456.mwcnf 51079 -1 2 3 4 5 6 7 8 9 -10 11 12 13 14 15 16 -17 -18 19 20 0
uf20-0303.mwcnf 39506 1 -2 -3 4 5 -6 -7 -8 9 10 11 12 13 -14 15 -16 17 18 19 20 0
uf20-0141.mwcnf 33910 1 2 3 -4 5 6 7 -8 9 10 11 12 -13 14 15 16 17 -18 -19 20 0
uf20-0372.mwcnf 41428 1 -2 -3 4 5 6 7 -8 9 -10 11 12 13 14 15 -16 17 18 19 20 0
uf20-052.mwcnf 127440 -1 2 3 4 5 6 -7 8 -9 -10 11 12 13 14 15 16 17 18 19 20 0
uf20-0928.mwcnf 19110 1 2 3 4 -5 -6 -7 -8 9 -10 11 12 -13 -14 15 16 17 -18 19 20 0
uf20-031.mwcnf 34068 -1 -2 3 -4 5 6 7 8 9 10 11 -12 -13 14 15 16 17 18 -19 -20 0
uf20-0685.mwcnf 88470 -1 2 -3 4 5 6 -7 8 9 10 11 -12 -13 -14 15 -16 17 18 19 20 0
uf20-0482.mwcnf 74835 -1 -2 3 4 5 6 7 8 9 10 -11 12 13 14 -15 -16 17 -18 -19 -20 0
uf20-0939.mwcnf 21515 -1 2 3 4 5 6 7 8 -9 10 11 -12 -13 14 -15 16 -17 18 -19 20 0
uf20-0430.mwcnf 30847 1 -2 -3 4 5 6 7 8 9 10 11 12 13 -14 -15 -16 17 18 -19 20 0
uf20-0377.mwcnf 45796 1 -2 3 4 5 -6 7 -8 9 10 11 12 -13 14 15 -16 17 18 -19 20 0
uf20-0761.mwcnf 31119 1 2 3 4 5 -6 7 8 9 10 11 -12 13 14 15 16 17 18 19 20 0
uf20-0131.mwcnf 33541 -1 2 -3 4 -5 -6 7 8 9 10 -11 12 13 14 -15 -16 -17 18 19 20 0
uf20-064.mwcnf 47802 1 -2 -3 -4 5 -6 7 8 9 10 -11 -12 -13 -14 -15 16 -17 -18 -19 20 0
uf20-0531.mwcnf 101583 1 -2 3 4 5 6 7 -8 9 10 -11 12 -13 14 15 16 -17 18 19 20 0
uf20-0801.mwcnf 23233 1 2 -3 -4 -5 6 -7 8 9 -10 11 12 -13 14 -15 -16 17 -18 19 20 0
uf20-079.mwcnf 17440 1 -2 3 4 5 6 -7 8 9 10 -11 -12 -13 -14 15 -16 -17 18 -19 20 0
uf20-059.mwcnf 125062 1 2 3 4 5 6 7 -8 9 -10 11 12 -13 14 15 16 -17 18 19 20 0
uf20-0288.mwcnf 33073 1 -2 -3 -4 -5 6 -7 -8 9 -10 -11 12 -13 14 15 16 17 18 -19 20 0
uf20-081.mwcnf 30654 1 2 3 4 5 6 7 8 9 10 11 12 13 -14 15 16 17 18 -19 -20 0
uf20-0471.mwcnf 63657 1 -2 3 -4 -5 6 -7 -8 9 -10 11 -12 -13 -14 15 16 -17 18 -19 20 0
uf20-0366.mwcnf 31816 1 2 -3 4 -5 6 -7 8 9 -10 -11 12 -13 14 15 -16 17 -18 19 -20 0
uf20-098.mwcnf 28583 1 2 3 -4 5 -6 7 8 9 10 -11 12 13 14 -15 16 17 18 19 20 0
uf20-0728.mwcnf 21057 1 -2 3 4 5 6 7 8 -9 10 -11 12 -13 -14 15 -16 17 18 19 -20 0
uf20-0152.mwcnf 24313 1 2 -3 -4 5 6 7 -8 -9 10 -11 12 13 14 -15 16 17 -18 -19 -20 0
uf20-0407.mwcnf 51011 1 -2 3 4 5 6 7 8 9 10 11 12 13 -14 15 -16 17 18 19 20 0
uf20-0432.mwcnf 37080 1 2 3 4 5 6 -7 8 9 -10 -11 12 -13 -14 15 -16 -17 18 -19 20 0
uf20-0730.mwcnf 19024 -1 -2 3 4 5 -6 7 8 -9 -10 -11 -12 13 -14 -15 16 -17 18 19 20 0
uf20-0854.mwcnf 21457 1 -2 3 -4 -5 6 7 8 9 -10 -11 12 -13 14 -15 16 17 18 19 20 0
uf20-0849.mwcnf 27122 -1 2 3 4 -5 6 7 8 -9 -10 11 12 13 14 15 -16 17 18 19 20 0
uf20-0558.mwcnf 51089 1 -2 3 -4 -5 -6 -7 -8 -9 -10 11 12 13 14 15 16 -17 18 -19 -20 0
uf20-0436.mwcnf 45224 1 2 3 4 -5 6 7 8 9 10 11 12 13 -14 -15 16 -17 18 -19 20 0
uf20-0642.mwcnf 74104 -1 2 3 4 5 6 -7 8 -9 -10 -11 12 -13 -14 15 16 -17 -18 19 20 0
uf20-0617.mwcnf 71674 -1 -2 -3 4 -5 6 7 8 9 10 -11 12 -13 14 15 16 -17 -18 19 -20 0
uf20-0975.mwcnf 31969 1 2 3 4 5 6 -7 -8 9 10 11 12 13 14 15 16 17 -18 19 20 0
uf20-097.mwcnf 17959 -1 2 -3 4 -5 -6 7 -8 9 10 -11 -12 13 14 -15 16 -17 18 -19 20 0
uf20-0321.mwcnf 34857 -1 2 3 4 5 6 -7 8 9 -10 11 12 13 14 -15 16 17 -18 -19 -20 0
uf20-0706.mwcnf 91844 1 -2 3 4 -5 -6 -7 8 9 10 11 -12 13 14 15 16 17 18 -19 20 0
uf20-028.mwcnf 25366 -1 2 -3 4 5 6 -7 -8 9 10 -11 -12 13 14 -15 -16 17 -18 -19 -20 0
uf20-0891.mwcnf 20608 1 -2 3 4 5 -6 -7 -8 9 10 11 -12 -13 14 15 16 17 18 19 -20 0
uf20-0202.mwcnf 31283 -1 -2 -3 4 -5 6 -7 -8 9 10 11 -12 -13 -14 -15 16 17 -18 19 20 0
uf20-0839.mwcnf 24332 1 -2 -3 4 -5 6 7 8 9 10 11 12 13 -14 15 16 -17 -18 -19 20 0
uf20-0273.mwcnf 31528 1 2 3 -4 -5 -6 7 8 9 -10 -11 -12 13 14 -15 -16 17 -18 -19 20 0
uf20-0829.mwcnf 19114 1 2 3 4 -5 -6 -7 8 9 10 -11 -12 -13 -14 -15 -16 -17 18 19 20 0
uf20-0447.mwcnf 30973 -1 -2 -3 4 -5 -6 -7 8 9 -10 11 12 13 14 15 16 17 18 -19 20 0
uf20-0353.mwcnf 50963 1 2 3 4 -5 -6 7 8 9 10 11 12 13 14 -15 16 17 18 19 20 0
uf20-0977.mwcnf 29097 1 2 3 4 5 -6 7 -8 9 10 11 12 13 14 15 16 17 -18 19 20 0
uf20-0830.mwcnf 18571 1 -2 -3 -4 5 6 -7 8 9 10 11 -12 -13 14 15 -16 -17 18 19 -20 0
uf20-0688.mwcnf 96558 1 2 -3 -4 5 6 7 8 9 10 -11 12 -13 -14 -15 16 -17 18 19 20 0
uf20-0207.mwcnf 44831 1 2 3 4 5 -6 7 8 9 -10 11 12 13 14 15 -16 -17 -18 19 20 0
uf20-02.mwcnf 23509 -1 -2 3 4 5 6 7 8 9 10 -11 -12 -13 14 -15 16 -17 -18 19 -20 0
uf20-0958.mwcnf 22633 1 2 3 4 5 6 -7 8 -9 10 -11 12 -13 -14 15 16 -17 18 -19 20 0
uf20-0522.mwcnf 117352 1 2 -3 4 5 6 7 -8 9 -10 11 12 13 14 15 16 17 18 19 20 0
uf20-0613.mwcnf 81740 -1 2 3 -4 5 -6 7 8 -9 -10 11 12 13 -14 -15 16 -17 18 19 20 0
uf20-0233.mwcnf 45781 1 -2 3 4 5 -6 7 8 9 -10 11 -12 13 14 15 16 17 18 19 -20 0
uf20-0708.mwcnf 100059 1 2 3 4 5 6 7 -8 9 -10 11 12 13 14 -15 -16 17 18 19 -20 0
uf20-0664.mwcnf 106010 1 -2 3 4 5 6 7 -8 9 10 11 12 13 -14 15 16 -17 -18 -19 20 0
uf20-0315.mwcnf 52872 1 2 3 4 5 6 7 8 -9 -10 11 12 13 14 15 16 17 18 -19 20 0
uf20-0392.mwcnf 33415 -1 2 -3 -4 -5 6 -7 8 9 10 11 -12 13 14 15 -16 17 -18 19 20 0
uf20-0350.mwcnf 26770 1 -2 -3 4 -5 -6 -7 8 9 -10 -11 -12 13 14 15 -16 17 18 19 20 0
uf20-0526.mwcnf 70503 -1 2 3 -4 5 6 7 -8 -9 10 11 -12 -13 14 -15 16 17 18 -19 -20 0
uf20-0379.mwcnf 36518 -1 2 -3 -4 -5 6 -7 8 -9 10 -11 12 13 -14 -15 16 17 18 19 20 0
uf20-0240.mwcnf 41073 1 2 3 4 5 6 -7 8 -9 10 11 -12 -13 14 -15 16 17 18 19 20 0
uf20-0645.mwcnf 74366 1 2 3 4 5 -6 7 -8 9 -10 -11 -12 13 -14 15 -16 -17 18 -19 20 0
uf20-0599.mwcnf 63371 -1 -2 -3 -4 5 6 7 -8 -9 10 11 -12 -13 14 15 -16 17 18 19 -20 0
uf20-0547.mwcnf 98356 1 2 3 -4 -5 6 -7 8 9 10 -11 12 -13 -14 15 16 17 18 19 -20 0
uf20-0362.mwcnf 27409 1 2 3 -4 -5 -6 -7 -8 9 10 -11 12 13 -14 -15 -16 -17 18 19 20 0
uf20-0686.mwcnf 69865 1 2 -3 4 -5 6 -7 8 9 -10 -11 -12 -13 14 15 -16 17 18 -19 -20 0
uf20-0443.mwcnf 33876 1 2 -3 -4 5 -6 7 8 -9 10 -11 12 13 14 -15 -16 17 18 19 20 0
uf20-0286.mwcnf 22064 -1 2 -3 4 -5 -6 -7 -8 9 -10 11 12 -13 -14 15 -16 17 18 19 -20 0
uf20-0717.mwcnf 66045 1 -2 -3 4 5 -6 7 8 9 -10 11 12 13 -14 15 -16 -17 18 -19 20 0
uf20-0293.mwcnf 42586 -1 2 -3 -4 5 6 7 8 9 -10 -11 12 -13 14 15 16 17 18 19 20 0
uf20-0247.mwcnf 54072 1 2 -3 4 -5 6 7 8 9 10 11 12 13 14 15 16 17 -18 19 20 0
uf20-0929.mwcnf 19777 -1 2 3 4 -5 6 7 8 9 -10 11 12 -13 -14 15 16 17 -18 -19 -20 0
uf20-0784.mwcnf 23599 1 -2 -3 4 5 -6 7 8 -9 10 11 12 13 14 15 16 -17 -18 19 20 0
uf20-0605.mwcnf 76040 1 2 3 4 5 6 -7 8 9 10 11 12 13 -14 -15 16 -17 -18 -19 20 0
uf20-012.mwcnf 31063 1 -2 3 -4 -5 6 7 8 9 -10 -11 12 13 14 15 -16 17 18 19 -20 0
uf20-0677.mwcnf 76937 -1 -2 3 -4 5 6 7 8 -9 -10 11 -12 -13 14 15 16 -17 18 -19 20 0
uf20-0148.mwcnf 26125 -1 -2 -3 -4 5 6 7 -8 9 -10 11 -12 13 14 -15 16 17 18 19 20 0
uf20-0100.mwcnf 36847 1 2 3 4 5 -6 -7 8 9 -10 11 12 13 14 15 16 -17 -18 19 20 0
uf20-0764.mwcnf 24193 1 2 3 4 -5 6 -7 -8 -9 10 11 12 13 14 -15 -16 17 -18 19 -20 0
uf20-0398.mwcnf 31211 -1 2 3 -4 5 6 7 8 -9 10 -11 -12 -13 -14 15 -16 17 -18 -19 20 0
uf20-0930.mwcnf 23613 1 2 -3 4 5 -6 7 8 9 10 11 -12 -13 14 -15 16 17 18 -19 20 0
uf20-0116.mwcnf 29873 1 2 3 4 -5 6 7 -8 9 -10 -11 12 13 14 15 16 -17 -18 -19 20 0
uf20-0903.mwcnf 26626 1 -2 3 4 5 -6 7 8 9 10 11 12 13 -14 -15 16 -17 18 19 20 0
uf20-0568.mwcnf 97447 1 -2 3 4 5 6 -7 8 9 -10 11 -12 13 14 -15 16 17 -18 19 20 0
uf20-047.mwcnf 73777 1 -2 -3 4 5 -6 7 8 9 -10 -11 12 13 -14 15 -16 17 18 19 -20 0
uf20-0691.mwcnf 80116 -1 2 3 -4 5 -6 -7 8 -9 10 -11 12 -13 -14 15 16 -17 18 19 20 0
uf20-0291.mwcnf 45308 1 2 3 4 5 -6 -7 8 9 -10 -11 12 -13 14 -15 16 -17 18 19 20 0
uf20-0406.mwcnf 34384 1 2 3 -4 5 6 -7 -8 9 -10 -11 12 -13 14 -15 -16 17 18 19 20 0
uf20-0154.mwcnf 32764 1 -2 3 -4 5 6 -7 8 -9 -10 -11 12 13 14 -15 -16 17 18 19 -20 0
uf20-0715.mwcnf 66259 1 2 3 4 5 6 -7 -8 -9 10 11 12 -13 14 15 -16 17 -18 -19 -20 0
uf20-0102.mwcnf 26830 1 2 3 -4 -5 6 7 -8 9 10 -11 12 13 14 -15 16 17 -18 -19 -20 0
uf20-0582.mwcnf 56007 -1 -2 -3 4 5 -6 -7 -8 9 10 11 -12 -13 -14 -15 16 -17 -18 19 -20 0
uf20-0370.mwcnf 31014 1 -2 3 4 -5 6 7 -8 9 10 -11 12 -13 14 15 16 17 18 -19 -20 0
uf20-0196.mwcnf 43783 1 2 3 4 5 -6 7 -8 -9 10 11 12 13 14 15 16 -17 -18 19 20 0
uf20-0266.mwcnf 40508 1 2 -3 4 -5 -6 -7 8 -9 -10 11 12 13 14 15 -16 17 18 19 20 0
uf20-0713.mwcnf 78659 -1 2 -3 4 5 6 -7 8 -9 10 -11 -12 13 14 -15 16 17 -18 -19 20 0
uf20-0368.mwcnf 39137 -1 -2 3 4 -5 6 7 8 -9 10 11 12 13 14 15 -16 -17 18 19 -20 0
uf20-0472.mwcnf 110270 -1 2 3 -4 5 -6 7 8 -9 10 11 12 -13 14 15 16 17 18 19 20 0
uf20-0668.mwcnf 127396 1 2 3 4 5 6 7 8 -9 10 11 -12 13 14 15 16 17 -18 19 20 0
uf20-0644.mwcnf 105154 -1 2 3 4 5 6 7 -8 9 10 11 12 13 14 -15 -16 17 18 -19 20 0
uf20-0146.mwcnf 30527 1 -2 3 -4 5 6 7 -8 -9 10 11 -12 13 -14 15 -16 -17 18 19 20 0
uf20-0980.mwcnf 14715 -1 -2 3 -4 5 6 7 8 -9 10 11 12 -13 -14 -15 16 17 -18 19 -20 0
uf20-0525.mwcnf 75537 1 -2 3 4 -5 -6 -7 8 9 -10 11 12 -13 -14 -15 16 17 18 19 20 0
uf20-0614.mwcnf 80371 1 2 3 -4 5 6 7 -8 9 10 -11 12 -13 -14 15 16 17 -18 -19 20 0
uf20-0428.mwcnf 34150 1 2 3 -4 5 -6 -7 8 9 10 11 -12 -13 -14 15 16 -17 18 19 20 0
uf20-0949.mwcnf 19809 1 2 -3 4 -5 6 -7 -8 9 10 11 -12 13 -14 -15 16 17 -18 19 -20 0
uf20-0280.mwcnf 38008 1 2 3 -4 5 6 7 -8 -9 10 -11 -12 13 -14 -15 16 17 18 -19 20 0
uf20-0962.mwcnf 23098 -1 2 -3 4 5 6 7 8 9 10 11 -12 13 14 15 16 17 18 19 20 0
uf20-0517.mwcnf 108037 1 2 3 4 -5 6 -7 8 9 10 11 12 -13 -14 15 16 -17 -18 19 20 0
uf20-0889.mwcnf 27437 1 -2 3 4 5 -6 -7 8 9 -10 11 12 -13 14 15 16 17 18 19 20 0
uf20-0104.mwcnf 35449 1 2 3 4 5 -6 7 8 9 -10 11 12 13 -14 15 16 17 -18 -19 20 0
uf20-0778.mwcnf 18903 1 -2 3 4 5 6 7 -8 -9 10 11 12 -13 14 -15 16 17 -18 19 20 0
uf20-025.mwcnf 46674 1 2 3 4 5 6 7 -8 9 10 11 12 -13 14 15 -16 17 18 -19 20 0
uf20-019.mwcnf 31425 -1 2 3 4 5 6 7 -8 9 10 -11 12 13 -14 -15 -16 -17 -18 19 -20 0
uf20-0491.mwcnf 101964 1 -2 3 4 5 6 7 8 9 -10 -11 -12 -13 -14 15 16 -17 18 19 20 0
uf20-0346.mwcnf 36961 1 2 -3 4 5 6 -7 -8 9 -10 -11 12 13 -14 15 16 17 18 -19 20 0
uf20-0635.mwcnf 98442 1 2 -3 -4 5 6 -7 8 9 -10 11 12 -13 -14 15 16 -17 18 19 -20 0
uf20-0758.mwcnf 33250 1 2 3 4 5 -6 7 8 9 10 11 12 13 14 15 16 17 -18 -19 20 0
uf20-0117.mwcnf 37043 -1 -2 -3 4 5 6 7 8 -9 10 11 12 13 14 15 16 17 18 19 -20 0
uf20-0213.mwcnf 38149 1 2 3 -4 5 6 -7 8 9 -10 11 12 13 -14 15 16 17 18 -19 -20 0
uf20-0543.mwcnf 104770 -1 2 3 4 5 6 7 8 9 10 11 12 -13 14 15 16 -17 -18 19 -20 0
uf20-0497.mwcnf 73992 1 2 3 4 -5 6 7 8 -9 -10 11 12 13 -14 15 -16 17 -18 -19 -20 0
uf20-0652.mwcnf 80818 -1 -2 3 -4 -5 6 7 8 9 10 11 12 13 -14 -15 16 -17 -18 19 -20 0
uf20-0142.mwcnf 37475 1 2 3 -4 -5 -6 7 8 -9 -10 11 12 13 14 15 16 17 18 19 20 0
uf20-0812.mwcnf 27441 1 -2 -3 4 5 6 7 8 9 -10 11 12 -13 14 15 16 17 -18 19 -20 0
uf20-0594.mwcnf 82490 1 2 -3 4 -5 6 7 -8 -9 -10 11 -12 13 14 15 -16 17 -18 19 -20 0
uf20-0175.mwcnf 31124 -1 2 -3 4 -5 6 7 8 9 10 -11 12 13 14 -15 16 -17 -18 -19 20 0
uf20-0704.mwcnf 62261 -1 2 3 -4 -5 6 7 8 9 -10 -11 12 -13 -14 15 -16 17 -18 -19 20 0
uf20-0859.mwcnf 26777 -1 2 3 -4 5 6 -7 8 9 10 11 -12 13 -14 15 16 17 18 -19 20 0
uf20-0433.mwcnf 39733 1 2 3 4 5 -6 7 8 9 10 -11 -12 13 -14 15 -16 17 18 19 -20 0
uf20-0696.mwcnf 63177 -1 2 -3 -4 5 -6 7 -8 9 10 -11 12 13 -14 -15 -16 -17 18 19 -20 0
uf20-0267.mwcnf 31151 -1 -2 -3 4 -5 6 7 -8 9 -10 -11 12 13 14 -15 16 17 18 -19 20 0
uf20-0965.mwcnf 20771 1 2 3 4 5 6 -7 -8 -9 10 11 -12 13 14 15 -16 -17 -18 -19 20 0
uf20-0184.mwcnf 37309 -1 2 3 -4 5 6 7 -8 9 10 11 12 -13 14 15 16 17 -18 19 -20 0
uf20-0573.mwcnf 55558 -1 2 -3 -4 5 -6 -7 -8 -9 -10 -11 -12 13 14 -15 -16 -17 18 19 20 0
uf20-0821.mwcnf 21126 1 2 -3 4 -5 6 7 8 -9 10 -11 12 -13 -14 15 16 17 18 19 -20 0
uf20-0911.mwcnf 20117 -1 2 -3 -4 5 -6 7 8 -9 10 11 12 13 14 15 16 -17 18 19 20 0
uf20-0735.mwcnf 23154 1 2 -3 4 -5 -6 -7 8 -9 10 11 12 13 14 15 -16 17 -18 19 20 0
uf20-0545.mwcnf 108836 1 2 3 -4 -5 -6 7 8 9 10 11 -12 13 14 -15 16 17 18 19 20 0
uf20-0797.mwcnf 29067 1 2 3 -4 5 -6 7 8 9 -10 11 12 -13 14 15 16 17 18 19 20 0
uf20-0766.mwcnf 26587 1 2 -3 4 5 6 7 8 -9 10 11 12 -13 14 15 16 -17 -18 19 20 0
uf20-0952.mwcnf 25932 -1 -2 3 4 5 6 7 8 9 10 11 -12 13 -14 15 16 17 18 -19 20 0
uf20-0382.mwcnf 36208 -1 2 -3 4 5 6 7 -8 9 -10 -11 12 -13 14 15 16 17 18 19 20 0
uf20-0281.mwcnf 48533 1 2 3 4 -5 6 7 8 9 10 11 -12 13 14 15 16 17 18 19 -20 0
uf20-0910.mwcnf 26307 1 -2 3 -4 5 -6 7 8 9 10 11 12 13 14 15 -16 17 18 -19 20 0
uf20-0961.mwcnf 10016 1 2 -3 -4 -5 -6 -7 8 -9 10 11 -12 13 -14 15 -16 -17 -18 -19 20 0
uf20-0754.mwcnf 32559 1 2 3 4 5 6 7 8 9 10 -11 12 -13 14 -15 16 17 18 19 20 0
uf20-096.mwcnf 22807 -1 2 3 4 5 -6 7 8 -9 10 11 -12 -13 -14 15 16 17 18 -19 -20 0
uf20-0271.mwcnf 27225 -1 -2 3 4 -5 -6 7 -8 9 10 11 -12 -13 -14 -15 -16 17 18 19 -20 0
uf20-053.mwcnf 76542 1 2 -3 -4 -5 -6 -7 8 -9 10 -11 12 13 -14 15 16 -17 18 -19 -20 0
uf20-049.mwcnf 83301 -1 2 -3 -4 -5 -6 7 8 -9 10 11 12 13 14 15 -16 -17 18 19 20 0
uf20-0414.mwcnf 41555 1 2 3 4 -5 6 7 8 -9 10 11 -12 13 14 -15 -16 -17 -18 19 20 0
uf20-084.mwcnf 21526 -1 -2 3 4 -5 6 7 8 9 -10 -11 -12 -13 14 -15 -16 -17 18 19 20 0
uf20-0223.mwcnf 44477 -1 2 3 -4 5 6 7 8 9 -10 -11 12 -13 -14 15 16 -17 18 19 20 0
uf20-0479.mwcnf 83157 -1 -2 3 4 -5 6 -7 8 9 10 11 -12 13 -14 15 16 17 -18 19 20 0
uf20-0255.mwcnf 37292 1 -2 3 -4 5 6 -7 8 9 -10 -11 -12 13 -14 15 16 17 18 19 -20 0
uf20-0630.mwcnf 91863 1 -2 3 4 5 6 7 8 -9 10 -11 12 -13 14 15 -16 17 18 -19 20 0
uf20-0777.mwcnf 24138 1 -2 -3 4 5 6 7 8 9 10 -11 -12 -13 14 15 16 17 -18 19 20 0
uf20-0103.mwcnf 31015 -1 2 -3 4 -5 6 -7 8 -9 10 11 -12 13 14 15 16 -17 18 19 -20 0
uf20-0316.mwcnf 35633 1 2 3 -4 -5 -6 -7 8 9 10 11 12 13 14 -15 16 17 -18 -19 20 0
uf20-0716.mwcnf 69032 1 2 -3 4 5 -6 -7 8 -9 10 -11 -12 13 -14 -15 16 -17 18 -19 -20 0
uf20-0383.mwcnf 36347 -1 -2 3 4 5 6 7 -8 9 -10 11 -12 13 14 15 -16 17 18 -19 20 0
uf20-0140.mwcnf 38432 -1 2 3 -4 5 6 7 8 9 10 -11 12 13 -14 -15 -16 17 18 19 -20 0
uf20-068.mwcnf 86037 1 -2 3 4 -5 6 7 -8 -9 -10 11 12 -13 14 15 -16 -17 18 19 20 0
uf20-0268.mwcnf 34977 -1 -2 3 4 5 6 -7 8 -9 -10 -11 12 -13 -14 15 16 17 -18 -19 -20 0
uf20-0551.mwcnf 71577 1 2 3 -4 -5 6 -7 8 -9 10 11 12 13 14 15 -16 -17 18 19 -20 0
uf20-0269.mwcnf 25564 -1 2 3 4 5 -6 -7 -8 -9 10 11 -12 -13 14 -15 16 17 -18 19 20 0
uf20-0422.mwcnf 49721 1 2 -3 4 5 6 -7 -8 9 10 -11 12 13 -14 15 16 17 -18 19 20 0
uf20-0135.mwcnf 32081 1 2 3 4 -5 6 7 -8 -9 10 -11 12 13 -14 -15 16 -17 18 19 20 0
uf20-0151.mwcnf 44563 1 2 -3 4 5 6 7 8 9 10 11 12 13 14 15 16 -17 18 -19 20 0
uf20-0347.mwcnf 49055 1 2 3 4 -5 -6 7 8 9 10 -11 12 13 14 15 16 -17 18 19 20 0
uf20-0593.mwcnf 81875 -1 2 3 -4 -5 6 -7 -8 9 10 11 12 13 14 15 16 -17 18 -19 20 0
uf20-0902.mwcnf 27764 1 2 3 4 5 -6 7 8 9 -10 11 12 13 14 15 16 17 -18 -19 -20 0
uf20-036.mwcnf 33743 1 2 3 4 -5 -6 -7 -8 9 10 -11 -12 13 14 15 -16 17 -18 19 -20 0
uf20-017.mwcnf 37576 1 2 3 4 5 6 -7 8 9 -10 11 12 -13 -14 15 -16 -17 -18 19 20 0
uf20-0571.mwcnf 92590 -1 -2 -3 -4 5 -6 7 8 9 10 11 12 13 14 -15 16 -17 18 19 -20 0
uf20-0787.mwcnf 20502 -1 2 3 -4 -5 -6 -7 -8 9 10 11 12 13 14 15 -16 17 18 19 20 0
uf20-045.mwcnf 87531 1 2 -3 4 -5 -6 7 8 9 10 11 12 -13 14 15 16 17 18 19 -20 0
uf20-0294.mwcnf 52249 1 2 3 4 5 6 7 8 9 10 -11 12 -13 14 15 16 17 -18 -19 20 0