2.3126602172851562e-05
1.9311904907226562e-05
1.811981201171875e-05
1.7881393432617188e-05
1.7404556274414062e-05
1.7404556274414062e-05
1.7642974853515625e-05
1.7404556274414062e-05
1.7642974853515625e-05
1.7642974853515625e-05
1.7404556274414062e-05
3.695487976074219e-05
1.7642974853515625e-05
1.71661376953125e-05
1.7404556274414062e-05
1.7404556274414062e-05
1.71661376953125e-05
1.71661376953125e-05
1.7404556274414062e-05
1.7642974853515625e-05
1.7404556274414062e-05
1.6927719116210938e-05
1.71661376953125e-05
1.6927719116210938e-05
1.71661376953125e-05
1.7404556274414062e-05
1.7642974853515625e-05
1.7404556274414062e-05
1.71661376953125e-05
1.6689300537109375e-05
1.7404556274414062e-05
1.7404556274414062e-05
1.7642974853515625e-05
1.71661376953125e-05
1.7404556274414062e-05
1.71661376953125e-05
1.6689300537109375e-05
1.71661376953125e-05
1.6927719116210938e-05
1.7642974853515625e-05
1.7642974853515625e-05
1.7404556274414062e-05
1.7404556274414062e-05
1.71661376953125e-05
1.71661376953125e-05
1.6927719116210938e-05
1.7404556274414062e-05
1.6689300537109375e-05
1.71661376953125e-05
1.71661376953125e-05
1.71661376953125e-05
1.7404556274414062e-05
1.6927719116210938e-05
1.71661376953125e-05
1.6927719116210938e-05
1.71661376953125e-05
1.6927719116210938e-05
1.71661376953125e-05
1.71661376953125e-05
1.71661376953125e-05
1.71661376953125e-05
1.6689300537109375e-05
1.71661376953125e-05
1.71661376953125e-05
1.6927719116210938e-05
1.6927719116210938e-05
1.71661376953125e-05
1.6927719116210938e-05
1.71661376953125e-05
1.71661376953125e-05
1.71661376953125e-05
1.7642974853515625e-05
1.71661376953125e-05
1.71661376953125e-05
1.6927719116210938e-05
1.7642974853515625e-05
1.6927719116210938e-05
1.71661376953125e-05
1.71661376953125e-05
1.71661376953125e-05
1.6689300537109375e-05
1.6689300537109375e-05
1.71661376953125e-05
1.71661376953125e-05
1.71661376953125e-05
1.7404556274414062e-05
1.6927719116210938e-05
1.6927719116210938e-05
1.7404556274414062e-05
1.71661376953125e-05
1.71661376953125e-05
1.6450881958007812e-05
1.71661376953125e-05
1.71661376953125e-05
1.71661376953125e-05
1.71661376953125e-05
1.71661376953125e-05
1.71661376953125e-05
1.6689300537109375e-05
1.71661376953125e-05