2.288818359375e-05
1.5020370483398438e-05
1.430511474609375e-05
1.3828277587890625e-05
1.3589859008789062e-05
1.33514404296875e-05
1.3589859008789062e-05
1.3113021850585938e-05
1.3589859008789062e-05
1.3589859008789062e-05
1.3589859008789062e-05
1.3589859008789062e-05
1.33514404296875e-05
1.3589859008789062e-05
1.3589859008789062e-05
1.33514404296875e-05
1.3113021850585938e-05
1.33514404296875e-05
1.33514404296875e-05
1.3589859008789062e-05
1.3113021850585938e-05
1.33514404296875e-05
1.3589859008789062e-05
1.3589859008789062e-05
1.3113021850585938e-05
1.2874603271484375e-05
1.3113021850585938e-05
1.9073486328125e-05
1.5497207641601562e-05
1.4781951904296875e-05
1.3828277587890625e-05
1.33514404296875e-05
1.33514404296875e-05
1.4543533325195312e-05
1.4543533325195312e-05
1.4066696166992188e-05
1.3828277587890625e-05
1.33514404296875e-05
1.3589859008789062e-05
1.3828277587890625e-05
1.3113021850585938e-05
1.3589859008789062e-05
1.33514404296875e-05
1.3113021850585938e-05
1.3113021850585938e-05
1.3113021850585938e-05
1.33514404296875e-05
1.3589859008789062e-05
1.3589859008789062e-05
1.3589859008789062e-05
1.3113021850585938e-05
1.3589859008789062e-05
1.33514404296875e-05
1.3828277587890625e-05
1.33514404296875e-05
1.33514404296875e-05
1.3589859008789062e-05
1.33514404296875e-05
1.3828277587890625e-05
1.3589859008789062e-05
1.33514404296875e-05
1.33514404296875e-05
1.9550323486328125e-05
1.5020370483398438e-05
1.4543533325195312e-05
1.3828277587890625e-05
1.33514404296875e-05
1.3589859008789062e-05
1.3828277587890625e-05
1.3589859008789062e-05
1.2874603271484375e-05
1.3113021850585938e-05
1.3589859008789062e-05
1.3589859008789062e-05
1.3113021850585938e-05
1.3113021850585938e-05
1.3113021850585938e-05
1.33514404296875e-05
1.2874603271484375e-05
1.2874603271484375e-05
1.2874603271484375e-05
2.1696090698242188e-05
1.621246337890625e-05
1.430511474609375e-05
1.3828277587890625e-05
1.3828277587890625e-05
1.3589859008789062e-05
1.3113021850585938e-05
1.3113021850585938e-05
1.3589859008789062e-05
1.33514404296875e-05
1.3828277587890625e-05
1.3113021850585938e-05
1.3589859008789062e-05
1.33514404296875e-05
1.3113021850585938e-05
1.2874603271484375e-05
1.3113021850585938e-05
1.2874603271484375e-05
1.4066696166992188e-05