2.47955322265625e-05
1.9073486328125e-05
1.811981201171875e-05
1.7881393432617188e-05
1.7404556274414062e-05
1.6689300537109375e-05
1.71661376953125e-05
1.6927719116210938e-05
1.6689300537109375e-05
1.6927719116210938e-05
1.6927719116210938e-05
1.71661376953125e-05
1.71661376953125e-05
1.71661376953125e-05
6.437301635742188e-05
1.7404556274414062e-05
1.6927719116210938e-05
1.6927719116210938e-05
1.7404556274414062e-05
1.6927719116210938e-05
1.71661376953125e-05
1.6927719116210938e-05
1.6927719116210938e-05
1.811981201171875e-05
1.6927719116210938e-05
1.6927719116210938e-05
1.6689300537109375e-05
1.6450881958007812e-05
1.71661376953125e-05
1.7404556274414062e-05
1.71661376953125e-05
1.6689300537109375e-05
1.6927719116210938e-05
1.6927719116210938e-05
1.6689300537109375e-05
1.6927719116210938e-05
1.6927719116210938e-05
1.6689300537109375e-05
1.6689300537109375e-05
1.6689300537109375e-05
1.6927719116210938e-05
1.6689300537109375e-05
1.6689300537109375e-05
1.6450881958007812e-05
1.6689300537109375e-05
1.6450881958007812e-05
3.719329833984375e-05
1.6689300537109375e-05
1.6450881958007812e-05
1.6450881958007812e-05
1.6689300537109375e-05
1.6689300537109375e-05
1.6689300537109375e-05
1.6927719116210938e-05
1.6927719116210938e-05
1.6689300537109375e-05
1.6689300537109375e-05
1.71661376953125e-05
1.6927719116210938e-05
1.6689300537109375e-05
1.6927719116210938e-05
1.6689300537109375e-05
1.6927719116210938e-05
1.6689300537109375e-05
1.621246337890625e-05
1.71661376953125e-05
1.71661376953125e-05
1.6927719116210938e-05
1.6689300537109375e-05
1.6689300537109375e-05
1.6689300537109375e-05
1.6689300537109375e-05
1.6689300537109375e-05
1.6450881958007812e-05
1.6689300537109375e-05
1.6689300537109375e-05
1.6927719116210938e-05
1.6450881958007812e-05
1.6689300537109375e-05
1.6927719116210938e-05
1.6689300537109375e-05
1.6450881958007812e-05
1.6689300537109375e-05
1.6689300537109375e-05
1.6689300537109375e-05
1.621246337890625e-05
1.6689300537109375e-05
1.6689300537109375e-05
1.6450881958007812e-05
1.6689300537109375e-05
1.6927719116210938e-05
1.6689300537109375e-05
1.621246337890625e-05
1.6450881958007812e-05
1.6450881958007812e-05
1.6689300537109375e-05
1.6689300537109375e-05
1.6450881958007812e-05
1.6450881958007812e-05
1.621246337890625e-05