1.2636184692382812e-05
9.298324584960938e-06
9.059906005859375e-06
7.867813110351562e-06
7.867813110351562e-06
7.62939453125e-06
7.62939453125e-06
7.62939453125e-06
7.3909759521484375e-06
7.867813110351562e-06
7.3909759521484375e-06
7.867813110351562e-06
7.867813110351562e-06
7.3909759521484375e-06
7.3909759521484375e-06
7.152557373046875e-06
7.3909759521484375e-06
7.3909759521484375e-06
7.152557373046875e-06
7.3909759521484375e-06
7.3909759521484375e-06
7.3909759521484375e-06
7.152557373046875e-06
7.62939453125e-06
7.62939453125e-06
7.3909759521484375e-06
7.867813110351562e-06
7.62939453125e-06
7.62939453125e-06
7.62939453125e-06
7.152557373046875e-06
7.62939453125e-06
7.3909759521484375e-06
7.3909759521484375e-06
7.867813110351562e-06
7.62939453125e-06
7.867813110351562e-06
7.867813110351562e-06
2.002716064453125e-05
7.62939453125e-06
7.3909759521484375e-06
7.3909759521484375e-06
7.3909759521484375e-06
7.152557373046875e-06
7.152557373046875e-06
7.152557373046875e-06
7.152557373046875e-06
7.152557373046875e-06
7.3909759521484375e-06
7.152557373046875e-06
7.152557373046875e-06
7.152557373046875e-06
7.62939453125e-06
7.3909759521484375e-06
7.152557373046875e-06
7.152557373046875e-06
8.106231689453125e-06
7.3909759521484375e-06
7.3909759521484375e-06
7.3909759521484375e-06
7.3909759521484375e-06
7.152557373046875e-06
7.3909759521484375e-06
7.3909759521484375e-06
7.3909759521484375e-06
7.3909759521484375e-06
7.62939453125e-06
7.152557373046875e-06
7.62939453125e-06
7.152557373046875e-06
7.152557373046875e-06
7.152557373046875e-06
7.3909759521484375e-06
7.3909759521484375e-06
7.3909759521484375e-06
7.62939453125e-06
7.3909759521484375e-06
7.62939453125e-06
7.867813110351562e-06
7.3909759521484375e-06
7.152557373046875e-06
7.3909759521484375e-06
7.3909759521484375e-06
7.3909759521484375e-06
7.3909759521484375e-06
7.62939453125e-06
7.3909759521484375e-06
7.3909759521484375e-06
7.152557373046875e-06
7.3909759521484375e-06
7.152557373046875e-06
7.152557373046875e-06
7.62939453125e-06
2.574920654296875e-05
7.867813110351562e-06
7.62939453125e-06
7.3909759521484375e-06
7.3909759521484375e-06
7.152557373046875e-06
7.152557373046875e-06