2.8371810913085938e-05
2.5033950805664062e-05
2.4557113647460938e-05
2.4318695068359375e-05
2.384185791015625e-05
2.4080276489257812e-05
2.3603439331054688e-05
2.4080276489257812e-05
2.384185791015625e-05
2.3603439331054688e-05
2.384185791015625e-05
3.790855407714844e-05
2.4080276489257812e-05
2.384185791015625e-05
2.3603439331054688e-05
4.267692565917969e-05
3.695487976074219e-05
2.384185791015625e-05
2.4080276489257812e-05
2.384185791015625e-05
2.3603439331054688e-05
2.384185791015625e-05
2.3603439331054688e-05
2.3603439331054688e-05
2.3603439331054688e-05
2.384185791015625e-05
2.384185791015625e-05
2.384185791015625e-05
2.3365020751953125e-05
2.3603439331054688e-05
2.3603439331054688e-05
2.3365020751953125e-05
2.3603439331054688e-05
2.3603439331054688e-05
2.47955322265625e-05
2.3603439331054688e-05
2.3603439331054688e-05
2.3365020751953125e-05
2.3603439331054688e-05
2.3603439331054688e-05
2.384185791015625e-05
2.3603439331054688e-05
2.384185791015625e-05
2.3603439331054688e-05
2.3603439331054688e-05
2.3365020751953125e-05
2.384185791015625e-05
2.3603439331054688e-05
2.3603439331054688e-05
2.288818359375e-05
2.4080276489257812e-05
2.384185791015625e-05
2.3365020751953125e-05
2.384185791015625e-05
2.3603439331054688e-05
2.3603439331054688e-05
2.3603439331054688e-05
2.384185791015625e-05
4.2438507080078125e-05
3.647804260253906e-05
2.3603439331054688e-05
2.384185791015625e-05
2.3365020751953125e-05
2.3603439331054688e-05
2.384185791015625e-05
2.3365020751953125e-05
2.384185791015625e-05
2.3365020751953125e-05
2.384185791015625e-05
2.3126602172851562e-05
5.173683166503906e-05
4.2438507080078125e-05
2.3603439331054688e-05
2.4318695068359375e-05
2.384185791015625e-05
2.3126602172851562e-05
2.3603439331054688e-05
2.3365020751953125e-05
2.3603439331054688e-05
2.3603439331054688e-05
4.172325134277344e-05
2.5033950805664062e-05
2.5272369384765625e-05
2.5272369384765625e-05
3.8623809814453125e-05
2.5033950805664062e-05
2.3603439331054688e-05
2.3365020751953125e-05
2.3365020751953125e-05
2.384185791015625e-05
2.3603439331054688e-05
2.3603439331054688e-05
2.3365020751953125e-05
2.3365020751953125e-05
2.384185791015625e-05
2.3365020751953125e-05
2.384185791015625e-05
2.3603439331054688e-05
2.384185791015625e-05
2.3365020751953125e-05