1.1205673217773438e-05
7.3909759521484375e-06
5.7220458984375e-06
5.4836273193359375e-06
5.4836273193359375e-06
5.245208740234375e-06
5.0067901611328125e-06
4.76837158203125e-06
5.0067901611328125e-06
5.0067901611328125e-06
5.0067901611328125e-06
5.245208740234375e-06
4.76837158203125e-06
4.76837158203125e-06
5.0067901611328125e-06
5.0067901611328125e-06
5.0067901611328125e-06
4.76837158203125e-06
4.76837158203125e-06
5.0067901611328125e-06
4.76837158203125e-06
4.76837158203125e-06
5.0067901611328125e-06
5.0067901611328125e-06
4.76837158203125e-06
5.0067901611328125e-06
5.0067901611328125e-06
5.245208740234375e-06
4.76837158203125e-06
4.76837158203125e-06
4.76837158203125e-06
5.0067901611328125e-06
5.0067901611328125e-06
4.76837158203125e-06
4.76837158203125e-06
5.0067901611328125e-06
4.76837158203125e-06
5.0067901611328125e-06
5.4836273193359375e-06
5.4836273193359375e-06
5.245208740234375e-06
5.245208740234375e-06
4.76837158203125e-06
5.0067901611328125e-06
5.0067901611328125e-06
5.0067901611328125e-06
4.76837158203125e-06
5.245208740234375e-06
4.76837158203125e-06
5.0067901611328125e-06
5.245208740234375e-06
4.76837158203125e-06
5.0067901611328125e-06
5.0067901611328125e-06
5.0067901611328125e-06
4.76837158203125e-06
5.245208740234375e-06
5.0067901611328125e-06
5.245208740234375e-06
2.3603439331054688e-05
5.4836273193359375e-06
1.9073486328125e-05
5.245208740234375e-06
5.245208740234375e-06
5.245208740234375e-06
5.4836273193359375e-06
5.7220458984375e-06
5.4836273193359375e-06
5.245208740234375e-06
5.4836273193359375e-06
5.245208740234375e-06
5.4836273193359375e-06
5.245208740234375e-06
5.245208740234375e-06
5.4836273193359375e-06
2.3365020751953125e-05
5.7220458984375e-06
5.9604644775390625e-06
5.4836273193359375e-06
5.4836273193359375e-06
5.7220458984375e-06
5.4836273193359375e-06
5.4836273193359375e-06
5.7220458984375e-06
5.7220458984375e-06
5.245208740234375e-06
5.245208740234375e-06
5.245208740234375e-06
5.4836273193359375e-06
5.4836273193359375e-06
1.811981201171875e-05
5.245208740234375e-06
5.245208740234375e-06
5.4836273193359375e-06
5.245208740234375e-06
5.4836273193359375e-06
5.245208740234375e-06
5.245208740234375e-06
5.245208740234375e-06
5.4836273193359375e-06