0.0
0.0
0.0
0.0
0.0
0.00014932059130954157
0.0
0.0
0.0
0.0
0.0
0.0
0.0
0.0014256619144602852
0.0
0.0
0.0017901897601145722
0.0
0.005949738033922387
0.0
0.026503322924173272
0.0
0.0
0.0
0.007800751879699248
0.0
0.0080888300610339
0.0
0.0
0.0
0.0
0.010620915032679739
0.0
0.013944223107569721
0.0
0.0
0.0005118143819841338
0.0022865095933989462
0.0
0.0
0.00047888133320563166
0.0
0.003108486167236556
0.0
0.004735080414727733
0.0
0.0
0.0031194671612848834
0.028199755543914788
0.002704530087897228
0.0
0.005909974093264249
0.0
0.0
0.0
0.0
0.0
0.0
0.0
0.008326960659359334
0.003094777562862669
0.011021123820656257
0.0007990766225694753
0.00982669287118099
0.0
0.0
0.0
0.0020106276030446646
0.011065500624665358
0.0
0.002874063751959589
0.0
0.0
0.0
0.0
0.0
0.0
0.012415515721422275
0.009131532931804935
0.001571400510705166
0.0038271259217772797
0.0
0.0
0.0
0.0
0.01612073400788887
0.0
0.0
0.0
0.0
0.016732819674682854
0.02078612174728452
0.0
0.0
0.0
0.02105525965379494
0.0
0.0
0.0
0.0