0.0
0.0
0.004037413363838234
0.0
0.0
0.0
0.0
0.0018498535532603668
0.0
0.0
0.0001228803145736053
0.0
0.0
0.0
0.0
0.0
0.007995154451847366
0.0
0.0
0.0
0.0
0.003135437257174017
0.0024733768464445206
0.0
0.0
0.0
0.0
0.0
0.005712409717662508
0.0
0.0
0.0
0.0
0.005482166446499339
0.0
0.001198835417023463
0.0
0.0
0.0
0.0
0.0034989503149055285
0.0
0.0
0.012479572128955578
0.0
0.015996995869320317
0.0013325436778205508
0.005148005148005148
0.0
0.0
0.0
0.0035328046142754145
0.002506265664160401
0.0
0.0010353498003253957
0.0018390804597701149
0.0
0.0
0.0
0.002018333193171306
0.0
0.0046395051194539245
0.0
0.0053203446983889095
0.0
0.0045795933321121085
0.002788339670468948
0.0
0.0
0.0
0.003965158606344254
0.0
0.0
0.005038566807663598
0.0
0.0
0.0
0.0
0.0004301691998852882
0.0
0.0049725540845979984
0.003719298245614035
0.007507728544089504
0.0
0.012950787009364416
0.0
0.0
0.0
0.0009738452977184196
0.0
0.001323884432676583
0.0
0.0
0.008238715037385765
0.0
0.0
0.0
0.0
0.0
0.0016240357287860333