0.0
0.004424989294380739
0.005216839049174378
0.0021727562965590634
0.004720093386793889
0.0022924238188426057
0.0
0.0007332530246687267
0.0
0.0
0.0
0.003500888285087261
0.0
0.0
0.0
0.0035015041672831287
0.0
0.0
0.0
0.00993494376922689
0.0029212212589521296
0.0005619240278714318
0.003417387252109978
0.0016929741572474233
0.0
0.0007968581023393477
0.0
9.925558312655087e-05
0.0018068331143232589
0.001438181396427743
0.0
0.0
0.0
0.0
0.003126324713861806
0.0028506271379703536
0.0016542155816435431
0.004247859213808914
0.0
0.001784985720114239
0.0
0.0
0.0
0.0
0.0018187723286781422
0.0
0.0053677134543995185
0.006061524473405061
0.0
0.0015537454682423844
0.003838684911710247
0.003954586044138283
0.0
0.0009380463053767109
0.0
0.003720716582452917
0.00029031789809841774
0.0
0.0
0.0
0.006824531672239271
0.0
0.0
0.0
0.0011164112453059983
0.0
0.004452840372419377
0.00015127830164893348
0.0
0.004090804332795575
0.002328288707799767
0.00392156862745098
0.0020901619875540356
0.0
0.0
0.0015748031496062992
0.009150262142645168
0.0
0.0
0.0
0.0
0.0
0.004045454545454546
0.0006316198620153532
0.0
0.0
0.0
0.0
0.0
0.0004491914553803154
0.0
0.0004979177982980265
0.007458604743672617
0.0009613997981060425
0.0
0.001937274202837845
0.0
0.0
0.0
0.001935788479697828