1 27 6297
2 27 7820
3 27 6560
4 27 6017
5 27 7098
6 27 6287
7 27 6009
8 27 6940
9 27 7120
10 27 5955
11 27 5265
12 27 5990
13 27 5912
14 27 4899
15 27 6417
16 27 5369
17 27 6887
18 27 6719
19 27 6876
20 27 6454
21 27 7071
22 27 5742
23 27 5843
24 27 6435
25 27 6256
26 27 7106
27 27 6265
28 27 5696
29 27 6291
30 27 7801
31 27 5540
32 27 5842
33 27 6453
34 27 6220
35 27 6811
36 27 6865
37 27 6251
38 27 7332
39 27 6706
40 27 6830
41 27 5687
42 27 7301
43 27 7646
44 27 5601
45 27 6558
46 27 6374
47 27 6954
48 27 7314
49 27 5546
50 27 7259
51 27 6198
52 27 5670
53 27 5902
54 27 5455
55 27 5309
56 27 7411
57 27 5498
58 27 6070
59 27 7553
60 27 6223
61 27 6848
62 27 6510
63 27 5462
64 27 6107
65 27 6930
66 27 6196
67 27 6132
68 27 6401
69 27 6840
70 27 6175
71 27 6654
72 27 5827
73 27 6349
74 27 7452
75 27 6106
76 27 7293
77 27 6238
78 27 5992
79 27 5575
80 27 7261
81 27 6290
82 27 7245
83 27 6304
84 27 5881
85 27 6357
86 27 6633
87 27 6921
88 27 6710
89 27 6855
90 27 6012
91 27 7031
92 27 6369
93 27 5800
94 27 6237
95 27 6754
96 27 6491
97 27 6594
98 27 5577
99 27 5648
100 27 7653