1 35 7996
2 35 10479
3 35 7505
4 35 9179
5 35 7220
6 35 9654
7 35 9329
8 35 7877
9 35 6460
10 35 7687
11 35 6794
12 35 7497
13 35 8537
14 35 9363
15 35 8417
16 35 9352
17 35 8673
18 35 7375
19 35 8710
20 35 8571
21 35 7940
22 35 7718
23 35 9157
24 35 7205
25 35 7973
26 35 8539
27 35 9183
28 35 8394
29 35 8532
30 35 8364
31 35 8534
32 35 7509
33 35 9957
34 35 8498
35 35 8319
36 35 8195
37 35 9750
38 35 8212
39 35 7801
40 35 8166
41 35 7447
42 35 7200
43 35 7761
44 35 8564
45 35 7706
46 35 9560
47 35 8424
48 35 7878
49 35 7243
50 35 8642
51 35 8450
52 35 8594
53 35 8036
54 35 8174
55 35 8765
56 35 7163
57 35 9518
58 35 7802
59 35 8730
60 35 7686
61 35 7145
62 35 8787
63 35 9274
64 35 8862
65 35 7506
66 35 8896
67 35 8463
68 35 9196
69 35 8173
70 35 8705
71 35 8419
72 35 8122
73 35 8915
74 35 8599
75 35 7623
76 35 7196
77 35 8688
78 35 8598
79 35 10972
80 35 8391
81 35 8610
82 35 7302
83 35 8519
84 35 8572
85 35 8089
86 35 8599
87 35 8660
88 35 8936
89 35 8234
90 35 9726
91 35 8771
92 35 7930
93 35 8955
94 35 9497
95 35 7998
96 35 8045
97 35 7503
98 35 7297
99 35 7098
100 35 8761