0.20701265335083008
0.26282310485839844
0.2517576217651367
0.24172043800354004
0.2761862277984619
0.19619488716125488
0.31714892387390137
0.2585465908050537
0.24445891380310059
0.26636576652526855
0.31769895553588867
0.274791955947876
0.24849390983581543
0.25223565101623535
0.23426556587219238
0.2842981815338135
0.23689007759094238
0.2007157802581787
0.3067295551300049
0.23299431800842285
0.23144197463989258
0.24105262756347656
0.2681574821472168
0.2956705093383789
0.2675926685333252
0.2816317081451416
0.30661702156066895
0.2618293762207031
0.23393535614013672
0.2549409866333008
0.24235177040100098
0.2942230701446533
0.2844996452331543
0.30100059509277344
0.2664775848388672
0.24659061431884766
0.2812051773071289
0.2078080177307129
0.23764300346374512
0.2511770725250244
0.23526501655578613
0.2229759693145752
0.2750406265258789
0.2820611000061035
0.2457268238067627
0.23584294319152832
0.3254375457763672
0.26741671562194824
0.28015923500061035
0.26555943489074707
0.28042125701904297
0.24718713760375977
0.24021172523498535
0.21808552742004395
0.2268519401550293
0.2939326763153076
0.23273348808288574
0.22765040397644043
0.23592257499694824
0.24811196327209473
0.24790120124816895
0.2722768783569336
0.26131129264831543
0.24578285217285156
0.24964618682861328
0.24352240562438965
0.23509836196899414
0.2447054386138916
0.2715938091278076
0.24391889572143555
0.21300268173217773
0.25807857513427734
0.23104000091552734
0.23204970359802246
0.2393190860748291
0.26700639724731445
0.25909996032714844
0.2438974380493164
0.2302243709564209
0.21978235244750977
0.2507445812225342
0.2869992256164551
0.24078965187072754
0.23554611206054688
0.2760732173919678
0.26732349395751953
0.23450946807861328
0.25599241256713867
0.2332777976989746
0.2446756362915039
0.23500704765319824
0.25467801094055176
0.2409820556640625
0.30187129974365234
0.2631669044494629
0.2370772361755371
0.1780705451965332
0.29900288581848145
0.23860716819763184
0.2670857906341553