1 20 720 15 1 18 181 81 15 60 334 11 104 22 118 59 48 61 97 7 228 86 183 27 361 96 247 98 227 3 36 3 311 55 206 66 188 74 80 49 244 9 161
2 20 663 9 320 71 203 30 276 4 263 94 208 34 52 3 341 68 68 58 220 35 76 61 391 64 316 17 375 6 333 83 28 36 118 66 297 17 351 53 94 20 270
3 20 869 30 342 55 378 63 382 96 86 59 345 54 333 20 87 96 171 60 27 35 29 27 260 64 284 71 100 9 385 48 243 75 182 79 301 70 123 71 325 5 179
4 20 728 16 56 55 277 78 187 87 289 54 133 20 248 35 362 32 70 77 43 33 55 48 229 31 273 82 296 11 380 67 19 33 393 38 318 22 40 65 157 27 373
5 20 759 32 371 93 207 44 269 64 378 97 83 21 230 81 308 78 293 7 336 23 247 49 41 78 309 14 355 78 363 10 347 64 164 56 74 26 165 17 252 17 302
6 20 764 39 355 80 319 61 26 10 191 19 362 56 314 64 277 48 349 40 308 14 294 77 235 7 154 95 107 13 255 46 106 80 114 44 271 5 356 65 212 92 93
7 20 864 65 351 33 23 66 69 58 231 81 263 25 138 12 240 51 346 98 301 65 342 59 124 70 331 48 150 43 137 29 340 17 232 94 78 99 282 27 207 40 202
8 20 860 98 183 100 74 92 350 56 169 19 93 23 120 47 89 44 378 22 311 41 98 95 30 91 128 67 367 86 67 8 121 39 281 10 74 71 205 29 330 38 253
9 20 752 85 184 93 142 1 27 81 42 56 133 37 214 23 180 64 63 30 212 21 393 29 180 79 34 13 314 17 196 81 329 8 192 6 324 83 161 47 182 86 338
10 20 798 99 285 41 326 62 178 26 95 37 119 41 98 93 356 95 268 50 125 18 25 23 154 15 48 51 323 87 131 50 169 79 176 71 321 39 288 9 110 12 178
11 20 773 30 229 11 106 61 161 24 352 38 376 39 385 63 185 50 17 66 3 93 97 27 132 35 271 91 119 26 398 34 127 10 2 95 227 65 128 94 68 15 114
12 20 877 92 341 6 116 82 37 6 14 26 391 32 157 60 6 28 77 75 321 90 400 33 3 79 172 90 152 26 84 64 40 97 143 66 3 34 172 78 127 33 393
13 20 885 1 83 93 215 49 29 15 213 71 313 84 223 35 27 97 241 12 310 56 61 64 359 88 189 39 111 84 189 51 89 33 306 73 78 15 259 87 389 60 353
14 20 895 60 179 16 354 66 362 48 121 96 151 100 238 64 193 66 33 68 307 59 66 96 75 23 100 53 69 50 385 48 61 42 66 44 48 51 238 30 84 39 365
15 20 889 43 307 12 326 37 312 93 279 64 359 80 68 90 21 86 316 42 163 10 151 70 176 90 290 40 60 74 331 54 351 17 384 12 362 80 1 76 319 42 346
16 20 726 8 366 32 95 72 22 42 376 94 336 60 16 20 134 82 127 69 347 2 344 1 151 24 119 30 65 78 80 91 315 17 79 66 180 79 371 17 158 24 165
17 20 820 42 119 6 316 41 166 96 77 57 7 80 392 28 302 15 54 43 110 63 348 80 364 52 186 76 120 74 143 55 387 35 246 4 184 87 127 87 231 4 54
18 20 856 94 161 86 349 69 185 90 247 21 73 46 8 72 211 63 198 68 181 10 248 53 165 28 370 53 48 77 97 4 290 11 210 19 312 57 17 98 227 52 364
19 20 768 15 249 15 202 37 205 94 127 8 237 18 52 75 143 29 87 53 54 4 348 47 340 67 370 82 183 74 334 92 57 79 278 51 105 23 128 46 123 52 354
20 20 610 4 211 92 146 23 26 76 228 95 325 72 95 27 175 13 266 38 363 23 223 6 153 1 189 5 351 38 146 51 186 61 172 19 309 51 107 2 64 66 352
21 20 784 7 99 12 335 98 105 42 348 82 379 58 360 62 49 13 186 25 216 49 133 6 270 31 67 28 228 100 275 24 63 88 297 99 262 95 240 8 261 53 278
22 20 924 43 198 74 29 85 104 72 367 82 353 38 118 97 92 97 212 90 238 47 33 35 261 69 32 68 23 64 2 33 173 56 10 26 208 76 143 2 310 2 328
23 20 748 57 284 64 387 1 261 97 100 12 108 61 38 76 397 9 147 58 397 38 376 65 199 1 207 10 360 29 294 46 370 8 13 62 194 95 113 74 348 72 196
24 20 816 3 164 73 235 30 163 58 357 77 54 53 126 72 392 14 311 12 252 63 155 64 373 68 297 14 188 88 363 53 49 50 131 78 52 82 391 54 198 14 163
25 20 838 4 40 75 125 80 48 86 95 40 213 32 370 83 302 69 221 43 373 30 67 97 159 37 81 100 6 39 336 45 132 48 225 55 388 54 221 29 56 2 216
26 20 761 80 97 100 54 31 179 87 389 12 335 9 186 65 135 9 328 52 364 39 374 16 400 83 314 79 354 98 181 37 148 9 346 77 50 45 156 2 320 22 15
27 20 727 77 349 17 103 16 373 46 10 54 200 68 303 2 158 29 254 39 288 46 139 40 86 86 6 77 394 42 183 90 397 58 190 18 314 72 370 15 364 17 263
28 20 710 7 340 34 356 68 87 42 117 16 199 20 202 79 288 33 120 66 255 9 360 9 140 35 163 44 172 9 282 86 52 68 381 6 21 92 187 74 80 91 194
29 20 876 95 212 88 32 93 262 31 367 90 45 84 154 41 336 85 266 46 56 51 335 92 386 13 142 18 208 1 269 58 41 23 295 31 346 9 383 54 56 92 282
30 20 810 35 63 23 193 43 30 15 172 46 369 13 201 34 309 55 143 53 242 58 120 54 278 32 283 63 380 99 156 94 43 86 184 73 109 51 195 49 204 37 315
31 20 838 98 47 68 257 19 295 81 200 56 234 39 144 47 256 48 388 30 169 60 301 19 9 70 134 95 246 12 397 39 336 15 110 86 91 12 47 73 44 81 259
32 20 760 38 398 44 271 52 225 76 243 4 1 16 237 4 222 79 331 66 278 35 129 58 239 100 307 1 153 93 301 59 312 23 21 41 5 64 62 71 368 26 314
33 20 705 90 216 22 98 64 368 59 196 3 258 65 75 92 50 18 302 44 19 31 220 98 268 10 205 10 392 40 68 9 336 28 314 25 105 20 304 73 282 81 300
34 20 716 19 72 26 149 49 387 40 398 100 186 32 352 60 223 23 44 16 76 4 273 90 207 6 141 73 363 35 217 69 189 72 340 48 190 52 33 20 303 61 380
35 20 580 32 22 78 352 32 158 8 204 54 318 1 184 37 240 37 267 35 334 43 50 26 396 57 290 47 72 80 284 9 84 25 391 68 22 19 213 25 255 13 158
36 20 881 83 146 58 16 55 2 45 258 26 234 31 99 80 26 76 286 56 131 68 317 98 388 17 368 92 59 36 187 21 83 28 295 98 9 38 268 58 379 38 148
37 20 672 19 179 8 79 47 255 95 329 22 282 30 53 53 252 65 297 37 96 11 103 55 295 2 242 66 22 49 98 39 92 88 264 71 198 17 300 19 363 47 378
38 20 1024 85 227 54 352 61 8 31 68 91 399 80 66 42 41 1 142 98 70 98 384 62 62 97 281 49 325 38 28 94 7 63 300 55 93 54 325 43 22 85 257
39 20 676 42 321 33 250 97 140 5 59 28 384 73 253 27 257 92 171 55 381 37 15 6 165 78 210 40 121 30 103 12 283 18 147 87 14 5 197 21 63 60 340
40 20 795 88 352 47 277 37 91 94 157 42 368 52 217 50 316 84 16 19 265 40 195 74 34 20 165 34 354 35 110 94 367 1 221 49 132 6 256 73 9 55 324
41 20 819 41 221 46 86 14 77 5 104 33 270 18 228 52 246 92 393 89 150 16 253 69 87 81 174 99 56 80 152 44 256 14 199 72 134 63 253 74 56 22 288
42 20 878 99 183 81 23 81 289 67 102 65 92 26 166 1 223 40 124 2 107 62 352 96 326 21 255 69 122 11 355 98 150 39 224 69 86 21 92 57 242 93 218
43 20 924 43 62 95 298 100 185 97 310 2 148 87 163 5 197 76 152 59 330 2 153 73 18 48 13 12 162 50 233 92 298 48 180 75 85 35 204 94 137 63 72
44 20 1057 38 326 91 225 95 126 85 87 70 309 71 13 90 158 76 247 86 33 54 196 60 265 14 81 40 72 84 164 39 188 98 25 77 61 7 287 54 101 93 181
45 20 771 34 369 94 86 3 320 26 57 100 282 77 350 83 64 37 80 5 345 17 172 34 186 61 243 1 341 81 371 60 259 5 20 43 354 77 76 85 171 41 147
46 20 724 28 3 66 18 35 28 59 330 61 261 32 207 34 116 33 253 82 4 45 159 48 319 54 98 59 242 38 113 26 112 40 360 13 9 38 317 51 244 64 174
47 20 961 91 62 37 39 79 285 27 312 83 16 33 178 62 135 33 40 98 168 83 265 37 26 56 246 71 291 91 49 75 331 39 108 87 185 7 386 85 3 28 226
48 20 700 51 205 10 371 75 128 5 38 100 175 21 255 12 358 58 108 6 246 16 232 70 389 20 336 56 87 85 77 73 4 35 267 63 64 15 396 66 304 38 52
49 20 679 30 281 19 43 22 338 67 307 10 384 35 217 2 190 87 203 90 239 53 75 37 312 9 33 46 129 63 56 45 72 1 207 18 286 92 253 31 223 92 212
50 20 632 19 190 72 29 72 186 22 214 44 21 69 179 81 214 66 220 1 218 17 202 41 266 41 285 6 5 15 114 87 172 75 352 25 24 13 340 8 139 17 279
51 20 904 39 356 81 394 54 30 96 259 66 270 20 13 87 324 30 85 100 87 65 235 36 305 82 121 10 103 40 295 94 298 97 295 94 48 26 243 4 336 10 284
52 20 800 69 283 61 251 8 269 42 322 35 163 70 382 57 190 84 324 49 93 34 338 25 166 49 341 65 118 8 323 80 90 93 80 11 80 64 144 56 293 40 137
53 20 776 18 185 67 267 83 338 28 177 67 267 43 235 58 104 1 374 99 356 33 337 82 227 77 14 57 345 37 50 55 332 1 183 36 232 39 227 76 234 13 217
54 20 802 88 224 94 285 84 326 1 81 15 218 32 310 59 161 32 171 39 326 2 400 68 279 15 83 57 65 71 125 78 351 73 110 75 269 69 187 15 202 36 326
55 20 805 21 299 40 283 80 48 1 343 55 208 76 197 95 192 29 60 14 239 72 279 35 23 89 51 4 271 41 35 73 219 95 212 14 71 56 206 62 157 55 381
56 20 824 87 100 57 8 37 135 38 169 34 250 86 239 70 276 13 20 80 125 15 288 19 135 89 25 98 101 89 38 16 248 15 42 30 99 52 394 85 155 21 2
57 20 667 10 45 7 126 18 261 41 344 33 122 63 159 75 71 18 177 88 62 52 115 34 1 67 268 48 202 45 381 15 136 51 111 49 155 50 144 16 145 54 343
58 20 766 22 399 39 332 53 297 50 144 92 8 45 325 4 338 77 260 38 284 70 235 72 229 22 119 38 1 16 318 37 228 86 284 86 151 19 368 37 112 55 390
59 20 759 18 259 45 363 94 375 50 55 9 89 46 172 35 49 13 128 100 249 72 168 62 117 63 268 50 356 26 301 58 340 17 130 48 270 90 197 11 49 42 362
60 20 760 100 397 30 209 3 100 36 93 35 98 47 96 52 310 85 121 66 192 37 361 86 242 22 306 80 173 7 329 31 358 21 63 49 57 44 386 44 86 75 280
61 20 826 47 188 25 74 31 234 89 30 60 3 44 255 31 260 55 355 41 135 72 100 91 255 24 129 93 394 43 116 54 16 31 258 76 111 1 36 26 331 99 295
62 20 651 16 172 6 72 98 302 69 308 38 285 48 171 83 344 27 159 74 257 66 150 27 229 86 65 35 379 40 93 9 312 4 373 36 356 3 49 13 49 36 138
63 20 868 29 396 81 94 45 399 91 96 54 291 71 257 2 31 67 44 5 383 17 73 53 93 88 235 67 341 29 398 98 92 87 305 65 103 82 169 18 89 37 99
64 20 760 14 178 2 228 56 190 27 168 49 259 61 47 57 206 94 110 3 357 64 232 78 8 27 195 75 157 43 278 33 362 66 310 65 153 56 74 62 295 19 58
65 20 672 68 203 93 361 32 273 36 185 39 382 13 183 60 80 55 144 88 312 23 189 45 358 54 371 60 278 2 219 22 63 48 231 55 135 19 116 13 30 16 237
66 20 796 11 144 76 49 84 125 24 201 10 133 44 86 16 123 46 324 85 274 84 91 85 195 83 50 10 164 44 21 79 265 63 110 43 248 4 271 14 367 91 60
67 20 916 73 34 82 378 80 257 82 371 7 173 15 111 89 12 38 38 13 237 24 271 19 374 81 153 98 368 74 66 37 252 80 254 46 366 63 4 75 309 69 26
68 20 769 65 307 45 330 68 238 18 106 86 40 14 303 50 378 99 150 15 161 50 141 10 335 62 34 47 398 81 360 48 142 33 157 73 289 16 284 6 378 76 333
69 20 687 51 93 11 321 8 53 98 175 30 170 60 135 87 105 21 384 49 72 28 191 36 363 49 24 63 164 97 66 32 40 81 326 15 248 11 319 30 319 2 303
70 20 852 100 25 87 54 30 350 10 177 27 85 64 399 91 380 7 23 11 331 88 36 85 204 96 369 98 34 7 360 32 305 38 299 12 18 67 223 96 326 19 107
71 20 684 26 357 63 267 20 223 29 216 53 255 1 288 15 195 35 356 6 305 36 132 42 158 82 95 69 54 65 19 39 374 34 43 24 101 70 267 87 135 59 150
72 20 910 35 231 43 392 81 20 75 201 97 385 84 282 41 215 20 205 32 55 6 112 24 113 75 3 98 241 80 382 77 170 30 111 72 268 86 334 66 355 16 152
73 20 913 95 268 59 59 29 65 51 363 29 255 8 55 46 16 77 378 88 260 78 386 86 201 46 194 55 239 37 7 54 309 98 42 98 377 60 269 8 264 40 97
74 20 756 22 326 97 188 19 97 40 13 28 60 7 16 29 84 12 219 72 63 60 386 87 257 51 97 1 162 49 53 98 302 70 343 24 94 79 324 79 84 21 135
75 20 668 2 216 22 119 46 351 52 373 10 356 37 248 94 168 14 377 71 362 4 239 19 284 63 365 18 153 41 58 78 316 16 54 83 118 62 320 54 215 49 51
76 20 861 14 228 49 362 33 283 40 73 7 140 57 362 62 50 70 74 62 115 16 379 65 280 100 270 63 323 61 232 76 192 89 39 37 277 73 372 46 324 57 237
77 20 1064 42 32 63 179 36 228 89 255 78 164 79 246 81 226 70 50 91 83 52 326 91 164 80 53 91 218 71 99 52 226 44 6 51 139 72 382 53 9 45 357
78 20 533 12 294 34 313 97 194 28 220 36 284 53 120 30 66 5 373 39 376 51 324 77 388 1 223 67 66 11 279 15 304 44 315 23 18 15 154 21 177 8 259
79 20 736 89 291 2 160 41 327 56 218 32 353 41 39 26 187 57 191 62 312 14 184 39 94 31 183 61 261 40 93 70 172 12 79 62 170 56 109 46 223 83 62
80 20 769 36 382 1 249 96 181 8 33 88 103 59 27 91 161 68 228 81 185 13 316 29 121 41 38 14 381 3 34 65 77 52 277 91 347 77 289 33 127 16 45
81 20 820 4 184 70 349 73 87 35 196 41 258 24 111 67 274 48 254 69 285 75 69 33 170 66 101 49 153 36 383 25 111 96 115 48 128 79 256 7 158 81 190
82 20 876 70 100 1 240 76 50 79 202 31 246 24 380 73 213 37 48 67 244 19 392 98 347 5 336 58 362 100 278 29 310 80 320 92 125 15 188 67 52 74 255
83 20 649 15 319 76 292 12 71 80 35 100 33 12 105 5 123 36 332 28 24 66 268 61 383 78 3 50 72 24 394 79 165 23 184 37 45 24 140 1 50 5 299
84 20 852 26 15 7 314 61 376 58 114 100 20 40 346 31 232 44 266 49 170 60 96 77 386 71 124 5 49 29 319 81 372 70 244 68 329 75 63 81 312 32 87
85 20 830 52 220 17 82 51 18 65 276 26 220 27 100 4 229 21 66 78 127 76 160 96 399 44 390 70 36 92 306 33 154 86 367 86 292 20 20 66 382 28 128
86 20 924 20 4 77 137 8 82 57 292 83 180 57 123 52 141 76 304 20 249 37 246 34 71 78 163 91 361 70 390 29 328 76 291 45 286 99 38 93 95 53 321
87 20 936 21 336 68 132 92 313 64 365 11 59 68 44 47 324 29 387 80 23 72 350 53 326 59 352 97 279 96 254 11 182 68 86 86 30 16 357 33 34 99 368
88 20 896 94 174 71 239 9 263 64 257 54 202 11 204 87 288 50 349 44 43 58 347 51 347 95 236 30 151 53 327 54 71 77 223 58 293 81 182 74 62 6 307
89 20 687 25 204 1 274 77 68 68 19 4 333 91 381 26 19 17 3 83 33 47 168 63 295 16 336 3 299 90 236 20 104 65 111 46 169 8 214 37 42 72 341
90 20 727 26 166 41 150 21 190 55 258 76 250 36 81 17 127 81 248 14 174 7 194 92 105 12 332 24 203 6 22 96 96 24 64 67 129 95 38 48 74 71 87
91 20 894 22 55 61 339 30 152 91 332 95 241 30 59 86 62 81 185 30 360 60 265 11 326 83 285 91 285 33 24 23 253 94 278 37 320 16 316 90 351 54 34
92 20 876 49 314 85 59 57 300 66 173 45 354 21 385 41 75 16 320 87 184 85 294 60 189 68 300 97 32 45 170 20 228 14 89 95 163 55 158 61 372 29 280
93 20 941 71 390 89 110 88 173 88 372 1 2 94 160 33 246 95 385 85 94 64 249 19 267 78 324 75 389 15 158 38 399 38 288 20 204 91 103 28 156 67 26
94 20 892 67 392 57 47 92 392 72 10 74 300 19 321 85 95 22 381 80 4 54 360 16 245 28 324 52 280 24 149 45 182 81 261 89 8 95 360 57 320 7 246
95 20 839 32 74 5 63 87 374 61 132 52 276 31 21 27 55 29 366 9 129 59 239 75 186 95 109 80 205 45 254 23 72 63 283 84 196 48 240 67 20 77 30
96 20 818 84 238 23 67 67 169 32 64 97 170 44 399 54 165 4 106 24 40 29 314 78 88 76 183 58 399 31 139 79 373 82 148 50 235 28 358 2 351 81 326
97 20 786 93 243 74 69 9 211 38 362 56 274 89 214 48 368 11 307 70 313 5 240 80 73 28 309 27 112 52 299 26 361 9 244 89 162 72 144 71 31 36 50
98 20 640 55 396 30 30 35 274 74 21 69 338 6 345 11 246 11 214 26 120 88 318 47 190 65 327 45 267 11 254 8 254 98 91 26 51 8 191 25 363 63 329
99 20 861 70 144 85 382 47 331 71 323 41 395 6 218 72 352 90 265 66 293 17 169 23 325 51 253 62 220 5 50 95 1 19 53 87 293 81 117 3 365 86 118
100 20 795 38 62 40 248 2 200 44 244 38 300 44 290 19 251 95 328 27 229 98 278 26 400 38 214 46 19 93 49 51 73 10 198 35 22 81 313 83 48 86 180
