0.030146360397338867
0.03649091720581055
0.04103517532348633
0.03485465049743652
0.035587310791015625
0.027655363082885742
0.02835392951965332
0.032740116119384766
0.043172359466552734
0.03119659423828125
0.03876972198486328
0.036405086517333984
0.029373645782470703
0.02694869041442871
0.03420758247375488
0.03601980209350586
0.03867363929748535
0.038923025131225586
0.0327448844909668
0.03876328468322754
0.03624153137207031
0.026775598526000977
0.036426544189453125
0.029391765594482422
0.0329892635345459
0.032521963119506836
0.029939889907836914
0.031196117401123047
0.03264212608337402
0.04133105278015137
0.03498721122741699
0.03909873962402344
0.03611302375793457
0.03711104393005371
0.030432939529418945
0.028609275817871094
0.03531384468078613
0.04008197784423828
0.028965473175048828
0.030702829360961914
0.037023305892944336
0.0315859317779541
0.031803131103515625
0.03096461296081543
0.03670144081115723
0.03752446174621582
0.042940616607666016
0.03646564483642578
0.025442123413085938
0.03148841857910156
0.031827688217163086
0.03484463691711426
0.034308433532714844
0.034136056900024414
0.03798484802246094
0.03096175193786621
0.031063318252563477
0.035558223724365234
0.03864693641662598
0.03696846961975098
0.03720712661743164
0.03634762763977051
0.03196406364440918
0.02973484992980957
0.03184151649475098
0.029160499572753906
0.03372311592102051
0.03488612174987793
0.032236576080322266
0.03639054298400879
0.028080224990844727
0.03357648849487305
0.04027414321899414
0.031981706619262695
0.031221866607666016
0.03016972541809082
0.03486895561218262
0.035684823989868164
0.025287866592407227
0.03135824203491211
0.03367137908935547
0.03158307075500488
0.033101558685302734
0.03307390213012695
0.02433013916015625
0.03572273254394531
0.03243279457092285
0.03252077102661133
0.03524374961853027
0.03915047645568848
0.030129671096801758
0.03375554084777832
0.03231024742126465
0.03333258628845215
0.03145956993103027
0.03249955177307129
0.03217792510986328
0.03112506866455078
0.025925397872924805
0.029850244522094727