0.1990909090909091
0.0
0.009708737864077669
0.1637065637065637
0.06550907655880031
0.0935672514619883
0.028413028413028413
0.13966101694915253
0.19573400250941028
0.028399311531841654
0.16945107398568018
0.0962532299741602
0.04816326530612245
0.15405046480743692
0.0
0.14
0.14088215931533904
0.10388821385176185
0.0
0.15929824561403508
0.15012722646310434
0.012336719883889695
0.1808066759388039
0.13219481340923467
0.07012987012987013
0.1926782273603083
0.14810627473148671
0.01921598770176787
0.08370044052863436
0.15870786516853932
0.08173076923076923
0.0
0.013382899628252789
0.12379227053140096
0.042776998597475455
0.07706592386258125
0.12867898699520877
0.04628890662410216
0.011748445058742226
0.04309063893016345
0.13765182186234817
0.19155354449472098
0.0164257555847569
0.003518648838845883
0.16108949416342414
0.11834733893557423
0.12975256487628245
0.0
0.11722488038277512
0.12978585334198572
0.032975460122699383
0.13786591123701605
0.07253269916765755
0.22413793103448276
0.0514018691588785
0.09768492377188029
0.17391304347826086
0.06579954093343535
0.045349730976172176
0.06711979609175871
0.012218649517684888
0.123279098873592
0.16757123473541383
0.169799092676604
0.12662090007627766
0.0
0.17043847241867044
0.039819684447783624
0.1584070796460177
0.1880064829821718
0.019534184823441023
0.1785028790786948
0.08736217133163698
0.15
0.1463614063777596
0.19948849104859334
0.1746880570409982
0.15571776155717762
0.16417910447761194
0.11161217587373168
0.04857928505957837
0.10613207547169812
0.02054340622929092
0.0
0.1719641401792991
0.129174543163201
0.09706083390293917
0.08604206500956023
0.1917268548916612
0.0
0.08313253012048193
0.13856304985337242
0.05988455988455989
0.16478956727919383
0.0
0.09534492428491306
0.061654135338345864
0.05680990531682447
0.1001727115716753
0.21455457967377667