1 25 494 8 1 9 46 41 4 30 84 6 26 11 30 30 12 31 25 4 57 43 46 14 91 48 62 49 57 2 9 2 78 28 52 33 47 37 20 25 61 5 41 28 9 40 71 26 30 35 4 33 94
2 25 484 17 13 2 86 34 17 29 55 18 19 31 98 32 79 9 94 3 84 42 7 18 30 33 75 9 88 27 24 10 68 18 30 43 55 48 63 48 96 11 59 44 54 42 20 11 96 22 60 4 35
3 25 535 14 65 32 71 36 25 5 97 24 61 38 46 40 76 35 31 36 82 3 45 38 16 7 55 35 78 24 87 37 54 17 20 31 35 46 32 9 77 6 33 7 48 29 31 35 82 37 11 48 67
4 25 582 17 99 19 80 11 10 33 40 14 94 26 32 47 93 26 44 34 64 48 97 11 21 29 81 39 78 37 7 42 23 31 49 6 78 39 14 45 78 46 10 44 64 21 56 10 26 21 17 32 17
5 25 578 14 39 45 80 40 61 4 10 24 19 46 56 40 64 35 48 44 40 39 14 37 77 30 7 20 95 14 13 32 46 14 80 15 44 34 5 45 65 27 92 12 64 33 88 17 6 33 18 29 58
6 25 578 33 25 18 12 30 51 44 98 38 65 43 59 16 70 42 48 19 43 18 29 43 17 29 94 10 99 36 27 26 40 26 97 49 46 50 19 46 88 28 43 10 24 12 30 24 23 22 95 11 78
7 25 456 13 95 4 91 16 67 46 86 9 8 16 39 36 10 10 71 26 29 42 38 32 54 43 46 47 36 1 7 41 11 28 34 19 54 12 45 32 16 15 53 11 99 15 45 40 9 7 79 9 49
8 25 555 42 8 24 6 41 83 21 47 23 86 43 12 50 72 21 82 31 45 13 24 19 30 21 25 47 89 48 67 25 32 9 7 12 39 8 12 26 81 44 33 25 43 40 44 36 81 20 72 5 28
9 25 483 23 99 15 58 6 27 31 41 12 88 19 94 20 97 32 47 25 5 33 1 47 25 14 33 18 68 46 30 13 100 17 32 5 1 48 57 33 32 47 17 8 29 29 92 43 6 15 82 5 6
10 25 538 13 98 16 40 30 2 14 20 38 81 45 100 17 1 40 43 45 38 13 21 32 10 49 36 33 1 17 43 39 32 17 99 43 1 11 93 27 49 4 15 27 71 40 84 28 35 4 97 31 12
11 25 500 28 16 32 90 44 48 20 28 42 48 26 23 17 77 37 20 8 65 44 98 30 89 9 60 23 16 45 66 46 48 16 96 19 100 30 64 25 66 5 68 39 59 9 96 10 23 13 53 9 50
12 25 551 24 16 21 17 22 12 26 60 15 21 20 92 22 43 39 12 41 37 39 93 35 64 45 80 9 90 3 86 40 42 21 10 19 70 22 90 37 40 8 74 42 54 44 17 48 12 46 80 1 76
13 25 479 21 87 47 8 46 32 12 72 3 42 47 94 42 60 2 20 17 82 16 69 44 2 43 1 19 24 15 30 9 78 10 91 40 17 10 66 23 79 47 17 20 24 21 10 21 30 3 79 21 42
14 25 554 10 57 1 80 49 28 38 15 7 43 14 63 44 80 46 52 24 76 15 74 18 55 49 35 31 4 23 87 16 87 29 4 7 57 47 41 43 88 35 47 45 62 11 19 23 2 36 53 32 50
15 25 478 23 10 31 53 21 28 47 53 6 77 13 4 37 11 27 19 39 57 3 98 29 52 46 96 8 63 8 51 19 52 47 32 4 60 9 13 38 36 15 22 27 14 2 87 24 85 34 93 41 46
16 25 423 42 92 8 79 35 51 14 23 16 46 16 52 45 91 2 53 46 37 12 7 38 57 48 82 36 24 14 44 7 67 19 91 12 56 3 39 1 48 3 88 19 37 26 47 31 43 10 78 26 27
17 25 466 8 66 44 85 4 25 6 84 49 27 21 87 41 95 29 90 31 13 7 47 13 54 25 34 3 68 16 17 14 57 50 69 12 16 44 75 50 66 48 60 4 66 27 70 8 43 25 74 4 85
18 25 572 36 92 41 89 19 30 49 23 49 53 45 60 24 9 18 66 35 8 34 6 32 1 17 44 28 3 13 52 38 36 1 78 1 82 35 57 36 64 49 1 33 97 13 12 14 61 5 76 50 9
19 25 548 29 100 19 94 33 50 1 52 5 90 15 74 23 93 4 4 31 49 48 29 37 87 36 49 39 3 21 73 30 30 21 58 45 77 7 53 16 72 49 14 39 12 32 63 20 64 47 68 38 14
20 25 515 44 91 27 13 25 33 39 13 41 98 27 50 7 41 30 4 5 75 16 80 6 86 12 40 27 32 47 83 38 69 28 43 47 30 9 97 20 37 11 100 1 39 42 45 17 48 29 55 49 54
21 25 565 15 14 1 54 44 80 13 100 7 31 23 87 49 12 42 9 24 65 17 9 41 52 46 39 47 16 50 83 40 79 45 98 23 37 19 9 44 77 7 45 20 2 40 22 2 95 39 88 9 26
22 25 541 47 46 2 54 25 68 38 2 20 29 32 39 36 46 18 40 11 86 1 77 50 42 23 90 50 58 24 18 40 72 47 15 46 17 33 84 4 85 17 89 34 22 21 30 8 50 10 51 40 72
23 25 571 15 66 32 9 45 9 18 35 21 44 22 9 36 86 7 68 48 6 3 92 24 74 10 91 25 12 48 53 44 8 47 66 16 92 45 12 42 39 21 84 43 67 23 14 26 84 46 97 7 36
24 25 544 26 1 34 58 6 23 37 31 44 9 48 54 7 92 36 46 18 16 12 49 22 8 8 43 23 93 7 51 17 78 28 36 27 61 29 30 27 70 16 71 32 95 50 39 47 11 43 46 37 28
25 25 569 25 49 26 37 40 8 49 12 34 65 10 74 41 50 28 59 20 36 24 64 24 97 15 43 30 76 10 3 35 34 48 62 6 100 20 84 8 28 43 23 6 12 37 11 41 65 42 38 50 44
26 25 499 26 57 38 61 2 1 8 60 2 56 40 83 33 70 18 33 29 60 50 77 1 39 47 76 30 78 12 6 21 2 32 16 36 92 13 79 32 90 27 22 13 64 46 59 25 3 33 65 10 92
27 25 462 9 76 22 5 16 55 49 67 5 52 5 98 20 17 5 84 14 79 13 27 10 76 37 71 41 75 32 19 9 26 19 49 49 40 50 100 24 32 44 60 28 23 6 16 10 4 35 90 26 6
28 25 572 37 91 18 55 35 48 36 85 24 48 26 9 10 76 31 95 37 32 3 78 44 32 20 8 26 54 40 1 23 37 30 37 34 35 42 43 7 26 50 57 37 47 9 80 36 9 11 25 49 68
29 25 431 10 54 13 64 7 40 26 83 19 58 2 55 1 45 33 26 30 31 13 80 4 76 36 56 17 68 40 98 49 17 46 92 8 36 24 21 11 28 37 98 2 38 34 58 48 38 19 46 10 45
30 25 568 10 47 32 95 42 22 36 30 7 53 32 65 38 37 12 11 13 55 37 2 31 66 3 49 13 39 12 88 33 71 25 17 38 19 46 47 48 94 43 57 27 88 31 2 16 17 46 100 40 17
31 25 439 6 1 18 98 9 98 48 62 8 97 36 49 41 38 4 94 1 63 38 55 12 54 41 43 3 85 33 88 21 81 17 63 49 35 3 15 14 96 37 64 14 65 46 43 28 96 19 4 3 42
32 25 477 27 40 16 30 13 12 36 18 19 87 2 5 25 21 8 60 43 25 44 88 24 70 19 23 47 40 21 92 26 55 25 79 42 4 10 67 20 49 37 9 10 42 17 89 18 28 47 92 1 56
33 25 517 17 6 32 73 2 55 41 16 21 56 23 22 7 20 3 26 17 68 9 57 26 62 46 99 45 38 8 64 35 22 41 44 50 14 40 38 22 64 7 50 36 34 32 64 37 14 11 72 39 99
34 25 519 41 6 41 73 34 26 33 23 13 42 1 56 20 31 1 27 31 88 48 82 11 64 35 31 6 89 49 38 20 56 35 22 11 23 29 61 47 55 15 43 8 95 38 100 24 97 39 2 19 87
35 25 488 3 50 38 38 30 83 1 39 37 5 24 4 6 41 25 59 46 75 24 45 38 22 18 51 47 35 32 18 23 38 41 91 29 95 16 85 11 70 39 71 2 90 20 76 31 86 5 54 25 60
36 25 593 7 21 20 18 42 41 20 47 49 7 39 16 4 72 27 26 47 46 39 34 47 94 11 3 40 26 8 100 36 77 44 83 8 37 10 5 44 17 22 34 24 61 31 1 43 81 47 60 33 5
37 25 457 22 89 39 19 43 43 21 37 17 28 1 66 3 35 4 59 42 61 33 32 26 34 15 33 32 82 1 45 20 48 40 54 13 59 31 38 15 26 14 40 45 13 2 38 40 51 31 64 22 50
38 25 440 8 37 5 79 36 27 39 83 2 33 23 62 17 33 5 98 21 83 34 37 4 56 31 71 37 91 7 75 42 39 14 87 24 7 49 85 1 28 29 91 26 52 5 93 38 32 3 10 50 44
39 25 488 32 12 45 58 14 6 31 16 29 70 49 20 42 56 11 85 10 73 1 35 34 63 8 15 50 66 38 38 7 97 15 71 10 11 11 85 34 77 5 96 18 55 1 48 44 51 45 60 27 19
40 25 445 39 9 5 46 17 63 7 45 9 1 26 18 36 92 32 31 28 92 27 43 10 48 36 8 36 47 11 54 22 6 35 45 41 54 33 55 1 55 9 51 21 67 21 72 3 2 8 29 44 43
41 25 568 44 25 3 13 43 8 18 17 35 80 20 89 41 99 27 8 48 65 33 68 10 4 44 81 15 22 50 22 33 59 18 77 41 31 5 26 20 74 47 75 49 74 47 12 13 61 2 84 5 71
42 25 514 35 71 31 63 4 68 21 81 18 41 35 96 29 48 42 81 25 24 17 85 13 42 25 86 33 30 4 81 40 23 47 20 6 20 32 36 28 74 20 35 14 18 24 67 34 83 43 28 23 67
43 25 536 22 59 29 26 1 94 50 89 17 85 41 57 39 4 29 87 19 13 28 83 1 46 18 58 20 57 38 59 7 55 44 88 28 94 36 84 41 1 11 15 28 32 39 59 21 32 22 39 41 2
44 25 497 34 70 8 21 29 17 36 32 39 88 37 28 38 68 35 47 8 51 18 82 20 21 38 40 36 80 6 1 43 55 26 76 25 95 24 29 8 14 30 72 35 35 3 89 7 4 34 41 5 73
45 25 431 48 53 7 18 28 52 31 40 28 96 33 87 13 57 1 37 17 38 22 34 32 86 30 70 35 13 3 80 16 15 36 19 17 89 4 98 13 89 5 16 31 15 6 30 13 52 50 85 20 21
46 25 449 50 10 6 7 16 18 33 41 43 33 16 63 20 75 9 18 23 88 8 52 15 34 1 67 34 48 26 45 48 15 17 51 14 49 20 50 18 16 19 54 43 34 11 100 20 83 27 75 25 36
47 25 535 1 45 41 4 43 77 33 38 36 70 30 72 29 22 15 38 1 16 40 37 29 86 36 86 19 19 46 37 14 55 49 72 9 65 23 91 47 94 25 14 5 23 23 43 18 13 7 32 50 63
48 25 536 21 62 15 63 34 50 45 26 38 58 43 17 17 48 34 90 25 11 7 42 46 90 50 100 15 53 2 25 18 24 18 25 24 24 26 78 43 31 33 48 19 91 43 61 11 77 40 44 4 83
49 25 503 45 21 8 49 8 44 49 44 11 75 35 82 24 47 13 19 16 59 45 8 30 1 22 64 16 65 28 89 21 34 36 25 46 64 12 33 47 99 22 29 27 4 16 65 38 28 1 9 13 83
50 25 486 37 78 8 43 3 18 49 76 35 77 19 72 24 43 42 86 14 40 37 65 33 38 14 58 43 17 18 95 20 24 5 78 2 94 18 89 2 13 7 13 18 35 48 29 50 81 12 45 50 91
51 25 496 27 73 36 65 1 8 34 11 3 96 9 19 27 24 44 59 34 86 15 100 49 23 44 77 33 26 41 43 9 23 19 25 19 14 23 2 29 56 24 27 21 49 33 61 6 57 26 94 14 3
52 25 592 32 58 39 2 14 49 38 40 22 70 17 91 33 78 33 39 28 19 31 74 10 15 23 68 26 93 46 32 35 36 24 39 48 13 23 60 10 55 18 88 39 23 24 45 45 54 47 60 35 2
53 25 378 11 16 24 58 28 34 10 29 7 8 8 60 17 11 18 76 7 84 16 24 26 10 17 44 11 16 16 46 41 85 35 84 12 85 25 83 7 10 21 44 3 79 34 63 14 43 31 4 34 14
54 25 536 46 15 18 73 5 82 48 80 33 82 47 7 22 15 14 89 2 38 5 13 30 24 34 19 47 81 20 98 46 74 9 37 32 80 32 46 46 63 1 75 39 69 4 100 33 77 23 83 34 60
55 25 552 14 86 5 14 38 50 48 99 19 15 21 50 18 10 42 62 5 47 50 81 45 48 18 33 20 73 37 16 36 6 48 76 42 79 26 24 6 81 4 14 49 44 15 43 30 34 44 27 11 96
56 25 565 9 28 24 36 46 49 3 63 21 97 9 32 5 81 41 15 31 11 40 30 40 2 38 56 50 7 44 14 15 88 5 45 14 22 32 100 46 95 4 6 6 83 44 9 43 51 48 93 49 9
57 25 453 45 32 39 38 38 12 3 67 28 96 41 19 14 3 13 90 32 67 10 56 15 54 27 64 1 72 8 49 18 89 3 77 18 33 21 40 41 24 35 14 33 5 20 94 17 11 12 26 35 67
58 25 543 17 59 19 87 18 58 22 98 41 5 38 51 49 97 42 71 21 54 10 52 16 14 3 28 12 29 38 1 49 61 40 96 39 43 15 28 36 67 43 84 33 89 8 38 28 95 34 59 8 29
59 25 497 26 91 15 64 4 14 23 4 39 95 44 65 39 97 43 51 23 49 28 60 19 2 27 78 49 11 49 95 30 68 4 66 20 25 39 22 41 97 24 19 13 40 2 28 8 7 2 29 11 12
60 25 660 36 16 30 97 44 65 26 25 1 41 25 14 49 76 35 86 12 24 40 81 40 21 11 34 41 2 27 22 15 46 44 52 47 10 45 37 31 94 21 14 48 71 46 4 30 19 36 63 46 18
61 25 530 21 15 39 79 8 14 42 30 31 80 27 54 25 13 2 14 29 49 46 33 36 40 10 7 18 57 46 62 7 70 10 62 15 16 48 65 35 100 34 63 41 61 29 76 24 89 5 37 35 73
62 25 445 23 81 29 60 42 42 4 63 23 36 29 89 32 78 21 79 31 81 29 70 7 91 11 52 41 91 21 80 7 91 28 71 13 52 29 44 1 51 18 72 48 53 2 45 45 79 6 74 17 79
63 25 536 25 28 28 36 36 53 15 30 9 5 47 39 47 51 41 77 49 1 28 67 9 11 35 15 38 44 40 23 3 15 20 21 23 8 33 13 45 73 1 40 21 82 28 55 16 89 21 10 13 47
64 25 463 24 62 39 14 23 39 12 31 23 61 33 40 12 70 22 12 10 62 22 56 14 46 28 83 8 85 18 96 1 63 48 46 4 9 44 26 30 7 46 41 34 57 41 47 7 79 15 31 21 10
65 25 508 48 3 5 65 10 52 35 91 44 77 37 33 16 16 6 92 2 46 35 88 37 22 18 49 21 65 12 28 34 69 24 64 35 72 38 18 17 43 33 26 25 39 18 96 13 28 48 29 24 32
66 25 537 32 7 20 81 24 75 35 25 1 60 38 13 40 51 16 62 12 95 37 54 19 12 34 61 10 98 49 87 3 84 29 91 50 70 15 78 40 80 46 32 8 47 34 13 37 64 3 15 40 76
67 25 413 6 18 40 9 50 9 6 27 3 31 18 83 14 6 33 67 31 96 39 1 25 18 12 99 40 42 12 46 19 12 12 35 1 13 3 75 2 26 2 7 40 61 47 58 15 100 3 40 44 31
68 25 503 22 67 25 43 30 24 39 97 36 31 3 13 15 80 41 93 35 61 34 83 38 16 41 78 16 22 12 52 28 17 11 51 3 65 35 26 28 27 13 4 29 21 9 78 16 76 20 96 50 44
69 25 568 35 9 46 77 17 39 43 92 43 73 10 5 33 96 14 32 42 20 1 77 18 8 11 57 37 83 23 57 16 52 18 76 38 20 32 37 31 34 9 78 21 91 46 70 49 29 41 76 37 45
70 25 626 50 10 47 24 27 81 30 21 42 68 17 92 40 64 46 11 8 68 6 47 41 29 49 80 3 72 44 53 41 59 44 97 35 96 32 11 23 68 11 86 4 16 45 33 5 99 46 8 47 44
71 25 552 30 9 33 64 33 54 26 11 26 87 36 50 44 44 6 58 44 51 44 95 30 30 19 53 41 54 9 77 28 58 37 81 23 74 8 6 39 81 13 51 1 69 39 17 34 5 2 84 46 96
72 25 430 3 17 1 83 5 47 21 63 37 16 42 3 38 90 30 20 13 65 14 46 22 8 27 37 6 72 43 21 13 42 21 38 11 48 28 65 38 63 18 21 9 32 41 62 7 44 4 49 46 27
73 25 479 42 24 26 6 3 96 12 24 8 67 17 95 5 48 10 71 11 91 11 14 31 85 15 38 46 83 48 61 15 15 43 16 41 47 15 90 30 67 6 82 42 72 46 72 17 6 12 64 47 70
74 25 559 40 16 40 90 44 54 5 60 25 79 43 15 29 75 33 44 23 89 11 97 21 19 8 80 44 46 43 74 30 48 34 75 49 8 23 43 10 57 7 23 48 41 28 40 31 93 15 70 15 71
75 25 564 45 28 44 44 44 93 1 1 47 40 17 62 48 97 43 24 32 63 10 67 39 81 38 98 8 40 19 100 19 72 10 51 46 26 14 39 34 7 4 67 49 57 6 92 49 72 2 74 38 19
76 25 480 43 24 11 96 40 1 27 90 8 62 14 81 26 70 12 38 23 46 41 66 45 2 48 90 29 80 4 62 9 32 10 5 8 87 47 61 17 52 35 31 3 27 7 29 46 9 17 59 30 75
77 25 569 48 28 40 52 23 64 12 18 32 71 42 49 24 60 34 5 39 8 48 84 30 23 9 67 22 32 8 97 22 44 50 54 21 4 14 24 5 29 40 78 11 76 23 58 50 31 18 79 47 82
78 25 528 25 59 14 90 1 88 41 82 21 93 31 74 9 9 27 38 46 56 35 89 27 48 46 11 39 70 40 5 30 80 10 28 39 27 14 52 38 26 46 9 31 89 21 72 18 71 4 36 7 82
79 25 596 50 30 4 35 35 74 3 69 43 6 44 11 31 11 27 26 15 88 40 47 24 65 41 45 34 11 32 8 32 98 12 26 7 8 24 25 46 63 42 66 35 36 43 96 24 83 36 81 21 99
80 25 494 28 72 44 90 34 66 37 17 22 23 41 51 32 62 28 5 7 95 1 19 7 87 37 81 15 3 46 86 15 62 19 16 20 62 1 50 22 61 19 75 22 73 10 63 48 82 14 58 49 70
81 25 416 50 38 27 46 3 93 7 51 10 10 25 35 3 81 40 83 6 86 23 17 33 77 31 98 20 73 14 48 34 62 42 40 47 24 12 15 19 33 20 49 3 56 27 81 19 76 2 92 4 8
82 25 472 45 32 42 53 4 88 5 91 38 18 42 69 44 97 17 31 9 57 16 11 47 94 2 5 45 37 37 64 33 27 25 96 8 8 26 30 9 84 8 37 12 85 9 25 33 30 19 90 15 20
83 25 449 25 19 30 80 43 57 33 82 10 9 9 20 20 92 15 37 28 33 46 12 31 56 5 62 5 50 40 35 35 85 18 45 7 86 5 7 14 71 39 13 46 87 13 46 5 52 18 29 22 30
84 25 512 17 84 19 50 6 34 33 70 3 36 39 40 7 7 39 90 47 91 7 7 9 62 43 14 28 51 18 63 6 57 46 86 33 37 38 80 26 37 45 9 49 96 11 6 38 7 6 10 28 95
85 25 532 15 36 21 94 33 26 42 24 4 80 48 76 29 55 36 22 27 56 39 5 20 97 32 37 18 63 20 95 32 38 29 18 14 44 24 77 33 89 17 12 7 56 32 76 41 58 47 1 5 64
86 25 404 27 9 5 30 5 21 8 44 29 84 33 100 38 53 35 18 43 9 11 7 10 35 11 48 43 15 43 16 46 13 8 85 9 53 13 15 6 82 11 18 22 28 5 81 19 41 12 39 13 64
87 25 509 4 30 40 71 28 98 29 27 42 15 35 12 41 62 5 38 36 79 50 38 23 56 4 43 11 26 11 59 41 87 46 48 31 19 39 32 40 78 33 8 29 63 5 44 1 7 4 48 9 13
88 25 519 31 45 45 7 44 21 2 43 31 64 9 88 31 77 6 59 26 53 48 69 1 7 11 35 11 83 18 7 18 66 41 24 30 58 29 73 47 23 33 20 47 91 27 86 10 53 12 9 41 96
89 25 578 38 84 11 4 21 58 24 35 30 14 11 94 19 47 50 27 42 28 50 9 4 74 49 86 39 56 31 45 31 43 14 81 20 13 24 67 47 65 20 35 33 90 41 65 35 68 11 70 28 11
90 25 515 36 25 14 99 11 47 5 33 24 14 20 14 19 59 38 37 40 65 47 31 44 69 19 40 49 98 29 51 7 8 43 97 23 63 6 25 14 1 9 86 43 27 35 92 7 47 15 10 47 75
91 25 410 48 10 7 10 27 99 33 66 2 18 17 36 5 35 21 92 40 32 49 93 20 2 24 41 18 73 6 9 17 1 9 11 15 56 20 30 9 61 39 67 24 47 30 96 15 69 12 35 6 32
92 25 574 50 12 30 89 11 79 40 11 42 73 23 27 19 19 29 88 27 54 43 43 43 62 28 45 18 30 12 36 13 72 20 95 17 76 21 22 26 66 34 4 46 4 29 94 50 19 25 44 22 18
93 25 535 50 90 13 49 28 18 49 5 21 25 4 75 14 33 43 25 27 97 26 33 40 88 20 100 26 82 9 99 6 54 11 71 21 73 23 13 21 99 50 88 21 63 41 45 22 16 35 61 48 21
94 25 465 48 99 49 52 8 6 1 17 10 98 11 54 45 33 27 77 29 32 34 77 24 35 41 5 3 69 24 62 14 55 20 14 24 59 1 92 35 40 33 15 15 3 1 32 2 80 39 69 44 81
95 25 534 48 9 8 32 29 57 46 64 4 80 4 54 8 98 33 18 26 40 2 80 43 2 41 58 16 28 17 29 25 73 45 79 15 9 47 49 30 96 7 12 8 72 39 4 49 44 34 69 44 10
96 25 525 25 4 34 11 17 64 28 62 29 63 40 24 37 95 40 26 30 76 25 4 2 84 41 6 16 46 18 36 20 40 16 66 36 3 23 52 5 71 40 6 6 58 46 53 3 21 50 53 30 95
97 25 502 34 28 40 26 5 66 46 32 10 98 35 62 22 2 44 87 37 4 12 46 27 48 6 98 43 69 20 67 5 81 43 6 11 78 41 37 13 74 9 7 12 60 16 55 38 86 31 14 28 74
98 25 542 34 12 17 59 33 38 6 16 47 22 37 62 38 12 28 25 46 65 14 20 25 5 36 86 24 84 22 90 5 61 8 84 45 98 36 29 21 53 9 52 12 9 49 42 4 89 33 66 49 93
99 25 570 42 92 5 61 11 42 4 97 48 75 46 29 31 49 30 96 23 71 42 50 7 7 26 29 30 84 50 100 7 33 17 10 48 45 41 87 42 24 25 87 11 85 24 69 27 56 38 3 38 48
100 25 543 3 22 23 21 25 10 31 58 18 40 43 45 34 51 33 91 25 60 46 47 22 14 28 70 17 66 26 52 48 96 44 96 38 100 15 94 49 99 10 7 9 67 3 51 21 3 21 4 47 61
