0.004130363464355469
0.0006313323974609375
0.006357908248901367
0.0022230148315429688
0.0011661052703857422
0.003467559814453125
0.00433039665222168
0.004376649856567383
0.0021696090698242188
0.002167940139770508
0.0035512447357177734
0.0019598007202148438
0.003043651580810547
0.016632080078125
0.0008094310760498047
0.0020074844360351562
0.0006415843963623047
0.0007135868072509766
0.0008254051208496094
0.0014963150024414062
0.0010731220245361328
0.009707450866699219
0.009318113327026367
0.010327816009521484
0.0012359619140625
0.00244140625
0.00914621353149414
0.0007100105285644531
0.0005884170532226562
0.005529165267944336
0.0042002201080322266
0.0029573440551757812
0.0030031204223632812
0.003450632095336914
0.0006716251373291016
0.0019178390502929688
0.004351139068603516
0.003349781036376953
0.0012960433959960938
0.009023904800415039
0.0018794536590576172
0.015680551528930664
0.008304357528686523
0.005091428756713867
0.0018582344055175781
0.003712177276611328
0.029369831085205078
0.0014629364013671875
0.0033729076385498047
0.0031919479370117188
0.005670785903930664
0.006439924240112305
0.001796722412109375
0.004572629928588867
0.0010743141174316406
0.0008318424224853516
0.0008304119110107422
0.0026428699493408203
0.0005774497985839844
0.0067484378814697266
0.0020647048950195312
0.0027115345001220703
0.00046515464782714844
0.002454042434692383
0.007584095001220703
0.007483959197998047
0.0005025863647460938
0.0031592845916748047
0.004698038101196289
0.0013926029205322266
0.03161191940307617
0.0004885196685791016
0.004677295684814453
0.0051288604736328125
0.007578611373901367
0.00657343864440918
0.0018169879913330078
0.0011782646179199219
0.0032167434692382812
0.0005695819854736328
0.016898632049560547
0.0014622211456298828
0.004041194915771484
0.0039899349212646484
0.002638101577758789
0.0022268295288085938
0.005776882171630859
0.007758378982543945
0.002788066864013672
0.0041408538818359375
0.004770517349243164
0.0010831356048583984
0.0025625228881835938
0.0060389041900634766
0.0008478164672851562
0.005963563919067383
0.0006444454193115234
0.0027399063110351562
0.002450227737426758
0.0023365020751953125