1.5735626220703125e-05
7.3909759521484375e-06
6.198883056640625e-06
5.7220458984375e-06
5.7220458984375e-06
5.4836273193359375e-06
5.245208740234375e-06
5.0067901611328125e-06
5.0067901611328125e-06
5.245208740234375e-06
5.245208740234375e-06
5.0067901611328125e-06
5.0067901611328125e-06
4.76837158203125e-06
5.4836273193359375e-06
5.4836273193359375e-06
5.245208740234375e-06
5.4836273193359375e-06
4.76837158203125e-06
5.0067901611328125e-06
5.0067901611328125e-06
5.0067901611328125e-06
5.245208740234375e-06
5.4836273193359375e-06
5.245208740234375e-06
5.245208740234375e-06
5.245208740234375e-06
5.245208740234375e-06
5.0067901611328125e-06
5.0067901611328125e-06
5.0067901611328125e-06
5.0067901611328125e-06
5.245208740234375e-06
5.245208740234375e-06
5.0067901611328125e-06
5.0067901611328125e-06
5.245208740234375e-06
5.245208740234375e-06
4.76837158203125e-06
5.0067901611328125e-06
5.0067901611328125e-06
4.76837158203125e-06
5.245208740234375e-06
5.245208740234375e-06
5.0067901611328125e-06
5.0067901611328125e-06
5.245208740234375e-06
5.245208740234375e-06
5.0067901611328125e-06
4.76837158203125e-06
5.0067901611328125e-06
5.245208740234375e-06
4.76837158203125e-06
4.76837158203125e-06
5.245208740234375e-06
5.245208740234375e-06
4.76837158203125e-06
5.0067901611328125e-06
5.0067901611328125e-06
5.245208740234375e-06
4.76837158203125e-06
5.245208740234375e-06
5.0067901611328125e-06
5.0067901611328125e-06
4.76837158203125e-06
5.0067901611328125e-06
5.0067901611328125e-06
5.245208740234375e-06
5.4836273193359375e-06
5.4836273193359375e-06
4.76837158203125e-06
5.0067901611328125e-06
5.0067901611328125e-06
5.0067901611328125e-06
4.76837158203125e-06
5.0067901611328125e-06
5.245208740234375e-06
5.245208740234375e-06
5.245208740234375e-06
4.76837158203125e-06
5.0067901611328125e-06
5.4836273193359375e-06
5.4836273193359375e-06
4.76837158203125e-06
5.0067901611328125e-06
5.245208740234375e-06
5.245208740234375e-06
5.0067901611328125e-06
5.0067901611328125e-06
5.0067901611328125e-06
5.245208740234375e-06
4.76837158203125e-06
5.0067901611328125e-06
5.0067901611328125e-06
2.9325485229492188e-05
2.1219253540039062e-05
2.1219253540039062e-05
5.245208740234375e-06
5.4836273193359375e-06
5.245208740234375e-06