0.001049041748046875
0.00021791458129882812
0.0004432201385498047
0.0004172325134277344
0.00028586387634277344
0.0008900165557861328
0.0005764961242675781
0.00036263465881347656
0.000978231430053711
0.00025916099548339844
0.0008764266967773438
0.0006239414215087891
0.0010504722595214844
0.00036144256591796875
0.0005345344543457031
0.0003399848937988281
0.0003256797790527344
0.0008134841918945312
0.0002238750457763672
0.00038361549377441406
0.0008258819580078125
0.0002429485321044922
0.0006628036499023438
0.00048828125
0.0007266998291015625
0.0009288787841796875
0.00041413307189941406
0.0002455711364746094
0.0007433891296386719
0.0006234645843505859
0.0009160041809082031
0.0009202957153320312
0.00042319297790527344
0.0006277561187744141
0.0001609325408935547
0.001451730728149414
0.00015163421630859375
0.000904083251953125
0.00030803680419921875
0.0009062290191650391
0.00039458274841308594
0.0007519721984863281
0.0004456043243408203
0.0003523826599121094
0.0012445449829101562
0.0006611347198486328
0.000263214111328125
0.00030040740966796875
0.0003654956817626953
0.00028514862060546875
0.0013308525085449219
0.00020122528076171875
0.0008995532989501953
0.0014200210571289062
0.00025272369384765625
0.0005993843078613281
0.00019931793212890625
0.0019533634185791016
0.0005953311920166016
0.0009293556213378906
0.0002505779266357422
0.00023031234741210938
0.0003311634063720703
0.00037598609924316406
0.0005781650543212891
0.00017690658569335938
0.00046181678771972656
0.0003383159637451172
0.00032806396484375
0.0003371238708496094
0.0005400180816650391
0.00023555755615234375
0.0004596710205078125
0.0006604194641113281
0.0002219676971435547
0.0008478164672851562
0.000812530517578125
0.00019979476928710938
0.0005340576171875
0.001796722412109375
0.0003204345703125
0.0003345012664794922
0.00024771690368652344
0.0006740093231201172
0.00032448768615722656
0.0003008842468261719
0.0006449222564697266
0.000316619873046875
0.000978708267211914
0.00024008750915527344
0.0002703666687011719
0.0004897117614746094
0.0007779598236083984
0.00016736984252929688
0.0007939338684082031
0.0007069110870361328
0.00018453598022460938
0.0003235340118408203
0.0007734298706054688
0.0003921985626220703