3.600120544433594e-05
3.266334533691406e-05
3.147125244140625e-05
3.123283386230469e-05
3.0517578125e-05
3.0040740966796875e-05
3.0279159545898438e-05
3.0040740966796875e-05
3.0517578125e-05
3.075599670410156e-05
3.0517578125e-05
3.0040740966796875e-05
3.0040740966796875e-05
3.0279159545898438e-05
3.0040740966796875e-05
3.0040740966796875e-05
3.0279159545898438e-05
3.075599670410156e-05
2.9802322387695312e-05
3.0040740966796875e-05
2.9802322387695312e-05
2.9802322387695312e-05
3.0040740966796875e-05
2.9802322387695312e-05
2.9802322387695312e-05
2.9802322387695312e-05
2.956390380859375e-05
2.9802322387695312e-05
3.0040740966796875e-05
2.9802322387695312e-05
2.9802322387695312e-05
2.956390380859375e-05
2.9802322387695312e-05
2.956390380859375e-05
2.9802322387695312e-05
2.9802322387695312e-05
2.9802322387695312e-05
3.0040740966796875e-05
2.9802322387695312e-05
3.0279159545898438e-05
2.956390380859375e-05
2.956390380859375e-05
2.956390380859375e-05
3.0279159545898438e-05
3.0040740966796875e-05
2.9802322387695312e-05
5.91278076171875e-05
4.601478576660156e-05
2.9802322387695312e-05
3.0040740966796875e-05
3.0279159545898438e-05
2.9802322387695312e-05
2.956390380859375e-05
2.956390380859375e-05
3.0040740966796875e-05
3.0040740966796875e-05
3.0040740966796875e-05
3.0040740966796875e-05
3.0040740966796875e-05
2.956390380859375e-05
0.00010609626770019531
5.078315734863281e-05
3.266334533691406e-05
3.075599670410156e-05
3.0517578125e-05
3.0040740966796875e-05
3.0040740966796875e-05
2.9802322387695312e-05
3.0040740966796875e-05
3.0994415283203125e-05
3.0040740966796875e-05
2.9802322387695312e-05
3.0040740966796875e-05
2.9802322387695312e-05
3.0517578125e-05
3.0040740966796875e-05
3.0040740966796875e-05
2.9802322387695312e-05
2.956390380859375e-05
3.0279159545898438e-05
3.0279159545898438e-05
3.0040740966796875e-05
3.0040740966796875e-05
3.0040740966796875e-05
2.9802322387695312e-05
2.9802322387695312e-05
2.9802322387695312e-05
2.9802322387695312e-05
3.0040740966796875e-05
3.0040740966796875e-05
2.9802322387695312e-05
3.0279159545898438e-05
3.0040740966796875e-05
2.9802322387695312e-05
2.956390380859375e-05
6.29425048828125e-05
3.147125244140625e-05
6.29425048828125e-05
3.170967102050781e-05
3.218650817871094e-05