3.24249267578125e-05
2.288818359375e-05
2.1219253540039062e-05
2.0742416381835938e-05
2.09808349609375e-05
2.09808349609375e-05
2.0265579223632812e-05
1.9788742065429688e-05
2.0503997802734375e-05
2.0265579223632812e-05
1.9550323486328125e-05
2.002716064453125e-05
1.9788742065429688e-05
1.9550323486328125e-05
2.0265579223632812e-05
3.6716461181640625e-05
2.0503997802734375e-05
2.0742416381835938e-05
2.0742416381835938e-05
3.4332275390625e-05
2.09808349609375e-05
2.2649765014648438e-05
2.1457672119140625e-05
2.1696090698242188e-05
2.1219253540039062e-05
2.09808349609375e-05
2.1457672119140625e-05
2.1457672119140625e-05
2.1219253540039062e-05
3.504753112792969e-05
2.0742416381835938e-05
2.1457672119140625e-05
2.0742416381835938e-05
2.0742416381835938e-05
2.09808349609375e-05
2.0742416381835938e-05
2.09808349609375e-05
2.0742416381835938e-05
2.0742416381835938e-05
2.0742416381835938e-05
2.0742416381835938e-05
2.0742416381835938e-05
2.09808349609375e-05
2.0742416381835938e-05
2.8133392333984375e-05
2.5272369384765625e-05
2.2411346435546875e-05
2.1457672119140625e-05
2.09808349609375e-05
2.1457672119140625e-05
2.1219253540039062e-05
2.2649765014648438e-05
2.1219253540039062e-05
2.5510787963867188e-05
2.09808349609375e-05
2.09808349609375e-05
2.0742416381835938e-05
2.0503997802734375e-05
2.0742416381835938e-05
3.5762786865234375e-05
2.1696090698242188e-05
2.1219253540039062e-05
2.09808349609375e-05
2.09808349609375e-05
2.09808349609375e-05
2.0742416381835938e-05
2.09808349609375e-05
2.0503997802734375e-05
2.0503997802734375e-05
2.0265579223632812e-05
2.0503997802734375e-05
2.0742416381835938e-05
2.09808349609375e-05
2.193450927734375e-05
2.1219253540039062e-05
2.09808349609375e-05
2.0503997802734375e-05
2.0742416381835938e-05
2.1219253540039062e-05
2.09808349609375e-05
2.0503997802734375e-05
2.0265579223632812e-05
2.1696090698242188e-05
2.0503997802734375e-05
2.0503997802734375e-05
2.002716064453125e-05
2.09808349609375e-05
2.0503997802734375e-05
2.0265579223632812e-05
2.0503997802734375e-05
2.0265579223632812e-05
2.0742416381835938e-05
2.0503997802734375e-05
2.0503997802734375e-05
2.0742416381835938e-05
2.0503997802734375e-05
2.193450927734375e-05
2.0742416381835938e-05
2.0742416381835938e-05
2.0265579223632812e-05