3.0040740966796875e-05
3.790855407714844e-05
2.3603439331054688e-05
5.2928924560546875e-05
3.695487976074219e-05
2.288818359375e-05
3.6716461181640625e-05
2.2649765014648438e-05
3.647804260253906e-05
2.2649765014648438e-05
2.2172927856445312e-05
2.2649765014648438e-05
2.2411346435546875e-05
2.2172927856445312e-05
2.2172927856445312e-05
2.193450927734375e-05
2.2411346435546875e-05
2.2411346435546875e-05
2.2411346435546875e-05
2.8133392333984375e-05
2.3126602172851562e-05
3.6716461181640625e-05
2.2649765014648438e-05
3.5762786865234375e-05
2.2172927856445312e-05
2.3126602172851562e-05
2.2649765014648438e-05
2.2649765014648438e-05
2.2172927856445312e-05
2.2172927856445312e-05
2.2411346435546875e-05
2.2649765014648438e-05
2.193450927734375e-05
2.2411346435546875e-05
2.2172927856445312e-05
2.2649765014648438e-05
2.2649765014648438e-05
2.2172927856445312e-05
3.5762786865234375e-05
3.600120544433594e-05
3.0994415283203125e-05
4.00543212890625e-05
4.00543212890625e-05
2.3603439331054688e-05
2.288818359375e-05
3.647804260253906e-05
2.3126602172851562e-05
2.3603439331054688e-05
2.288818359375e-05
2.3126602172851562e-05
2.2411346435546875e-05
3.600120544433594e-05
2.288818359375e-05
3.5762786865234375e-05
2.2649765014648438e-05
2.288818359375e-05
2.2649765014648438e-05
2.2172927856445312e-05
3.0994415283203125e-05
3.600120544433594e-05
2.2172927856445312e-05
2.2411346435546875e-05
2.2172927856445312e-05
2.2649765014648438e-05
2.2411346435546875e-05
2.2411346435546875e-05
2.3603439331054688e-05
2.2649765014648438e-05
2.1457672119140625e-05
2.1696090698242188e-05
2.1696090698242188e-05
2.1696090698242188e-05
2.2411346435546875e-05
2.193450927734375e-05
2.2172927856445312e-05
2.1696090698242188e-05
2.1696090698242188e-05
2.193450927734375e-05
2.1219253540039062e-05
2.2172927856445312e-05
2.1457672119140625e-05
2.1457672119140625e-05
2.09808349609375e-05
2.1219253540039062e-05
2.1457672119140625e-05
2.193450927734375e-05
2.1696090698242188e-05
2.1219253540039062e-05
2.3126602172851562e-05
2.2172927856445312e-05
2.1219253540039062e-05
2.1457672119140625e-05
3.4809112548828125e-05
3.528594970703125e-05
2.1696090698242188e-05
2.1696090698242188e-05
2.1457672119140625e-05
2.1457672119140625e-05
2.1457672119140625e-05
2.2411346435546875e-05