3.123283386230469e-05
2.765655517578125e-05
2.574920654296875e-05
2.47955322265625e-05
2.47955322265625e-05
3.814697265625e-05
2.4318695068359375e-05
2.4557113647460938e-05
2.47955322265625e-05
3.8623809814453125e-05
2.4557113647460938e-05
3.790855407714844e-05
2.4318695068359375e-05
2.4557113647460938e-05
2.4557113647460938e-05
2.5987625122070312e-05
2.5033950805664062e-05
4.172325134277344e-05
3.981590270996094e-05
3.838539123535156e-05
2.4557113647460938e-05
2.5033950805664062e-05
2.4557113647460938e-05
2.47955322265625e-05
2.4557113647460938e-05
2.4557113647460938e-05
3.7670135498046875e-05
2.4080276489257812e-05
2.4318695068359375e-05
2.4080276489257812e-05
2.4318695068359375e-05
2.4080276489257812e-05
3.719329833984375e-05
3.814697265625e-05
2.5272369384765625e-05
2.4318695068359375e-05
2.4318695068359375e-05
2.4080276489257812e-05
2.4080276489257812e-05
2.4318695068359375e-05
4.00543212890625e-05
3.814697265625e-05
2.4557113647460938e-05
3.790855407714844e-05
2.4557113647460938e-05
3.814697265625e-05
2.5510787963867188e-05
3.695487976074219e-05
2.4318695068359375e-05
2.47955322265625e-05
2.4318695068359375e-05
2.384185791015625e-05
2.384185791015625e-05
2.3603439331054688e-05
3.743171691894531e-05
2.4080276489257812e-05
2.3603439331054688e-05
2.4318695068359375e-05
3.361701965332031e-05
4.363059997558594e-05
2.6941299438476562e-05
4.220008850097656e-05
2.5987625122070312e-05
2.574920654296875e-05
2.574920654296875e-05
2.5510787963867188e-05
2.5272369384765625e-05
3.910064697265625e-05
2.5272369384765625e-05
2.5510787963867188e-05
2.574920654296875e-05
2.5272369384765625e-05
2.5510787963867188e-05
2.5272369384765625e-05
3.886222839355469e-05
2.5272369384765625e-05
2.5033950805664062e-05
3.933906555175781e-05
2.5272369384765625e-05
3.266334533691406e-05
2.86102294921875e-05
4.029273986816406e-05
2.5987625122070312e-05
2.5510787963867188e-05
2.5987625122070312e-05
3.910064697265625e-05
2.6464462280273438e-05
2.5510787963867188e-05
2.5033950805664062e-05
2.5033950805664062e-05
2.5033950805664062e-05
2.5033950805664062e-05
2.47955322265625e-05
2.5272369384765625e-05
3.886222839355469e-05
2.5510787963867188e-05
2.47955322265625e-05
2.5272369384765625e-05
2.4557113647460938e-05
2.5272369384765625e-05