1.3828277587890625e-05
8.821487426757812e-06
7.867813110351562e-06
7.152557373046875e-06
7.152557373046875e-06
7.867813110351562e-06
7.3909759521484375e-06
6.9141387939453125e-06
6.9141387939453125e-06
6.9141387939453125e-06
6.4373016357421875e-06
6.9141387939453125e-06
6.9141387939453125e-06
6.9141387939453125e-06
6.67572021484375e-06
6.9141387939453125e-06
6.9141387939453125e-06
6.9141387939453125e-06
6.9141387939453125e-06
6.9141387939453125e-06
7.3909759521484375e-06
6.9141387939453125e-06
6.9141387939453125e-06
6.67572021484375e-06
6.9141387939453125e-06
6.9141387939453125e-06
6.9141387939453125e-06
6.67572021484375e-06
6.67572021484375e-06
6.4373016357421875e-06
6.67572021484375e-06
6.67572021484375e-06
6.67572021484375e-06
6.9141387939453125e-06
6.9141387939453125e-06
6.67572021484375e-06
6.67572021484375e-06
6.67572021484375e-06
6.4373016357421875e-06
6.67572021484375e-06
6.67572021484375e-06
7.62939453125e-06
6.9141387939453125e-06
6.67572021484375e-06
6.67572021484375e-06
6.67572021484375e-06
7.152557373046875e-06
6.4373016357421875e-06
6.4373016357421875e-06
6.4373016357421875e-06
6.67572021484375e-06
6.67572021484375e-06
6.4373016357421875e-06
6.67572021484375e-06
6.4373016357421875e-06
6.4373016357421875e-06
6.67572021484375e-06
6.67572021484375e-06
6.67572021484375e-06
6.67572021484375e-06
6.9141387939453125e-06
6.9141387939453125e-06
6.9141387939453125e-06
6.67572021484375e-06
6.67572021484375e-06
6.9141387939453125e-06
6.4373016357421875e-06
6.4373016357421875e-06
6.67572021484375e-06
6.4373016357421875e-06
5.9604644775390625e-06
6.9141387939453125e-06
6.4373016357421875e-06
6.4373016357421875e-06
6.9141387939453125e-06
6.67572021484375e-06
6.67572021484375e-06
1.0251998901367188e-05
7.62939453125e-06
7.152557373046875e-06
6.9141387939453125e-06
6.67572021484375e-06
6.4373016357421875e-06
6.4373016357421875e-06
6.67572021484375e-06
6.9141387939453125e-06
6.67572021484375e-06
6.4373016357421875e-06
6.9141387939453125e-06
6.67572021484375e-06
6.67572021484375e-06
6.67572021484375e-06
6.4373016357421875e-06
6.67572021484375e-06
6.67572021484375e-06
6.4373016357421875e-06
6.67572021484375e-06
6.67572021484375e-06
6.67572021484375e-06
6.4373016357421875e-06