2.7179718017578125e-05
2.3126602172851562e-05
2.2649765014648438e-05
2.1457672119140625e-05
2.09808349609375e-05
2.09808349609375e-05
2.09808349609375e-05
2.1219253540039062e-05
2.09808349609375e-05
2.0742416381835938e-05
2.09808349609375e-05
2.09808349609375e-05
2.0503997802734375e-05
2.0742416381835938e-05
2.0503997802734375e-05
2.0742416381835938e-05
2.0265579223632812e-05
2.09808349609375e-05
2.0503997802734375e-05
2.0742416381835938e-05
2.0503997802734375e-05
2.0742416381835938e-05
2.0742416381835938e-05
2.0742416381835938e-05
2.0742416381835938e-05
2.09808349609375e-05
2.0742416381835938e-05
2.0742416381835938e-05
2.0742416381835938e-05
2.0742416381835938e-05
2.09808349609375e-05
2.0503997802734375e-05
2.0503997802734375e-05
2.0503997802734375e-05
2.0503997802734375e-05
2.0742416381835938e-05
2.0503997802734375e-05
2.0742416381835938e-05
2.6941299438476562e-05
5.2928924560546875e-05
2.0742416381835938e-05
2.09808349609375e-05
2.0503997802734375e-05
2.09808349609375e-05
2.0742416381835938e-05
2.0742416381835938e-05
2.0503997802734375e-05
2.0503997802734375e-05
2.0265579223632812e-05
2.0503997802734375e-05
2.0742416381835938e-05
2.09808349609375e-05
2.0742416381835938e-05
2.0742416381835938e-05
2.0503997802734375e-05
2.0742416381835938e-05
2.0742416381835938e-05
2.09808349609375e-05
2.0265579223632812e-05
2.0742416381835938e-05
2.0742416381835938e-05
2.0742416381835938e-05
2.0503997802734375e-05
2.0503997802734375e-05
2.0503997802734375e-05
2.0742416381835938e-05
2.0742416381835938e-05
2.0503997802734375e-05
2.0503997802734375e-05
2.0503997802734375e-05
2.0503997802734375e-05
2.0503997802734375e-05
2.0503997802734375e-05
2.002716064453125e-05
2.0503997802734375e-05
2.0503997802734375e-05
2.0503997802734375e-05
2.0503997802734375e-05
2.0265579223632812e-05
2.0742416381835938e-05
2.0742416381835938e-05
2.0265579223632812e-05
2.0503997802734375e-05
2.0265579223632812e-05
2.0265579223632812e-05
2.0265579223632812e-05
2.0265579223632812e-05
2.0503997802734375e-05
2.0742416381835938e-05
2.0503997802734375e-05
2.0265579223632812e-05
2.0503997802734375e-05
2.0503997802734375e-05
2.0742416381835938e-05
2.0503997802734375e-05
2.0503997802734375e-05
2.0503997802734375e-05
2.0265579223632812e-05
2.0503997802734375e-05
2.0503997802734375e-05