3.910064697265625e-05
3.409385681152344e-05
3.2901763916015625e-05
3.504753112792969e-05
3.24249267578125e-05
3.314018249511719e-05
3.24249267578125e-05
3.266334533691406e-05
3.218650817871094e-05
3.218650817871094e-05
3.1948089599609375e-05
3.218650817871094e-05
5.030632019042969e-05
6.747245788574219e-05
3.5762786865234375e-05
4.8160552978515625e-05
3.457069396972656e-05
3.4332275390625e-05
3.457069396972656e-05
3.4809112548828125e-05
3.24249267578125e-05
3.1948089599609375e-05
3.218650817871094e-05
3.1948089599609375e-05
3.170967102050781e-05
3.218650817871094e-05
3.266334533691406e-05
3.218650817871094e-05
3.218650817871094e-05
3.218650817871094e-05
3.24249267578125e-05
3.1948089599609375e-05
3.218650817871094e-05
3.1948089599609375e-05
3.1948089599609375e-05
3.1948089599609375e-05
3.218650817871094e-05
7.43865966796875e-05
4.506111145019531e-05
3.218650817871094e-05
3.218650817871094e-05
3.24249267578125e-05
3.170967102050781e-05
3.266334533691406e-05
3.1948089599609375e-05
3.24249267578125e-05
3.218650817871094e-05
3.24249267578125e-05
3.24249267578125e-05
3.266334533691406e-05
3.218650817871094e-05
3.218650817871094e-05
3.1948089599609375e-05
3.218650817871094e-05
3.170967102050781e-05
3.218650817871094e-05
3.1948089599609375e-05
3.266334533691406e-05
3.218650817871094e-05
3.170967102050781e-05
4.7206878662109375e-05
4.57763671875e-05
3.24249267578125e-05
3.218650817871094e-05
3.1948089599609375e-05
3.218650817871094e-05
3.218650817871094e-05
4.982948303222656e-05
3.1948089599609375e-05
3.218650817871094e-05
3.170967102050781e-05
3.24249267578125e-05
3.218650817871094e-05
3.2901763916015625e-05
3.170967102050781e-05
3.24249267578125e-05
3.218650817871094e-05
3.24249267578125e-05
3.218650817871094e-05
3.1948089599609375e-05
3.170967102050781e-05
3.1948089599609375e-05
3.1948089599609375e-05
3.218650817871094e-05
3.1948089599609375e-05
3.1948089599609375e-05
3.1948089599609375e-05
3.24249267578125e-05
3.170967102050781e-05
3.24249267578125e-05
3.266334533691406e-05
3.1948089599609375e-05
3.24249267578125e-05
3.24249267578125e-05
3.1948089599609375e-05
3.218650817871094e-05
3.1948089599609375e-05
3.170967102050781e-05
3.170967102050781e-05
3.218650817871094e-05