1.5497207641601562e-05
2.7418136596679688e-05
2.193450927734375e-05
7.867813110351562e-06
7.152557373046875e-06
7.152557373046875e-06
7.867813110351562e-06
6.9141387939453125e-06
6.67572021484375e-06
6.67572021484375e-06
6.67572021484375e-06
6.4373016357421875e-06
6.9141387939453125e-06
6.67572021484375e-06
6.4373016357421875e-06
1.0013580322265625e-05
6.9141387939453125e-06
6.9141387939453125e-06
6.67572021484375e-06
7.3909759521484375e-06
6.9141387939453125e-06
6.9141387939453125e-06
6.67572021484375e-06
6.67572021484375e-06
6.67572021484375e-06
6.67572021484375e-06
6.9141387939453125e-06
6.9141387939453125e-06
6.9141387939453125e-06
6.4373016357421875e-06
6.67572021484375e-06
6.9141387939453125e-06
6.67572021484375e-06
6.9141387939453125e-06
6.67572021484375e-06
6.67572021484375e-06
6.9141387939453125e-06
7.152557373046875e-06
6.67572021484375e-06
7.152557373046875e-06
7.3909759521484375e-06
6.67572021484375e-06
6.67572021484375e-06
6.4373016357421875e-06
6.9141387939453125e-06
6.67572021484375e-06
6.4373016357421875e-06
6.4373016357421875e-06
6.4373016357421875e-06
6.4373016357421875e-06
6.9141387939453125e-06
6.67572021484375e-06
6.67572021484375e-06
7.152557373046875e-06
6.67572021484375e-06
6.67572021484375e-06
6.67572021484375e-06
6.67572021484375e-06
7.3909759521484375e-06
6.9141387939453125e-06
6.4373016357421875e-06
6.67572021484375e-06
6.67572021484375e-06
6.67572021484375e-06
6.198883056640625e-06
6.4373016357421875e-06
6.4373016357421875e-06
6.67572021484375e-06
6.4373016357421875e-06
6.4373016357421875e-06
6.4373016357421875e-06
6.4373016357421875e-06
6.67572021484375e-06
6.4373016357421875e-06
6.67572021484375e-06
6.198883056640625e-06
6.67572021484375e-06
6.67572021484375e-06
6.198883056640625e-06
6.4373016357421875e-06
6.198883056640625e-06
6.4373016357421875e-06
6.67572021484375e-06
6.4373016357421875e-06
6.4373016357421875e-06
6.67572021484375e-06
6.67572021484375e-06
6.67572021484375e-06
6.4373016357421875e-06
6.198883056640625e-06
6.67572021484375e-06
6.4373016357421875e-06
7.62939453125e-06
7.152557373046875e-06
6.67572021484375e-06
6.9141387939453125e-06
6.67572021484375e-06
6.9141387939453125e-06
6.67572021484375e-06
6.67572021484375e-06