2.956390380859375e-05
2.1457672119140625e-05
1.9788742065429688e-05
1.9311904907226562e-05
1.9311904907226562e-05
1.8596649169921875e-05
1.8835067749023438e-05
1.8835067749023438e-05
1.8596649169921875e-05
1.9311904907226562e-05
1.9073486328125e-05
1.9073486328125e-05
1.8835067749023438e-05
1.9311904907226562e-05
1.8596649169921875e-05
1.8835067749023438e-05
1.9311904907226562e-05
1.8835067749023438e-05
1.8835067749023438e-05
1.8835067749023438e-05
1.8358230590820312e-05
1.9073486328125e-05
1.8358230590820312e-05
1.8835067749023438e-05
1.8596649169921875e-05
1.8596649169921875e-05
1.9073486328125e-05
1.8835067749023438e-05
1.8835067749023438e-05
1.8596649169921875e-05
1.8358230590820312e-05
1.8358230590820312e-05
1.8596649169921875e-05
1.8358230590820312e-05
1.8835067749023438e-05
1.8358230590820312e-05
1.8596649169921875e-05
1.8358230590820312e-05
1.8596649169921875e-05
1.8835067749023438e-05
1.9073486328125e-05
1.8835067749023438e-05
1.8835067749023438e-05
1.8835067749023438e-05
1.8596649169921875e-05
1.8358230590820312e-05
1.8835067749023438e-05
1.8596649169921875e-05
1.8596649169921875e-05
1.8835067749023438e-05
1.8835067749023438e-05
1.8596649169921875e-05
1.8835067749023438e-05
1.8835067749023438e-05
1.8358230590820312e-05
1.8596649169921875e-05
1.8358230590820312e-05
1.8835067749023438e-05
1.8835067749023438e-05
1.8596649169921875e-05
1.8358230590820312e-05
1.8596649169921875e-05
1.8596649169921875e-05
1.9073486328125e-05
1.9073486328125e-05
1.8596649169921875e-05
1.9073486328125e-05
1.8835067749023438e-05
1.8596649169921875e-05
1.8358230590820312e-05
1.8596649169921875e-05
4.696846008300781e-05
5.364418029785156e-05
1.8596649169921875e-05
1.8596649169921875e-05
1.9073486328125e-05
1.9073486328125e-05
1.9073486328125e-05
1.8835067749023438e-05
1.9073486328125e-05
1.8358230590820312e-05
1.8596649169921875e-05
1.8358230590820312e-05
1.8835067749023438e-05
1.9073486328125e-05
1.8358230590820312e-05
1.811981201171875e-05
1.8596649169921875e-05
1.8835067749023438e-05
1.8835067749023438e-05
1.8596649169921875e-05
1.8596649169921875e-05
1.8358230590820312e-05
1.8358230590820312e-05
1.8596649169921875e-05
1.8596649169921875e-05
1.8835067749023438e-05
1.9073486328125e-05
3.7670135498046875e-05
4.649162292480469e-05