2.0742416381835938e-05
1.6689300537109375e-05
1.5497207641601562e-05
3.075599670410156e-05
1.4781951904296875e-05
1.4066696166992188e-05
3.170967102050781e-05
1.4066696166992188e-05
1.430511474609375e-05
1.430511474609375e-05
1.430511474609375e-05
1.430511474609375e-05
1.430511474609375e-05
1.4066696166992188e-05
1.430511474609375e-05
1.430511474609375e-05
5.078315734863281e-05
1.4066696166992188e-05
1.4066696166992188e-05
1.430511474609375e-05
1.4543533325195312e-05
1.4066696166992188e-05
1.4066696166992188e-05
3.0517578125e-05
1.3828277587890625e-05
1.430511474609375e-05
3.4809112548828125e-05
1.430511474609375e-05
3.123283386230469e-05
1.4781951904296875e-05
1.4543533325195312e-05
1.430511474609375e-05
1.4066696166992188e-05
1.430511474609375e-05
1.430511474609375e-05
1.430511474609375e-05
1.430511474609375e-05
3.0279159545898438e-05
3.075599670410156e-05
1.4066696166992188e-05
3.0040740966796875e-05
1.4066696166992188e-05
1.4066696166992188e-05
3.218650817871094e-05
1.4066696166992188e-05
3.5762786865234375e-05
3.218650817871094e-05
3.504753112792969e-05
1.4066696166992188e-05
1.4066696166992188e-05
1.4066696166992188e-05
1.4543533325195312e-05
3.1948089599609375e-05
1.3828277587890625e-05
1.4066696166992188e-05
1.3828277587890625e-05
1.4543533325195312e-05
3.528594970703125e-05
3.457069396972656e-05
3.123283386230469e-05
3.218650817871094e-05
1.4781951904296875e-05
1.4543533325195312e-05
1.5020370483398438e-05
3.314018249511719e-05
3.218650817871094e-05
3.2901763916015625e-05
1.3589859008789062e-05
1.4066696166992188e-05
1.3589859008789062e-05
1.3589859008789062e-05
1.3828277587890625e-05
1.3828277587890625e-05
1.3828277587890625e-05
1.9788742065429688e-05
3.266334533691406e-05
1.3828277587890625e-05
1.4066696166992188e-05
1.4066696166992188e-05
1.430511474609375e-05
1.3828277587890625e-05
1.4066696166992188e-05
1.3828277587890625e-05
1.3828277587890625e-05
1.3828277587890625e-05
1.3828277587890625e-05
1.3589859008789062e-05
1.4066696166992188e-05
1.3589859008789062e-05
1.3589859008789062e-05
1.3589859008789062e-05
1.3589859008789062e-05
1.4066696166992188e-05
1.3828277587890625e-05
1.3828277587890625e-05
1.3589859008789062e-05
1.3589859008789062e-05
1.3828277587890625e-05
1.4066696166992188e-05
1.3828277587890625e-05