1 4 715
2 4 1306
3 4 896
4 4 902
5 4 1183
6 4 684
7 4 558
8 4 716
9 4 1082
10 4 1108
11 4 882
12 4 811
13 4 942
14 4 1097
15 4 540
16 4 777
17 4 1136
18 4 733
19 4 1117
20 4 720
21 4 690
22 4 455
23 4 1361
24 4 509
25 4 810
26 4 1029
27 4 1009
28 4 687
29 4 1054
30 4 1193
31 4 716
32 4 669
33 4 925
34 4 367
35 4 929
36 4 911
37 4 963
38 4 644
39 4 1011
40 4 1180
41 4 969
42 4 892
43 4 742
44 4 1080
45 4 838
46 4 1097
47 4 973
48 4 1247
49 4 837
50 4 547
51 4 998
52 4 1130
53 4 846
54 4 785
55 4 810
56 4 739
57 4 934
58 4 1072
59 4 946
60 4 717
61 4 531
62 4 579
63 4 1096
64 4 774
65 4 991
66 4 738
67 4 453
68 4 917
69 4 481
70 4 554
71 4 1116
72 4 869
73 4 401
74 4 871
75 4 525
76 4 1183
77 4 492
78 4 737
79 4 671
80 4 645
81 4 937
82 4 713
83 4 853
84 4 628
85 4 1099
86 4 811
87 4 1237
88 4 431
89 4 694
90 4 992
91 4 633
92 4 885
93 4 577
94 4 960
95 4 751
96 4 1060
97 4 1068
98 4 819
99 4 678
100 4 642