1.4543533325195312e-05
1.049041748046875e-05
2.7894973754882812e-05
8.58306884765625e-06
8.58306884765625e-06
8.344650268554688e-06
8.106231689453125e-06
8.106231689453125e-06
8.106231689453125e-06
8.58306884765625e-06
8.344650268554688e-06
8.106231689453125e-06
8.106231689453125e-06
8.106231689453125e-06
8.106231689453125e-06
7.62939453125e-06
8.106231689453125e-06
8.106231689453125e-06
8.58306884765625e-06
8.344650268554688e-06
7.867813110351562e-06
8.106231689453125e-06
8.106231689453125e-06
8.344650268554688e-06
8.106231689453125e-06
8.106231689453125e-06
8.106231689453125e-06
8.344650268554688e-06
7.867813110351562e-06
8.106231689453125e-06
8.106231689453125e-06
8.106231689453125e-06
7.867813110351562e-06
8.344650268554688e-06
7.867813110351562e-06
8.106231689453125e-06
8.106231689453125e-06
8.106231689453125e-06
8.106231689453125e-06
8.344650268554688e-06
7.867813110351562e-06
7.867813110351562e-06
8.344650268554688e-06
8.58306884765625e-06
8.106231689453125e-06
7.867813110351562e-06
8.106231689453125e-06
8.106231689453125e-06
8.106231689453125e-06
8.106231689453125e-06
8.344650268554688e-06
8.106231689453125e-06
8.106231689453125e-06
8.106231689453125e-06
8.106231689453125e-06
8.106231689453125e-06
8.106231689453125e-06
7.867813110351562e-06
8.344650268554688e-06
8.344650268554688e-06
8.106231689453125e-06
7.867813110351562e-06
8.106231689453125e-06
8.344650268554688e-06
8.106231689453125e-06
8.106231689453125e-06
7.867813110351562e-06
8.344650268554688e-06
8.106231689453125e-06
7.867813110351562e-06
7.867813110351562e-06
2.1219253540039062e-05
7.62939453125e-06
7.62939453125e-06
7.867813110351562e-06
7.62939453125e-06
7.867813110351562e-06
7.867813110351562e-06
7.62939453125e-06
7.867813110351562e-06
7.867813110351562e-06
7.867813110351562e-06
8.106231689453125e-06
7.867813110351562e-06
8.106231689453125e-06
7.867813110351562e-06
7.62939453125e-06
8.106231689453125e-06
7.62939453125e-06
7.62939453125e-06
7.62939453125e-06
7.62939453125e-06
7.867813110351562e-06
7.62939453125e-06
7.62939453125e-06
8.106231689453125e-06
7.62939453125e-06
8.106231689453125e-06
7.62939453125e-06
7.62939453125e-06