6.437301635742188e-05
4.482269287109375e-05
2.6464462280273438e-05
2.6464462280273438e-05
2.5510787963867188e-05
3.981590270996094e-05
5.888938903808594e-05
4.57763671875e-05
2.7418136596679688e-05
5.650520324707031e-05
2.5987625122070312e-05
2.6226043701171875e-05
2.574920654296875e-05
2.5510787963867188e-05
2.47955322265625e-05
2.574920654296875e-05
2.5510787963867188e-05
2.47955322265625e-05
2.5510787963867188e-05
4.9591064453125e-05
3.910064697265625e-05
2.5510787963867188e-05
2.5510787963867188e-05
2.5272369384765625e-05
2.574920654296875e-05
2.574920654296875e-05
3.981590270996094e-05
2.5510787963867188e-05
2.6226043701171875e-05
2.5510787963867188e-05
2.5272369384765625e-05
2.5510787963867188e-05
2.5510787963867188e-05
2.5033950805664062e-05
2.5272369384765625e-05
2.5272369384765625e-05
2.574920654296875e-05
4.458427429199219e-05
4.0531158447265625e-05
2.6941299438476562e-05
2.6226043701171875e-05
3.9577484130859375e-05
2.5033950805664062e-05
2.5272369384765625e-05
2.5510787963867188e-05
2.5272369384765625e-05
2.5272369384765625e-05
2.5033950805664062e-05
2.5510787963867188e-05
2.47955322265625e-05
2.5272369384765625e-05
2.5272369384765625e-05
2.47955322265625e-05
2.5272369384765625e-05
2.5033950805664062e-05
2.6226043701171875e-05
2.5272369384765625e-05
2.5033950805664062e-05
2.5510787963867188e-05
2.574920654296875e-05
2.5272369384765625e-05
2.574920654296875e-05
2.574920654296875e-05
2.5272369384765625e-05
2.5272369384765625e-05
2.574920654296875e-05
2.5272369384765625e-05
2.47955322265625e-05
2.5033950805664062e-05
2.47955322265625e-05
2.5510787963867188e-05
2.5272369384765625e-05
2.5510787963867188e-05
2.5510787963867188e-05
2.5272369384765625e-05
2.574920654296875e-05
2.5033950805664062e-05
2.5272369384765625e-05
2.5033950805664062e-05
2.5272369384765625e-05
2.5272369384765625e-05
2.5272369384765625e-05
2.5272369384765625e-05
2.5510787963867188e-05
2.47955322265625e-05
2.5272369384765625e-05
2.5510787963867188e-05
2.574920654296875e-05
2.5033950805664062e-05
2.5272369384765625e-05
2.5272369384765625e-05
2.5033950805664062e-05
2.5272369384765625e-05
2.5510787963867188e-05
2.5033950805664062e-05
2.5033950805664062e-05
2.5272369384765625e-05
2.5033950805664062e-05
2.5033950805664062e-05
2.5033950805664062e-05