3.337860107421875e-05
2.7894973754882812e-05
2.7418136596679688e-05
2.7179718017578125e-05
2.6941299438476562e-05
2.6941299438476562e-05
2.6702880859375e-05
2.6702880859375e-05
2.6702880859375e-05
2.6464462280273438e-05
2.6702880859375e-05
2.6702880859375e-05
2.6702880859375e-05
2.6702880859375e-05
2.6464462280273438e-05
2.6226043701171875e-05
4.553794860839844e-05
4.124641418457031e-05
6.079673767089844e-05
4.124641418457031e-05
2.7894973754882812e-05
2.8133392333984375e-05
2.765655517578125e-05
6.29425048828125e-05
2.8371810913085938e-05
2.8133392333984375e-05
2.8133392333984375e-05
2.8133392333984375e-05
2.765655517578125e-05
2.7894973754882812e-05
4.482269287109375e-05
2.8848648071289062e-05
2.7894973754882812e-05
2.8848648071289062e-05
2.7894973754882812e-05
2.7418136596679688e-05
4.696846008300781e-05
2.9802322387695312e-05
3.0279159545898438e-05
3.0040740966796875e-05
3.0040740966796875e-05
2.9087066650390625e-05
2.8371810913085938e-05
2.8848648071289062e-05
2.9325485229492188e-05
2.956390380859375e-05
2.9325485229492188e-05
2.8848648071289062e-05
2.86102294921875e-05
2.8371810913085938e-05
2.8371810913085938e-05
2.9087066650390625e-05
2.8371810913085938e-05
3.123283386230469e-05
2.8848648071289062e-05
2.86102294921875e-05
3.0279159545898438e-05
2.86102294921875e-05
2.86102294921875e-05
2.9325485229492188e-05
2.8848648071289062e-05
2.8848648071289062e-05
2.9325485229492188e-05
2.9325485229492188e-05
2.9087066650390625e-05
2.8371810913085938e-05
2.8371810913085938e-05
3.147125244140625e-05
4.673004150390625e-05
2.956390380859375e-05
2.86102294921875e-05
2.86102294921875e-05
2.956390380859375e-05
2.956390380859375e-05
2.86102294921875e-05
2.9087066650390625e-05
2.8371810913085938e-05
2.8848648071289062e-05
2.86102294921875e-05
2.956390380859375e-05
2.9802322387695312e-05
2.8848648071289062e-05
3.0517578125e-05
3.647804260253906e-05
2.86102294921875e-05
2.86102294921875e-05
2.8371810913085938e-05
2.8848648071289062e-05
2.9087066650390625e-05
3.147125244140625e-05
3.0279159545898438e-05
3.0279159545898438e-05
3.0279159545898438e-05
2.956390380859375e-05
2.9325485229492188e-05
2.956390380859375e-05
2.8848648071289062e-05
2.9802322387695312e-05
2.8848648071289062e-05
2.9087066650390625e-05