3.528594970703125e-05
7.104873657226562e-05
2.7894973754882812e-05
2.09808349609375e-05
7.724761962890625e-05
5.340576171875e-05
7.605552673339844e-05
4.792213439941406e-05
5.412101745605469e-05
4.5299530029296875e-05
4.935264587402344e-05
3.981590270996094e-05
8.559226989746094e-05
3.886222839355469e-05
2.09808349609375e-05
2.574920654296875e-05
3.7670135498046875e-05
2.193450927734375e-05
8.678436279296875e-05
8.726119995117188e-05
2.3365020751953125e-05
5.078315734863281e-05
3.0279159545898438e-05
1.9788742065429688e-05
5.435943603515625e-05
5.125999450683594e-05
6.29425048828125e-05
3.886222839355469e-05
4.124641418457031e-05
5.316734313964844e-05
1.8358230590820312e-05
4.7206878662109375e-05
4.744529724121094e-05
3.647804260253906e-05
4.887580871582031e-05
2.0265579223632812e-05
6.747245788574219e-05
3.337860107421875e-05
2.956390380859375e-05
4.267692565917969e-05
6.866455078125e-05
3.886222839355469e-05
0.00010085105895996094
3.0994415283203125e-05
4.506111145019531e-05
3.981590270996094e-05
5.626678466796875e-05
7.605552673339844e-05
1.52587890625e-05
3.600120544433594e-05
6.29425048828125e-05
2.765655517578125e-05
7.224082946777344e-05
5.316734313964844e-05
4.673004150390625e-05
0.00010323524475097656
3.838539123535156e-05
5.1021575927734375e-05
6.365776062011719e-05
5.412101745605469e-05
3.24249267578125e-05
8.20159912109375e-05
1.9073486328125e-05
7.510185241699219e-05
7.963180541992188e-05
3.552436828613281e-05
6.413459777832031e-05
6.628036499023438e-05
5.3882598876953125e-05
7.295608520507812e-05
3.528594970703125e-05
1.9788742065429688e-05
7.867813110351562e-05
4.0531158447265625e-05
2.8371810913085938e-05
9.465217590332031e-05
8.392333984375e-05
4.458427429199219e-05
2.384185791015625e-05
5.269050598144531e-05
0.00013446807861328125
6.222724914550781e-05
5.2928924560546875e-05
3.1948089599609375e-05
0.00012350082397460938
3.0517578125e-05
3.337860107421875e-05
3.0279159545898438e-05
5.698204040527344e-05
8.654594421386719e-05
4.482269287109375e-05
3.695487976074219e-05
4.1484832763671875e-05
2.86102294921875e-05
7.724761962890625e-05
4.5299530029296875e-05
5.125999450683594e-05
3.266334533691406e-05
2.47955322265625e-05
4.00543212890625e-05