0.00015926361083984375
0.000347137451171875
0.0004918575286865234
0.00029921531677246094
0.0021064281463623047
0.0005762577056884766
0.00048732757568359375
0.001743316650390625
0.002374410629272461
0.0005598068237304688
0.00015497207641601562
0.002053976058959961
0.0016410350799560547
0.0004961490631103516
9.322166442871094e-05
0.0008363723754882812
0.0005161762237548828
0.0006039142608642578
0.0003972053527832031
0.0007081031799316406
0.0007448196411132812
0.0008704662322998047
0.0006020069122314453
0.0012080669403076172
0.0004980564117431641
0.0002415180206298828
0.0003795623779296875
0.0007066726684570312
0.0003218650817871094
0.0015625953674316406
0.001965045928955078
0.0005435943603515625
0.0005795955657958984
0.0010890960693359375
0.001119375228881836
0.0011179447174072266
0.0001804828643798828
0.0006444454193115234
0.001581430435180664
0.0011510848999023438
0.0005550384521484375
9.1552734375e-05
0.0007231235504150391
0.001409292221069336
0.0008554458618164062
0.00048232078552246094
0.0007987022399902344
0.0007832050323486328
0.0010676383972167969
0.0036780834197998047
0.0013620853424072266
0.0002129077911376953
0.001224517822265625
0.0006048679351806641
0.0010292530059814453
0.0014314651489257812
0.0003223419189453125
0.0016334056854248047
0.0014476776123046875
0.0009136199951171875
0.0004112720489501953
0.0003216266632080078
0.00029206275939941406
0.00041103363037109375
0.00028634071350097656
0.0004875659942626953
0.0007302761077880859
0.0008165836334228516
0.0012722015380859375
0.00033926963806152344
0.001024007797241211
0.00031828880310058594
0.00016427040100097656
0.0008189678192138672
0.0008344650268554688
0.0014653205871582031
0.0028831958770751953
0.0018460750579833984
0.0016314983367919922
0.00031185150146484375
0.0004878044128417969
0.0013806819915771484
0.0009593963623046875
0.0005633831024169922
0.0004470348358154297
0.00024628639221191406
0.0006310939788818359
0.0013301372528076172
0.0006525516510009766
0.00041556358337402344
0.000993967056274414
0.0008988380432128906
0.00041103363037109375
0.0008869171142578125
0.0002498626708984375
0.00049591064453125
0.0005424022674560547
0.0003287792205810547
0.0009951591491699219
0.0010554790496826172