2.6941299438476562e-05
2.3365020751953125e-05
2.288818359375e-05
8.177757263183594e-05
2.2411346435546875e-05
2.2649765014648438e-05
2.2411346435546875e-05
2.193450927734375e-05
2.2411346435546875e-05
2.1696090698242188e-05
3.6716461181640625e-05
2.3603439331054688e-05
2.193450927734375e-05
2.193450927734375e-05
2.2172927856445312e-05
2.193450927734375e-05
2.1696090698242188e-05
2.1696090698242188e-05
2.2411346435546875e-05
2.2411346435546875e-05
2.1696090698242188e-05
2.1696090698242188e-05
2.2411346435546875e-05
2.193450927734375e-05
2.2172927856445312e-05
2.2172927856445312e-05
2.1457672119140625e-05
8.678436279296875e-05
4.6253204345703125e-05
4.506111145019531e-05
2.574920654296875e-05
2.4080276489257812e-05
2.3365020751953125e-05
3.5762786865234375e-05
2.193450927734375e-05
2.2411346435546875e-05
2.2172927856445312e-05
2.2172927856445312e-05
2.193450927734375e-05
2.193450927734375e-05
2.193450927734375e-05
2.193450927734375e-05
2.1457672119140625e-05
2.193450927734375e-05
2.193450927734375e-05
2.2172927856445312e-05
2.2172927856445312e-05
2.193450927734375e-05
2.193450927734375e-05
2.2172927856445312e-05
2.2411346435546875e-05
2.1696090698242188e-05
2.193450927734375e-05
2.1457672119140625e-05
5.53131103515625e-05
2.3603439331054688e-05
2.2172927856445312e-05
2.1696090698242188e-05
2.1696090698242188e-05
2.2172927856445312e-05
2.2172927856445312e-05
2.2172927856445312e-05
2.1696090698242188e-05
2.1696090698242188e-05
2.1696090698242188e-05
2.1696090698242188e-05
2.193450927734375e-05
2.2172927856445312e-05
2.193450927734375e-05
2.1696090698242188e-05
2.193450927734375e-05
2.1696090698242188e-05
2.2411346435546875e-05
2.1696090698242188e-05
2.1696090698242188e-05
2.193450927734375e-05
2.1696090698242188e-05
2.193450927734375e-05
2.1696090698242188e-05
2.1696090698242188e-05
2.3126602172851562e-05
3.600120544433594e-05
2.193450927734375e-05
2.1696090698242188e-05
2.193450927734375e-05
2.193450927734375e-05
2.7179718017578125e-05
3.8623809814453125e-05
2.2172927856445312e-05
2.193450927734375e-05
2.2172927856445312e-05
2.1696090698242188e-05
2.2411346435546875e-05
2.2172927856445312e-05
2.1696090698242188e-05
2.193450927734375e-05
2.1457672119140625e-05
2.1696090698242188e-05
2.2172927856445312e-05
2.2172927856445312e-05