1 32 7324
2 32 9075
3 32 8531
4 32 6676
5 32 8029
6 32 8395
7 32 6850
8 32 8612
9 32 8957
10 32 7554
11 32 7394
12 32 6700
13 32 7637
14 32 7557
15 32 5820
16 32 8202
17 32 7513
18 32 8717
19 32 8102
20 32 6903
21 32 8094
22 32 6734
23 32 7319
24 32 8489
25 32 8230
26 32 7474
27 32 8604
28 32 8672
29 32 8122
30 32 7320
31 32 7496
32 32 7497
33 32 7455
34 32 6637
35 32 7925
36 32 7613
37 32 7797
38 32 7464
39 32 8214
40 32 7961
41 32 8294
42 32 8016
43 32 7256
44 32 7582
45 32 8562
46 32 7535
47 32 8052
48 32 6992
49 32 8474
50 32 8388
51 32 6289
52 32 8265
53 32 6556
54 32 8222
55 32 6996
56 32 6793
57 32 6560
58 32 7896
59 32 7887
60 32 7794
61 32 7894
62 32 7379
63 32 8538
64 32 7578
65 32 8087
66 32 6931
67 32 6257
68 32 7332
69 32 6967
70 32 7436
71 32 7608
72 32 7698
73 32 7086
74 32 8062
75 32 7927
76 32 7471
77 32 6866
78 32 7515
79 32 8633
80 32 7617
81 32 8594
82 32 7115
83 32 7618
84 32 6793
85 32 7247
86 32 7722
87 32 8041
88 32 8663
89 32 7854
90 32 6966
91 32 7207
92 32 7139
93 32 8043
94 32 7224
95 32 7780
96 32 6942
97 32 8282
98 32 7624
99 32 7402
100 32 7710