3.314018249511719e-05
2.8133392333984375e-05
2.7179718017578125e-05
2.6702880859375e-05
2.7179718017578125e-05
2.6941299438476562e-05
2.6702880859375e-05
2.5987625122070312e-05
2.6464462280273438e-05
2.6226043701171875e-05
2.6941299438476562e-05
2.6226043701171875e-05
2.6464462280273438e-05
2.6226043701171875e-05
2.6226043701171875e-05
2.5987625122070312e-05
2.5987625122070312e-05
2.6464462280273438e-05
2.6226043701171875e-05
2.6941299438476562e-05
2.6226043701171875e-05
2.574920654296875e-05
2.6464462280273438e-05
2.574920654296875e-05
2.6226043701171875e-05
2.574920654296875e-05
2.5987625122070312e-05
2.6226043701171875e-05
2.6226043701171875e-05
2.574920654296875e-05
2.6941299438476562e-05
2.574920654296875e-05
2.574920654296875e-05
2.6226043701171875e-05
2.6226043701171875e-05
2.6464462280273438e-05
2.6226043701171875e-05
2.6226043701171875e-05
2.6464462280273438e-05
2.6702880859375e-05
2.5987625122070312e-05
2.6702880859375e-05
2.6464462280273438e-05
2.6226043701171875e-05
2.574920654296875e-05
2.5987625122070312e-05
2.6702880859375e-05
2.6226043701171875e-05
2.5987625122070312e-05
2.6941299438476562e-05
2.6702880859375e-05
2.574920654296875e-05
2.6226043701171875e-05
2.574920654296875e-05
2.5987625122070312e-05
2.574920654296875e-05
2.5987625122070312e-05
2.6464462280273438e-05
2.5987625122070312e-05
2.6226043701171875e-05
2.6226043701171875e-05
2.574920654296875e-05
2.5987625122070312e-05
2.5987625122070312e-05
2.6702880859375e-05
2.6226043701171875e-05
2.5987625122070312e-05
2.6464462280273438e-05
2.574920654296875e-05
2.574920654296875e-05
2.574920654296875e-05
2.6226043701171875e-05
2.5987625122070312e-05
2.6226043701171875e-05
2.6464462280273438e-05
2.5987625122070312e-05
2.574920654296875e-05
2.6226043701171875e-05
2.5987625122070312e-05
2.6226043701171875e-05
2.5987625122070312e-05
2.6464462280273438e-05
5.745887756347656e-05
2.5987625122070312e-05
2.6464462280273438e-05
2.6464462280273438e-05
2.6464462280273438e-05
2.6464462280273438e-05
2.6941299438476562e-05
2.5987625122070312e-05
2.6464462280273438e-05
2.6226043701171875e-05
2.6702880859375e-05
2.6464462280273438e-05
2.6941299438476562e-05
2.6226043701171875e-05
2.5987625122070312e-05
2.5987625122070312e-05
2.6702880859375e-05
2.6702880859375e-05