3.457069396972656e-05
3.0040740966796875e-05
2.9802322387695312e-05
2.9802322387695312e-05
2.9087066650390625e-05
2.956390380859375e-05
2.9087066650390625e-05
2.86102294921875e-05
2.9087066650390625e-05
2.86102294921875e-05
2.86102294921875e-05
2.8848648071289062e-05
2.9325485229492188e-05
2.86102294921875e-05
2.8848648071289062e-05
2.8371810913085938e-05
2.8371810913085938e-05
2.86102294921875e-05
2.8371810913085938e-05
2.8848648071289062e-05
2.8371810913085938e-05
2.86102294921875e-05
2.86102294921875e-05
2.8371810913085938e-05
2.7894973754882812e-05
2.8133392333984375e-05
2.86102294921875e-05
2.8371810913085938e-05
2.8848648071289062e-05
2.8371810913085938e-05
2.8133392333984375e-05
4.863739013671875e-05
4.649162292480469e-05
3.0279159545898438e-05
3.0517578125e-05
3.0279159545898438e-05
3.0040740966796875e-05
2.86102294921875e-05
2.8371810913085938e-05
2.8133392333984375e-05
2.8371810913085938e-05
2.86102294921875e-05
2.8133392333984375e-05
2.86102294921875e-05
2.8371810913085938e-05
2.8848648071289062e-05
2.86102294921875e-05
2.8133392333984375e-05
5.412101745605469e-05
4.1484832763671875e-05
2.8371810913085938e-05
2.9087066650390625e-05
2.8371810913085938e-05
2.8848648071289062e-05
2.8371810913085938e-05
2.86102294921875e-05
2.8371810913085938e-05
2.8133392333984375e-05
4.6253204345703125e-05
4.458427429199219e-05
3.0517578125e-05
2.9087066650390625e-05
2.8371810913085938e-05
2.86102294921875e-05
2.8371810913085938e-05
2.86102294921875e-05
2.8133392333984375e-05
4.6253204345703125e-05
6.222724914550781e-05
6.270408630371094e-05
6.628036499023438e-05
4.506111145019531e-05
4.673004150390625e-05
4.1484832763671875e-05
2.8371810913085938e-05
2.8133392333984375e-05
2.8371810913085938e-05
2.8371810913085938e-05
2.8371810913085938e-05
2.8371810913085938e-05
2.8371810913085938e-05
2.8133392333984375e-05
2.8848648071289062e-05
2.8848648071289062e-05
2.8848648071289062e-05
2.86102294921875e-05
2.86102294921875e-05
2.86102294921875e-05
2.8133392333984375e-05
2.86102294921875e-05
2.8848648071289062e-05
2.86102294921875e-05
2.8371810913085938e-05
2.8371810913085938e-05
2.8133392333984375e-05
2.86102294921875e-05
2.8133392333984375e-05
2.86102294921875e-05
2.8371810913085938e-05
2.8371810913085938e-05