0.0032516258129064533
0.0
0.0
0.0
0.0
0.0019680961259581522
0.0
0.0
0.0
0.0
0.0010303208713570797
0.0
0.0
0.0
0.00047522870381371034
0.0
0.0009224028594488643
0.0
0.0012629161882893227
0.0
0.00327455919395466
0.0019435086810054417
0.0037130064431582397
0.0
0.0
0.0015224265136432838
0.0
0.0
0.0
0.0
0.0015233184907429108
0.003862032227993075
0.00532288842020689
0.004942339373970346
0.0
0.0
0.0
0.0
0.0
0.0
0.0
0.0
0.001030795000644247
0.0
0.0
0.0
0.0015432098765432098
0.0
0.0
0.0
0.0
0.002094484524086572
0.0014932802389248383
0.0
0.0
0.0027921262041044254
0.0
0.001922583952832607
0.0
0.0024720270621909966
0.0
0.0
0.00043131334914815614
0.0
0.0
0.0
0.004608294930875576
0.0
0.0
0.0
0.004513600190046324
0.0
0.0
0.004767996278637051
0.0
0.0
0.006215469613259668
0.0
0.0
0.0
0.0
0.0
0.0035215400868646553
0.0
0.007170231178143157
0.0
0.0
0.0
0.0
0.0
0.0
0.0
0.0
0.0
0.003500875218804701
0.0
0.0
0.001507468822803892
0.0
0.0