1.3828277587890625e-05
1.0013580322265625e-05
8.821487426757812e-06
8.106231689453125e-06
8.344650268554688e-06
8.344650268554688e-06
8.58306884765625e-06
8.344650268554688e-06
8.344650268554688e-06
8.106231689453125e-06
8.106231689453125e-06
7.867813110351562e-06
8.106231689453125e-06
7.867813110351562e-06
2.6464462280273438e-05
2.47955322265625e-05
8.344650268554688e-06
8.344650268554688e-06
2.6702880859375e-05
8.344650268554688e-06
2.384185791015625e-05
2.6702880859375e-05
8.344650268554688e-06
9.059906005859375e-06
3.552436828613281e-05
2.4318695068359375e-05
8.344650268554688e-06
8.344650268554688e-06
8.344650268554688e-06
8.58306884765625e-06
2.6464462280273438e-05
8.344650268554688e-06
8.106231689453125e-06
8.344650268554688e-06
8.344650268554688e-06
8.106231689453125e-06
8.58306884765625e-06
2.9325485229492188e-05
8.344650268554688e-06
8.58306884765625e-06
8.344650268554688e-06
8.821487426757812e-06
9.059906005859375e-06
8.821487426757812e-06
8.344650268554688e-06
9.059906005859375e-06
9.059906005859375e-06
1.0013580322265625e-05
2.47955322265625e-05
8.58306884765625e-06
8.821487426757812e-06
2.2411346435546875e-05
9.059906005859375e-06
8.106231689453125e-06
8.344650268554688e-06
9.298324584960938e-06
1.1682510375976562e-05
8.106231689453125e-06
8.106231689453125e-06
8.344650268554688e-06
9.059906005859375e-06
8.106231689453125e-06
8.106231689453125e-06
8.344650268554688e-06
8.106231689453125e-06
8.106231689453125e-06
8.106231689453125e-06
8.344650268554688e-06
8.344650268554688e-06
8.344650268554688e-06
8.106231689453125e-06
8.344650268554688e-06
8.106231689453125e-06
8.344650268554688e-06
8.58306884765625e-06
8.344650268554688e-06
8.344650268554688e-06
8.58306884765625e-06
8.106231689453125e-06
7.867813110351562e-06
8.106231689453125e-06
8.106231689453125e-06
8.58306884765625e-06
8.344650268554688e-06
7.867813110351562e-06
8.344650268554688e-06
7.867813110351562e-06
8.106231689453125e-06
7.867813110351562e-06
8.106231689453125e-06
8.106231689453125e-06
8.106231689453125e-06
3.5762786865234375e-05
9.298324584960938e-06
8.58306884765625e-06
1.3828277587890625e-05
9.059906005859375e-06
9.298324584960938e-06
8.821487426757812e-06
8.58306884765625e-06