0.0
0.0
0.0
0.0
0.0
0.00017908309455587392
0.0
0.0
0.0
0.0
0.0
0.0
0.0
0.001221001221001221
0.0
0.0
0.0017167381974248926
0.0
0.005958714620131943
0.0
0.026502784712886498
0.0
0.0
0.0
0.007882882882882882
0.0
0.00811144418973726
0.0
0.0
0.0
0.0
0.011352515169309062
0.0
0.013761467889908258
0.0
0.0
0.0006136224176723256
0.0023820867079561697
0.0
0.0
0.0004591368227731864
0.01267573173542291
0.00322820958529923
0.0
0.004697592483852026
0.0
0.0
0.00303275374039628
0.00272137324680762
0.002315886984715146
0.0
0.005824111822947
0.0
0.0
0.0
0.0
0.0
0.0
0.0
0.008149959250203748
0.003013444598980065
0.011008807045636509
0.0008516074089844582
0.009852216748768473
0.0
0.0
0.0
0.0018942655415877389
0.011122994652406418
0.0
0.0029239766081871343
0.0
0.0
0.0
0.0
0.0
0.0
0.01233262861169838
0.009313154831199068
0.0014120969639915275
0.003803131991051454
0.0
0.0
0.0
0.0
0.016248457424928014
0.0
0.0
0.0
0.0
0.016610675625233298
0.020794304983139753
0.0
0.0
0.0
0.021145022940355078
0.0
0.0
0.0
0.0