1.5735626220703125e-05
1.0967254638671875e-05
1.0251998901367188e-05
2.3126602172851562e-05
1.0013580322265625e-05
9.298324584960938e-06
9.5367431640625e-06
9.298324584960938e-06
9.298324584960938e-06
8.821487426757812e-06
9.298324584960938e-06
9.298324584960938e-06
9.059906005859375e-06
9.298324584960938e-06
9.059906005859375e-06
9.298324584960938e-06
9.298324584960938e-06
9.5367431640625e-06
9.5367431640625e-06
8.821487426757812e-06
8.821487426757812e-06
9.298324584960938e-06
8.821487426757812e-06
8.821487426757812e-06
8.821487426757812e-06
9.059906005859375e-06
8.821487426757812e-06
9.059906005859375e-06
8.58306884765625e-06
9.059906005859375e-06
9.298324584960938e-06
1.0967254638671875e-05
9.775161743164062e-06
9.298324584960938e-06
9.298324584960938e-06
8.58306884765625e-06
8.821487426757812e-06
9.059906005859375e-06
9.059906005859375e-06
8.58306884765625e-06
8.821487426757812e-06
8.821487426757812e-06
8.58306884765625e-06
9.298324584960938e-06
8.821487426757812e-06
9.059906005859375e-06
8.58306884765625e-06
8.821487426757812e-06
8.58306884765625e-06
8.821487426757812e-06
9.5367431640625e-06
9.059906005859375e-06
9.059906005859375e-06
8.821487426757812e-06
9.059906005859375e-06
8.821487426757812e-06
8.821487426757812e-06
9.059906005859375e-06
9.059906005859375e-06
9.059906005859375e-06
9.298324584960938e-06
8.821487426757812e-06
1.5974044799804688e-05
2.86102294921875e-05
2.7179718017578125e-05
1.0251998901367188e-05
1.0013580322265625e-05
9.775161743164062e-06
9.5367431640625e-06
9.059906005859375e-06
9.298324584960938e-06
9.059906005859375e-06
9.298324584960938e-06
9.059906005859375e-06
9.5367431640625e-06
9.5367431640625e-06
9.298324584960938e-06
9.298324584960938e-06
9.298324584960938e-06
9.5367431640625e-06
9.5367431640625e-06
9.298324584960938e-06
9.059906005859375e-06
9.775161743164062e-06
9.298324584960938e-06
9.5367431640625e-06
9.059906005859375e-06
9.298324584960938e-06
9.775161743164062e-06
8.821487426757812e-06
9.059906005859375e-06
8.58306884765625e-06
8.58306884765625e-06
9.5367431640625e-06
9.298324584960938e-06
9.5367431640625e-06
9.059906005859375e-06
8.821487426757812e-06
8.821487426757812e-06
9.298324584960938e-06