3.314018249511719e-05
4.410743713378906e-05
2.7179718017578125e-05
2.6464462280273438e-05
1.33514404296875e-05
2.86102294921875e-05
2.6702880859375e-05
1.52587890625e-05
1.2874603271484375e-05
1.2636184692382812e-05
1.3589859008789062e-05
1.33514404296875e-05
1.2636184692382812e-05
1.239776611328125e-05
1.2874603271484375e-05
1.2874603271484375e-05
1.2636184692382812e-05
1.2636184692382812e-05
1.2874603271484375e-05
1.2636184692382812e-05
1.2636184692382812e-05
1.239776611328125e-05
1.2636184692382812e-05
1.4066696166992188e-05
1.2874603271484375e-05
1.2636184692382812e-05
1.2636184692382812e-05
1.3113021850585938e-05
1.33514404296875e-05
1.2636184692382812e-05
1.2636184692382812e-05
1.2636184692382812e-05
1.2636184692382812e-05
1.2159347534179688e-05
1.239776611328125e-05
1.33514404296875e-05
1.2874603271484375e-05
1.2636184692382812e-05
1.239776611328125e-05
1.239776611328125e-05
3.5762786865234375e-05
3.170967102050781e-05
1.33514404296875e-05
1.2636184692382812e-05
1.239776611328125e-05
1.2636184692382812e-05
1.2159347534179688e-05
1.2636184692382812e-05
1.2636184692382812e-05
1.2636184692382812e-05
1.2636184692382812e-05
1.3589859008789062e-05
1.239776611328125e-05
1.2874603271484375e-05
1.239776611328125e-05
1.2874603271484375e-05
1.239776611328125e-05
1.2636184692382812e-05
1.3113021850585938e-05
1.239776611328125e-05
1.239776611328125e-05
1.2636184692382812e-05
1.2636184692382812e-05
1.2159347534179688e-05
1.239776611328125e-05
1.2636184692382812e-05
1.2874603271484375e-05
1.2874603271484375e-05
2.5510787963867188e-05
1.2874603271484375e-05
1.239776611328125e-05
1.2874603271484375e-05
1.2159347534179688e-05
1.2636184692382812e-05
1.239776611328125e-05
1.2159347534179688e-05
1.2636184692382812e-05
1.239776611328125e-05
1.239776611328125e-05
1.2636184692382812e-05
1.4781951904296875e-05
1.33514404296875e-05
2.574920654296875e-05
1.2874603271484375e-05
1.239776611328125e-05
1.239776611328125e-05
1.2636184692382812e-05
1.2159347534179688e-05
1.2874603271484375e-05
1.2636184692382812e-05
1.239776611328125e-05
1.2636184692382812e-05
1.239776611328125e-05
1.2874603271484375e-05
1.2874603271484375e-05
1.239776611328125e-05
1.239776611328125e-05
1.239776611328125e-05
1.2159347534179688e-05
1.7404556274414062e-05