2.6702880859375e-05
2.2172927856445312e-05
3.4809112548828125e-05
2.09808349609375e-05
2.1457672119140625e-05
3.504753112792969e-05
2.0742416381835938e-05
2.002716064453125e-05
2.0265579223632812e-05
2.0265579223632812e-05
1.9788742065429688e-05
2.0265579223632812e-05
2.0265579223632812e-05
2.0265579223632812e-05
2.0265579223632812e-05
2.002716064453125e-05
1.9550323486328125e-05
2.09808349609375e-05
3.361701965332031e-05
2.002716064453125e-05
2.2172927856445312e-05
4.839897155761719e-05
3.337860107421875e-05
3.3855438232421875e-05
2.0503997802734375e-05
2.09808349609375e-05
2.0742416381835938e-05
2.0742416381835938e-05
2.09808349609375e-05
2.0742416381835938e-05
2.0503997802734375e-05
2.0503997802734375e-05
2.002716064453125e-05
2.002716064453125e-05
1.9788742065429688e-05
1.9550323486328125e-05
1.9788742065429688e-05
2.002716064453125e-05
3.361701965332031e-05
2.002716064453125e-05
2.002716064453125e-05
2.002716064453125e-05
2.1696090698242188e-05
2.0265579223632812e-05
2.09808349609375e-05
2.0742416381835938e-05
3.337860107421875e-05
1.9550323486328125e-05
3.314018249511719e-05
2.002716064453125e-05
3.337860107421875e-05
1.9550323486328125e-05
1.9550323486328125e-05
1.9788742065429688e-05
1.9311904907226562e-05
1.9311904907226562e-05
1.9311904907226562e-05
1.9550323486328125e-05
1.9788742065429688e-05
2.002716064453125e-05
1.9788742065429688e-05
1.9788742065429688e-05
2.002716064453125e-05
1.9788742065429688e-05
3.409385681152344e-05
2.2411346435546875e-05
2.0265579223632812e-05
2.09808349609375e-05
2.0265579223632812e-05
1.9788742065429688e-05
1.9311904907226562e-05
2.002716064453125e-05
4.267692565917969e-05
2.0742416381835938e-05
2.002716064453125e-05
2.002716064453125e-05
2.002716064453125e-05
1.9788742065429688e-05
1.9788742065429688e-05
1.9788742065429688e-05
3.647804260253906e-05
1.9788742065429688e-05
1.9788742065429688e-05
1.9788742065429688e-05
1.9788742065429688e-05
2.002716064453125e-05
2.1219253540039062e-05
2.002716064453125e-05
2.0265579223632812e-05
1.9550323486328125e-05
2.09808349609375e-05
2.0265579223632812e-05
3.3855438232421875e-05
3.3855438232421875e-05
2.1457672119140625e-05
3.337860107421875e-05
3.361701965332031e-05
1.9550323486328125e-05
1.9788742065429688e-05
2.002716064453125e-05