2.8848648071289062e-05
2.5272369384765625e-05
2.5272369384765625e-05
2.47955322265625e-05
2.4318695068359375e-05
2.4557113647460938e-05
2.47955322265625e-05
2.4318695068359375e-05
2.4318695068359375e-05
2.4080276489257812e-05
2.4080276489257812e-05
2.4080276489257812e-05
2.4318695068359375e-05
2.4318695068359375e-05
2.4318695068359375e-05
2.4080276489257812e-05
2.4318695068359375e-05
2.4080276489257812e-05
2.4080276489257812e-05
2.4318695068359375e-05
2.4557113647460938e-05
2.4080276489257812e-05
2.4318695068359375e-05
2.4080276489257812e-05
2.3603439331054688e-05
2.384185791015625e-05
2.384185791015625e-05
2.4080276489257812e-05
2.4080276489257812e-05
2.4080276489257812e-05
2.384185791015625e-05
2.4318695068359375e-05
2.384185791015625e-05
2.4080276489257812e-05
2.4318695068359375e-05
2.4080276489257812e-05
2.3603439331054688e-05
2.384185791015625e-05
2.3603439331054688e-05
2.3603439331054688e-05
2.4080276489257812e-05
2.4318695068359375e-05
5.6743621826171875e-05
2.574920654296875e-05
2.5272369384765625e-05
3.719329833984375e-05
2.4080276489257812e-05
2.4080276489257812e-05
2.574920654296875e-05
2.5987625122070312e-05
2.5987625122070312e-05
2.5510787963867188e-05
2.574920654296875e-05
4.410743713378906e-05
2.6941299438476562e-05
3.981590270996094e-05
2.6464462280273438e-05
2.6702880859375e-05
2.6941299438476562e-05
2.6702880859375e-05
2.6941299438476562e-05
2.7179718017578125e-05
2.6702880859375e-05
2.6941299438476562e-05
2.7179718017578125e-05
2.6702880859375e-05
2.6464462280273438e-05
4.839897155761719e-05
2.8133392333984375e-05
6.794929504394531e-05
2.6226043701171875e-05
2.5987625122070312e-05
2.9325485229492188e-05
4.7206878662109375e-05
2.7894973754882812e-05
2.6941299438476562e-05
2.7179718017578125e-05
4.3392181396484375e-05
8.153915405273438e-05
2.6702880859375e-05
2.6941299438476562e-05
2.7179718017578125e-05
2.7179718017578125e-05
2.5987625122070312e-05
2.6702880859375e-05
2.6941299438476562e-05
4.887580871582031e-05
2.7179718017578125e-05
2.6702880859375e-05
2.6941299438476562e-05
5.054473876953125e-05
2.6702880859375e-05
2.6702880859375e-05
2.6464462280273438e-05
2.6464462280273438e-05
5.14984130859375e-05
4.506111145019531e-05
2.86102294921875e-05
2.765655517578125e-05
2.7179718017578125e-05