0.0422215461730957
0.0511934757232666
0.05117630958557129
0.05049633979797363
0.05135226249694824
0.05095410346984863
0.052893638610839844
0.051058292388916016
0.04060649871826172
0.04250645637512207
0.040273427963256836
0.03545236587524414
0.049757957458496094
0.05980491638183594
0.049131155014038086
0.042043209075927734
0.05132150650024414
0.044049978256225586
0.058202266693115234
0.04159283638000488
0.06815600395202637
0.04530048370361328
0.05122017860412598
0.04164886474609375
0.048975467681884766
0.05832386016845703
0.05817294120788574
0.053652286529541016
0.06106424331665039
0.05336737632751465
0.04767131805419922
0.052866458892822266
0.04364657402038574
0.05272674560546875
0.048731088638305664
0.0386509895324707
0.048897743225097656
0.04240107536315918
0.05229449272155762
0.056075334548950195
0.05734562873840332
0.06511521339416504
0.04193282127380371
0.047304630279541016
0.04396462440490723
0.04536700248718262
0.05962800979614258
0.0549166202545166
0.03944683074951172
0.052716732025146484
0.05754733085632324
0.04909968376159668
0.05180978775024414
0.04979300498962402
0.05343294143676758
0.048407793045043945
0.05199790000915527
0.051859140396118164
0.04522275924682617
0.04448890686035156
0.04995083808898926
0.03702378273010254
0.06440377235412598
0.05219435691833496
0.047234296798706055
0.049275875091552734
0.05622744560241699
0.0522611141204834
0.05036520957946777
0.05008983612060547
0.038326263427734375
0.05024123191833496
0.05226016044616699
0.0536344051361084
0.05803871154785156
0.043874263763427734
0.04486966133117676
0.054094552993774414
0.0495755672454834
0.04236578941345215
0.04593682289123535
0.04872870445251465
0.04969906806945801
0.04705810546875
0.04393410682678223
0.045916080474853516
0.04776167869567871
0.05400490760803223
0.054986000061035156
0.04030466079711914
0.046022891998291016
0.050461530685424805
0.055497169494628906
0.04486536979675293
0.057895660400390625
0.051224470138549805
0.049207210540771484
0.038973331451416016
0.044603586196899414
0.040030717849731445