2.1696090698242188e-05
1.7642974853515625e-05
1.6927719116210938e-05
1.6689300537109375e-05
2.8133392333984375e-05
1.52587890625e-05
1.5020370483398438e-05
1.5020370483398438e-05
1.5020370483398438e-05
1.5497207641601562e-05
1.5020370483398438e-05
1.5497207641601562e-05
1.52587890625e-05
1.5020370483398438e-05
1.52587890625e-05
1.5497207641601562e-05
1.5020370483398438e-05
1.5497207641601562e-05
1.5020370483398438e-05
1.5020370483398438e-05
1.5497207641601562e-05
1.4781951904296875e-05
1.5020370483398438e-05
1.5735626220703125e-05
1.5497207641601562e-05
1.5020370483398438e-05
1.5497207641601562e-05
1.52587890625e-05
1.52587890625e-05
1.5020370483398438e-05
1.5020370483398438e-05
1.5020370483398438e-05
1.5020370483398438e-05
1.52587890625e-05
1.52587890625e-05
1.4781951904296875e-05
1.52587890625e-05
1.5020370483398438e-05
1.4781951904296875e-05
1.5020370483398438e-05
1.5020370483398438e-05
1.5020370483398438e-05
1.4781951904296875e-05
1.5020370483398438e-05
1.5497207641601562e-05
1.4543533325195312e-05
1.4781951904296875e-05
1.52587890625e-05
1.5020370483398438e-05
1.5020370483398438e-05
1.52587890625e-05
1.5020370483398438e-05
1.5020370483398438e-05
1.52587890625e-05
1.52587890625e-05
1.52587890625e-05
1.4781951904296875e-05
1.52587890625e-05
1.4781951904296875e-05
1.5020370483398438e-05
1.52587890625e-05
1.5497207641601562e-05
1.5020370483398438e-05
1.5020370483398438e-05
1.52587890625e-05
1.5497207641601562e-05
1.5497207641601562e-05
1.5020370483398438e-05
1.5497207641601562e-05
1.5497207641601562e-05
1.5020370483398438e-05
1.52587890625e-05
1.5020370483398438e-05
1.52587890625e-05
1.5497207641601562e-05
1.5020370483398438e-05
1.5497207641601562e-05
1.5497207641601562e-05
1.5020370483398438e-05
1.5497207641601562e-05
1.52587890625e-05
1.52587890625e-05
1.5020370483398438e-05
1.52587890625e-05
1.5497207641601562e-05
1.4781951904296875e-05
1.5020370483398438e-05
1.52587890625e-05
1.4781951904296875e-05
1.5020370483398438e-05
1.4781951904296875e-05
1.5020370483398438e-05
1.5020370483398438e-05
1.5497207641601562e-05
1.52587890625e-05
4.267692565917969e-05
2.8133392333984375e-05
1.52587890625e-05
1.5497207641601562e-05
1.5020370483398438e-05