0.0009484291076660156
0.0012881755828857422
0.004555225372314453
0.0024995803833007812
0.0007026195526123047
0.00173187255859375
0.0003898143768310547
0.0025086402893066406
0.0004360675811767578
0.008821487426757812
0.0034275054931640625
0.0011203289031982422
0.0009179115295410156
0.0009610652923583984
0.0017652511596679688
0.009221792221069336
0.0005490779876708984
0.0036458969116210938
0.0017161369323730469
0.0018308162689208984
0.001768350601196289
0.0015096664428710938
0.002925872802734375
0.017704486846923828
0.001367330551147461
0.003262758255004883
0.0018258094787597656
0.0035152435302734375
0.005454063415527344
0.0010037422180175781
0.0022573471069335938
0.0005955696105957031
0.0028455257415771484
0.0011556148529052734
0.001961946487426758
0.0034308433532714844
0.005120754241943359
0.004073143005371094
0.00341796875
0.0013132095336914062
0.0031251907348632812
0.0019085407257080078
0.0016570091247558594
0.006806612014770508
0.0016033649444580078
0.0033211708068847656
0.0009009838104248047
0.0008513927459716797
0.011920690536499023
0.0005693435668945312
0.00686192512512207
0.0014410018920898438
0.0011463165283203125
0.002487659454345703
0.002727508544921875
0.0008137226104736328
0.015752077102661133
0.0029959678649902344
0.003616809844970703
0.0015139579772949219
0.0049479007720947266
0.0026209354400634766
0.006001949310302734
0.005354881286621094
0.0014159679412841797
0.004179716110229492
0.005136728286743164
0.0018079280853271484
0.004240751266479492
0.0011174678802490234
0.0014104843139648438
0.0030126571655273438
0.0019447803497314453
0.001623392105102539
0.001857757568359375
0.0005633831024169922
0.0014412403106689453
0.003393888473510742
0.0015485286712646484
0.0005390644073486328
0.006272554397583008
0.0018780231475830078
0.006105184555053711
0.002869129180908203
0.00467991828918457
0.0005702972412109375
0.003726959228515625
0.0015153884887695312
0.0069162845611572266
0.006503105163574219
0.0020411014556884766
0.0042684078216552734
0.005288600921630859
0.0008637905120849609
0.006680727005004883
0.0022819042205810547
0.0016548633575439453
0.0013134479522705078
0.008824348449707031
0.002573728561401367