0.0006453990936279297
0.0006380081176757812
0.0014543533325195312
0.0010762214660644531
0.0011150836944580078
0.00032520294189453125
0.0012218952178955078
0.000102996826171875
0.0004940032958984375
0.0007503032684326172
0.0010271072387695312
0.00040841102600097656
0.0005068778991699219
0.0006535053253173828
0.0007548332214355469
0.0001728534698486328
0.0009503364562988281
0.0005700588226318359
0.0010578632354736328
0.0006685256958007812
0.0006003379821777344
0.0001347064971923828
0.00018596649169921875
0.0004374980926513672
0.0014255046844482422
0.0006892681121826172
0.0008234977722167969
0.0005311965942382812
0.0011265277862548828
0.0003650188446044922
0.00019216537475585938
0.00015807151794433594
0.0009756088256835938
0.0009677410125732422
0.0009753704071044922
0.0008053779602050781
0.0013315677642822266
0.0001728534698486328
0.001226186752319336
0.000225067138671875
0.0002574920654296875
0.0002796649932861328
0.0004703998565673828
0.0013816356658935547
0.0005006790161132812
0.0007874965667724609
0.0019578933715820312
0.00038504600524902344
0.0009622573852539062
0.0033698081970214844
0.0004456043243408203
0.0005350112915039062
0.0003552436828613281
0.000911712646484375
0.0009424686431884766
0.0006012916564941406
0.0002727508544921875
0.0007698535919189453
0.0005133152008056641
0.0006008148193359375
0.00035190582275390625
0.0018019676208496094
0.0006401538848876953
0.0002808570861816406
0.0012273788452148438
0.00018930435180664062
0.00023174285888671875
0.0007557868957519531
0.00046634674072265625
0.0011639595031738281
0.0008122920989990234
7.05718994140625e-05
0.0004367828369140625
0.00015878677368164062
0.00023174285888671875
0.0010607242584228516
0.0003674030303955078
0.0002887248992919922
0.00024628639221191406
0.001998424530029297
0.0021774768829345703
0.0009303092956542969
0.00022554397583007812
0.00037026405334472656
0.0003428459167480469
0.0006968975067138672
0.0006041526794433594
0.0004222393035888672
0.0015332698822021484
0.0008680820465087891
0.00020384788513183594
0.0005142688751220703
0.0010724067687988281
0.0008220672607421875
0.0004749298095703125
0.00048232078552246094
0.001321554183959961
0.00014090538024902344
0.00027632713317871094
0.0018694400787353516