2.9325485229492188e-05
2.5510787963867188e-05
2.5033950805664062e-05
2.5272369384765625e-05
2.4557113647460938e-05
2.4557113647460938e-05
2.4557113647460938e-05
2.4318695068359375e-05
2.47955322265625e-05
2.4080276489257812e-05
2.4557113647460938e-05
2.4318695068359375e-05
2.4318695068359375e-05
2.4318695068359375e-05
2.4557113647460938e-05
2.4080276489257812e-05
2.4318695068359375e-05
2.4318695068359375e-05
2.4318695068359375e-05
2.4080276489257812e-05
2.47955322265625e-05
2.4080276489257812e-05
2.4557113647460938e-05
2.384185791015625e-05
2.4318695068359375e-05
2.4318695068359375e-05
2.4318695068359375e-05
2.4557113647460938e-05
2.4318695068359375e-05
2.4318695068359375e-05
2.4318695068359375e-05
2.4318695068359375e-05
2.4318695068359375e-05
2.4080276489257812e-05
2.4080276489257812e-05
2.4318695068359375e-05
2.4080276489257812e-05
2.4318695068359375e-05
2.4080276489257812e-05
2.4080276489257812e-05
2.4318695068359375e-05
2.4557113647460938e-05
2.4318695068359375e-05
2.47955322265625e-05
2.4080276489257812e-05
2.4318695068359375e-05
2.4318695068359375e-05
7.653236389160156e-05
2.47955322265625e-05
2.384185791015625e-05
2.384185791015625e-05
2.4318695068359375e-05
2.4318695068359375e-05
2.384185791015625e-05
2.4318695068359375e-05
2.4080276489257812e-05
2.4080276489257812e-05
2.384185791015625e-05
2.4318695068359375e-05
2.4080276489257812e-05
2.4318695068359375e-05
2.4318695068359375e-05
2.4080276489257812e-05
2.4318695068359375e-05
2.4080276489257812e-05
2.4080276489257812e-05
2.4080276489257812e-05
2.384185791015625e-05
2.4080276489257812e-05
2.4318695068359375e-05
2.4318695068359375e-05
2.4318695068359375e-05
2.4557113647460938e-05
2.4318695068359375e-05
2.4080276489257812e-05
2.4080276489257812e-05
2.4080276489257812e-05
2.4318695068359375e-05
2.384185791015625e-05
2.4080276489257812e-05
2.4080276489257812e-05
2.4318695068359375e-05
2.4318695068359375e-05
2.4080276489257812e-05
2.4318695068359375e-05
2.384185791015625e-05
2.4080276489257812e-05
2.5033950805664062e-05
2.4080276489257812e-05
2.4557113647460938e-05
2.4318695068359375e-05
2.4318695068359375e-05
2.4318695068359375e-05
2.4557113647460938e-05
2.4080276489257812e-05
2.4557113647460938e-05
2.384185791015625e-05
2.47955322265625e-05
2.4557113647460938e-05
2.4557113647460938e-05