0.03414750099182129
0.05478239059448242
0.015717744827270508
0.019415855407714844
0.024663686752319336
0.019928693771362305
0.014989376068115234
0.05556201934814453
0.018155336380004883
0.006270885467529297
0.016542911529541016
0.01199483871459961
0.03471779823303223
0.01024770736694336
0.021562576293945312
0.004510641098022461
0.03742265701293945
0.003259897232055664
0.013347148895263672
0.03370332717895508
0.01727914810180664
0.010347127914428711
0.01835179328918457
0.011975526809692383
0.027543306350708008
0.02716541290283203
0.016591310501098633
0.017208576202392578
0.07287144660949707
0.015104293823242188
0.008296728134155273
0.0664215087890625
0.003801584243774414
0.07140636444091797
0.0069310665130615234
0.013844966888427734
0.05708599090576172
0.005587339401245117
0.12478375434875488
0.0556025505065918
0.03639841079711914
0.035021066665649414
0.048150062561035156
0.03619194030761719
0.012069225311279297
0.010365009307861328
0.027276992797851562
0.029883623123168945
0.015393257141113281
0.028983592987060547
0.06303048133850098
0.014937877655029297
0.020805835723876953
0.06635785102844238
0.010106563568115234
0.007976531982421875
0.0022919178009033203
0.014399051666259766
0.015442371368408203
0.07156991958618164
0.011268138885498047
0.024336576461791992
0.040720224380493164
0.004355669021606445
0.06848359107971191
0.004308938980102539
0.00430607795715332
0.031049489974975586
0.010395526885986328
0.03742718696594238
0.03368353843688965
0.02410149574279785
0.06997823715209961
0.023308277130126953
0.09452223777770996
0.020659208297729492
0.03519129753112793
0.03996443748474121
0.07840991020202637
0.003125905990600586
0.0212404727935791
0.05454540252685547
0.005400657653808594
0.020021915435791016
0.05323052406311035
0.010354042053222656
0.012898445129394531
0.02962517738342285
0.00853276252746582
0.012807607650756836
0.06394052505493164
0.009760141372680664
0.018837690353393555
0.05846095085144043
0.003965616226196289
0.01717066764831543
0.0058896541595458984
0.07946133613586426
0.07066106796264648
0.01920938491821289