0.10851883888244629
0.0962529182434082
0.13112688064575195
0.10206055641174316
0.11710000038146973
0.12451004981994629
0.09235620498657227
0.11201977729797363
0.12782645225524902
0.10095930099487305
0.08180403709411621
0.10230374336242676
0.11133527755737305
0.1070108413696289
0.10509037971496582
0.1265885829925537
0.12826228141784668
0.12948894500732422
0.11426401138305664
0.13260149955749512
0.08495450019836426
0.1140749454498291
0.11653995513916016
0.09649276733398438
0.11723852157592773
0.10523390769958496
0.11561369895935059
0.11288833618164062
0.10931253433227539
0.09166646003723145
0.1269972324371338
0.10956192016601562
0.11065053939819336
0.1056215763092041
0.10404443740844727
0.08890748023986816
0.13037467002868652
0.11352324485778809
0.10997605323791504
0.10461044311523438
0.11089348793029785
0.1173238754272461
0.11376547813415527
0.11905932426452637
0.12082505226135254
0.06805682182312012
0.10673022270202637
0.08838987350463867
0.13934826850891113
0.13515973091125488
0.07983040809631348
0.10184121131896973
0.09417891502380371
0.1231224536895752
0.10720491409301758
0.11080646514892578
0.13499689102172852
0.10799336433410645
0.10755276679992676
0.09509825706481934
0.13524270057678223
0.11456918716430664
0.12243843078613281
0.09804058074951172
0.10135340690612793
0.10588860511779785
0.11917281150817871
0.10228419303894043
0.10753059387207031
0.10065221786499023
0.11374807357788086
0.10407805442810059
0.08679747581481934
0.08205866813659668
0.12595248222351074
0.13142657279968262
0.09955930709838867
0.12433552742004395
0.09975004196166992
0.1125936508178711
0.10027551651000977
0.1041097640991211
0.0981898307800293
0.10402846336364746
0.0927741527557373
0.09728574752807617
0.11121320724487305
0.1219184398651123
0.10161447525024414
0.09203553199768066
0.1083071231842041
0.08107471466064453
0.11552548408508301
0.11985373497009277
0.11621451377868652
0.11103439331054688
0.1584479808807373
0.10419130325317383
0.13037538528442383
0.08915138244628906