0.1869823932647705
0.1644761562347412
0.21868324279785156
0.17922329902648926
0.1740868091583252
0.19578242301940918
0.2176964282989502
0.19292116165161133
0.21621370315551758
0.1739211082458496
0.1716752052307129
0.20276355743408203
0.20568203926086426
0.21461987495422363
0.2454512119293213
0.18311595916748047
0.23241877555847168
0.1813812255859375
0.19117069244384766
0.18896961212158203
0.2257232666015625
0.1534137725830078
0.1714615821838379
0.19477057456970215
0.2127671241760254
0.20467591285705566
0.20212030410766602
0.21013879776000977
0.1846613883972168
0.22507333755493164
0.17898058891296387
0.20174932479858398
0.2007765769958496
0.1810600757598877
0.16651701927185059
0.18220233917236328
0.1789262294769287
0.23298931121826172
0.17512726783752441
0.20015573501586914
0.20393037796020508
0.17880725860595703
0.23297762870788574
0.17981410026550293
0.17783379554748535
0.15921640396118164
0.20809173583984375
0.19036269187927246
0.17249393463134766
0.18816447257995605
0.22427892684936523
0.216202974319458
0.23295855522155762
0.17256784439086914
0.15530967712402344
0.14607858657836914
0.1740567684173584
0.16855192184448242
0.1806659698486328
0.17733168601989746
0.1710038185119629
0.14860773086547852
0.16354036331176758
0.11977720260620117
0.15569543838500977
0.20378541946411133
0.16041922569274902
0.13904404640197754
0.1672353744506836
0.16006708145141602
0.18081140518188477
0.17943811416625977
0.14947080612182617
0.15621304512023926
0.21962380409240723
0.14299297332763672
0.17633676528930664
0.15962457656860352
0.14206743240356445
0.15592098236083984
0.17821383476257324
0.1463942527770996
0.14943528175354004
0.21011900901794434
0.1877150535583496
0.18471741676330566
0.1552720069885254
0.1543111801147461
0.15374541282653809
0.18928241729736328
0.20425677299499512
0.17853260040283203
0.15175652503967285
0.1853642463684082
0.19889545440673828
0.17949557304382324
0.20234346389770508
0.145615816116333
0.15520238876342773
0.1764848232269287