1 27 6121
2 27 7777
3 27 7274
4 27 5673
5 27 6052
6 27 6581
7 27 7793
8 27 5763
9 27 6889
10 27 7032
11 27 7445
12 27 6305
13 27 5754
14 27 5941
15 27 5858
16 27 5823
17 27 5810
18 27 5252
19 27 7366
20 27 6366
21 27 6838
22 27 5975
23 27 6516
24 27 5873
25 27 7021
26 27 7056
27 27 5857
28 27 7421
29 27 6525
30 27 6031
31 27 6648
32 27 8020
33 27 6626
34 27 7176
35 27 6421
36 27 6544
37 27 6109
38 27 6332
39 27 6306
40 27 5798
41 27 6516
42 27 5455
43 27 6778
44 27 6532
45 27 5904
46 27 7188
47 27 6327
48 27 7044
49 27 7082
50 27 6165
51 27 5949
52 27 6263
53 27 6445
54 27 7272
55 27 6420
56 27 5648
57 27 6302
58 27 7169
59 27 6600
60 27 5850
61 27 7493
62 27 5558
63 27 6515
64 27 6583
65 27 6720
66 27 6002
67 27 5912
68 27 6380
69 27 6981
70 27 6867
71 27 6876
72 27 6076
73 27 6739
74 27 6166
75 27 7172
76 27 5785
77 27 6863
78 27 5838
79 27 4699
80 27 5601
81 27 5697
82 27 6882
83 27 6064
84 27 6013
85 27 6392
86 27 6030
87 27 7236
88 27 6378
89 27 6601
90 27 7071
91 27 5552
92 27 6522
93 27 6899
94 27 6828
95 27 6664
96 27 7123
97 27 6544
98 27 6018
99 27 6337
100 27 5431