0.00016379356384277344
0.0002601146697998047
0.0003974437713623047
0.00044035911560058594
0.00018286705017089844
0.0005633831024169922
0.0005092620849609375
0.0003833770751953125
0.0001614093780517578
0.0031833648681640625
0.00029730796813964844
0.0006363391876220703
0.0006139278411865234
0.0019066333770751953
0.00026345252990722656
0.0001385211944580078
0.00025844573974609375
0.0007932186126708984
0.0003376007080078125
0.0002453327178955078
0.0003142356872558594
0.00040459632873535156
0.0004248619079589844
0.00043511390686035156
0.00017714500427246094
0.00021123886108398438
0.0004703998565673828
0.0007071495056152344
0.00021600723266601562
0.0003952980041503906
0.0007762908935546875
0.0036907196044921875
0.00016546249389648438
0.0006384849548339844
0.00043010711669921875
0.00013780593872070312
0.0006899833679199219
0.0006909370422363281
0.0005581378936767578
0.0003161430358886719
0.0005266666412353516
0.0005295276641845703
0.0008502006530761719
0.0006642341613769531
0.0003066062927246094
0.00013399124145507812
0.00039005279541015625
0.0006470680236816406
0.0005908012390136719
0.0003523826599121094
0.0003612041473388672
0.001409292221069336
0.0007023811340332031
0.0010683536529541016
0.00025153160095214844
0.0003428459167480469
0.00019598007202148438
0.0004444122314453125
0.0010962486267089844
0.0014629364013671875
0.00020170211791992188
0.0007231235504150391
0.0006368160247802734
0.0002646446228027344
0.001554250717163086
0.0002338886260986328
0.0003254413604736328
0.00024199485778808594
0.0002849102020263672
0.00017690658569335938
0.0012919902801513672
0.0005624294281005859
0.0006668567657470703
0.0007109642028808594
0.0010149478912353516
0.00025010108947753906
0.0007395744323730469
0.0003139972686767578
0.003251314163208008
0.0009071826934814453
0.0006556510925292969
0.0002484321594238281
7.843971252441406e-05
0.00023365020751953125
0.0005526542663574219
0.0004968643188476562
0.00047087669372558594
0.0012135505676269531
0.00012803077697753906
0.0010104179382324219
0.0004863739013671875
0.0002574920654296875
0.0008087158203125
0.0001900196075439453
0.0011146068572998047
0.00052642822265625
0.0005719661712646484
0.0002200603485107422
0.001590728759765625
0.0009162425994873047