1 30 6996
2 30 7530
3 30 7687
4 30 7759
5 30 7784
6 30 8244
7 30 6037
8 30 5287
9 30 6320
10 30 7538
11 30 5775
12 30 6672
13 30 8014
14 30 6975
15 30 6693
16 30 6778
17 30 8010
18 30 6766
19 30 6497
20 30 8575
21 30 6626
22 30 5908
23 30 7588
24 30 6485
25 30 7612
26 30 7290
27 30 6805
28 30 7594
29 30 7346
30 30 6290
31 30 7062
32 30 6776
33 30 7048
34 30 6828
35 30 6964
36 30 6670
37 30 7254
38 30 6677
39 30 7249
40 30 7985
41 30 5538
42 30 7133
43 30 7310
44 30 6187
45 30 7747
46 30 6681
47 30 6785
48 30 8520
49 30 6750
50 30 6378
51 30 7396
52 30 6811
53 30 7714
54 30 7754
55 30 5234
56 30 7686
57 30 6204
58 30 7507
59 30 8246
60 30 6755
61 30 7303
62 30 7216
63 30 6306
64 30 6606
65 30 6833
66 30 8365
67 30 7040
68 30 7820
69 30 6175
70 30 7063
71 30 7745
72 30 7471
73 30 7339
74 30 8025
75 30 7040
76 30 8400
77 30 7830
78 30 7127
79 30 7648
80 30 7098
81 30 6697
82 30 6234
83 30 6315
84 30 7652
85 30 7919
86 30 7486
87 30 7079
88 30 7901
89 30 6804
90 30 5978
91 30 8255
92 30 7031
93 30 7592
94 30 8570
95 30 6967
96 30 6384
97 30 7481
98 30 7602
99 30 7501
100 30 7007