1 32 7827
2 32 8141
3 32 8734
4 32 8348
5 32 8993
6 32 7817
7 32 6264
8 32 6086
9 32 7471
10 32 6927
11 32 6828
12 32 7873
13 32 8447
14 32 7645
15 32 6265
16 32 8237
17 32 6957
18 32 7166
19 32 8890
20 32 6671
21 32 7109
22 32 7990
23 32 7621
24 32 7141
25 32 7021
26 32 7875
27 32 8966
28 32 5909
29 32 6904
30 32 8501
31 32 7106
32 32 7857
33 32 8037
34 32 6942
35 32 8287
36 32 7523
37 32 7831
38 32 8452
39 32 6151
40 32 7370
41 32 7804
42 32 6652
43 32 7514
44 32 8427
45 32 7391
46 32 7823
47 32 8208
48 32 6700
49 32 7729
50 32 8439
51 32 7452
52 32 7019
53 32 8250
54 32 6357
55 32 8564
56 32 8872
57 32 7797
58 32 7097
59 32 7734
60 32 6940
61 32 7194
62 32 7703
63 32 8089
64 32 8280
65 32 7108
66 32 7472
67 32 8443
68 32 7769
69 32 7998
70 32 8623
71 32 7545
72 32 9031
73 32 7737
74 32 8703
75 32 7261
76 32 7346
77 32 7444
78 32 6150
79 32 7513
80 32 9013
81 32 7585
82 32 7557
83 32 7832
84 32 7292
85 32 7173
86 32 9216
87 32 7128
88 32 9137
89 32 7797
90 32 8301
91 32 7428
92 32 8135
93 32 7668
94 32 7228
95 32 8945
96 32 6467
97 32 8119
98 32 10040
99 32 7368
100 32 5802