1.6927719116210938e-05
1.2874603271484375e-05
1.2636184692382812e-05
1.1682510375976562e-05
1.2159347534179688e-05
1.1444091796875e-05
1.1444091796875e-05
1.1444091796875e-05
1.1444091796875e-05
1.1920928955078125e-05
1.1920928955078125e-05
2.5272369384765625e-05
1.1682510375976562e-05
1.2159347534179688e-05
1.1682510375976562e-05
1.1444091796875e-05
1.1682510375976562e-05
1.1444091796875e-05
1.1444091796875e-05
1.1205673217773438e-05
1.1444091796875e-05
1.1444091796875e-05
1.1205673217773438e-05
1.1205673217773438e-05
1.1444091796875e-05
1.1682510375976562e-05
1.1444091796875e-05
1.1444091796875e-05
1.1682510375976562e-05
1.1205673217773438e-05
1.1205673217773438e-05
1.1205673217773438e-05
1.1205673217773438e-05
1.1205673217773438e-05
1.1444091796875e-05
1.1682510375976562e-05
1.1682510375976562e-05
1.1682510375976562e-05
1.1444091796875e-05
1.1444091796875e-05
1.1444091796875e-05
1.1444091796875e-05
1.1444091796875e-05
1.1682510375976562e-05
1.1920928955078125e-05
1.1444091796875e-05
1.1444091796875e-05
1.1205673217773438e-05
1.1205673217773438e-05
1.1444091796875e-05
1.1682510375976562e-05
1.0967254638671875e-05
1.1205673217773438e-05
1.1205673217773438e-05
1.1444091796875e-05
1.1444091796875e-05
1.1682510375976562e-05
1.1444091796875e-05
1.1444091796875e-05
1.1205673217773438e-05
1.0967254638671875e-05
1.1444091796875e-05
1.1444091796875e-05
1.1444091796875e-05
1.1444091796875e-05
1.1205673217773438e-05
1.1444091796875e-05
1.1205673217773438e-05
1.1205673217773438e-05
1.1205673217773438e-05
1.1444091796875e-05
1.0967254638671875e-05
1.1444091796875e-05
1.1682510375976562e-05
1.1205673217773438e-05
1.1444091796875e-05
1.1205673217773438e-05
1.1682510375976562e-05
1.1205673217773438e-05
1.1682510375976562e-05
1.1444091796875e-05
1.1682510375976562e-05
1.1205673217773438e-05
1.1205673217773438e-05
1.1444091796875e-05
1.1205673217773438e-05
1.1205673217773438e-05
1.1205673217773438e-05
1.1205673217773438e-05
1.1205673217773438e-05
1.1682510375976562e-05
1.1444091796875e-05
1.1444091796875e-05
1.1444091796875e-05
1.1205673217773438e-05
1.0967254638671875e-05
1.1205673217773438e-05
1.1444091796875e-05
3.2901763916015625e-05
2.5033950805664062e-05