1 25 2047
2 25 2686
3 25 2475
4 25 2436
5 25 2268
6 25 2479
7 25 2274
8 25 2167
9 25 2276
10 25 2211
11 25 2721
12 25 2461
13 25 2278
14 25 2408
15 25 2300
16 25 2530
17 25 2738
18 25 2182
19 25 2648
20 25 2586
21 25 2370
22 25 2446
23 25 2427
24 25 2208
25 25 2245
26 25 2508
27 25 2368
28 25 2243
29 25 2533
30 25 2288
31 25 2892
32 25 2274
33 25 2242
34 25 2517
35 25 2652
36 25 1954
37 25 2151
38 25 2698
39 25 2449
40 25 2056
41 25 2382
42 25 2580
43 25 2587
44 25 2225
45 25 2443
46 25 2193
47 25 2258
48 25 2458
49 25 2205
50 25 2618
51 25 2131
52 25 2312
53 25 2131
54 25 2838
55 25 2259
56 25 2180
57 25 2323
58 25 2613
59 25 2288
60 25 1985
61 25 2330
62 25 3120
63 25 1783
64 25 2221
65 25 2375
66 25 2723
67 25 1975
68 25 2361
69 25 2533
70 25 2582
71 25 2557
72 25 2083
73 25 2694
74 25 2674
75 25 2664
76 25 2517
77 25 2329
78 25 2706
79 25 2334
80 25 2671
81 25 2579
82 25 2373
83 25 2258
84 25 2355
85 25 2485
86 25 1945
87 25 2082
88 25 2403
89 25 2403
90 25 2243
91 25 2148
92 25 2297
93 25 2736
94 25 2394
95 25 2282
96 25 2189
97 25 2545
98 25 2433
99 25 2710
100 25 2469