1.2636184692382812e-05
8.106231689453125e-06
6.4373016357421875e-06
5.7220458984375e-06
5.9604644775390625e-06
5.7220458984375e-06
5.7220458984375e-06
5.4836273193359375e-06
5.7220458984375e-06
5.7220458984375e-06
5.4836273193359375e-06
5.7220458984375e-06
5.4836273193359375e-06
5.4836273193359375e-06
5.4836273193359375e-06
5.245208740234375e-06
5.4836273193359375e-06
5.4836273193359375e-06
5.4836273193359375e-06
5.4836273193359375e-06
5.0067901611328125e-06
5.0067901611328125e-06
5.4836273193359375e-06
5.245208740234375e-06
5.245208740234375e-06
5.245208740234375e-06
5.0067901611328125e-06
5.7220458984375e-06
5.4836273193359375e-06
5.245208740234375e-06
5.245208740234375e-06
5.245208740234375e-06
5.245208740234375e-06
5.0067901611328125e-06
5.245208740234375e-06
5.245208740234375e-06
5.245208740234375e-06
5.4836273193359375e-06
5.4836273193359375e-06
5.245208740234375e-06
5.0067901611328125e-06
5.0067901611328125e-06
5.0067901611328125e-06
5.0067901611328125e-06
5.4836273193359375e-06
5.4836273193359375e-06
5.4836273193359375e-06
5.0067901611328125e-06
5.4836273193359375e-06
5.245208740234375e-06
5.0067901611328125e-06
5.0067901611328125e-06
5.245208740234375e-06
5.0067901611328125e-06
5.245208740234375e-06
5.245208740234375e-06
5.245208740234375e-06
5.245208740234375e-06
5.4836273193359375e-06
5.4836273193359375e-06
5.245208740234375e-06
5.4836273193359375e-06
5.4836273193359375e-06
5.4836273193359375e-06
5.4836273193359375e-06
5.4836273193359375e-06
5.4836273193359375e-06
5.4836273193359375e-06
5.245208740234375e-06
5.245208740234375e-06
5.0067901611328125e-06
5.245208740234375e-06
5.4836273193359375e-06
1.8596649169921875e-05
5.7220458984375e-06
2.1457672119140625e-05
5.245208740234375e-06
5.245208740234375e-06
5.245208740234375e-06
5.4836273193359375e-06
5.4836273193359375e-06
5.245208740234375e-06
5.4836273193359375e-06
5.4836273193359375e-06
5.245208740234375e-06
5.4836273193359375e-06
5.4836273193359375e-06
5.0067901611328125e-06
5.245208740234375e-06
5.245208740234375e-06
5.245208740234375e-06
5.4836273193359375e-06
5.245208740234375e-06
5.4836273193359375e-06
5.4836273193359375e-06
5.4836273193359375e-06
5.0067901611328125e-06
5.245208740234375e-06
5.0067901611328125e-06
5.245208740234375e-06