0.004908323287963867
0.024509429931640625
0.020242929458618164
0.014085054397583008
0.03331470489501953
0.009810447692871094
0.022910594940185547
0.019049406051635742
0.0019392967224121094
0.008116006851196289
0.03859138488769531
0.0051801204681396484
0.044077396392822266
0.030983924865722656
0.09693527221679688
0.0026900768280029297
0.03328061103820801
0.008714437484741211
0.05983448028564453
0.008834600448608398
0.00478672981262207
0.012909889221191406
0.009088277816772461
0.015955209732055664
0.019785642623901367
0.02184438705444336
0.0023806095123291016
0.006433010101318359
0.006010770797729492
0.004563331604003906
0.006944417953491211
0.014260292053222656
0.05603384971618652
0.002645254135131836
0.049689531326293945
0.06563615798950195
0.020343303680419922
0.020160675048828125
0.003509998321533203
0.01439523696899414
0.009800910949707031
0.016885995864868164
0.01613640785217285
0.01001882553100586
0.0018458366394042969
0.015223979949951172
0.1041257381439209
0.005501985549926758
0.006417512893676758
0.01113271713256836
0.02139735221862793
0.016556739807128906
0.006771564483642578
0.008718013763427734
0.01215362548828125
0.021361827850341797
0.001392364501953125
0.017101049423217773
0.009867429733276367
0.005352020263671875
0.0060384273529052734
0.026058673858642578
0.0017943382263183594
0.010348320007324219
0.0004220008850097656
0.05317211151123047
0.01714777946472168
0.0025277137756347656
0.014461040496826172
0.007103443145751953
0.0546414852142334
0.011729240417480469
0.009678125381469727
0.0043985843658447266
0.010908842086791992
0.0011627674102783203
0.00526118278503418
0.03799796104431152
0.0034170150756835938
0.002667665481567383
0.05726432800292969
0.02621746063232422
0.011674880981445312
0.009209871292114258
0.055647850036621094
0.041620492935180664
0.007274627685546875
0.008392095565795898
0.0009639263153076172
0.009961128234863281
0.014615535736083984
0.02061176300048828
0.014234542846679688
0.0057256221771240234
0.008646726608276367
0.005810976028442383
0.009423017501831055
0.018079042434692383
0.008121252059936523
0.012157440185546875