1 20 3227
2 20 4452
3 20 4349
4 20 4041
5 20 4896
6 20 4473
7 20 4116
8 20 3550
9 20 3701
10 20 3368
11 20 3409
12 20 3100
13 20 3780
14 20 3278
15 20 4832
16 20 3728
17 20 3729
18 20 3791
19 20 3760
20 20 3846
21 20 4167
22 20 3170
23 20 4576
24 20 4259
25 20 3553
26 20 4606
27 20 4539
28 20 3777
29 20 4355
30 20 3807
31 20 3782
32 20 4089
33 20 4232
34 20 4188
35 20 4178
36 20 3662
37 20 3914
38 20 3358
39 20 3720
40 20 4167
41 20 3485
42 20 3472
43 20 3222
44 20 3013
45 20 4086
46 20 3333
47 20 3283
48 20 3959
49 20 3824
50 20 3456
51 20 4216
52 20 4124
53 20 4410
54 20 4199
55 20 3652
56 20 2778
57 20 3234
58 20 4662
59 20 3928
60 20 3930
61 20 3452
62 20 3999
63 20 3759
64 20 3736
65 20 3991
66 20 3181
67 20 3982
68 20 4649
69 20 3741
70 20 4010
71 20 3833
72 20 4034
73 20 3980
74 20 3143
75 20 4516
76 20 4449
77 20 3292
78 20 4543
79 20 3437
80 20 3400
81 20 3575
82 20 4461
83 20 3301
84 20 4055
85 20 3771
86 20 3894
87 20 4504
88 20 4215
89 20 3578
90 20 2854
91 20 4288
92 20 4273
93 20 4272
94 20 4655
95 20 3165
96 20 4010
97 20 4213
98 20 4507
99 20 4431
100 20 3830