0.00022101402282714844
0.00024390220642089844
0.0003921985626220703
0.0005686283111572266
0.00016617774963378906
0.0005407333374023438
0.0004756450653076172
0.00047206878662109375
0.0002288818359375
0.004348278045654297
0.00039386749267578125
0.0007007122039794922
0.0006346702575683594
0.001710653305053711
0.0002460479736328125
0.00013256072998046875
0.0002608299255371094
0.0007448196411132812
0.00046372413635253906
0.0002307891845703125
0.00032591819763183594
0.0004115104675292969
0.0004036426544189453
0.0005602836608886719
0.00017833709716796875
0.00022482872009277344
0.0004515647888183594
0.0008094310760498047
0.00015616416931152344
0.0006117820739746094
0.0007302761077880859
0.0029942989349365234
0.0001575946807861328
0.0006113052368164062
0.00052642822265625
0.00013113021850585938
0.0006608963012695312
0.0006260871887207031
0.0005276203155517578
0.00031375885009765625
0.00048065185546875
0.00042176246643066406
0.0006783008575439453
0.0005555152893066406
0.0002739429473876953
7.414817810058594e-05
0.00023245811462402344
0.0004868507385253906
0.0007002353668212891
0.0003674030303955078
0.00034308433532714844
0.0015523433685302734
0.0006515979766845703
0.001148223876953125
0.0002586841583251953
0.00033545494079589844
0.00015115737915039062
0.00032401084899902344
0.0010159015655517578
0.001119375228881836
0.0002741813659667969
0.0006928443908691406
0.0006935596466064453
0.00021791458129882812
0.001394510269165039
0.00022864341735839844
0.00032520294189453125
0.00029778480529785156
0.00037479400634765625
0.00025725364685058594
0.0009050369262695312
0.0003669261932373047
0.0005421638488769531
0.0005297660827636719
0.0007090568542480469
0.00027751922607421875
0.0006330013275146484
0.00022482872009277344
0.0026378631591796875
0.0005962848663330078
0.0005047321319580078
0.0003135204315185547
9.369850158691406e-05
0.00023937225341796875
0.0006048679351806641
0.0006341934204101562
0.0005819797515869141
0.0014846324920654297
0.00011420249938964844
0.0009450912475585938
0.0004405975341796875
0.00032210350036621094
0.0007236003875732422
0.00014138221740722656
0.0008726119995117188
0.0004849433898925781
0.00047850608825683594
0.00019550323486328125
0.001422882080078125
0.0008702278137207031