0.0016202926635742188
0.005989789962768555
0.003266572952270508
0.000858306884765625
0.007614612579345703
0.0017666816711425781
0.020841121673583984
0.008654356002807617
0.009953975677490234
0.005173206329345703
0.0009655952453613281
0.0031480789184570312
0.004340171813964844
0.010293006896972656
0.008083105087280273
0.00044536590576171875
0.0025529861450195312
0.0042400360107421875
0.0023665428161621094
0.0026912689208984375
0.0042917728424072266
0.013234138488769531
0.013819456100463867
0.003795146942138672
0.011084318161010742
0.004441738128662109
0.0021376609802246094
0.0047342777252197266
0.01507711410522461
0.003782987594604492
0.012809514999389648
0.004033088684082031
0.009313344955444336
0.007647037506103516
0.0034041404724121094
0.0024466514587402344
0.005372285842895508
0.0017771720886230469
0.01620316505432129
0.011965274810791016
0.0025658607482910156
0.010952234268188477
0.009181499481201172
0.0035042762756347656
0.002093791961669922
0.0023140907287597656
0.001102447509765625
0.0005202293395996094
0.009785175323486328
0.013889551162719727
0.010033845901489258
0.013120651245117188
0.0027191638946533203
0.0064928531646728516
0.012553930282592773
0.005271196365356445
0.0336151123046875
0.0037183761596679688
0.003404855728149414
0.0017392635345458984
0.0009758472442626953
0.0019369125366210938
0.005591869354248047
0.002087831497192383
0.0018401145935058594
0.0014383792877197266
0.006715297698974609
0.0022737979888916016
0.0009381771087646484
0.002257108688354492
0.0011038780212402344
0.0013451576232910156
0.00589299201965332
0.003992557525634766
0.008542299270629883
0.0024061203002929688
0.0043811798095703125
0.0027780532836914062
0.009037256240844727
0.0031943321228027344
0.0010976791381835938
0.0033915042877197266
0.005476474761962891
0.03023076057434082
0.006127357482910156
0.002142190933227539
0.0006198883056640625
0.0023202896118164062
0.0020415782928466797
0.01865553855895996
0.0012178421020507812
0.005739927291870117
0.0022974014282226562
0.0037689208984375
0.003634929656982422
0.0018095970153808594
0.005885124206542969
0.002579212188720703
0.0029425621032714844
0.0001437664031982422