1 25 5927
2 25 6655
3 25 6618
4 25 6637
5 25 5555
6 25 6406
7 25 6059
8 25 5909
9 25 5247
10 25 6436
11 25 6884
12 25 6942
13 25 5813
14 25 5566
15 25 5960
16 25 5542
17 25 4558
18 25 6007
19 25 5094
20 25 5208
21 25 6036
22 25 6006
23 25 6946
24 25 5534
25 25 6246
26 25 6345
27 25 6336
28 25 5519
29 25 6296
30 25 5744
31 25 6775
32 25 5955
33 25 5614
34 25 6155
35 25 7095
36 25 6032
37 25 6241
38 25 5587
39 25 5899
40 25 5340
41 25 5810
42 25 5595
43 25 5411
44 25 5546
45 25 6381
46 25 5884
47 25 6692
48 25 6780
49 25 5303
50 25 7178
51 25 5666
52 25 6523
53 25 6270
54 25 6387
55 25 6353
56 25 5238
57 25 4984
58 25 6599
59 25 6406
60 25 6776
61 25 5060
62 25 6641
63 25 6709
64 25 6342
65 25 5627
66 25 5790
67 25 5859
68 25 5163
69 25 6530
70 25 6030
71 25 5935
72 25 4972
73 25 5091
74 25 5741
75 25 6571
76 25 6301
77 25 6233
78 25 5252
79 25 6640
80 25 5083
81 25 6727
82 25 5184
83 25 6361
84 25 6260
85 25 5190
86 25 4689
87 25 5607
88 25 4151
89 25 6394
90 25 5906
91 25 5727
92 25 5959
93 25 5984
94 25 6196
95 25 6500
96 25 6338
97 25 5720
98 25 6415
99 25 5296
100 25 6047