2.47955322265625e-05
1.7404556274414062e-05
1.6927719116210938e-05
1.5974044799804688e-05
1.5735626220703125e-05
1.5735626220703125e-05
1.5497207641601562e-05
1.5735626220703125e-05
1.52587890625e-05
1.52587890625e-05
1.52587890625e-05
1.5020370483398438e-05
1.5735626220703125e-05
1.5020370483398438e-05
1.52587890625e-05
1.52587890625e-05
1.5020370483398438e-05
1.5020370483398438e-05
1.52587890625e-05
1.5020370483398438e-05
1.5020370483398438e-05
1.5497207641601562e-05
1.52587890625e-05
1.4781951904296875e-05
1.5735626220703125e-05
1.52587890625e-05
1.5020370483398438e-05
1.5020370483398438e-05
1.5497207641601562e-05
1.5497207641601562e-05
1.52587890625e-05
1.52587890625e-05
1.5020370483398438e-05
1.5735626220703125e-05
1.5020370483398438e-05
1.5020370483398438e-05
1.52587890625e-05
1.5020370483398438e-05
1.5497207641601562e-05
1.5020370483398438e-05
1.5497207641601562e-05
1.4781951904296875e-05
1.52587890625e-05
1.52587890625e-05
1.4543533325195312e-05
1.52587890625e-05
1.5020370483398438e-05
1.4781951904296875e-05
1.5497207641601562e-05
1.52587890625e-05
1.52587890625e-05
1.5020370483398438e-05
1.4781951904296875e-05
1.52587890625e-05
1.52587890625e-05
1.5497207641601562e-05
1.4781951904296875e-05
1.4781951904296875e-05
1.52587890625e-05
1.5020370483398438e-05
1.4781951904296875e-05
1.52587890625e-05
1.5020370483398438e-05
1.52587890625e-05
1.52587890625e-05
1.5020370483398438e-05
1.52587890625e-05
1.5497207641601562e-05
1.5020370483398438e-05
1.52587890625e-05
1.5020370483398438e-05
1.4781951904296875e-05
1.4781951904296875e-05
1.5020370483398438e-05
1.5020370483398438e-05
1.4781951904296875e-05
1.5020370483398438e-05
1.52587890625e-05
1.4781951904296875e-05
1.5020370483398438e-05
1.4781951904296875e-05
1.52587890625e-05
1.5497207641601562e-05
1.4781951904296875e-05
1.52587890625e-05
1.52587890625e-05
1.5497207641601562e-05
1.4543533325195312e-05
1.5497207641601562e-05
3.3855438232421875e-05
1.5497207641601562e-05
1.5497207641601562e-05
1.5497207641601562e-05
1.5497207641601562e-05
1.4781951904296875e-05
1.5020370483398438e-05
1.52587890625e-05
1.5497207641601562e-05
1.5020370483398438e-05
1.5020370483398438e-05