4.410743713378906e-05
3.552436828613281e-05
3.409385681152344e-05
3.361701965332031e-05
3.3855438232421875e-05
3.2901763916015625e-05
3.2901763916015625e-05
3.314018249511719e-05
3.337860107421875e-05
3.314018249511719e-05
3.2901763916015625e-05
3.3855438232421875e-05
3.24249267578125e-05
3.337860107421875e-05
3.2901763916015625e-05
3.314018249511719e-05
3.266334533691406e-05
3.314018249511719e-05
3.314018249511719e-05
3.266334533691406e-05
3.266334533691406e-05
3.266334533691406e-05
3.361701965332031e-05
3.2901763916015625e-05
3.314018249511719e-05
3.337860107421875e-05
3.314018249511719e-05
3.314018249511719e-05
3.314018249511719e-05
3.314018249511719e-05
3.337860107421875e-05
3.314018249511719e-05
3.337860107421875e-05
3.314018249511719e-05
3.361701965332031e-05
3.266334533691406e-05
3.2901763916015625e-05
3.218650817871094e-05
3.337860107421875e-05
3.314018249511719e-05
3.2901763916015625e-05
3.2901763916015625e-05
3.314018249511719e-05
3.266334533691406e-05
3.266334533691406e-05
3.266334533691406e-05
3.2901763916015625e-05
3.266334533691406e-05
3.314018249511719e-05
3.2901763916015625e-05
3.314018249511719e-05
3.361701965332031e-05
3.3855438232421875e-05
3.337860107421875e-05
3.409385681152344e-05
3.3855438232421875e-05
3.3855438232421875e-05
3.314018249511719e-05
3.337860107421875e-05
3.3855438232421875e-05
3.409385681152344e-05
3.337860107421875e-05
4.410743713378906e-05
3.3855438232421875e-05
3.2901763916015625e-05
3.337860107421875e-05
3.337860107421875e-05
3.361701965332031e-05
3.266334533691406e-05
3.314018249511719e-05
3.337860107421875e-05
3.337860107421875e-05
3.337860107421875e-05
3.2901763916015625e-05
3.314018249511719e-05
3.337860107421875e-05
3.314018249511719e-05
3.266334533691406e-05
3.2901763916015625e-05
3.2901763916015625e-05
3.2901763916015625e-05
3.2901763916015625e-05
3.2901763916015625e-05
3.24249267578125e-05
3.266334533691406e-05
3.314018249511719e-05
3.266334533691406e-05
0.00016379356384277344
3.314018249511719e-05
3.2901763916015625e-05
3.361701965332031e-05
3.337860107421875e-05
3.314018249511719e-05
3.2901763916015625e-05
3.24249267578125e-05
3.266334533691406e-05
3.314018249511719e-05
3.2901763916015625e-05
3.2901763916015625e-05
3.24249267578125e-05