0.001821756362915039
0.0021746158599853516
0.0033555030822753906
0.0025196075439453125
0.0024900436401367188
0.002662181854248047
0.0035037994384765625
0.003968954086303711
0.003607034683227539
0.0028243064880371094
0.002763509750366211
0.0038199424743652344
0.004826545715332031
0.004071950912475586
0.0034570693969726562
0.004181623458862305
0.0024459362030029297
0.003339529037475586
0.003568410873413086
0.002492666244506836
0.001791238784790039
0.0026502609252929688
0.004425048828125
0.0016083717346191406
0.004716634750366211
0.004175424575805664
0.0035753250122070312
0.004453420639038086
0.004788875579833984
0.0023763179779052734
0.0017933845520019531
0.0027878284454345703
0.0036764144897460938
0.0026531219482421875
0.002515554428100586
0.0022745132446289062
0.0033180713653564453
0.0035452842712402344
0.0018668174743652344
0.0030999183654785156
0.004355192184448242
0.0028345584869384766
0.0011601448059082031
0.002382040023803711
0.0028862953186035156
0.004647254943847656
0.002813100814819336
0.004042148590087891
0.001651763916015625
0.0056269168853759766
0.002773761749267578
0.0030994415283203125
0.003940582275390625
0.003862142562866211
0.002712249755859375
0.0020668506622314453
0.0026793479919433594
0.0043718814849853516
0.002989530563354492
0.0033664703369140625
0.002299070358276367
0.005717277526855469
0.003465890884399414
0.0020399093627929688
0.003950834274291992
0.003945589065551758
0.004325389862060547
0.0031571388244628906
0.0032227039337158203
0.002645254135131836
0.0033698081970214844
0.0028760433197021484
0.0035064220428466797
0.002249002456665039
0.0042133331298828125
0.002017498016357422
0.004232645034790039
0.002141237258911133
0.0036025047302246094
0.004050016403198242
0.0023436546325683594
0.00324249267578125
0.0036461353302001953
0.0037894248962402344
0.005555629730224609
0.002207040786743164
0.0031592845916748047
0.0014896392822265625
0.0034170150756835938
0.0041353702545166016
0.0018341541290283203
0.0039823055267333984
0.0023179054260253906
0.001966238021850586
0.003028392791748047
0.0026657581329345703
0.0014405250549316406
0.004075050354003906
0.0028333663940429688
0.0020682811737060547