0.004604604604604604
0.0
0.0
0.001621271076523995
0.008613409896976862
0.0
0.003463203463203463
0.0
0.0
0.0
0.0
0.0
0.0
0.0
0.0
0.0125684167849179
0.0007414272474513438
0.0
0.0
0.0
0.0
0.0
0.0010921004732435385
0.0
0.0018549051937345425
0.0017516969564265383
0.0
0.0
0.0
0.0
0.0
0.0
0.0004145077720207254
0.003592361505010399
0.002678400612205854
0.0
0.0
0.0
0.014043109079033311
0.004536176003628941
0.004496788008565311
0.0010302905419328251
0.0
0.006570580754557015
0.004283489096573208
0.0
0.0015555555555555555
0.0
0.0
0.0
0.0
0.0
0.0047419296005836225
0.0007026172492534692
0.0
0.0016390083999180496
0.0002187705097352877
0.009025270758122744
0.0042985541227041815
0.009899140829286515
0.00453568870852232
0.0
0.0
0.0
0.0
0.0012872083668543845
0.0
0.0
0.0
0.0
0.0
0.0
0.0
0.00234192037470726
0.0
0.0
0.0029691211401425177
0.0021001050052502626
0.0
0.008645533141210375
0.0
0.0
0.0
0.0
0.0
0.003068932955618508
0.0
0.0034207525655644243
0.0
0.0007024938531787847
0.0
0.0
0.0
0.0
0.0
0.0
0.0
0.0
0.0
0.0