1 15 7268
2 15 8775
3 15 8986
4 15 9267
5 15 8349
6 15 9194
7 15 9238
8 15 9552
9 15 9135
10 15 8517
11 15 6676
12 15 7384
13 15 8526
14 15 7637
15 15 6887
16 15 7342
17 15 7699
18 15 7981
19 15 8872
20 15 9387
21 15 8961
22 15 8538
23 15 9931
24 15 8131
25 15 8026
26 15 9222
27 15 9107
28 15 7775
29 15 10003
30 15 7764
31 15 8124
32 15 9639
33 15 9007
34 15 11643
35 15 8918
36 15 9465
37 15 8413
38 15 10190
39 15 8196
40 15 9665
41 15 8372
42 15 9363
43 15 8174
44 15 7313
45 15 7636
46 15 6550
47 15 9632
48 15 7804
49 15 9359
50 15 7459
51 15 9937
52 15 7400
53 15 7598
54 15 8814
55 15 9133
56 15 9233
57 15 7327
58 15 5849
59 15 9885
60 15 7827
61 15 7214
62 15 9728
63 15 6363
64 15 6553
65 15 7614
66 15 7887
67 15 8345
68 15 10251
69 15 8231
70 15 8645
71 15 8274
72 15 8400
73 15 7982
74 15 7099
75 15 7986
76 15 9721
77 15 8739
78 15 8228
79 15 8055
80 15 7786
81 15 8218
82 15 8884
83 15 9250
84 15 8309
85 15 9048
86 15 6745
87 15 9217
88 15 8776
89 15 8634
90 15 10654
91 15 7362
92 15 7254
93 15 8862
94 15 8956
95 15 9652
96 15 9976
97 15 7435
98 15 7458
99 15 10774
100 15 8695