3.24249267578125e-05
1.1682510375976562e-05
1.0251998901367188e-05
9.775161743164062e-06
2.7179718017578125e-05
9.5367431640625e-06
9.298324584960938e-06
9.059906005859375e-06
8.821487426757812e-06
8.821487426757812e-06
8.821487426757812e-06
8.821487426757812e-06
9.059906005859375e-06
9.298324584960938e-06
9.059906005859375e-06
9.059906005859375e-06
9.298324584960938e-06
8.821487426757812e-06
8.821487426757812e-06
8.58306884765625e-06
8.58306884765625e-06
9.059906005859375e-06
8.821487426757812e-06
8.58306884765625e-06
8.821487426757812e-06
8.821487426757812e-06
8.58306884765625e-06
8.821487426757812e-06
8.58306884765625e-06
9.059906005859375e-06
1.0251998901367188e-05
9.775161743164062e-06
9.5367431640625e-06
9.5367431640625e-06
9.298324584960938e-06
8.821487426757812e-06
8.821487426757812e-06
8.821487426757812e-06
9.059906005859375e-06
9.059906005859375e-06
9.059906005859375e-06
9.059906005859375e-06
9.059906005859375e-06
9.059906005859375e-06
1.0013580322265625e-05
9.298324584960938e-06
9.059906005859375e-06
9.059906005859375e-06
8.821487426757812e-06
8.58306884765625e-06
8.821487426757812e-06
8.821487426757812e-06
8.821487426757812e-06
8.821487426757812e-06
8.821487426757812e-06
9.059906005859375e-06
8.821487426757812e-06
8.58306884765625e-06
8.58306884765625e-06
9.059906005859375e-06
8.821487426757812e-06
8.58306884765625e-06
8.58306884765625e-06
8.58306884765625e-06
9.059906005859375e-06
8.58306884765625e-06
9.059906005859375e-06
8.58306884765625e-06
8.821487426757812e-06
8.821487426757812e-06
9.059906005859375e-06
8.821487426757812e-06
8.58306884765625e-06
8.821487426757812e-06
8.58306884765625e-06
8.821487426757812e-06
8.821487426757812e-06
4.220008850097656e-05
2.3365020751953125e-05
3.314018249511719e-05
1.1444091796875e-05
1.0251998901367188e-05
9.775161743164062e-06
2.2649765014648438e-05
2.2411346435546875e-05
1.5020370483398438e-05
1.0967254638671875e-05
1.0251998901367188e-05
1.0013580322265625e-05
9.5367431640625e-06
9.5367431640625e-06
9.059906005859375e-06
9.059906005859375e-06
9.298324584960938e-06
8.821487426757812e-06
9.298324584960938e-06
8.821487426757812e-06
9.059906005859375e-06
8.58306884765625e-06
1.2159347534179688e-05