2.4557113647460938e-05
2.0265579223632812e-05
1.9311904907226562e-05
1.9073486328125e-05
1.8596649169921875e-05
1.9073486328125e-05
1.9550323486328125e-05
1.8596649169921875e-05
1.811981201171875e-05
1.8596649169921875e-05
1.8358230590820312e-05
1.8358230590820312e-05
1.811981201171875e-05
1.811981201171875e-05
1.8358230590820312e-05
1.7881393432617188e-05
1.8358230590820312e-05
1.8358230590820312e-05
1.811981201171875e-05
1.8358230590820312e-05
1.7642974853515625e-05
1.7404556274414062e-05
1.9788742065429688e-05
1.811981201171875e-05
1.8358230590820312e-05
1.7881393432617188e-05
1.811981201171875e-05
1.8358230590820312e-05
5.0067901611328125e-05
1.811981201171875e-05
1.8596649169921875e-05
3.123283386230469e-05
1.7404556274414062e-05
1.7881393432617188e-05
1.7642974853515625e-05
1.7642974853515625e-05
1.7642974853515625e-05
1.7404556274414062e-05
1.7404556274414062e-05
1.7881393432617188e-05
1.7404556274414062e-05
1.7404556274414062e-05
1.7404556274414062e-05
1.7404556274414062e-05
1.7404556274414062e-05
1.9073486328125e-05
1.811981201171875e-05
1.7642974853515625e-05
1.7642974853515625e-05
1.7642974853515625e-05
1.7881393432617188e-05
1.7642974853515625e-05
1.7642974853515625e-05
1.7642974853515625e-05
1.7642974853515625e-05
1.7881393432617188e-05
1.7642974853515625e-05
1.7404556274414062e-05
1.7404556274414062e-05
1.7642974853515625e-05
4.291534423828125e-05
1.811981201171875e-05
1.811981201171875e-05
3.170967102050781e-05
1.8596649169921875e-05
1.7642974853515625e-05
1.7642974853515625e-05
1.7642974853515625e-05
1.7642974853515625e-05
1.8596649169921875e-05
1.8358230590820312e-05
3.24249267578125e-05
1.7642974853515625e-05
1.7642974853515625e-05
1.7642974853515625e-05
1.7881393432617188e-05
1.7642974853515625e-05
1.7881393432617188e-05
1.7642974853515625e-05
3.4332275390625e-05
1.7642974853515625e-05
1.7642974853515625e-05
1.7642974853515625e-05
1.7881393432617188e-05
1.7404556274414062e-05
1.7404556274414062e-05
1.7642974853515625e-05
1.7642974853515625e-05
1.7642974853515625e-05
1.7881393432617188e-05
1.7642974853515625e-05
1.7881393432617188e-05
1.9311904907226562e-05
1.8358230590820312e-05
1.9073486328125e-05
1.7642974853515625e-05
1.7881393432617188e-05
1.7642974853515625e-05
1.7642974853515625e-05
1.7404556274414062e-05