0.0002932548522949219
0.0005190372467041016
0.00028705596923828125
0.0005307197570800781
0.00045180320739746094
0.0003724098205566406
0.00011539459228515625
0.00021266937255859375
0.00016617774963378906
0.00037288665771484375
0.0009741783142089844
0.00017595291137695312
0.0008919239044189453
0.0007007122039794922
0.0003981590270996094
0.00037670135498046875
0.0010223388671875
0.0005979537963867188
0.00037169456481933594
0.00030517578125
0.0005211830139160156
0.00046896934509277344
0.00016617774963378906
0.000209808349609375
0.001680612564086914
0.0002665519714355469
0.00025153160095214844
0.0001881122589111328
0.0003769397735595703
0.00020122528076171875
0.00043082237243652344
0.00019407272338867188
0.0005247592926025391
0.0004818439483642578
0.0005009174346923828
0.0003445148468017578
0.0001583099365234375
0.0004355907440185547
0.0007777214050292969
0.0008921623229980469
0.00016188621520996094
0.0003941059112548828
0.00040078163146972656
0.00023865699768066406
0.0008122920989990234
0.0006575584411621094
7.271766662597656e-05
0.0018243789672851562
0.0015969276428222656
0.0008013248443603516
0.0011320114135742188
0.0002791881561279297
0.0007195472717285156
0.0002269744873046875
0.0007328987121582031
0.0015895366668701172
0.00038933753967285156
0.0009512901306152344
0.0003368854522705078
0.000766754150390625
0.0005459785461425781
0.0006933212280273438
0.00019073486328125
0.0009799003601074219
0.00020766258239746094
0.0005660057067871094
0.0005865097045898438
0.00025153160095214844
0.0005655288696289062
0.00035953521728515625
0.0010843276977539062
0.00043487548828125
0.0015380382537841797
0.0005538463592529297
0.000263214111328125
0.0009286403656005859
0.0006322860717773438
0.0005979537963867188
0.00043511390686035156
0.0003466606140136719
0.00042057037353515625
0.0005693435668945312
0.0005536079406738281
0.0007462501525878906
0.0002853870391845703
0.00024962425231933594
0.0002753734588623047
0.000762939453125
0.00032639503479003906
0.00023245811462402344
0.0003693103790283203
0.0003421306610107422
0.0002453327178955078
0.00029349327087402344
0.0002980232238769531
0.0003554821014404297
0.0007343292236328125
0.0006232261657714844
0.0004203319549560547
0.0003457069396972656