0.0009336471557617188
0.0002338886260986328
0.000457763671875
0.0004315376281738281
0.00030517578125
0.0010218620300292969
0.0006251335144042969
0.00036263465881347656
0.000675201416015625
0.0002732276916503906
0.0008952617645263672
0.0008180141448974609
0.0010712146759033203
0.0003845691680908203
0.0005679130554199219
0.00039958953857421875
0.0003495216369628906
0.0009922981262207031
0.00026917457580566406
0.0003688335418701172
0.0008523464202880859
0.0002727508544921875
0.0007739067077636719
0.0005478858947753906
0.0008940696716308594
0.001378774642944336
0.0005156993865966797
0.0002644062042236328
0.000659942626953125
0.0006618499755859375
0.0009844303131103516
0.0009717941284179688
0.0005369186401367188
0.0006754398345947266
0.00017642974853515625
0.0015835762023925781
0.00016188621520996094
0.0009605884552001953
0.00033211708068847656
0.0008027553558349609
0.00040531158447265625
0.0008521080017089844
0.0004875659942626953
0.0004165172576904297
0.0013599395751953125
0.0007004737854003906
0.00026869773864746094
0.0003185272216796875
0.0003902912139892578
0.00030303001403808594
0.0012426376342773438
0.00021386146545410156
0.0010020732879638672
0.0014710426330566406
0.0002796649932861328
0.0006144046783447266
0.0002288818359375
0.0020360946655273438
0.0005877017974853516
0.0007655620574951172
0.00020885467529296875
0.0002238750457763672
0.0003256797790527344
0.0004012584686279297
0.0006802082061767578
0.00018548965454101562
0.00044417381286621094
0.0003638267517089844
0.00035309791564941406
0.0003063678741455078
0.0005748271942138672
0.00023412704467773438
0.0004315376281738281
0.0007593631744384766
0.00023794174194335938
0.0009071826934814453
0.000751495361328125
0.0001666545867919922
0.0003306865692138672
0.0017728805541992188
0.00032067298889160156
0.00036263465881347656
0.00024580955505371094
0.0006670951843261719
0.00034236907958984375
0.00036525726318359375
0.0006165504455566406
0.0003368854522705078
0.0010101795196533203
0.0002567768096923828
0.00026297569274902344
0.0006039142608642578
0.0008938312530517578
0.0001857280731201172
0.0008704662322998047
0.0007469654083251953
0.0002033710479736328
0.0003399848937988281
0.0007481575012207031
0.00046324729919433594