0.013377189636230469
0.12138819694519043
0.1695079803466797
0.06037616729736328
0.02689337730407715
0.09993505477905273
0.057660579681396484
0.022360801696777344
0.023646831512451172
0.011155128479003906
0.01998138427734375
0.0017871856689453125
0.029735326766967773
0.005997419357299805
0.0038809776306152344
0.015240669250488281
0.05951833724975586
0.12857317924499512
0.22394514083862305
0.09775424003601074
0.007281780242919922
0.026776790618896484
0.01854872703552246
0.11182355880737305
0.04999804496765137
0.03574085235595703
0.10357427597045898
0.22231817245483398
0.00995326042175293
0.13273406028747559
0.050238847732543945
0.029788732528686523
0.16696906089782715
0.005530595779418945
0.043701887130737305
0.010054588317871094
0.2174837589263916
0.011813640594482422
0.35999631881713867
0.021694660186767578
0.002800464630126953
0.07163381576538086
0.2854781150817871
0.02585315704345703
0.06221151351928711
0.0560910701751709
0.0816960334777832
0.002545595169067383
0.005967617034912109
0.032839298248291016
0.03992462158203125
0.12551212310791016
0.011831998825073242
0.5007681846618652
0.06542038917541504
0.03286123275756836
0.015186786651611328
0.022064208984375
0.026245832443237305
0.009540796279907227
0.03155159950256348
0.026189565658569336
0.05592846870422363
0.01571488380432129
0.040426015853881836
0.0020294189453125
0.026127338409423828
0.11373448371887207
0.014250755310058594
0.021857738494873047
0.06583714485168457
0.013219594955444336
0.02344799041748047
0.04824948310852051
0.052269935607910156
0.08984804153442383
0.006040334701538086
0.03524351119995117
0.005466461181640625
0.015438318252563477
0.009244680404663086
0.07763552665710449
0.016977548599243164
0.019290924072265625
0.1174163818359375
0.025207042694091797
0.015920400619506836
0.025086402893066406
0.07999491691589355
0.01940155029296875
0.005365133285522461
0.05019712448120117
0.3017256259918213
0.015476465225219727
0.00408625602722168
0.03869128227233887
0.11992645263671875
0.1442410945892334
0.08369278907775879
0.011007547378540039