0.0
0.0
0.0
0.0
0.0
0.0
0.0
0.0
0.0
0.0
0.0
0.0
0.0
0.0
0.0
0.0
0.0
0.0
0.0
0.0
0.0
0.0
0.0
0.0
0.0
0.0
0.0
0.0
0.05078125
0.0
0.018711018711018712
0.0
0.0
0.0
0.07195571955719557
0.0
0.0
0.0
0.0
0.0
0.0
0.0
0.0
0.0
0.0
0.0
0.0
0.11077844311377245
0.0
0.0
0.0
0.0
0.0
0.0
0.058611361587015326
0.0
0.0
0.0
0.0
0.0
0.0
0.018711018711018712
0.0
0.0
0.0
0.0
0.0
0.0
0.0
0.0
0.0
0.0
0.0
0.0
0.0
0.0
0.0
0.0
0.0
0.025559105431309903
0.0
0.0
0.0
0.0
0.0
0.0
0.0
0.0
0.0
0.05586206896551724
0.0
0.0
0.0
0.0
0.0
0.0
0.0
0.0
0.0
0.0