1 10 1922
2 10 2144
3 10 2525
4 10 2047
5 10 3013
6 10 2642
7 10 2915
8 10 2437
9 10 2237
10 10 2073
11 10 1948
12 10 2672
13 10 2853
14 10 2005
15 10 3192
16 10 2084
17 10 2540
18 10 2554
19 10 2140
20 10 2069
21 10 2236
22 10 1939
23 10 2571
24 10 2778
25 10 2537
26 10 2635
27 10 2659
28 10 2602
29 10 2599
30 10 2404
31 10 3167
32 10 1822
33 10 2205
34 10 2048
35 10 2195
36 10 2526
37 10 1298
38 10 2085
39 10 2603
40 10 1721
41 10 2210
42 10 1627
43 10 2673
44 10 1977
45 10 2341
46 10 2394
47 10 1665
48 10 1802
49 10 2750
50 10 2608
51 10 2283
52 10 2255
53 10 2158
54 10 2248
55 10 2655
56 10 2969
57 10 2698
58 10 2260
59 10 2107
60 10 2676
61 10 1558
62 10 2362
63 10 2731
64 10 1518
65 10 2636
66 10 2565
67 10 1537
68 10 2950
69 10 2383
70 10 2459
71 10 2573
72 10 1616
73 10 2614
74 10 3291
75 10 1694
76 10 2162
77 10 2196
78 10 2381
79 10 2437
80 10 2464
81 10 2491
82 10 2576
83 10 2409
84 10 2239
85 10 2734
86 10 2772
87 10 3082
88 10 1959
89 10 2448
90 10 2369
91 10 2497
92 10 1744
93 10 2718
94 10 1999
95 10 2729
96 10 2524
97 10 2256
98 10 2039
99 10 2455
100 10 2748