1 22 4966
2 22 5143
3 22 5845
4 22 6151
5 22 4203
6 22 4826
7 22 5654
8 22 5565
9 22 5723
10 22 4436
11 22 5962
12 22 5936
13 22 5631
14 22 5742
15 22 4498
16 22 4881
17 22 4965
18 22 5320
19 22 4551
20 22 5192
21 22 4456
22 22 3599
23 22 6161
24 22 4845
25 22 5228
26 22 5594
27 22 4660
28 22 5257
29 22 5020
30 22 5649
31 22 4329
32 22 5333
33 22 5341
34 22 6702
35 22 4219
36 22 4839
37 22 4761
38 22 5389
39 22 5693
40 22 6038
41 22 5606
42 22 4816
43 22 5107
44 22 5919
45 22 4728
46 22 5545
47 22 4733
48 22 5595
49 22 4110
50 22 5178
51 22 5206
52 22 5245
53 22 5795
54 22 5166
55 22 4306
56 22 5798
57 22 5524
58 22 5961
59 22 5882
60 22 5861
61 22 5458
62 22 5354
63 22 5019
64 22 4333
65 22 5140
66 22 5846
67 22 5045
68 22 5658
69 22 4156
70 22 5528
71 22 6007
72 22 5170
73 22 5113
74 22 5469
75 22 6164
76 22 4642
77 22 4503
78 22 5221
79 22 5446
80 22 5194
81 22 4420
82 22 4743
83 22 4488
84 22 5953
85 22 4983
86 22 5804
87 22 6026
88 22 4677
89 22 5725
90 22 4385
91 22 6039
92 22 5981
93 22 5296
94 22 4849
95 22 5305
96 22 4803
97 22 4082
98 22 4641
99 22 4704
100 22 5538