1 37 8536
2 37 10183
3 37 9077
4 37 7980
5 37 10206
6 37 7459
7 37 10082
8 37 10425
9 37 9024
10 37 8974
11 37 7690
12 37 8123
13 37 6780
14 37 9426
15 37 8661
16 37 9207
17 37 8772
18 37 9237
19 37 8444
20 37 8378
21 37 9020
22 37 8246
23 37 9487
24 37 10353
25 37 9028
26 37 7927
27 37 8843
28 37 8254
29 37 8869
30 37 8674
31 37 8344
32 37 9839
33 37 9023
34 37 9802
35 37 9876
36 37 9215
37 37 8207
38 37 8466
39 37 8381
40 37 8835
41 37 9298
42 37 8556
43 37 9802
44 37 9042
45 37 9217
46 37 7317
47 37 9602
48 37 8500
49 37 7413
50 37 8972
51 37 9067
52 37 10269
53 37 8406
54 37 9190
55 37 10740
56 37 8457
57 37 8750
58 37 6859
59 37 9344
60 37 7791
61 37 8732
62 37 9280
63 37 9010
64 37 9604
65 37 9436
66 37 8670
67 37 8413
68 37 7858
69 37 9884
70 37 9686
71 37 9066
72 37 8751
73 37 8204
74 37 8481
75 37 8892
76 37 9683
77 37 8390
78 37 8420
79 37 9192
80 37 7654
81 37 8797
82 37 8508
83 37 9915
84 37 8943
85 37 9102
86 37 7804
87 37 8501
88 37 9036
89 37 10331
90 37 9473
91 37 7356
92 37 8679
93 37 10463
94 37 10082
95 37 10066
96 37 8706
97 37 9253
98 37 8500
99 37 9274
100 37 8425