1 22 2735
2 22 3084
3 22 3195
4 22 3439
5 22 3182
6 22 3361
7 22 3073
8 22 3683
9 22 3142
10 22 3355
11 22 3131
12 22 3459
13 22 3507
14 22 3110
15 22 3000
16 22 3212
17 22 3140
18 22 3100
19 22 3246
20 22 2930
21 22 3271
22 22 3187
23 22 3317
24 22 3685
25 22 2788
26 22 3600
27 22 3558
28 22 3100
29 22 2914
30 22 3387
31 22 3405
32 22 3032
33 22 2949
34 22 3576
35 22 2875
36 22 2994
37 22 3069
38 22 3601
39 22 2948
40 22 3216
41 22 3370
42 22 3311
43 22 3149
44 22 3306
45 22 3259
46 22 3608
47 22 2932
48 22 3512
49 22 3063
50 22 3091
51 22 3638
52 22 2936
53 22 3536
54 22 3330
55 22 3285
56 22 3257
57 22 3248
58 22 3211
59 22 2990
60 22 3337
61 22 3263
62 22 3053
63 22 2778
64 22 3493
65 22 3094
66 22 3296
67 22 3374
68 22 3442
69 22 2994
70 22 3206
71 22 3135
72 22 2778
73 22 3261
74 22 3188
75 22 3174
76 22 3107
77 22 3574
78 22 3206
79 22 3381
80 22 3057
81 22 2920
82 22 2972
83 22 3092
84 22 3512
85 22 3113
86 22 3098
87 22 2765
88 22 3251
89 22 2767
90 22 3569
91 22 3337
92 22 3439
93 22 3131
94 22 3460
95 22 3268
96 22 3287
97 22 3154
98 22 3077
99 22 3000
100 22 2807