0.0
0.003205508726107088
0.0007557021159659247
6.207324643078833e-05
0.0
0.0
0.0
0.0
0.0038401457953657903
0.0
0.0
0.0
0.0011849043189762426
0.0
0.003792763407418645
0.0
0.0
0.0
0.0
0.0
0.0002689437235258522
0.0
0.001528332941453092
0.0
0.0
0.0
0.003745544614269317
0.0
0.005800109896819098
0.0
0.0
0.0
0.0
0.0
0.0
0.0006017651778550414
0.009443081269982898
0.0032290260083367582
0.0031136481577581734
0.0
0.0
0.0
0.0
0.0
0.0
0.0
0.0
0.007230182726436178
0.0
0.0
0.002753114460733705
0.0
0.0
0.0
0.0
0.003907424105801022
0.011932571500726056
0.005758739139220044
0.0023166023166023165
0.0011667760519215344
0.0
0.0
0.008826548067054397
0.009894537267448749
0.0
0.008094414236282748
0.0018806157275196769
0.0
0.0
0.0
0.0
0.012854507724233341
0.0
0.0
0.011017103901637348
0.0
0.006077116512992456
0.0
0.011417058428475487
0.0
0.0
0.003421186011150532
0.0
0.0004204625087596356
0.0
0.0011967090501121915
0.0
0.0
0.008636565695053026
0.0
0.0
0.0
0.0
0.0039021368844843604
0.001067591912991259
0.0
0.0
0.0
0.00762245641943395
0.0008758337263356465