0.0
0.0036713678083725096
0.004707849348820838
0.00229293401965372
0.0
0.0023561443007487303
0.0
0.0
0.0
0.0025575447570332483
0.002556367912469963
0.0
0.004091687194689157
0.0008195041999590248
0.0
0.0
0.006760151646645046
0.0
0.0005299161768956547
0.0018150816786755403
0.006305418719211823
0.0
0.0
0.0
0.003302270876685063
0.0
0.0
0.0
0.0
0.0
0.0
0.0
0.000744463056020845
0.0011275423912572098
0.0
0.003776525596451265
0.0
0.0018808777429467085
0.0
0.0
0.007888611087162687
0.0
0.0
0.0015349930445627668
0.005495044647237759
0.0
0.0011520245765242992
0.0
0.0009393101288942233
0.0
0.0004660621981188035
0.0
0.0
0.0
0.0008916838746010888
0.011311988688011311
0.001383253412025083
0.0
0.0
0.0033782054563136613
0.0
0.0
0.0
0.0
0.013052534135616755
0.0017985611510791368
0.0022371364653243847
0.0
0.0
0.0
0.0
0.0
0.004383007417397168
0.0
0.0
0.0
0.0
0.0003585032489356935
0.00036097825106037363
0.006672106753708059
0.0014179369018078695
0.0010629046284665186
0.0
0.0056066269320133345
0.0015591208570135291
0.0
0.002108419622358619
0.00017959770114942528
0.0
0.0
0.0024783774214758992
0.0021563570250729357
0.0
0.0014448547118317548
0.0
0.0
0.0031986614831947245
0.0
0.00040602953864893673
0.0