0.08242106437683105
0.10543417930603027
0.10646796226501465
0.10583996772766113
0.10392570495605469
0.10161328315734863
0.13413023948669434
0.1029672622680664
0.0729529857635498
0.07837843894958496
0.0780177116394043
0.07931232452392578
0.10251188278198242
0.11942815780639648
0.10108160972595215
0.0984344482421875
0.10191082954406738
0.08151531219482422
0.10517239570617676
0.08410787582397461
0.1454935073852539
0.12686562538146973
0.10013771057128906
0.08211016654968262
0.10080480575561523
0.12001442909240723
0.11525535583496094
0.14632773399353027
0.12491488456726074
0.11265444755554199
0.09396028518676758
0.10998106002807617
0.0837557315826416
0.09889554977416992
0.0937957763671875
0.06800675392150879
0.0870823860168457
0.07836508750915527
0.09166216850280762
0.11069631576538086
0.11219906806945801
0.12616586685180664
0.07567501068115234
0.08615303039550781
0.07912063598632812
0.08258724212646484
0.10718703269958496
0.1017005443572998
0.0726613998413086
0.09858107566833496
0.10521626472473145
0.09422850608825684
0.0966343879699707
0.09061980247497559
0.09474015235900879
0.08223628997802734
0.09448742866516113
0.09602046012878418
0.08239412307739258
0.08688497543334961
0.0959618091583252
0.06903457641601562
0.1074683666229248
0.09328055381774902
0.09385085105895996
0.09036850929260254
0.11021280288696289
0.10952901840209961
0.10041475296020508
0.09701061248779297
0.07388877868652344
0.09747982025146484
0.10383915901184082
0.11270523071289062
0.11858057975769043
0.08977961540222168
0.09433388710021973
0.1723179817199707
0.1650068759918213
0.1264820098876953
0.16293954849243164
0.15658950805664062
0.10793423652648926
0.09950447082519531
0.09566593170166016
0.08947587013244629
0.09689736366271973
0.11139893531799316
0.11576199531555176
0.10744786262512207
0.10587906837463379
0.1137237548828125
0.1168968677520752
0.09136414527893066
0.11788320541381836
0.08403372764587402
0.16883420944213867
0.09350752830505371
0.10436654090881348
0.08357763290405273