0.0
0.0
0.0
0.0
0.0
0.0
0.0
0.0
0.0
0.0
0.0
0.0
0.0
0.0
0.0
0.0
0.0
0.0
0.016652059596844872
0.0
0.010999083409715857
0.0
0.0
0.0
0.0
0.0
0.0
0.023231622746185853
0.0
0.0
0.0
0.0
0.0
0.0
0.0
0.033966841892438336
0.0
0.0
0.026637069922308545
0.0
0.001433349259436216
0.0
0.0
0.0
0.0
0.022727272727272728
0.0
0.0
0.0
0.0
0.0
0.0
0.0
0.0
0.0
0.0
0.0
0.0
0.0
0.0
0.002728512960436562
0.0024937655860349127
0.0
0.0
0.01553829078801332
0.0
0.010996119016817595
0.028561939554965127
0.0
0.0
0.0
0.0070967741935483875
0.0
0.0
0.0
0.0
0.0
0.0
0.0
0.0
0.0
0.03528499418379217
0.0
0.0
0.0
0.007147719537100068
0.0
0.0
0.0
0.0
0.0
0.0
0.0
0.0
0.0
0.0
0.0
0.0
0.0
0.0