1.5497207641601562e-05
1.2159347534179688e-05
1.1205673217773438e-05
1.1444091796875e-05
1.1444091796875e-05
1.0728836059570312e-05
1.0728836059570312e-05
1.049041748046875e-05
1.049041748046875e-05
1.0728836059570312e-05
1.0728836059570312e-05
1.0728836059570312e-05
1.049041748046875e-05
1.0728836059570312e-05
1.0967254638671875e-05
1.049041748046875e-05
1.049041748046875e-05
1.049041748046875e-05
1.049041748046875e-05
1.0251998901367188e-05
1.0728836059570312e-05
1.049041748046875e-05
1.0251998901367188e-05
1.049041748046875e-05
1.049041748046875e-05
1.049041748046875e-05
1.0251998901367188e-05
1.049041748046875e-05
1.0728836059570312e-05
1.049041748046875e-05
1.0728836059570312e-05
1.049041748046875e-05
1.0728836059570312e-05
1.049041748046875e-05
1.049041748046875e-05
1.049041748046875e-05
1.049041748046875e-05
1.049041748046875e-05
1.049041748046875e-05
1.0251998901367188e-05
1.049041748046875e-05
1.0728836059570312e-05
1.0728836059570312e-05
1.049041748046875e-05
1.049041748046875e-05
1.049041748046875e-05
1.049041748046875e-05
1.049041748046875e-05
1.049041748046875e-05
1.0967254638671875e-05
1.049041748046875e-05
1.049041748046875e-05
1.0251998901367188e-05
1.0251998901367188e-05
1.049041748046875e-05
1.049041748046875e-05
1.049041748046875e-05
1.0251998901367188e-05
1.049041748046875e-05
1.049041748046875e-05
1.049041748046875e-05
1.049041748046875e-05
1.0251998901367188e-05
1.0251998901367188e-05
1.0251998901367188e-05
1.0728836059570312e-05
1.0728836059570312e-05
1.0251998901367188e-05
1.049041748046875e-05
1.0251998901367188e-05
1.0251998901367188e-05
1.049041748046875e-05
1.049041748046875e-05
1.0728836059570312e-05
1.049041748046875e-05
1.049041748046875e-05
1.049041748046875e-05
1.049041748046875e-05
1.0967254638671875e-05
1.049041748046875e-05
1.049041748046875e-05
1.049041748046875e-05
1.049041748046875e-05
1.049041748046875e-05
1.0251998901367188e-05
1.0728836059570312e-05
1.049041748046875e-05
1.0251998901367188e-05
1.0251998901367188e-05
1.0728836059570312e-05
1.049041748046875e-05
1.049041748046875e-05
1.049041748046875e-05
1.049041748046875e-05
1.049041748046875e-05
1.049041748046875e-05
1.049041748046875e-05
1.0251998901367188e-05
1.049041748046875e-05
1.0251998901367188e-05