4.029273986816406e-05
2.2172927856445312e-05
2.1457672119140625e-05
2.09808349609375e-05
2.0503997802734375e-05
2.0503997802734375e-05
2.0265579223632812e-05
2.0742416381835938e-05
1.9788742065429688e-05
1.9311904907226562e-05
1.9311904907226562e-05
1.9311904907226562e-05
1.9311904907226562e-05
2.0503997802734375e-05
1.9550323486328125e-05
1.9073486328125e-05
1.9311904907226562e-05
1.9311904907226562e-05
1.9311904907226562e-05
1.9073486328125e-05
1.9073486328125e-05
1.9073486328125e-05
1.9311904907226562e-05
1.9550323486328125e-05
1.9311904907226562e-05
1.9311904907226562e-05
1.9550323486328125e-05
1.9073486328125e-05
1.9311904907226562e-05
1.8596649169921875e-05
1.8835067749023438e-05
1.9073486328125e-05
2.0503997802734375e-05
1.9550323486328125e-05
1.9550323486328125e-05
1.9311904907226562e-05
1.9311904907226562e-05
2.0503997802734375e-05
1.9550323486328125e-05
1.9550323486328125e-05
1.9550323486328125e-05
1.9311904907226562e-05
1.9073486328125e-05
1.9788742065429688e-05
2.0742416381835938e-05
4.076957702636719e-05
4.100799560546875e-05
1.9550323486328125e-05
3.6716461181640625e-05
1.9788742065429688e-05
1.9788742065429688e-05
1.9550323486328125e-05
4.315376281738281e-05
2.1219253540039062e-05
2.0503997802734375e-05
2.0742416381835938e-05
2.09808349609375e-05
2.0503997802734375e-05
2.0503997802734375e-05
2.8133392333984375e-05
2.2411346435546875e-05
2.1219253540039062e-05
2.1457672119140625e-05
2.0265579223632812e-05
2.002716064453125e-05
2.0503997802734375e-05
1.9788742065429688e-05
2.002716064453125e-05
2.002716064453125e-05
1.9788742065429688e-05
2.002716064453125e-05
2.0265579223632812e-05
2.6941299438476562e-05
2.2172927856445312e-05
2.09808349609375e-05
2.0503997802734375e-05
2.0265579223632812e-05
2.002716064453125e-05
2.002716064453125e-05
2.002716064453125e-05
3.504753112792969e-05
2.0503997802734375e-05
2.002716064453125e-05
2.0265579223632812e-05
2.0265579223632812e-05
1.9788742065429688e-05
1.9550323486328125e-05
2.002716064453125e-05
1.9788742065429688e-05
1.9788742065429688e-05
1.9788742065429688e-05
2.002716064453125e-05
2.0265579223632812e-05
2.1696090698242188e-05
2.0265579223632812e-05
1.9788742065429688e-05
2.4080276489257812e-05
2.002716064453125e-05
2.002716064453125e-05
1.9311904907226562e-05