0.21515727043151855
0.2664332389831543
0.2613377571105957
0.2623600959777832
0.2543213367462158
0.28445863723754883
0.2144944667816162
0.25900864601135254
0.22926616668701172
0.22849225997924805
0.3112943172454834
0.26260828971862793
0.21674394607543945
0.24727249145507812
0.23683500289916992
0.2595844268798828
0.3111121654510498
0.20799970626831055
0.27202653884887695
0.2687392234802246
0.2445664405822754
0.24980497360229492
0.25115203857421875
0.24764800071716309
0.25260186195373535
0.28641772270202637
0.23001909255981445
0.23315072059631348
0.27042293548583984
0.25267910957336426
0.2863748073577881
0.2545895576477051
0.24508929252624512
0.27727580070495605
0.3165018558502197
0.2099473476409912
0.22101855278015137
0.27038002014160156
0.2434861660003662
0.22360587120056152
0.2638113498687744
0.2854044437408447
0.2634611129760742
0.2614567279815674
0.27372026443481445
0.2540104389190674
0.2711601257324219
0.2812843322753906
0.23711538314819336
0.28850603103637695
0.2254962921142578
0.2548527717590332
0.2264859676361084
0.3204081058502197
0.24100875854492188
0.2084028720855713
0.22422552108764648
0.3110222816467285
0.2410106658935547
0.21368980407714844
0.288341760635376
0.35709619522094727
0.198746919631958
0.2248682975769043
0.2646973133087158
0.2928762435913086
0.1977980136871338
0.2631690502166748
0.2873342037200928
0.2565619945526123
0.285189151763916
0.2061910629272461
0.27527332305908203
0.291215181350708
0.28110265731811523
0.24613332748413086
0.2591273784637451
0.27565741539001465
0.26468753814697266
0.3013594150543213
0.26357126235961914
0.24416065216064453
0.24938011169433594
0.254763126373291
0.2814357280731201
0.20293855667114258
0.2181529998779297
0.26215648651123047
0.27055954933166504
0.25809335708618164
0.27043604850769043
0.26533031463623047
0.3028390407562256
0.23955488204956055
0.2147655487060547
0.22679400444030762
0.2488718032836914
0.27703189849853516
0.29678773880004883
0.30062127113342285