1 10 152
2 10 247
3 10 218
4 10 294
5 10 223
6 10 214
7 10 215
8 10 254
9 10 296
10 10 288
11 10 243
12 10 281
13 10 168
14 10 292
15 10 229
16 10 202
17 10 227
18 10 220
19 10 215
20 10 261
21 10 170
22 10 203
23 10 302
24 10 266
25 10 167
26 10 334
27 10 207
28 10 177
29 10 253
30 10 308
31 10 236
32 10 222
33 10 220
34 10 253
35 10 211
36 10 174
37 10 271
38 10 222
39 10 182
40 10 190
41 10 193
42 10 182
43 10 195
44 10 121
45 10 188
46 10 233
47 10 223
48 10 238
49 10 275
50 10 218
51 10 270
52 10 267
53 10 259
54 10 308
55 10 263
56 10 234
57 10 169
58 10 238
59 10 155
60 10 208
61 10 266
62 10 131
63 10 259
64 10 218
65 10 220
66 10 204
67 10 257
68 10 175
69 10 253
70 10 124
71 10 177
72 10 258
73 10 251
74 10 285
75 10 192
76 10 164
77 10 194
78 10 189
79 10 228
80 10 180
81 10 209
82 10 252
83 10 231
84 10 291
85 10 219
86 10 252
87 10 238
88 10 71
89 10 223
90 10 152
91 10 254
92 10 272
93 10 301
94 10 96
95 10 154
96 10 85
97 10 297
98 10 259
99 10 277
100 10 250