0.00033926963806152344
0.0005018711090087891
0.0002684593200683594
0.0005536079406738281
0.0004572868347167969
0.00033926963806152344
0.00013017654418945312
0.00019240379333496094
0.00015211105346679688
0.000370025634765625
0.0009026527404785156
0.00017547607421875
0.0009620189666748047
0.0008335113525390625
0.0004401206970214844
0.0003726482391357422
0.0009882450103759766
0.0006384849548339844
0.0003337860107421875
0.00031113624572753906
0.0005815029144287109
0.0004723072052001953
0.00018024444580078125
0.00022912025451660156
0.0017445087432861328
0.00029015541076660156
0.00026226043701171875
0.00023436546325683594
0.00045418739318847656
0.00021338462829589844
0.0005071163177490234
0.00021576881408691406
0.0006821155548095703
0.0004961490631103516
0.00048089027404785156
0.0003616809844970703
0.0001652240753173828
0.0004763603210449219
0.0008971691131591797
0.0009062290191650391
0.0002193450927734375
0.0004210472106933594
0.0006043910980224609
0.00029277801513671875
0.0005853176116943359
0.0006229877471923828
6.985664367675781e-05
0.0003368854522705078
0.0014421939849853516
0.0006787776947021484
0.000965118408203125
0.00018835067749023438
0.0007407665252685547
0.00021886825561523438
0.0007436275482177734
0.001976490020751953
0.0003693103790283203
0.0010459423065185547
0.0003631114959716797
0.0007979869842529297
0.0005648136138916016
0.0007252693176269531
0.0001556873321533203
0.0009551048278808594
0.0002033710479736328
0.00044727325439453125
0.0008261203765869141
0.0002522468566894531
0.0005841255187988281
0.0003743171691894531
0.0009834766387939453
0.0004532337188720703
0.0014979839324951172
0.0005445480346679688
0.00023937225341796875
0.00036525726318359375
0.0006203651428222656
0.0005733966827392578
0.0004494190216064453
0.00035500526428222656
0.00043201446533203125
0.0005502700805664062
0.0006129741668701172
0.0007665157318115234
0.0003330707550048828
0.0002644062042236328
0.0003008842468261719
0.0007812976837158203
0.00028896331787109375
0.00023317337036132812
0.00037360191345214844
0.00035691261291503906
0.00025153160095214844
0.00030303001403808594
0.0003101825714111328
0.0003762245178222656
0.0006520748138427734
0.0006504058837890625
0.0004258155822753906
0.0003459453582763672