1.8835067749023438e-05
1.5497207641601562e-05
1.4543533325195312e-05
1.4066696166992188e-05
1.4066696166992188e-05
1.4066696166992188e-05
1.4066696166992188e-05
1.3828277587890625e-05
1.3828277587890625e-05
1.3828277587890625e-05
1.3828277587890625e-05
1.3589859008789062e-05
1.3828277587890625e-05
1.3828277587890625e-05
1.3828277587890625e-05
1.3828277587890625e-05
1.430511474609375e-05
3.552436828613281e-05
1.4543533325195312e-05
3.3855438232421875e-05
1.4781951904296875e-05
1.5020370483398438e-05
1.4781951904296875e-05
1.4543533325195312e-05
1.5020370483398438e-05
1.52587890625e-05
1.4781951904296875e-05
1.4543533325195312e-05
1.4781951904296875e-05
1.5020370483398438e-05
1.52587890625e-05
1.52587890625e-05
1.4543533325195312e-05
1.4543533325195312e-05
1.4781951904296875e-05
1.4543533325195312e-05
1.5020370483398438e-05
1.4543533325195312e-05
1.430511474609375e-05
1.4781951904296875e-05
1.52587890625e-05
1.4781951904296875e-05
1.6689300537109375e-05
4.792213439941406e-05
1.5497207641601562e-05
1.5497207641601562e-05
1.5497207641601562e-05
1.4781951904296875e-05
1.4781951904296875e-05
2.9802322387695312e-05
1.5497207641601562e-05
1.5497207641601562e-05
1.5497207641601562e-05
3.695487976074219e-05
2.86102294921875e-05
1.5974044799804688e-05
1.52587890625e-05
1.52587890625e-05
1.52587890625e-05
1.52587890625e-05
1.52587890625e-05
1.5497207641601562e-05
1.5735626220703125e-05
1.5974044799804688e-05
1.52587890625e-05
1.52587890625e-05
1.5497207641601562e-05
1.5735626220703125e-05
1.52587890625e-05
1.5497207641601562e-05
1.5497207641601562e-05
1.5497207641601562e-05
1.52587890625e-05
1.5020370483398438e-05
1.5020370483398438e-05
1.52587890625e-05
1.52587890625e-05
1.52587890625e-05
1.52587890625e-05
1.5497207641601562e-05
1.5497207641601562e-05
1.52587890625e-05
1.52587890625e-05
1.5020370483398438e-05
3.337860107421875e-05
1.5497207641601562e-05
1.5735626220703125e-05
1.5020370483398438e-05
1.5974044799804688e-05
1.52587890625e-05
3.123283386230469e-05
1.430511474609375e-05
1.4543533325195312e-05
1.5020370483398438e-05
1.5735626220703125e-05
1.52587890625e-05
1.52587890625e-05
1.5735626220703125e-05
1.52587890625e-05
1.5974044799804688e-05