1.5974044799804688e-05
1.239776611328125e-05
2.47955322265625e-05
1.1205673217773438e-05
1.0728836059570312e-05
2.288818359375e-05
1.0251998901367188e-05
1.0013580322265625e-05
1.0013580322265625e-05
9.775161743164062e-06
1.0251998901367188e-05
9.775161743164062e-06
1.0013580322265625e-05
1.0013580322265625e-05
1.0251998901367188e-05
1.0013580322265625e-05
1.0251998901367188e-05
1.0013580322265625e-05
1.0251998901367188e-05
1.0013580322265625e-05
1.0013580322265625e-05
1.0251998901367188e-05
1.0013580322265625e-05
9.775161743164062e-06
1.0013580322265625e-05
9.775161743164062e-06
1.0013580322265625e-05
9.775161743164062e-06
1.0251998901367188e-05
9.5367431640625e-06
1.0013580322265625e-05
1.0013580322265625e-05
1.0013580322265625e-05
1.0013580322265625e-05
9.775161743164062e-06
1.0013580322265625e-05
9.775161743164062e-06
9.775161743164062e-06
9.5367431640625e-06
9.775161743164062e-06
1.0013580322265625e-05
9.775161743164062e-06
9.775161743164062e-06
9.775161743164062e-06
3.170967102050781e-05
2.3126602172851562e-05
9.298324584960938e-06
9.059906005859375e-06
9.298324584960938e-06
9.298324584960938e-06
9.298324584960938e-06
9.5367431640625e-06
9.298324584960938e-06
9.298324584960938e-06
9.298324584960938e-06
9.298324584960938e-06
9.298324584960938e-06
9.059906005859375e-06
9.5367431640625e-06
8.821487426757812e-06
9.298324584960938e-06
9.298324584960938e-06
9.059906005859375e-06
9.298324584960938e-06
9.298324584960938e-06
9.298324584960938e-06
9.059906005859375e-06
9.5367431640625e-06
9.5367431640625e-06
9.298324584960938e-06
9.298324584960938e-06
9.298324584960938e-06
9.775161743164062e-06
9.059906005859375e-06
9.298324584960938e-06
9.298324584960938e-06
9.298324584960938e-06
9.5367431640625e-06
9.298324584960938e-06
9.059906005859375e-06
9.298324584960938e-06
9.298324584960938e-06
9.298324584960938e-06
9.298324584960938e-06
9.298324584960938e-06
9.059906005859375e-06
9.5367431640625e-06
9.5367431640625e-06
9.298324584960938e-06
9.059906005859375e-06
9.5367431640625e-06
9.298324584960938e-06
9.298324584960938e-06
9.059906005859375e-06
1.52587890625e-05
1.1682510375976562e-05
1.1205673217773438e-05
1.4781951904296875e-05
3.0040740966796875e-05
1.0967254638671875e-05