2.8848648071289062e-05
2.47955322265625e-05
2.3365020751953125e-05
2.3126602172851562e-05
2.288818359375e-05
2.288818359375e-05
2.2411346435546875e-05
2.2411346435546875e-05
2.2172927856445312e-05
2.2649765014648438e-05
2.2172927856445312e-05
2.2411346435546875e-05
2.2411346435546875e-05
2.2649765014648438e-05
2.2172927856445312e-05
2.2172927856445312e-05
2.2411346435546875e-05
2.2411346435546875e-05
2.2411346435546875e-05
2.2172927856445312e-05
2.2649765014648438e-05
2.2172927856445312e-05
2.2649765014648438e-05
2.288818359375e-05
2.2649765014648438e-05
2.2411346435546875e-05
2.288818359375e-05
2.193450927734375e-05
2.2411346435546875e-05
2.193450927734375e-05
2.2649765014648438e-05
2.2172927856445312e-05
2.2172927856445312e-05
2.2649765014648438e-05
2.2172927856445312e-05
2.2172927856445312e-05
2.2649765014648438e-05
2.2411346435546875e-05
2.2411346435546875e-05
2.2411346435546875e-05
2.2411346435546875e-05
2.2411346435546875e-05
2.2649765014648438e-05
2.2172927856445312e-05
2.3126602172851562e-05
2.2411346435546875e-05
2.2649765014648438e-05
2.2649765014648438e-05
2.2172927856445312e-05
2.2411346435546875e-05
2.2649765014648438e-05
2.193450927734375e-05
2.2172927856445312e-05
2.2411346435546875e-05
2.2172927856445312e-05
2.2411346435546875e-05
2.2411346435546875e-05
2.288818359375e-05
2.2411346435546875e-05
2.2172927856445312e-05
2.2649765014648438e-05
2.2649765014648438e-05
2.2172927856445312e-05
2.2172927856445312e-05
2.2649765014648438e-05
2.2411346435546875e-05
2.2411346435546875e-05
3.6716461181640625e-05
2.2172927856445312e-05
2.288818359375e-05
2.288818359375e-05
2.2172927856445312e-05
2.3603439331054688e-05
7.43865966796875e-05
2.4080276489257812e-05
2.2649765014648438e-05
2.2649765014648438e-05
2.2172927856445312e-05
2.2411346435546875e-05
2.2172927856445312e-05
2.2411346435546875e-05
2.288818359375e-05
2.2649765014648438e-05
2.2411346435546875e-05
2.2172927856445312e-05
2.2649765014648438e-05
2.2411346435546875e-05
2.193450927734375e-05
2.2649765014648438e-05
2.2649765014648438e-05
2.2411346435546875e-05
2.2172927856445312e-05
2.2411346435546875e-05
0.00012540817260742188
4.506111145019531e-05
4.267692565917969e-05
2.47955322265625e-05
2.4318695068359375e-05
2.288818359375e-05
2.2411346435546875e-05