6720
13614
2112
3784
4923
8747
5957
8251
14697
6459
9628
10576
12820
7423
12617
16069
3685
9196
9189
4062
10966
7936
10786
5547
6474
7703
11929
17726
7565
3602
783
9120
5545
5799
5624
10780
7532
12313
2255
8822
17254
8031
6553
5677
7055
7713
5149
11451
14140
8894
11230
2221
11479
13518
8005
4819
6217
6202
6444
5008
14273
16161
7346
2998
5338
9736
10955
13265
15543
8061
8362
5117
9740
7384
8354
8700
7593
5299
11187
6493
1016
9981
7571
11901
10397
3803
6319
5178
12113
15564
5465
7060
6918
3390
6043
9509
6802
7957
5517
9471
13004
6804
16611
11889
12372
9645
12716
7971
6346
8334
6373
4183
5222
8187
17696
5872
9822
9344
2590
10658
4208
9714
7769
5998
8131
4344
6980
5870
3591
7319
3376
6138
16097
7381
5459
12194
8589
14008
8267
4878
10974
7000
10502
5289
11721
9051
4052
8974
6848
12493
11625
13026
7058
12562
5250
10069
6877
7568
8545
5763
3402
4333
9587
12984
3587
12154
12179
5072
8118
5037
8157
4734
11742
8793
5235
7319
12904
6816
10445
7085
11190
4150
7390
6776
6007
7971
11570
10119
5794
14057
10545
3342
3955
2081
5314
12986
3290
5138
4626
9255
5219
13840
5282
11552
7316
10196
1660
6422
4335
7368
15631
11138
5176
6414
5972
7323
6015
11387
12307
11734
11093
4641
13639
4920
11593
6503
16044
8856
7421
8968
4416
7681
7290
17787
11159
4220
6087
12623
15221
4839
7293
8607
4849
7495
11956
5823
9225
11520
7248
14773
9189
9903
10180
8768
6424
2960
3691
8251
5889
8738
17275
6422
4824
13210
6664
4715
15377
14928
8733
9899
10523
11948
7877
4151
6283
3730
5197
12206
2650
9257
5435
6367
9130
4501
6937
13809
13732
4095
3351
8003
5908
6282
10239
4574
3706
4532
11154
5747
3773
5258
7182
14854
5472
15223
6965
8374
7806
3961
11445
11790
2892
6277
10787
5322
9830
5970
15191
5666
5471
9863
8873
3358
12469
8243
8165
7176
7429
5640
9415
3474
8220
11192
16430
12259
5458
3566
6223
5498
6092
5729
7821
10258
4304
14498
9285
9067
10731
6917
7018
7648
14147
6689
6023
977
12639
5411
8332
8120
13665
10556
4935
6961
1114
7054
15881
11018
3983
6493
3597
4934
6765
6437
3250
7337
6718
11559
15911
9925
3995
4583
6069
7357
5633
4759
9434
3737
12073
12145
8218
17240
9287
4424
6901
13452
4226
11069
3698
12246
6560
6976
7741
16413
6247
2742
2252
6409
4430
9344
7895
5426
4189
9161
6466
2946
6439
8808
17329
6035
6981
6862
8465
8929
21675
10993
10668
6171
6655
6883
9736
5687
9227
6696
5108
5267
7383
7008
15017
5185
11871
6252
1137
6232
8023
4409
9399
9045
5910
5899
6507
8862
12859
12054
13866
4629
9688
10609
10466
5295
10172
4907
5960
7652
5993
8113
12033
7107
10125
7401
12914
12488
5084
11525
4831
8698
3247
7451
7303
7927
11465
3145
8500
3099
22397
8560
14739
2151
5009
7129
8073
8702
3636
11147
10312
7633
3912
9629
4754
7516
18224
11654
