583609
861666
589644
749763
1093918
624581
461749
608552
1085038
401180
465901
310408
1139424
617400
342798
1069708
629696
436243
483499
538704
1175271
408948
620335
708667
462361
538372
604708
972314
777479
1324940
462482
704908
682977
660003
728246
672973
454093
383765
847148
1115064
503893
854672
601654
374574
854933
631561
381857
379390
711577
514284
1256499
978099
552083
931520
536563
244541
734261
655503
559006
584527
471712
498869
710516
701394
930854
628150
366019
658238
629534
1378257
410590
749471
556487
458733
1410234
603355
444873
1247889
427605
431488
528839
1430226
1074966
1078166
559390
718836
1364535
604930
822087
303966
787735
969762
1447092
1234974
372550
932533
505588
650384
639979
956948
1080552
876745
441102
449327
659129
609734
970831
745455
753327
610601
1113337
1287505
582896
848112
843701
547150
1013991
1208146
1374536
453673
1245692
700421
820998
1230511
474577
541777
554797
925407
488687
850115
626626
986561
419250
566639
392882
693156
781148
484372
471455
796958
1268033
1111036
530344
712664
522270
634466
1079181
368492
462163
644159
479320
1204965
1018186
555708
464810
901667
317733
621479
461381
631574
1168095
606665
650151
949958
1088065
912323
868158
553077
1250829
925622
608990
440590
245962
756069
469578
1147360
1145951
1378901
964447
991783
827913
596055
950064
393179
490202
845853
960114
789943
399290
698885
1138645
682680
831179
491375
570455
331649
559235
945163
874662
939637
611920
1388911
1161299
1479564
1253704
429666
419228
835924
500943
474891
691809
406976
510199
627197
581688
678066
725022
964532
422961
692391
1226153
532583
1276266
814544
578660
790914
1099416
554341
784698
643288
1021838
267965
476081
630201
1273920
443688
430298
479625
617377
480373
689873
1445271
627264
676142
753801
615004
418626
347816
1115842
892141
901300
930274
506975
1181733
975281
730092
404203
715767
599977
844164
1164247
1018183
1029360
333581
1300224
1298856
488904
1357400
483686
617916
1164680
690777
1371668
360820
671406
931982
487527
443699
650828
493709
579726
800690
602208
917095
545787
887724
946683
982469
594622
623919
385705
799046
551090
797966
567224
1127147
560118
701749
362187
741926
534550
699667
500432
1021823
673642
621581
411295
682168
749511
287327
582416
854646
576319
1021813
543562
1195996
1424609
507870
437823
794614
509335
994436
673749
793460
433045
458993
519691
370240
473153
710166
452148
303514
1221720
375460
870024
993055
664720
637736
628855
504038
692221
933678
510794
675305
466238
944925
358771
613785
605387
885133
1389038
671156
577522
490336
913016
734566
551112
1232481
557119
549584
430802
567498
740848
451150
957146
532378
626917
422273
522715
1059464
642416
1164808
862817
769493
564455
713683
559332
1263515
447715
1158018
807296
665843
607874
366648
456843
1392233
572932
952755
1513225
574563
566360
709350
1197791
737259
564112
409013
567835
778677
478246
556258
554570
1040213
819145
592113
721600
855325
381501
790612
435749
448234
1172504
702031
760624
587999
473551
545164
608827
322529
685189
585401
503411
910702
641145
631708
374208
997196
786212
666804
617721
593076
1135734
387757
1022733
770899
684761
770576
731193
765278
436493
627704
678931
490333
372363
567401
1032853
477032
940646
818820
470598
609410
805063
1057644
832490
568453
643910
865682
1488044
751610
365364
618601
462770
379601
609055
975478
1324509
374278
632166
521768
466553
1214403
903263
611255
671084
862373
1015353
585062
1511293
408684
485738
697070
647532
563788
1181104
515686
586085
479848
828545
540582
867605
818245
476871
407088
547473
1773970
771426
1412421
1470279
457700
466063
946557
