318565
674842
694980
249390
273020
449117
230479
659273
644055
232039
305176
322844
185114
322085
303207
807215
588488
326679
364232
376950
537940
482225
542425
347916
277893
691952
398185
626856
669194
371543
336974
382416
360892
430012
385464
536019
264836
564446
447115
262076
624202
331654
177559
384062
797486
246932
312346
510288
190586
596788
211622
339928
274248
643003
367470
531006
247323
680824
308543
331928
299720
378712
298613
516144
266190
334228
253597
255403
337173
311332
581522
522899
480400
274314
318234
355436
444677
367763
685689
625095
613712
456258
421040
616478
392092
206138
229383
313838
500023
669713
450715
249201
513190
276887
422500
361120
254308
575591
522153
284889
223506
678018
368307
240684
281169
344312
314805
331339
519689
530095
250137
487014
283529
405841
831951
325156
225811
397981
215525
301511
236920
446617
524278
277203
359287
305760
460528
383514
473986
583711
341937
257499
541979
390744
250937
257944
404300
611414
197321
313226
316718
843342
387528
319420
247527
545107
409850
238770
158533
479280
309171
335334
740938
320127
461933
427516
307401
329274
287957
340050
409088
493106
335141
750667
464075
782347
400204
530992
617306
436693
455292
391969
253560
300174
400380
299658
192101
266008
988496
328355
839031
274625
273707
505079
719676
317817
428644
407493
430655
360658
375062
341065
375227
315860
399606
402491
303002
354681
638067
353528
264408
253944
502231
373192
512531
424821
217421
225181
329101
357111
259314
322505
880384
280084
566739
567810
811303
440392
672913
387948
408280
475933
251015
384922
527366
548447
180405
611710
372061
464799
507399
462241
414961
335485
245848
261470
520380
501007
261339
315628
196047
254218
485516
546981
480392
335690
482405
441399
218228
386565
360073
259960
556561
272057
432974
575514
292498
424268
712216
479072
263806
564782
640633
302071
519375
412283
309862
392633
274306
279192
377347
225380
307428
615393
358820
360116
221190
561166
291713
301672
574601
554954
550265
264074
427900
238213
273571
312296
355513
355259
595514
470215
794408
341623
424043
418707
232307
368114
444955
244537
616186
536965
376655
693706
234096
489342
304407
329026
277797
283574
717105
484152
541846
303698
294175
424223
654722
425586
263925
418860
459249
293138
301326
231528
743174
258815
357015
450650
319305
331725
341151
269376
599706
262429
557390
281591
494845
349738
278153
455966
719197
317479
469242
311313
429579
597357
328539
242883
532611
190418
261027
485165
232042
482188
553286
447855
345876
468106
368973
322975
475088
450317
333561
634557
543599
251676
428596
754350
215545
389704
281501
257159
286200
521927
319549
475238
530949
530523
611052
301591
636835
261000
741181
200142
341989
530075
232621
285570
411057
229935
623959
230825
236992
312510
610231
252083
540800
239424
329700
245209
263745
254278
621420
236126
304016
310663
291210
537233
512940
277082
530212
383199
328363
549322
732018
591907
517091
328835
501375
367484
369465
391867
463121
660854
406538
453070
663450
288321
432035
549858
342662
338588
298256
554317
398327
355169
346855
519524
242934
632996
209273
316041
409805
582677
423016
344302
609438
565578
217305
245828
574346
242404
225867
226707
452272
309109
341211
481662
285559
390557
369828
238065
521216
367145
530068
624371
893960
438014
596432
270035
332772
384962
225743
398131
815962
675159
257933
689784
279530
309373
331684
295831
256127
481636
258853
847053
423489
308471
275579
410486
549697
308953
314213
217551
552474
253288
337414
463899
242526
174581
