16485
19784
35112
30075
41657
27516
26010
32309
20272
25609
46572
18901
33987
24106
14677
28660
26339
51981
16247
19203
29070
24834
48849
32831
24617
23239
42240
14707
36260
19607
22579
35616
25794
22089
29632
20369
54968
23188
30378
23318
22669
26668
19601
18643
24639
54079
22830
32361
27626
33653
27456
25839
16100
25933
18919
29067
30903
49388
24375
40809
38956
17996
16255
22250
26322
22949
40627
32033
23937
25163
27144
22122
14306
33833
33130
32741
19640
38086
17321
21285
25708
23025
21192
52008
22528
15388
51521
29945
18750
35197
48865
19040
17444
20186
29519
21826
15887
28031
43626
41878
41714
38536
21111
22169
20809
22701
29824
29722
20727
15805
29912
26783
26674
37322
52879
25703
15071
16360
16372
32822
28051
49634
45498
22988
33117
15874
21658
19488
16701
33724
25693
34368
20225
17204
18932
19136
38739
47414
43644
41167
20730
37438
16925
53240
25126
26506
26725
33763
19638
49664
63292
31466
34061
22191
19238
59964
37646
39059
25455
13075
16431
16571
20099
25610
20884
16704
58783
25569
26969
31434
19312
31796
58852
43679
39596
21375
24753
29501
23293
36112
23412
15417
50142
22611
48192
41212
26106
19301
22033
21767
30792
23490
24172
46137
34953
19771
40663
46151
60371
39007
47395
45097
42659
28697
26054
27493
40874
34146
23433
25521
30638
23880
10292
22750
36898
27442
39137
43818
19393
25106
47593
27653
40789
30603
26487
34564
46965
29906
24008
37889
57643
41555
55903
50885
64980
17375
20896
36826
31385
33319
37685
50585
21506
18329
42674
27689
19857
23509
37464
27397
28443
36256
25448
25951
26902
47514
16415
29346
40154
29448
43932
56746
28889
44133
20237
20091
23066
24485
30895
27704
33729
25957
31238
21101
21176
43330
36292
20565
17029
39546
43837
68222
39305
19403
19922
36243
19500
35420
32405
45782
32970
30731
33534
49066
33290
19427
28916
51785
31089
17864
21303
15379
42235
25345
25538
24905
34034
41200
24279
26499
26592
23998
23997
14948
33192
29499
18157
22281
25692
52349
41564
22416
18225
24756
24300
27882
40111
26322
53510
16837
51175
40529
29074
41010
38536
34424
19918
39327
42777
52412
19765
22056
17372
30302
49769
29471
14775
23760
23024
19243
23203
31134
17333
20158
21107
18973
24341
60500
26106
26179
34037
31791
20615
27535
19828
32953
21676
37247
30311
66329
26113
21735
24245
19704
18885
39721
20764
32186
16661
43068
44358
18699
21643
24535
52676
50923
26007
21305
30364
17565
19630
57168
16390
21002
15694
19934
28949
32195
27495
15275
23849
32547
20401
34995
44417
42694
38294
46591
25521
26767
55977
30919
42484
31499
18960
40737
36674
25182
57563
35739
30312
33451
26925
33190
43407
38641
22463
43067
23293
15898
28993
30352
51827
49864
17406
30804
19666
60281
24961
19626
31797
24668
27103
36719
26905
43528
41185
23354
36773
56272
14600
34016
20712
56000
18194
37530
28411
15549
42186
40273
35155
24085
30655
36817
22972
26806
16317
18409
44471
24201
37689
46315
14695
19149
32686
38390
16238
23550
60074
20680
26871
15753
18843
20614
19510
29477
30161
35349
37370
41613
19660
54017
20381
22583
24989
42810
17718
32989
49399
35210
