27721
33315
58927
50674
70052
46118
43834
54502
33804
43058
78486
31729
57165
40449
23325
48068
43896
86793
27798
32572
49011
41921
81994
55503
41291
39132
70994
25048
61195
33033
37965
59739
43344
36998
50327
34045
92400
38978
50782
39186
38028
44628
32790
31270
41543
90733
38627
54480
46418
56416
46029
43293
26819
43457
31967
48812
51913
82800
41177
68312
65433
30553
27244
37223
44093
38344
68361
53729
40137
42242
45635
37362
24109
56717
55617
55134
33107
64297
29005
35922
43393
38620
35289
87105
38121
25575
86504
50323
31229
59011
82018
32137
29503
33936
49781
36668
26555
47139
72972
70416
70258
64509
35532
37461
35140
38063
50160
49851
34685
26930
50424
44909
44567
62662
89082
43176
25675
27605
27373
55138
47011
83982
76530
38314
55596
26753
36318
32635
27864
56701
43221
57779
34038
29401
31690
32177
65162
79549
73345
69294
34809
63029
28489
89008
42087
44726
44866
56859
33060
83232
106131
52682
57132
37506
32426
100934
63264
65657
42840
22296
27494
27785
33841
42928
35235
27910
98712
43130
45407
52808
32296
53359
98878
72999
66571
35858
41399
49635
39303
60766
39589
24859
84249
38026
80809
69304
43742
32564
36684
36578
51748
39586
40538
77123
58693
33297
68259
77854
101172
65724
79326
75561
71412
48023
43779
46039
69113
57179
39420
42771
51524
40260
17357
37946
61858
46164
65664
73422
32467
41996
79664
46455
68388
51361
44577
58144
78516
50221
40253
63361
96723
69775
93700
85515
109027
28680
35076
61569
52608
55881
63081
85112
36218
31012
71833
46517
32754
39607
63120
46065
47473
61068
42734
43488
44908
80286
27686
49137
67470
49566
73958
95150
48172
73965
33981
33527
38886
41173
51943
46389
56559
43735
52685
35508
35569
72880
61022
34722
27197
67021
73881
114195
66197
32675
33296
60731
32757
59728
54305
77021
55224
51533
56333
82474
55951
32992
48520
87222
51826
30207
35839
25975
70987
42710
42577
41800
56883
69183
40843
44776
44683
40558
40271
25106
56072
49619
30450
37537
43144
88017
69961
37682
29279
41296
40710
46776
67453
44294
89966
28217
85966
68213
48734
68583
64631
58031
33166
66074
71703
87921
33138
37294
29220
50877
83695
49209
24842
39828
38588
32535
38967
52425
29320
33901
35445
29735
40766
101293
43892
43912
57550
53744
34587
46569
33068
55469
36240
62446
50941
111144
43803
36471
40658
32878
31825
66213
34799
54265
28121
72419
74338
31499
36380
41378
88449
85692
43620
35840
51264
28883
32691
95931
27473
35236
26570
33514
48334
53811
46250
25739
39989
54568
34347
58707
74647
71621
64245
78365
42871
45014
94354
51955
71204
52647
31665
68129
61739
42435
96924
59728
50692
56155
45327
55878
72820
64789
37701
72832
38945
26690
48629
51165
87379
83641
29401
52130
32954
100979
42220
33156
53656
41356
45873
61509
45165
73271
69193
39290
61774
94384
24436
57084
34663
94075
30716
62892
47580
26246
70845
67741
58978
40459
51643
61760
38457
45466
26954
30644
74760
40775
62862
77886
25512
32214
54800
64602
27479
39550
100610
34248
45226
27252
31478
34514
33416
49414
50724
59646
62954
70083
31946
90713
34259
37868
42221
71811
28732
55239
82471
59003
