237479
225537
290742
159191
160514
166011
176389
102873
368800
417088
255331
186636
216263
165889
149315
158987
173337
192131
133216
136252
379142
122260
189878
232391
318044
236407
309885
336220
245437
106767
124963
215908
323094
257674
171837
341577
258391
309493
309559
139977
133967
276740
295278
114672
160825
294549
148907
240886
379723
103604
150096
473588
169007
144167
269732
171333
144848
333529
205912
199508
146521
479003
196528
131247
304574
165696
289329
255597
126422
204193
141725
111220
162342
208427
279327
130010
213094
187491
221719
169649
145401
182431
200337
280452
256497
142407
182710
112244
184842
238593
282297
289761
315429
181326
171691
228691
111335
157123
129052
156773
266681
236661
210111
347651
253609
225629
235058
168257
332528
353370
112221
127923
329552
162130
193467
197357
150513
298136
253578
377118
315544
118237
247154
216741
99246
229749
144440
165567
130057
421773
114755
172822
151576
184065
228160
178842
124874
156131
309988
143119
268785
355695
124111
242853
205729
138025
249238
291412
220058
131011
202452
120446
153474
149495
126234
183738
147398
133620
205674
144398
150910
181835
96072
187485
351726
218982
503920
234650
238582
190090
351776
144028
222727
240450
221057
115883
226293
187879
234432
166450
151432
201320
210796
243239
136861
293887
271042
315957
207353
229267
258919
210079
245473
103570
190209
368394
279705
248955
327547
340197
122324
166907
299309
258517
196781
142531
148588
127452
208591
194182
145270
131614
142372
287468
213123
112987
188076
174685
315503
132722
115381
248289
173747
140017
247230
342378
412963
226382
394659
162381
167761
213765
154647
212201
191706
253049
216416
282740
172190
168716
165684
282170
265657
188323
147913
150826
171925
193636
162134
220205
195685
133213
322439
217038
120700
367085
161134
111760
157750
150834
118779
162202
240185
313679
462958
161486
333712
325295
226085
139634
148685
164183
201454
265837
173547
295115
245789
335185
250692
129955
205947
279083
378561
128558
346462
103862
219065
233143
119167
251696
380598
366976
310043
235728
190716
315086
272274
125250
157230
260369
232878
208924
179666
361224
446661
129279
287106
131264
202023
181963
283407
263090
179764
182987
262505
154366
348177
214542
317624
320243
442778
152670
194087
382822
199450
132842
324611
148891
305044
240980
153923
173495
153148
226946
315201
211523
261521
122897
199780
254572
112917
161017
127740
252726
208514
404868
111781
138846
155370
146824
114304
418500
151927
198331
132990
219049
329328
169315
270120
139663
178818
204793
118149
143128
133200
113854
176836
186134
160855
318340
147521
126594
137794
119565
82010
129967
192243
174496
129177
120756
135303
271213
233247
223108
152094
295084
336605
339677
183949
160525
127250
166606
186012
275656
239385
182820
377239
170716
196648
377824
174708
257976
148147
224464
146981
259600
113826
163585
165599
401954
177642
395247
170513
282617
411071
202878
240061
238907
189212
235716
145787
169724
357636
146018
188119
192270
266076
168486
139782
383742
168765
357091
156938
352705
228659
134081
157442
126615
132892
242180
344543
167174
178951
140079
188577
161345
391668
232606
244932
329096
213406
214148
265710
244319
310225
302460
181408
262468
166745
111733
242467
218179
207501
201274
182642
118772
182741
250662
151091
164302
276673
106526
246962
202041
200559
146672
216517
263757
190459
162669
313818
172571
198674
231673
116656
136974
128456
181331
199812
293135
134549
134170
236047
379721
216176
297744
314349
139188
338670
315936
