793495
753964
971455
531516
536420
554881
589612
344006
1232081
1393868
853204
623280
721561
553971
498156
531436
579707
641448
444696
454937
1266631
408925
634915
776301
1062676
790198
1035540
1123248
820680
357238
418299
720965
1079128
860745
573780
1141081
863261
1034998
1034200
467812
447849
924650
986237
383583
537539
984420
497709
805195
1267978
345666
500996
1581232
565004
482370
901355
573730
484079
1114114
687823
666351
489312
1599664
656927
435177
1017794
553549
966340
853621
422931
682489
473138
371554
542628
696526
933103
434189
711659
626094
741468
567230
485887
609583
669147
936733
857238
476619
611050
374581
617181
796118
943948
968317
1054379
606013
573852
764205
371536
524414
431331
523735
891607
790200
702812
1161797
847960
754028
785476
562041
1110760
1179943
355360
428056
1101356
541807
646613
659289
502962
995715
847135
1259956
1054454
393797
825757
724676
332380
767738
483430
553596
434485
1408827
383267
577781
506676
615201
762816
597167
417571
521616
1035238
478041
898929
1187779
415413
811246
688047
461378
833282
974151
735421
438183
676116
402716
513582
499529
422478
614123
493469
446456
687370
483004
504353
607139
323537
627592
1174966
731399
1682026
784311
797339
635590
1174734
481424
744284
804309
738759
386692
756025
627691
782905
555933
506605
672914
704307
812785
457097
981449
905921
1055778
692988
766042
865069
701831
819606
348784
635966
1230174
934253
832571
1094381
1136064
409234
557406
1000325
863235
657115
475748
496298
425954
696887
649746
485631
440703
475827
960627
712278
376826
628300
583222
1054272
444643
385811
829329
580272
467436
826126
1144818
1379460
755730
1318066
542793
560886
714710
517050
709402
640754
845022
723426
944179
575532
563096
553547
942538
887518
629921
493673
504246
575039
646872
542120
735054
654114
445704
1077401
725507
403623
1226094
538649
372485
527635
503246
397239
542221
802418
1047204
1547039
539486
1114618
1087244
755809
467126
496888
548315
674065
887830
579869
986206
820982
1120491
837334
434675
687329
932293
1263989
430204
1157452
345156
731941
779195
397046
840872
1271160
1226044
1035534
787516
638194
1052742
909224
418154
526043
870063
777971
698188
600247
1207240
1492864
432632
958801
438479
675117
607898
946777
878401
600572
611856
876548
515290
1163853
716318
1061258
1070071
1478158
510389
648179
1278734
666906
444570
1084264
497482
1019512
805082
514767
579602
511931
757594
1052050
706532
873551
411430
668040
850287
378288
538792
426576
844401
695958
1352449
340601
464107
518767
490657
381675
1397843
507475
662830
444404
731897
1099644
565838
901843
467147
597590
684735
394136
479043
446568
381390
590287
621961
538871
1062954
492696
422667
460804
398450
276621
434584
642761
583699
432151
396729
452378
906337
779589
745575
508266
986629
1124045
1135149
615161
536271
425017
557922
620937
920358
800189
611063
1260486
570419
657542
1261959
583449
861816
495436
749956
490596
867564
380615
546124
553897
1343167
594212
1320404
569288
943240
1372445
677654
801661
798746
632331
787739
487343
566980
1194356
488314
629764
643178
889295
563539
467264
1281346
563902
1193803
524590
1177892
764711
447850
525714
422184
443957
809537
1151147
558615
597839
467932
630716
538814
1307546
777967
818664
1099251
713724
715633
886663
815978
1036586
1011658
605714
876093
557015
373768
810738
728473
693211
672634
609999
396834
610846
837712
505226
549749
923984
355944
825736
675239
670062
489142
724006
881316
636030
543246
1048881
576563
664112
774376
390058
457948
428942
605429
668712
979208
450598
448210
788442
1267624
722332
995492
1050226
465397
1131756
1055968
