24
20
520
227
113
3693
153
80
36
33
69
23
1050
1777
137
20
253
6
211
1183
20
2029
601
118
15
445
143
101
97
586
2159
95
1743
25
140
262
1058
4
55
13
3032
114
5
189
75
133
56
1174
228
105
29
17
3540
33
1843
1119
286
270
298
159
82
133
420
52
531
87
17
172
64
28339
137
28
8
757
1166
338
104
34848
21
69
28
49
651
2725
87
2965
87
1269
208
619
14
5307
40
23
14
433
73
768
86
2925
862
5505
3494
122
74
190
82
8
107
124
8
348
19
71
765
40
38
55
4
93
218
10
58
1939
8175
1
344
4601
66
429
121
1
22
35
246
28
74
1036
98
19
2186
140
102
179
45
295
83
2774
5588
1395
193
270
2980
6
90
4
395
151
43
131
639
8
28
862
1475
1345
4224
50
92
52450
179
42
1991
219
111
72
403
5310
52
113
6
83
97
243
2
58
61
41
186
3879
309
4
65
3986
3
47
18
6
3
641
102
68
75
140
61
120
5
36
11
6
25
275
818
17
37
27
52
160
1439
2631
83
144
93
8
70
258
4134
144
498
545
111
117
38
272
887
280
7418
14
75
31
3017
122
41
26
91
40
126
431
98
93
3248
223
731
52
224
823
1976
42
9157
50
51
82
2943
6612
1805
5
323
77
24
1420
1131
37
18
94
62
916
132
32
659
18
43
19
5
167
24
125
346
371
54
247
39
7
2
223
394
21
144
70
5
1653
61
86
91
181
5678
24
1792
931
76
341
114
5012
17
8739
1052
8
157
2121
63
4833
540
35
47
20
7007
384
83
2230
358
14
5
617
34
10
565
116
229
56
86
347
54
39
65
3361
8192
6
674
199
293
248
93
57
26
17
18
598
1349
268
7
228
12
46
8
2020
5
49
8
157
75
1038
11
94
720
40
2
4
137
3
3766
281
363
534
54
30
292
162
50
53
95
296
580
1061
133
17
142
32
201
2052
720
98
30
48
5
184
61
10
406
733
23
75
496
1121
103
14
69
341
2288
618
14
734
23
1092
1205
71
28
4437
55
150
5225
79
2806
141
9
1642
56
23
52
155
107
55
359
567
22
8
1170
10217
45
36
596
17
22
105
8
10
190
207
390
735
44
1112
1608
492
1783
72
81
837
51
88
1890
14
39
71
7220
104
114
246
16
18
6
228
64
85
32
7
9514
35
272
981
48893
1191
247
700
30
17
37
39
689
20
656
5
