548929
605814
843156
743088
601113
1044438
790540
722152
727560
570807
891166
1564409
922986
894791
956193
1257608
1340053
653286
1085703
812251
582670
675086
1355120
490181
558117
661712
571526
1011272
833275
1265163
834096
701640
824703
1271060
618937
656825
1181491
1655136
488124
1438039
1088222
786849
450850
755437
738580
775033
1290781
924141
518883
665659
570792
1311250
784982
570945
767433
1023196
573415
1130600
744262
739535
1159110
773441
554416
606378
975891
1057796
1385158
1066267
1273221
969987
800647
661931
607931
1039912
901192
703192
1407453
910414
424076
575466
1258874
909205
703850
1023278
1000860
760515
554036
618094
809056
871914
487901
959266
585195
1210527
1411027
597406
927638
553289
430727
634153
710063
1219747
681525
769594
845166
671447
1293675
1422779
520171
970551
429975
995104
1212649
867201
922231
1180268
404232
500170
1561000
586989
484534
1722044
610910
1032406
763099
1562374
599538
659694
1338851
1335884
461193
1689982
578484
705113
1287900
1101051
749011
761922
971405
549701
914243
488409
739882
741167
925769
1470644
812347
719323
671072
825965
1374255
813287
777643
395546
863144
593927
916018
540911
1300971
1154224
1058949
494201
526343
952716
1006885
923667
1042167
639933
733987
1008334
1499644
1555740
924497
643960
569147
877901
1011370
601099
1036382
1149022
701270
1318037
746208
797828
1556147
1030269
1316426
621328
450237
702545
1018329
559023
630739
881489
1599395
1422089
622557
1388922
689429
672486
987124
576312
740883
940642
540723
979468
553672
561551
550250
985984
612738
1190892
1234329
636805
712147
520349
959022
716807
1018980
871782
774325
530515
589751
523946
597027
678647
754699
623010
1162325
823219
901708
683605
1082246
524232
660629
853372
743020
433647
489826
527117
1187622
1057520
1370834
613365
1063196
614542
562359
1041405
790524
607250
1009457
810274
837987
663444
1492734
1112261
625079
495376
957110
728901
682902
526785
1001213
689283
1305469
1214723
619010
459418
1246206
985187
624199
580690
1184600
786886
673926
782257
497127
563519
823540
529199
481058
598866
533775
737324
567008
1106098
667567
1033762
505267
1083553
938883
452729
1842025
551332
651932
427852
647227
850604
469894
907616
610054
450644
689895
569573
803472
495523
927037
808520
583183
632639
809981
1168648
480712
659777
1296296
688499
1225604
1195766
587112
1092216
600149
564487
959227
629596
773644
892487
528018
525628
1178345
504484
566956
918045
1236737
1407318
963454
913768
825990
1002418
701602
973948
565863
1211860
616716
629854
674582
1480210
1310295
732856
1076258
936244
633957
1145003
971463
1311494
571373
920858
962087
919016
498793
1062249
1378215
1033305
642247
610889
452523
663582
504892
379285
809752
948420
1410622
555339
496985
664031
389157
522511
1182371
485500
986301
591356
736651
1217124
518960
1283909
500684
842535
635555
524425
1407206
1139127
1006266
832164
1243689
591898
749214
523686
591321
994393
913811
567842
653319
1054361
1450524
623453
702222
562911
771819
949624
439250
1308577
1297006
1082097
513492
522944
736250
1277623
684198
645664
557071
755176
1240425
1196154
695569
639924
987712
737224
1213363
598520
707166
1040015
966208
1099555
533092
1409755
920235
442440
528643
1097015
499781
857655
937063
949487
543843
597743
488659
817377
626634
1314622
1191890
1318030
1346716
1026457
471150
475056
503322
884220
999456
828272
524941
1036148
978624
594292
1236576
853561
928582
1268799
1521462
914447
908569
1289017
704936
977286
1150697
1246813
836735
668233
454887
519514
1649471
901992
710689
885790
1191198
492705
599192
1097332
1555385
589268
825700
1306309
913204
1117625
860180
638980
1101773
573568
673125
606284
1296626
486091
