152538
135762
119733
105849
130756
195818
94323
91501
124492
78759
91550
76027
96863
100745
182244
85001
80946
86728
78129
142317
90516
72491
114460
149205
201844
115220
118870
124289
74433
114781
140832
77440
68913
107486
61493
187043
66819
88031
68233
66077
66722
86566
209560
100838
81494
185696
166648
68721
161311
81795
152196
112747
167800
173448
102735
173618
79015
121791
72949
105437
75301
88747
73788
166242
103113
65844
127856
165748
73060
66065
114961
191798
164345
131189
58347
102827
78837
102453
197688
102243
103021
154995
164419
83834
120291
174838
69544
166512
75065
110538
140726
104100
115809
135340
124368
151759
108869
177234
90675
102340
136196
237627
69045
78384
176046
77285
56190
129133
85666
136014
75996
141024
90333
78144
104424
124478
95890
100662
94580
181247
88714
183629
69418
64749
129372
86740
163571
82870
117281
62688
81197
94137
119728
94239
108718
68514
149263
155345
80248
145077
195992
68702
109809
175470
83852
68126
73789
129631
88070
130532
140423
79480
210657
125411
120216
108612
180673
100687
125185
124559
87248
132598
124802
131187
46202
58666
69425
183656
126630
75260
128982
125709
56839
83108
68580
70589
92079
133431
71434
77776
144952
105473
75994
69685
71687
105746
172100
90869
134156
107156
132921
157426
109179
63405
151076
94004
77948
80247
76946
93136
146696
77101
156514
67792
129035
65182
73280
112672
142056
132503
84293
85896
104846
76419
152190
78001
72392
80088
65724
71560
133535
82996
73307
179582
166046
145889
96241
107884
168785
74269
124979
164407
74545
59513
101325
155646
91834
163653
88787
75661
98155
97634
102629
65851
73574
141302
91362
64634
96202
67436
75959
93438
129730
217927
149119
83192
78617
75747
224878
93952
154786
73565
130315
57941
82975
90310
177736
109698
136086
163093
118535
199296
210967
67627
79619
77747
73502
176751
83524
63768
150031
63384
59225
75190
61221
143068
189056
176874
101174
86340
113177
103757
138674
81433
165059
80527
117959
88696
119206
80710
128861
122361
214215
137836
67703
137969
87574
124549
64897
134283
157918
149963
91818
64871
115005
74985
131447
91953
103272
145739
96404
146854
121809
79343
73731
199313
60110
148195
94693
145106
98386
125493
127945
170027
122432
84018
71967
77887
121599
79099
131326
98684
77198
140525
144135
123201
74513
126647
97877
125767
106067
96351
97135
156465
128336
87244
90298
99532
109293
71453
167702
72723
67217
116664
68431
97092
203528
70491
76312
75761
115907
135508
69693
155423
84278
160172
59120
105005
84630
94431
84778
69493
151118
142894
64761
203058
149118
130245
118312
95198
68863
72107
71483
86795
177413
121934
81001
185232
141774
114441
203626
87116
81863
84242
197089
99606
194196
93937
92320
89782
96026
93230
71493
97960
86329
191312
73627
130959
82286
70153
79522
88193
210773
113040
114437
138946
162423
82819
92970
137436
122023
108207
96883
119177
91519
74613
131336
99708
82620
57194
106384
69363
142637
113518
116159
66992
77094
78363
92088
105859
60496
118176
99045
119548
87842
108444
81240
95628
107948
79612
147809
176149
149344
91324
142638
87017
178375
115521
66196
96351
86306
57157
149267
139330
142251
67003
88794
79153
165413
101271
169201
194128
90943
77937
93920
122193
63785
85807
88488
83256
143825
68884
124131
86068
165018
139150
101067
79972
118967
123259
