3091451
2802039
2440961
2260295
2808603
3764024
2024621
1911826
2576867
1625455
1937221
1641650
2071055
2132111
3914383
1648905
1692450
1860338
1689099
3057893
1914859
1563125
2374820
3174341
4263201
2492031
2120928
2658007
1586789
2457913
2842584
1582494
1468925
2314897
1328894
3962715
1435197
1674943
1461626
1428508
1410990
1832068
4419550
2062738
1721994
3827728
3449957
1487634
3482918
1714816
3127011
2198972
3510412
3668530
2153794
3737615
1678485
2628147
1465561
2093602
1590103
1913682
1512427
3585407
2198726
1354724
2739564
3395794
1555381
1387760
2465607
4120319
3499337
2798486
1255009
2156259
1646984
2196296
4259098
2119561
2162744
3291340
3555198
1726167
2598596
3573096
1465010
3254251
1607466
2390168
2953395
2239635
2422586
2831636
2677472
3276466
2339331
3825073
1887447
2157196
2947444
5104942
1493207
1607459
3797841
1639164
1204229
2744068
1702545
2949356
1411755
2953787
1931408
1683407
2095395
2546465
2064350
2090572
1980348
3890540
1826807
3877824
1482697
1307034
2687485
1755673
3486548
1798413
2441053
1334698
1744272
2026630
2585939
2030487
2331422
1438563
3194697
3331935
1729445
3005852
4192280
1450375
2357634
3697603
1749676
1429334
1540895
2757151
1886586
2588849
2970621
1685028
4267546
2522149
2591436
2200696
3854076
2107291
2697032
2585539
1775419
2754588
2597951
2814571
922514
1191623
1506801
3856621
2714995
1610643
2629796
2689637
1232141
1801568
1451304
1442233
1990105
2874302
1474777
1683174
3061356
2176042
1566667
1495241
1456391
2247715
3572837
1833549
2878273
2314387
2832829
3374797
2327780
1372401
3264131
1951152
1674815
1677546
1606963
1858938
2930698
1610653
3360177
1462486
2673125
1390279
1583229
2419660
2900298
2747711
1680903
1848472
2247374
1548294
3282536
1623616
1561764
1657573
1420353
1490938
2815799
1720383
1549276
3639545
3521272
3141112
2066505
2274571
3560942
1609178
2659330
3537083
1571770
1259501
2123689
3191980
1958167
3500122
1889933
1594570
1987008
2060492
2126716
1401881
1548779
3035917
1964101
1394717
2054175
1444152
1567291
2011897
2724440
4595463
3147119
1798101
1664239
1598912
4836717
2037948
3060878
1529762
2807583
1210245
1731783
1904401
3834127
2279865
2943813
3501154
2478039
4189033
4477930
1439734
1682884
1669706
1472618
3750288
1769227
1359179
3066025
1318603
1281056
1615496
1298823
2829007
4025125
3772625
2169690
1726907
2407983
2198159
2757721
1754440
3459438
1682319
2493347
1902206
2531364
1710203
2775866
2552323
4499604
2890023
1377758
2839194
1886763
2462291
1405084
2862208
3383968
3236371
1980581
1398617
2452102
1610516
2849412
1919502
2220817
3140438
2021489
3090909
2581744
1665611
1579410
3979575
1294817
3169949
1910434
3097460
2087428
2664628
2763839
3426549
2623625
1791861
1540938
1649852
2545305
1678199
2822074
2124751
1666855
2996778
3073957
2625886
1590384
2728611
2051300
2709224
2242378
1956582
1988957
3146596
2713249
1860480
1914966
2137755
2362110
1518530
3441257
1553840
1435442
2393146
1376454
1966484
4166057
1438922
1631357
1463817
2189334
2760612
1512412
3348773
1798506
3327005
1230052
2208718
1834159
2004636
1815242
1215328
3140875
2973942
1373707
4337914
3087907
2803444
2555471
1973681
1470110
1549612
1524204
1764567
3806293
2529474
1749362
3671305
3027508
2431589
4327843
1820540
1758964
1762140
3946688
2152239
4047602
1913341
1997146
1757890
2011098
1944514
1454184
1904605
1810288
4123141
1535636
2829278
1698440
1433207
1717070
1901124
4489935
2413578
2427003
2938213
3456414
1768979
1974769
2677027
2432299
2324434
1849970
2501579
1926116
1593615
2724947
2072366
1741744
1221470
2248925
1373224
2976919
2452481
2497679
1418081
1658403
1679712
1983096
2228046
1313703
2452138
2036427
2500579
1815861
2340987
1657638
2057142
2299999
1706294
3074279
3477000
3205127
1923781
2938138
1843981
3437731
2487833
1383689
1998336
1865974
1171392
3213110
2933989
3010850
1395174
1874043
1635654
3513684
2181210
3554894
4185103
1939970
1624829
1945725
2637207
1339509
1764452
1854396
1773205
3096567
1463366
2532411
1857103
3524311
2802851
2187699
1693412
2498361
2651595
