321358
642972
472001
561191
396718
408248
789849
393909
422179
448284
593970
459494
462884
762815
312224
1010169
483689
609145
787410
341790
302360
406962
902812
909613
457152
366411
620911
370779
314109
500732
336208
478183
515661
713576
343534
331701
534054
365336
336519
534519
341084
309044
651489
871054
547967
338908
385813
472872
372164
747741
735420
334822
724783
573458
387747
421395
690102
629401
304851
344506
346711
634150
390850
334850
710357
412035
323944
445843
632629
624976
477099
349676
353584
470031
373945
798385
735033
317987
410623
759382
646078
396303
621020
350137
328970
570899
443294
345401
378070
464137
713503
762133
477177
631647
659057
838310
344935
735346
809887
359904
341841
603194
421577
391344
276672
497819
325081
803537
459409
301643
331765
332338
488136
491206
257956
580293
320360
349621
491861
767116
489002
408562
427020
374572
480088
258685
374709
317092
356215
282253
420913
367214
345589
682029
355467
607061
402687
356232
380752
399710
739233
591555
614198
333025
537128
575256
830768
566210
573989
550740
739183
439253
589704
748810
456777
646064
283711
402490
470596
833672
588873
580948
892773
476457
358482
410723
618984
578002
577867
353340
676892
578028
400373
469813
852518
396718
386908
321793
338611
384608
314552
557424
613404
292413
409646
795140
314720
393044
318405
312849
405959
362047
300906
783817
776889
343334
384826
383354
347411
897367
542328
867806
876556
299120
508517
394870
342293
282765
550788
763462
511135
597673
468086
577965
313467
342436
909113
366578
573679
415639
335695
383110
311772
350394
678233
324533
853218
322957
354796
317503
458042
485374
261926
339401
546433
400674
451028
590940
497425
664011
389555
655834
383420
947423
574411
321401
430892
602917
392703
341583
436361
409770
353583
368041
342380
393012
410526
627499
524926
367991
277439
433556
523147
860601
412064
466794
599071
476936
729782
373971
297021
372767
299757
281171
686820
351446
796571
341830
384076
1115817
306417
660549
702776
352014
609092
578591
400224
384153
354289
527091
683485
314892
306998
606985
451122
298642
349082
384915
380754
594246
417159
535124
613675
587400
355524
1021730
378264
554812
648823
569488
453807
375334
585516
956490
274709
724569
401224
899932
258030
772394
539459
368339
569153
353134
363927
379699
639765
323142
315865
507260
768116
695714
443385
758582
490760
833484
600744
403940
422456
283030
653590
737933
328772
620902
404101
373311
322473
573925
329051
617173
569138
331155
314706
278549
845851
342479
307205
769512
722301
691755
421511
916512
379702
445759
486579
335872
646560
743636
535070
890345
387560
917153
738939
547269
754327
587741
531529
828344
547569
294657
506844
864766
327631
465338
263299
608895
484128
244194
346345
643655
296401
413477
324208
396512
783189
332430
518923
435547
292946
798984
398651
383886
294626
627347
394039
338335
479871
475163
797161
840646
385025
480915
568272
542506
658302
274917
676397
337077
702756
337073
713410
666726
380384
513941
709716
552581
317173
311573
647533
288155
515182
501420
920508
526412
423154
643706
480704
582322
372065
530369
400673
339876
714256
370446
503361
347684
299166
302175
429691
360336
773903
622239
320613
805894
322315
446932
845453
268931
279448
387492
716511
657865
721341
437571
1011236
560491
604387
426562
467401
465302
583889
684781
519384
528076
322197
728088
707878
371894
348025
453815
411631
572459
483930
578325
335130
449712
397370
537958
356571
593808
321862
943835
666493
404917
490488
316785
339389
345849
890061
786428
