106585
213251
156476
185764
131763
135073
262166
130448
139988
148911
197040
152529
153336
252998
103498
335684
160315
201843
261347
113259
100376
134755
299747
301966
151789
121384
205794
122795
104094
165789
111290
158698
170785
236797
113954
109807
177416
120828
111078
177215
112977
102261
216208
289464
181530
112330
128196
156645
123427
248317
243979
110953
240191
190236
128392
139931
228752
208728
101118
114223
114855
210253
129427
111154
235643
136451
107170
147866
210057
207429
158047
115971
116903
155734
124001
264678
244125
105314
135941
251620
214301
131345
206202
115989
108482
189200
146807
114796
125210
153779
236630
252523
158149
209599
218555
277597
113909
243839
268531
119279
113389
200156
139593
129495
91824
165133
107410
266318
151701
99976
109736
110369
161991
162740
85389
192780
106189
115983
163045
254518
162137
135656
141689
123908
159333
85777
124433
105088
118095
94284
139710
121799
114461
225980
117949
201216
133453
118223
126233
132683
244588
196282
203667
110436
177945
190684
275620
187808
190643
182618
245046
145747
195658
248429
151391
214108
94157
133150
155965
276325
195240
192554
295970
157932
118767
135923
205392
191323
191855
117225
224134
191376
132782
155535
282714
131712
128450
106716
112148
127452
104257
184809
203134
96835
135882
263344
104212
130313
105412
103699
134699
120270
99575
260120
257515
112002
127640
127300
115967
297894
179611
288104
291048
99180
168894
130868
113384
93784
182426
253304
169488
198078
155256
191289
104253
113434
301388
121509
190192
137542
111126
126949
103244
115703
224767
107826
283037
106775
117441
105031
151966
160771
86801
112545
181270
132952
149513
195779
164959
220215
129354
217600
127362
314272
190566
106215
142912
199952
130192
113587
144650
135961
117156
122023
113496
130483
136216
207800
173883
121931
92024
143736
173383
285793
136709
154663
198619
158050
241878
124174
98311
123723
99415
92972
227853
116441
264239
113169
127142
369979
101549
218837
232971
116935
201890
192098
132276
127549
117464
174606
226843
104077
101528
201293
149383
98916
115538
127568
126315
196919
137839
177368
203444
194841
117920
338879
125155
183942
215011
188737
150505
124515
194185
317217
96215
240562
133095
298517
86050
255984
178858
122012
188578
117113
120779
125822
212147
106993
104726
168156
254824
230812
146893
251826
162383
276703
199433
133770
140053
93818
217091
244930
109001
205862
133813
123787
107227
190597
109161
204677
188746
109728
104322
92966
280393
113440
101670
255433
239416
229237
139366
304417
125989
147715
161296
111288
214266
246934
177201
295424
128379
304170
245550
181528
249970
194743
176315
274444
181635
97498
168122
286425
108440
154456
90977
202005
160569
80625
114719
213560
99009
136914
107470
131027
259792
109809
171779
144429
97384
265195
132189
127067
97760
208126
130583
112235
159079
157145
264358
278544
127522
159355
188432
179601
218379
96861
224397
111651
233257
111645
236447
221128
126082
170081
234990
183281
104740
103167
214595
95454
170630
166208
305671
174226
140115
213423
159375
193111
123081
175947
132568
112594
237079
122931
166912
115307
99089
100036
142401
119475
256696
206440
106221
267464
106720
148249
280198
89590
92465
128704
237599
218535
239325
145186
335804
186180
200533
141464
154875
153949
193314
226675
172306
174873
106907
241882
235116
123287
115313
150312
136255
189588
160416
191766
111149
148792
131850
178177
117849
197168
106485
313316
220810
134240
162478
105125
112400
114574
295411
261165
