60
42
2492
1775
2412
1711
2900
1983
1212
1401
722
1912
74
2639
2393
2533
435
878
1166
2351
186
1807
322
58
1790
1136
294
819
48
6
20
1276
1668
1944
1728
2813
83
61
1909
2406
157
954
959
19
2130
2585
2720
485
2404
19
1070
168
1944
338
23
22
641
1121
644
1159
1522
95
843
3165
2639
2416
2048
1415
1974
180
2010
121
2293
2329
1500
1409
1101
2020
1589
44
14
810
2539
695
360
3313
733
2874
794
269
18
2617
3391
1591
814
2204
2658
1753
2155
302
2661
1639
461
633
2882
2242
570
1549
3161
1212
1451
953
1240
17
706
3075
1511
539
790
2302
9
1012
125
463
3067
198
1612
1958
1547
567
3053
2223
982
2326
1447
1391
2371
2657
1195
2113
906
482
436
144
468
1323
618
1792
1584
1526
1848
885
2347
2944
762
2979
361
1036
170
1788
154
3203
1718
900
1897
2495
1938
1267
119
98
563
1888
1743
2516
2847
2864
416
47
9
1495
14
1907
1444
25
1589
520
1428
2375
1293
2060
1235
1722
1277
139
1072
743
2392
1330
486
1778
27
174
1248
430
2221
16
2186
1159
1504
1997
1544
670
182
2579
2391
3025
28
564
879
1295
83
1698
2417
1262
44
2250
20
5
405
1591
165
2267
1951
1528
207
1674
2160
179
458
2300
785
5
1809
729
866
2724
2402
1985
2194
16
2452
1932
3159
185
1352
2628
80
2561
12
2657
291
668
85
2140
569
1519
152
18
2176
933
1744
48
32
1342
1586
10
3055
14
2745
86
2621
1256
2326
2024
1186
1886
20
69
3177
939
469
2704
2701
675
432
96
758
3156
2160
29
2986
2089
41
136
23
1268
1694
2246
244
1358
105
1700
2108
2473
2516
1403
1485
1825
27
943
74
109
123
2272
986
1251
1492
1507
2463
51
13
2603
30
1244
2959
99
204
1967
2789
1689
1333
2201
103
99
144
2444
1883
1450
81
2650
2611
1685
21
451
2353
369
1833
2670
1674
358
1431
2051
86
3024
216
669
200
333
2840
579
1452
1589
114
543
1842
2228
83
1303
454
2698
261
1830
2404
2690
2477
130
2169
1203
1662
150
878
49
154
2952
223
494
1997
1441
1638
2898
2251
655
237
51
1169
202
2474
1597
201
2828
179
1239
854
564
1177
2831
114
580
46
717
183
632
102
17
841
1094
1138
2374
260
1149
64
956
429
33
2565
1985
1183
169
3297
252
87
3073
641
2444
1289
116
3076
17
43
1647
2729
1803
10
71
2789
6
918
2496
989
19
1311
2104
1481
9
2136
847
33
79
302
193
1415
1164
140
308
1560
1068
2924
1009
2206
34
2446
257
1941
1593
2853
258
1204
1683
926
1800
2287
1278
1093
969
1649
1551
3407
10
405
1580
