9338
10440
12498
10407
10863
13151
10224
12222
9606
10046
12111
12576
10291
13094
10670
11819
12558
11123
9973
11018
11084
10085
12251
10217
9758
9239
10163
10823
8406
9780
10234
11223
10633
11786
9381
9082
13192
11142
11188
9719
10670
10238
12117
11903
12826
9902
9611
13987
11591
11027
10494
12151
8725
10777
13067
10335
10809
9639
12761
11748
11460
9935
11678
9130
10787
13406
9237
12139
11776
9847
9374
12115
11882
8760
9653
11840
11167
11402
10852
12111
11983
10813
10028
8837
10786
9865
11471
9631
10451
8821
12542
9870
10618
11682
13344
8771
10790
9705
10507
8872
12110
10527
8731
11744
9690
9636
11542
11533
10711
11470
11553
11012
12173
9526
11895
10687
11961
11508
9973
12775
9057
10490
9289
10284
8004
11364
11709
9359
11552
10524
11267
12550
9929
12733
12140
12300
11838
11376
11288
8984
11297
10247
8300
7800
9228
8912
10618
11208
12236
9474
12023
8730
12774
10676
11647
9537
11776
11670
8232
8469
12817
9419
10251
10885
10839
10486
9334
12171
9824
11815
11050
12379
10119
11512
10356
10926
9789
9423
9811
10098
10872
11212
12283
10130
10525
12514
11521
6618
10745
9865
11264
11227
9979
12189
12134
12339
10622
11315
11002
9059
10599
11767
9595
10058
9806
11258
10862
11472
12595
11339
7679
11080
7281
9980
11929
10602
11858
9936
12386
12885
12810
13483
9765
13249
11896
12431
9051
9200
10762
8619
10006
11208
12363
12073
11878
12615
12318
11917
11703
11759
11264
8870
11980
9193
9219
12434
11878
10480
9668
10954
9021
12459
11175
11043
12765
8866
12219
9036
11424
10343
8190
11927
9364
10712
9392
9927
12062
8022
12622
10039
10679
9939
9611
9192
11218
9206
10269
10410
9908
12580
10819
10702
11725
11170
10560
10595
11193
9539
6599
10058
9931
11242
11028
8834
11499
12226
9414
11226
10376
10814
10639
11171
9128
12682
9672
11091
10655
11775
12093
10398
12323
10526
12091
10333
11098
9844
12018
15768
10158
8945
8996
8014
13891
11095
10085
10361
10677
12167
10935
10104
9068
8787
9702
11374
8499
10273
9415
9546
12560
10466
10568
11661
8925
7158
10760
10744
9600
10838
11463
10776
9916
11748
11290
11417
10076
9689
11411
9146
9737
9554
12174
9324
11767
9922
12753
9951
12109
8853
9567
11089
10813
9444
9990
9883
11161
9581
8802
7911
8125
13881
11258
11089
8663
12663
10599
10261
12281
10242
12403
9807
9568
8716
10978
11295
10025
8558
9533
9375
12355
8316
9017
10432
10405
7692
11113
10368
11828
11396
11461
10692
11515
10522
11824
12153
10536
12405
11641
9647
11318
11016
10643
10610
7506
10991
11169
10221
10439
11161
10673
12029
11002
10820
9518
12393
9612
12472
12299
9984
9248
10197
8966
11117
10722
13344
10632
8729
9562
11750
10526
10397
10268
11306
10291
9208
12564
8113
12232
8613
10577
7974
9710
8728
13505
9517
10384
10382
10517
11378
11021
11865
10876
10940
12538
9096
9924
12210
10781
10705
9881
12186
10994
10806
10949
8575
10190
11253
11539
10534
11174
7371
10705
13166
10769
12444
12366
9572
9275
8403
8992
13942
