28224
31538
37775
31485
32775
39652
30903
36790
29060
30440
36557
37851
31215
39508
32349
35697
37872
33429
30134
33302
33553
30334
36887
30835
29368
27929
30709
32709
25506
29455
30827
33757
32262
35676
28432
27620
39858
33622
33879
29476
32237
31191
36492
36002
38771
29844
29168
42131
34904
33277
31618
36734
26427
32592
39561
31293
32732
29009
38402
35434
34616
30150
35399
27863
32508
40512
27862
36650
35688
29805
28299
36549
35952
26434
29047
35756
33673
34390
32830
36550
36086
32706
30272
26757
32669
30010
34623
29225
31644
26778
37882
29873
32036
35357
40108
26666
32877
29115
31839
26766
36434
31758
26406
35571
29417
29227
34879
34826
32368
34676
35100
33178
36748
28818
35977
32353
36105
34886
30076
38437
27292
31644
28026
31026
24210
34250
35418
28221
35050
31855
33967
37948
29949
38588
36731
37319
35723
34344
34204
27111
34101
30962
25064
23633
27941
26828
31977
33799
36997
28580
36390
26479
38563
32291
35425
28909
35664
35357
24908
25790
38739
28407
30964
32908
32803
31895
28229
36810
29589
35665
33234
37289
30502
34809
31299
32978
29517
28576
29696
30611
32873
33877
37056
30654
31792
37889
34731
20025
32549
29783
34025
34019
30114
36746
36631
37294
32168
34097
33396
27439
32122
35608
28973
30331
29583
34018
32791
34763
38253
34192
23363
33384
22198
30358
36070
32132
35700
30128
37347
38994
38671
40648
29513
40013
35885
37607
27347
27803
32612
26150
30266
33852
37408
36464
35843
38105
37270
35880
35358
35464
33903
26907
36213
27721
27884
37528
35863
31729
29147
33028
27288
37689
33718
33441
38544
26716
36830
27306
34416
31239
24819
36163
28261
32224
28397
30083
36234
24273
38005
30410
32457
30027
29048
27879
33835
27708
31112
31568
30007
37956
32631
32428
35339
33701
31847
32070
33913
28933
19989
30401
29997
34123
33340
26589
34715
36993
28566
33886
31376
32593
32265
33818
27567
38198
29303
33478
32112
35591
36543
31387
37120
31910
36564
31178
33700
30009
36254
47577
30547
26947
27164
24247
41951
33588
30557
31450
32226
36658
33107
30374
27592
26601
29214
34493
25697
31006
28411
28803
37929
31765
31874
35162
27003
21624
32540
32502
28899
32837
34612
32592
30163
35521
34145
34651
30456
29237
34423
27499
29257
28786
36835
28218
35568
30261
38486
30086
36499
26804
28728
33558
32504
28481
30071
30001
33664
28912
26792
24025
24628
41976
34027
33345
26183
38200
32062
30836
37128
30911
37467
29589
28941
26281
33206
34324
30259
25988
28823
28479
37463
25154
27139
31597
31311
23201
33685
31178
35762
34540
34443
32274
34696
31749
35711
36704
31785
37310
35105
29067
34285
33282
31942
32117
22592
33227
33653
30734
31595
33818
32089
36299
33188
32700
28738
37364
29224
37678
37195
30149
27961
30749
27248
33543
32373
40448
32169
26438
28822
35359
31774
31421
31150
34070
31056
27932
37888
24449
36878
26045
31914
24085
29397
26465
40958
28728
31347
31290
31959
34449
33420
35912
32940
33090
37874
27504
29928
37032
32585
32565
29783
36761
33452
32710
33119
26080
30893
34150
34895
31613
33811
22280
32383
39891
32478
37519
37244
28926
28124
25419
27102
42127
