3934
4336
5274
4360
4617
5548
4293
5079
4061
4241
5079
5242
4295
5474
4486
5028
5255
4685
4141
4602
4631
4210
5169
4293
4125
3874
4267
4589
3522
4140
4334
4699
4484
5018
3906
3848
5498
4658
4666
4100
4465
4310
5125
4998
5409
4177
4036
5938
4846
4583
4425
5112
3703
4485
5562
4384
4574
4056
5363
4947
4817
4157
4952
3804
4524
5711
3847
5122
5007
4159
3942
5070
5014
3671
4039
4977
4726
4784
4546
5118
5027
4564
4221
3724
4555
4178
4868
4051
4391
3694
5319
4184
4459
4973
5611
3705
4563
4084
4393
3709
5131
4465
3696
4965
4056
4062
4872
4893
4480
4861
4832
4658
5156
4027
5018
4508
5045
4869
4150
5375
3827
4397
3895
4366
3365
4819
4968
3906
4858
4419
4680
5295
4142
5384
5168
5234
4954
4840
4801
3788
4754
4287
3522
3274
3857
3724
4423
4742
5159
3951
5070
3662
5397
4491
4959
4014
4994
4916
3473
3557
5384
3933
4294
4564
4586
4426
3871
5153
4188
5008
4638
5212
4206
4858
4348
4591
4077
4024
4132
4248
4540
4715
5226
4277
4415
5309
4849
2775
4531
4138
4758
4776
4235
5120
5097
5181
4494
4733
4689
3828
4502
5029
4053
4206
4084
4741
4567
4844
5360
4751
3226
4650
3078
4200
5054
4472
4959
4195
5148
5495
5471
5699
4102
5603
4998
5256
3761
3887
4525
3640
4192
4743
5203
5081
5002
5303
5192
5019
4920
4968
4714
3804
5038
3876
3893
5230
5017
4451
4059
4605
3820
5282
4693
4665
5352
3692
5173
3772
4795
4308
3437
5060
3928
4484
3931
4155
4989
3359
5304
4166
4540
4194
4078
3915
4735
3872
4311
4389
4193
5333
4515
4554
4884
4701
4445
4481
4717
4026
2776
4196
4182
4723
4641
3738
4884
5220
4000
4755
4330
4528
4442
4735
3805
5354
4080
4668
4478
5023
5111
4345
5190
4439
5150
4310
4642
4159
5082
6610
4254
3786
3757
3371
5832
4676
4245
4340
4459
5098
4565
4216
3817
3680
4119
4731
3536
4319
3945
4031
5276
4376
4470
4916
3791
2988
4554
4531
4018
4589
4870
4503
4223
4991
4744
4803
4233
4064
4808
3810
4096
4036
5171
3928
4937
4189
5425
4156
5112
3775
3977
4648
4521
3964
4184
4190
4714
4040
3732
3335
3423
5882
4745
4652
3633
5341
4464
4303
5180
4299
5206
4092
4043
3659
4598
4794
4193
3615
4027
4004
5226
3453
3742
4392
4379
3231
4687
4354
5011
4798
4769
4501
4873
4409
4915
5140
4435
5227
4860
4076
4754
4609
4439
4529
3118
4661
4676
4303
4381
4745
4530
5082
4663
4497
4019
5207
4074
5320
5181
4133
3922
4233
3788
4647
4533
5649
4381
3666
4037
4979
4439
4374
4354
4763
4336
3873
5261
3385
5145
3619
4468
3353
4121
3682
5690
4032
4340
4350
4473
4777
4680
5006
4631
4651
5275
3852
4133
5153
4505
4579
4119
5129
4659
4591
4622
3600
4303
4800
4845
4352
4711
3065
4489
5564
4451
5194
5197
4027
3931
3539
3799
5885
