5567
6172
7456
6135
6432
7823
6080
7287
5690
5989
7181
7474
6169
7829
6345
7011
7492
6622
5932
6602
6618
5920
7215
6128
5821
5522
6040
6448
5017
5858
6094
6588
6404
7088
5567
5418
7888
6651
6640
5797
6330
6099
7254
7057
7627
5895
5741
8309
6892
6512
6194
7263
5217
6372
7785
6184
6402
5748
7596
6954
6859
5876
7037
5443
6402
7986
5419
7215
6983
5859
5589
7145
7043
5223
5721
7038
6684
6795
6455
7229
7119
6390
5942
5273
6427
5893
6843
5744
6230
5258
7422
5864
6320
6953
7916
5231
6447
5683
6263
5237
7183
6304
5187
7044
5769
5747
6880
6904
6366
6797
6967
6550
7210
5664
7060
6332
7136
6902
5902
7540
5363
6284
5553
6136
4680
6786
6985
5537
6882
6246
6658
7386
5857
7668
7241
7356
7025
6794
6726
5323
6679
6022
4949
4613
5502
5325
6265
6650
7275
5629
7184
5196
7628
6368
6898
5664
6980
6988
4920
5067
7624
5515
6039
6416
6479
6301
5520
7246
5841
7049
6563
7313
5982
6821
6186
6480
5845
5607
5878
5993
6479
6646
7291
6001
6263
7486
6827
3909
6361
5825
6698
6707
5903
7209
7278
7393
6304
6688
6600
5398
6321
7039
5696
6005
5779
6670
6440
6818
7518
6668
4620
6589
4339
5986
7120
6304
6987
5866
7314
7751
7632
8026
5838
7839
7045
7363
5345
5475
6407
5142
5938
6655
7339
7197
7078
7495
7375
7067
6950
6967
6661
5276
7173
5416
5446
7426
7040
6243
5783
6561
5419
7468
6624
6500
7587
5254
7318
5344
6786
6113
4857
7107
5569
6401
5549
5988
7177
4783
7429
5980
6387
5917
5705
5458
6662
5453
6187
6259
5905
7443
6453
6437
6976
6651
6262
6257
6720
5705
3914
5960
5942
6734
6548
5179
6826
7304
5576
6681
6169
6425
6320
6641
5462
7438
5846
6582
6335
6960
7239
6218
7283
6256
7135
6066
6641
5879
7168
9357
5956
5377
5315
4803
8296
6574
6027
6190
6342
7185
6488
5976
5410
5213
5773
6789
5037
6110
5588
5684
7498
6268
6239
6922
5330
4251
6434
6371
5662
6505
6853
6453
5883
6963
6748
6828
5994
5743
6760
5412
5821
5686
7178
5589
7011
5922
7631
5887
7250
5273
5630
6665
6394
5548
5943
5881
6633
5691
5307
4737
4827
8217
6701
6518
5165
7562
6355
6103
7300
6106
7427
5847
5743
5186
6565
6727
5955
5086
5651
5583
7356
4957
5321
6197
6195
4606
6637
6103
7062
6753
6751
6317
6809
6236
7068
7264
6219
7394
6932
5725
6756
6573
6300
6349
4425
6535
6613
6084
6151
6620
6336
7163
6553
6431
5676
7302
5714
7387
7360
5911
5516
6000
5376
6594
6404
7929
6278
5172
5658
6961
6276
6223
6108
6667
6149
5460
7438
4833
7238
5117
6291
4752
5765
5169
8061
5703
6102
6146
6252
6786
6579
7040
6467
6527
7456
5413
5934
7305
6387
6379
5879
7234
6525
6478
6531
5102
6096
6789
6865
6280
6618
4386
6340
7864
6389
7432
7379
5727
5519
4995
5324
8293
