35401
35305
34335
37905
39553
38279
42768
42977
39537
41481
35199
37849
34685
35314
33410
35829
32689
36037
38913
35524
42237
45171
32428
34557
38074
37374
33698
42885
34284
37650
36636
32629
38924
39366
40489
38688
38681
39570
34217
35338
37488
38754
33440
40996
36920
34667
37648
32375
35687
40783
36867
39816
34330
35796
37026
35748
31055
38127
29806
36705
37097
37843
36696
39179
39464
34388
38124
35372
39093
33601
38170
36315
36125
38057
39353
36386
43979
40340
37596
34353
37105
29405
33848
35347
37958
36554
33882
38278
35368
39735
31997
40509
34854
40709
35912
37413
40369
38749
35321
37032
33598
40366
34417
37350
37582
34561
39520
31430
39503
36631
40582
42849
40712
35269
37418
33518
38324
39553
37371
41325
32852
31000
41693
36407
35443
41286
44821
40103
38137
35495
37293
33035
41722
42136
40519
41604
38833
37254
40027
33611
41835
39107
38738
40907
37848
37229
39666
37726
33632
36206
35880
34135
37595
37659
35113
33675
36447
36950
37185
39580
38610
41836
34741
36633
32450
34011
38839
33576
39473
36529
31997
39162
40757
37330
37079
40722
33762
40634
41526
38710
38907
38169
29374
29997
46446
33358
41786
36706
34854
34152
40046
32939
34960
41288
34680
33965
29346
40109
35555
39340
40133
33513
34392
38335
33147
32377
32889
38870
42013
34148
30801
39001
31859
33895
32968
28867
37745
34779
33829
38730
40268
41558
33315
32537
37554
32850
35265
40567
29799
37030
26780
35811
40715
36230
37916
38280
42413
38504
31732
37294
32454
31839
40045
34994
38936
36466
33006
41030
39129
36646
34456
34110
33490
39526
32969
35143
41794
37536
33455
40235
31230
28169
31305
30614
41016
36885
34617
31644
38377
32397
33093
41060
35971
35249
40763
36191
36362
33644
36095
28772
36722
42584
39173
33856
29746
43972
30115
36539
45160
40759
39778
36532
36438
36378
40157
38182
40359
38078
37003
38041
38636
39321
37286
34797
35496
36733
37451
35268
36817
39905
33489
41830
36965
28945
36601
30523
43563
34184
39758
37937
33934
40712
35438
38176
33932
39439
42587
35699
31549
35009
32626
38888
32676
31347
40087
35356
36176
38880
39558
29984
37335
38647
37864
37088
37587
39676
35194
38671
36633
37663
34911
38250
39247
36237
33405
35695
30796
39177
37629
30325
40875
42399
37570
36716
34171
38250
34932
38402
39822
38882
46958
40221
38987
38620
37811
32149
30248
31641
33620
38155
43877
36382
33685
37592
35560
32879
39789
37906
34687
38955
33374
43796
34464
41301
40343
40378
38428
42007
36008
42907
37134
38402
34485
41280
43218
38671
35499
36918
39354
35436
37860
40056
30713
41512
28911
38685
38217
25699
42493
35865
40374
29448
33678
41094
39570
35395
40099
32832
37562
31032
35790
39264
39810
35336
40090
37281
36329
37421
35699
35720
37129
37949
34256
38636
40607
34698
42608
33655
33534
35023
36433
33591
35108
36674
38816
38251
41053
34286
32711
35906
40330
40840
30250
37425
37018
36459
32347
36245
40331
34942
32940
37217
37276
38247
41797
34320
39694
33947
40508
36225
39480
34123
39062
35837
39676
31730
36291
37316
36778
36749
36014
39836
41958
40672
29963
34632
42582
36785
43224
36415
