481367
498430
501571
488942
521578
488537
555824
506215
517315
500840
528977
480196
484959
466847
489232
455616
463905
390958
478094
536518
553886
417905
575082
530280
461274
423338
542433
488109
458854
594995
452014
516278
486356
538653
503456
463420
515893
489014
508856
496290
471112
459037
503856
466422
577359
428040
542370
514646
499057
514000
541988
473831
426091
501025
440152
538190
429492
450067
463176
525906
474650
520350
455691
488841
523505
493181
502885
518255
498859
521995
507806
539919
496669
564995
483833
462995
387236
513355
500143
496770
520069
491920
541202
532530
530692
521370
485160
425126
439597
453499
515667
513808
471794
497647
483492
478278
557225
432765
511696
464726
538439
533494
412686
497627
490981
532351
520135
465958
476017
533737
437095
496974
461596
523981
556966
430564
460200
516056
483449
575016
598067
491721
439515
492190
461624
518641
519342
469783
588605
398575
354680
476228
438801
560641
528256
599507
531452
531538
545356
473854
514764
431369
607662
580029
527900
563448
484769
506071
428173
507161
488400
561038
509772
513261
550877
465311
538499
500288
434662
508907
405163
476966
471696
468251
486162
550861
432573
459287
476134
511132
432950
468794
532376
498967
452805
530470
431685
357490
493934
503799
457616
537226
471393
488312
512810
462105
523015
459698
546101
449190
520329
509923
610532
533473
544354
512763
396527
394966
599486
480242
478096
575323
478731
473454
415200
542774
505341
466464
584976
453521
524229
404927
531024
463019
523911
498725
462114
530762
470306
472721
430395
496383
449505
518182
558666
448978
450434
539692
443249
509249
485599
431451
403733
552401
516738
453929
491508
548803
562083
444706
466644
459091
430365
449796
488795
456242
478633
475781
472500
458026
575590
486121
512786
477672
573294
578988
524987
476073
462421
412779
458687
539229
537036
510416
509123
431166
551985
509098
560552
467232
455570
507462
510397
526380
395313
443582
522897
526198
493518
530274
381807
450329
424588
453561
542710
494395
485499
473202
419182
503187
447958
402329
575091
480543
435739
539684
518437
480607
430245
520050
459734
422421
630597
560930
486342
429399
404639
600817
396716
486714
571696
519774
499810
474084
524411
436155
501588
534905
489866
492970
547156
499489
512969
485318
540390
531998
487479
408754
531102
469525
479890
513004
467709
524726
467845
561977
526675
442407
454175
439950
547753
418601
497967
559324
448550
520695
528484
435265
518868
452833
566483
558657
550963
485965
525334
362287
491440
405910
501535
499809
481789
485392
511639
523347
588018
436243
459578
548495
476555
501437
558910
492598
493934
498574
432529
454071
546071
474308
464628
515914
413277
446474
392895
486433
437443
513546
533179
451927
535812
603482
499471
479039
435285
501924
446140
474307
444403
497046
574110
564367
447839
546373
482162
487988
391812
428055
482439
389279
496176
562617
489677
429981
494172
539308
449544
404623
536505
536985
509218
514489
441290
590101
474475
556149
587383
542626
535738
507018
563958
540764
575765
493355
527353
450116
536146
647241
481213
490637
456409
589790
452482
455334
478682
491369
393964
530469
405565
510853
544455
371997
543505
522148
457569
509624
491671
447831
532455
451610
485119
472335
458475
493952
398412
488208
538092
610380
532553
483435
506375
420363
545532
396257
589646
432190
485874
507134
451204
560274
586124
474101
499073
499944
502136
457083
461916
518374
407198
432837
506876
519296
496375
569787
498409
463541
578396
530859
567394
423112
456776
502770
