13719
14558
13950
13979
14783
15046
14169
16170
17079
16672
16807
16380
17350
17984
16454
15135
12431
15527
14077
13065
13998
13065
14610
15036
15153
17119
13323
19199
16672
15153
14533
13625
15775
15576
13547
13368
16381
16149
12947
15424
16693
17015
15069
16166
15942
16245
13281
16444
15578
16774
14318
13974
17374
14252
17084
14972
12442
16333
15406
14810
15313
17207
15723
12647
15509
16382
14434
15263
15259
15421
14518
14546
14424
16426
16312
11330
16300
13652
14990
14291
12169
15710
14415
14846
17191
13747
13275
13668
16505
15223
14436
15729
14690
12656
13624
15262
14540
16174
13988
15756
16888
15483
16939
16510
15658
17212
14854
15037
11770
13540
13508
14900
16279
13097
16971
13539
15193
16091
12846
16517
11866
14187
15115
14885
15124
15014
11247
16547
13761
14730
16871
13561
16579
13992
13492
16669
14876
15319
15880
15012
16501
15586
13776
13800
15812
15735
13436
17059
18054
16066
15715
14313
14315
16414
14850
15887
15300
14387
15231
16609
10798
10430
14601
17149
14596
17215
17068
17126
17089
15568
18077
16582
14331
13944
13901
13340
18918
17220
16904
17056
17075
14628
15258
14949
14106
14965
16150
17890
15178
14776
14978
17387
14191
14486
12755
16470
13262
14392
12072
14494
13820
14669
14213
15245
16075
14370
12872
13957
12242
15068
16525
16034
13979
15808
16230
17250
12631
14201
15181
12999
13497
15472
15476
13397
15991
17047
15371
12294
15676
15441
12940
15182
13421
17002
15612
13557
15819
17190
18537
15623
14855
18963
14142
11114
13582
16860
16009
13234
15966
17606
12684
15076
12669
13832
15471
13825
15044
15453
15268
14282
17304
10917
13914
16052
15384
14861
19142
16536
14041
16161
13761
16547
14023
12260
15820
12205
16125
18028
14342
13028
12733
15870
15908
12744
14619
14646
13243
11456
12372
14200
14431
13584
16704
14758
17029
16735
14076
13492
11672
15784
14493
14201
14005
17460
11864
15626
14304
10498
13850
16187
15710
14406
15934
13832
17121
17283
16375
13450
13784
15085
13464
11040
15646
16484
13381
16602
15574
14188
13513
14089
17351
16623
18473
14642
13480
13468
14818
15744
14569
12596
12934
14714
15920
15177
15780
15411
14380
13095
12667
12689
13520
12568
16816
13303
15723
13524
13550
13866
15963
13784
14268
13110
15628
14166
14804
16388
14323
15356
12971
11693
15968
13909
11582
13543
17396
17280
18072
15343
10679
12142
17237
13588
13134
15262
18383
14148
16478
15878
15412
15955
14311
15384
13898
19724
14852
16104
14559
15827
14794
15154
14039
17630
16079
14770
12527
12389
16039
14463
15792
13388
14872
13663
16760
11449
15026
16785
16690
14174
11181
15326
11940
16559
16384
14101
16828
15165
14203
14095
17231
14744
12927
16204
13436
16627
15483
17602
17116
14632
15831
13859
13350
14943
13273
13580
13615
15125
15198
14429
15533
16201
16635
16333
15639
12530
17277
15592
16317
14194
15898
14858
16389
12816
15698
14818
16049
15080
16570
13865
16497
15080
12705
15546
13398
12859
12797
12058
15079
14685
17318
11383
16656
15305
19559
15247
17093
11517
15682
15333
14557
15774
14645
16820
16195
17868
16964
15908
15214
15894
16063
15338
