1414968
1409853
1475248
1408827
1512713
1442471
1617087
1390381
1480500
1393660
1573541
1431384
1357621
1377850
1455969
1355357
1384477
1148177
1435352
1557457
1661659
1210067
1602638
1532469
1263620
1246711
1580129
1365574
1349331
1666260
1291449
1512528
1454886
1569383
1469952
1380302
1519036
1436226
1523033
1479696
1412891
1293858
1500085
1338023
1648949
1235053
1611206
1511495
1489425
1542910
1508611
1395495
1276983
1434354
1308448
1359100
1259304
1281804
1385120
1543863
1375105
1476673
1285087
1443505
1547870
1452192
1506645
1463612
1359957
1563389
1425201
1363010
1364867
1651931
1440152
1375944
1119029
1423456
1352243
1480704
1507494
1384182
1597027
1504092
1593045
1486061
1392997
1245262
1301990
1356895
1433606
1506282
1411387
1488215
1403991
1413888
1645692
1288065
1527897
1312571
1477429
1536340
1051388
1381265
1398017
1594587
1553908
1362544
1422873
1598089
1259778
1403577
1359383
1506667
1639869
1251613
1352887
1466279
1327141
1720140
1647513
1435143
1282800
1322913
1336023
1487938
1435885
1357821
1751982
1195931
1050996
1429493
1231851
1677380
1355466
1774022
1548587
1570174
1554263
1359197
1339306
1248890
1738025
1680969
1541889
1652173
1450634
1454563
1208710
1465698
1463002
1576728
1395893
1524056
1632172
1332453
1616208
1473635
1231917
1479873
1172228
1324853
1292508
1312670
1430031
1602260
1220636
1372921
1398273
1529175
1168003
1337778
1535520
1496225
1339296
1550662
1280563
1052571
1480263
1441129
1357575
1600496
1393907
1353114
1508840
1334202
1520825
1177683
1618325
1317513
1512107
1490732
1779017
1591295
1507204
1529950
1184480
1169719
1794165
1396270
1418434
1692214
1427604
1379726
1192416
1592227
1505053
1346528
1589399
1350330
1560434
1182723
1587729
1388412
1561685
1431549
1249334
1563524
1355908
1411466
1184392
1465979
1347833
1520402
1624304
1336439
1351389
1582576
1266200
1514265
1390466
1293821
1210890
1594535
1470194
1333249
1407470
1571173
1641419
1317241
1299229
1357993
1279874
1350113
1356531
1360249
1397879
1393607
1393196
1331568
1721956
1420862
1493825
1403820
1670218
1732631
1569752
1395687
1387529
1174484
1352181
1612457
1591218
1523463
1513847
1199370
1656107
1485768
1529948
1379774
1324965
1432644
1498737
1579730
1112660
1267051
1461082
1573322
1467624
1587138
1110123
1338704
1274632
1349393
1481268
1480554
1402115
1320251
1229653
1491009
1257800
1178540
1703867
1420844
1229673
1485367
1442640
1355791
1291554
1548876
1339354
1198490
1651781
1634139
1406587
1241648
1200458
1741140
1149863
1457258
1614574
1463208
1473708
1407094
1493975
1239446
1434600
1585876
1449558
1395112
1584794
1473132
1497808
1414577
1531330
1588660
1424147
1202098
1562509
1376426
1377072
1481368
1395918
1561793
1265945
1671534
1455329
1288012
1333131
1315189
1503614
1151942
1444939
1427329
1235752
1502907
1563631
1305839
1538690
1303580
1677698
1669814
1466178
1436007
1447111
1081823
1469584
1197652
1369646
1495857
1428821
1385285
1533411
1445376
1751728
1306360
1368247
1588349
1385029
1444161
1638017
1399062
1388783
1481199
1220034
1354745
1556012
1404001
1387701
1489061
1170567
1283669
1175489
1453664
1302257
1505371
1578175
1325367
1600402
1701825
1464455
1392270
1244127
1461058
1316109
1375566
1305428
1405145
1576640
1573494
1303637
1618698
1415054
1456457
1163745
1192921
1121312
1126528
1472453
1617078
1441968
1198282
1444112
1587465
1303819
1207391
1579871
1488436
1489582
1520032
1299106
1767447
1355816
1506058
1616605
1586115
1588626
1503097
1624818
1597131
1519011
1462360
1571736
1346603
1517364
1882045
1390618
1365802
1297461
1761595
1330115
1332610
1398607
1439376
1142817
1578509
1214654
1520963
1500510
1037613
1569717
1564494
1303005
1526829
1228109
1343726
1559633
1311479
1410891
1309849
1364403
1435931
1171829
1447671
1594468
1764165
1484413
1407442
1507058
1246591
1472604
1189526
1677589
1294718
1266090
1373122
1354317
1647695
1530356
1369217
1481258
1499784
1502184
1320298
1383569
1550918
1202380
1261674
1490044
1545098
1349765
1710236
1444429
1369631
1410822
1526947
1583446
1248799
1360526
1449326
