178826
178737
173656
191176
199664
193105
216335
216560
198955
209105
177625
191054
174654
178478
169123
180913
165291
181956
195925
179464
213866
228531
164695
174552
191757
188732
170596
216310
173142
190073
185291
164978
195920
198187
205347
194847
195115
199765
173273
178228
188907
195748
168622
205916
186250
175258
190751
164020
180071
206250
186229
200341
173058
180304
187441
180338
156955
192953
150428
185774
187647
190759
184961
198346
199260
174444
192546
178881
197207
169607
192519
183261
181991
191857
198366
184241
221676
203711
189943
173167
187092
148596
170586
178536
191759
184057
171649
193578
178397
200760
161399
204425
175886
205537
181573
189281
203353
195437
178055
187559
170268
204218
174215
187994
189551
174816
199242
158777
199545
185163
205025
216492
205690
178135
188850
169732
193632
200128
189025
208740
166578
156476
209995
183623
178302
208948
226051
202880
193351
179303
189085
166552
210672
212621
205013
210385
196531
188524
202724
169527
211338
197172
195622
205614
190601
187489
200295
190328
169790
182980
181268
172533
189495
189974
177031
170494
183582
186748
187473
199679
194952
210972
175341
185456
163788
172080
196646
169469
199510
184511
161337
198071
205723
188162
186805
205548
171063
205062
209365
194743
196307
193007
148965
150927
234418
168310
210742
185597
175671
172558
202063
166192
177242
208006
175826
172216
148420
201965
179731
198878
203186
169321
173620
192796
167069
164202
166576
196460
211730
172694
155565
196940
161455
171386
166894
145244
189631
175942
170800
194988
202663
209342
168235
164457
189729
166196
178246
204214
150918
187213
135009
180366
205973
183410
191350
193280
214124
194997
160879
187959
164233
160098
201866
176834
196700
183797
167394
206480
197644
184407
174230
172543
169599
200121
166951
177629
211020
190459
169505
202553
157350
142621
158321
155036
206709
186398
174649
159805
194034
163472
167070
207436
181772
178642
205905
183153
184282
170027
182553
145435
185494
214461
197101
171697
150220
222265
152407
184215
227974
205113
200842
184696
183604
184108
202700
193264
202904
192253
186315
192221
195412
198666
188365
175582
178593
185904
189278
178497
185801
201244
169436
211278
186871
146061
184800
154191
219315
172756
200592
191705
171549
205496
178682
193105
171586
198559
215107
180504
159945
177170
165057
195544
165112
157898
202699
178161
182733
196630
200296
152231
188608
195335
191430
187457
189156
200177
178129
194961
184126
190343
176538
192762
198020
182655
168489
180109
156542
197505
190780
152865
205821
213618
189800
185469
172879
193228
176423
193714
200721
196202
237015
203671
196821
195432
191344
162661
152632
160405
169988
192877
221846
184036
169974
189706
179667
166321
201191
191383
175400
196754
168775
221024
174039
209177
203586
203846
193819
211997
181857
215973
187132
193689
173673
208146
218524
194911
178979
185778
198435
178553
190829
202201
156159
209846
146178
195168
193238
130197
214463
181407
203559
148850
170365
207815
199822
179139
202394
165978
189414
157076
180869
198487
200893
177983
202318
188593
183524
188310
180775
180582
187436
191479
173120
195130
204644
174817
215838
170321
169459
177066
184225
169690
177849
185209
195810
193129
207714
172700
165656
180828
203611
206257
152701
188389
187064
183824
163731
182049
203356
176687
166918
188343
188142
192915
211714
173557
200060
171226
204323
182618
199480
172018
196935
181216
200882
160331
182927
188435
185003
185799
182209
201267
211265
206059
151803
175198
215371
186006
218210
184206
