59323
59330
57488
63530
66177
64093
71776
71967
66029
69532
58959
63546
57839
59249
56047
60135
54769
60430
64965
59557
70837
75846
54618
57959
63716
62655
56683
71737
57347
63005
61440
54631
64958
65870
68081
64862
64611
66286
57399
59152
62637
64850
55911
68281
61935
58148
63330
54404
59738
68470
61903
66391
57397
59940
62129
59767
52010
64052
49851
61480
62294
63391
61479
65853
66077
57954
63760
59303
65373
56283
63872
60894
60336
63705
65724
61107
73633
67484
63032
57411
62219
49182
56597
59178
63648
61183
56882
64212
59303
66461
53579
67898
58291
68198
60175
62780
67514
64783
58949
62094
56418
67779
57756
62397
62862
57889
66054
52675
66221
61392
67959
71784
68282
59069
62621
56353
64169
66400
62623
69220
55363
51969
69772
61001
59150
69320
74979
67405
64102
59427
62727
55201
69787
70513
68050
69861
65218
62527
67167
56231
70109
65462
64862
68244
63250
62137
66564
63018
56317
60752
60023
57176
62913
63073
58769
56535
61032
62053
62312
66401
64645
69863
58226
61433
54402
57093
65322
56187
66129
61045
53452
65666
68231
62394
61907
68157
56600
68056
69451
64629
65101
64031
49397
50120
77671
55877
69828
61553
58257
57264
67108
55115
58795
69167
58258
57091
49336
66939
59637
65974
67379
56165
57661
63966
55429
54399
55174
65155
70199
57246
51468
65369
53398
56765
55416
48262
62830
58317
56667
64580
67245
69406
55909
54518
63010
55130
59215
67851
49956
62030
44863
59793
68155
60868
63519
64086
71191
64761
53174
62187
54486
53103
67015
58592
65271
60980
55520
68458
65511
61313
57732
57160
56181
66371
55233
58911
69973
63262
56168
67278
52111
47293
52417
51498
68462
61816
57994
53016
64449
54186
55483
68897
60242
59149
68449
60729
61137
56431
60603
48246
61586
71247
65445
56814
49787
73881
50597
61068
75655
68084
66625
61238
60889
61095
67398
63993
67318
63847
61910
63731
64765
65986
62565
58259
59345
61583
62752
59035
61645
66639
56191
70194
62079
48430
61338
51154
72858
57305
66584
63539
57043
68153
59222
64026
56874
65802
71350
59908
53074
58861
54733
64949
54690
52394
67170
59074
60614
65168
66503
50384
62672
64873
63583
62150
62769
66525
59172
64680
61074
63051
58622
64032
65753
60598
55867
59715
51892
65604
63329
50806
68378
70915
62860
61552
57311
64094
58364
64389
66689
65066
78676
67494
65361
64889
63406
53907
50635
53134
56349
64037
73530
61061
56373
63007
59432
55038
66829
63371
58160
65283
55965
73226
57668
69410
67577
67580
64179
70377
60195
71683
62149
64342
57673
69178
72544
64695
59378
61668
65785
59267
63286
67043
51807
69594
48464
64795
64063
43169
71242
60092
67538
49374
56529
68931
66265
59339
67052
54983
62873
52032
60002
65813
66654
58936
67117
62559
60944
62437
60042
59908
62178
63420
57502
64793
67934
57903
71517
56527
56212
58637
61195
56357
58970
61347
65137
64065
68799
57351
54861
59959
67674
68462
50670
62554
62139
60944
54281
60416
67486
58589
55265
62511
62325
64090
70206
57612
66342
56819
67779
60621
66154
57047
65246
60046
66655
53100
60708
62535
61461
61555
60364
66698
70153
68263
50279
58074
71346
61661
72500
61130
