227915
240119
288858
278333
245469
294835
266399
268180
260068
242817
250057
264309
248869
225610
227190
245796
269130
266092
263837
280132
242485
259723
266316
245807
272582
239464
263844
253143
221806
247896
261886
258934
261362
305559
242809
276085
255249
279877
245188
274429
235663
278857
241861
266116
276698
225164
244977
248509
278604
263427
253036
260037
244955
259013
247797
259354
267334
254912
257584
242600
242651
254484
251782
247259
250007
252698
259258
294179
268483
264250
249000
257904
247211
237640
232783
258847
286332
239024
251403
252103
254795
218454
256267
242664
284168
229893
278142
231847
264668
283946
246404
244325
248551
256623
259316
286526
213686
250156
264738
253879
311674
266049
234222
250160
246568
262422
268054
277350
224993
202195
274758
243709
253415
300490
261229
297833
232781
242031
219256
278760
289999
291419
272212
260284
230617
260017
267914
270236
244903
280627
267065
244986
245200
277225
215755
245348
237873
270122
265073
245987
224459
244236
237691
244761
275892
267524
232979
235197
223285
229444
274170
255190
284968
246453
267066
236630
250149
249028
266753
252311
260002
286764
256933
317885
197719
216426
292264
233870
269145
230520
271165
201229
235707
250095
262917
251570
251196
203217
279752
234757
285616
243110
271418
247991
210571
218994
245652
246449
261476
231083
257442
245374
245922
226353
197228
255522
247093
246290
252394
280332
257634
242126
237552
232413
234176
267847
189395
257760
242487
263480
287215
257471
256409
296539
258838
229188
233844
234127
233770
246894
259625
248717
241039
282436
255325
254196
225099
252374
273088
264027
217230
286308
241843
256760
248004
235444
219290
241165
287469
233947
271321
231924
267489
224678
196576
273767
264187
259973
242894
244702
220105
248116
206030
284829
304075
239656
206356
262361
218540
252989
271264
274567
272535
270107
232280
265208
306529
263432
263862
249312
257071
253350
267519
273657
220478
246453
217146
264941
256482
272995
228386
287914
254782
198597
255941
268686
239202
268049
247241
235799
294361
217867
251786
272985
278739
288107
248581
233477
228061
245584
237320
268905
285856
267322
251240
276827
228982
249996
273933
251195
259125
254103
245672
256693
263492
288591
242124
260168
239716
275972
230123
228357
233362
257635
249759
278953
284862
265183
221914
266328
256233
246693
237792
272500
284036
279205
255072
258469
269876
233030
251736
223940
235524
292371
261312
229615
256794
232441
214292
282915
268469
282245
240790
289587
245119
268011
284919
312824
263460
264428
255056
267522
259888
239531
289234
287503
288442
216736
283176
254247
272578
243097
233669
281360
222555
266745
250842
214247
273692
251855
207802
220883
284439
254112
255061
227516
254111
233175
281447
273796
292889
252089
249741
225824
283470
203772
268459
214383
246077
237728
269338
258247
234396
294804
263080
235320
223899
244044
229425
238295
256703
240954
255306
231327
243565
266929
275301
233035
268247
255825
255699
259657
255382
242297
246486
244334
279863
240955
295092
261839
237066
246426
266530
250895
242322
261520
264706
236783
211003
258728
269447
235625
246863
279649
215356
306654
217024
240148
300146
262711
278394
230830
285115
294964
218685
238880
298708
237752
246934
263123
239911
258342
274014
254756
260913
235933
247466
268602
263376
256439
225127
257699
280524
277485
243689
245217
243015
249868
288935
248214
239599
283405
294481
251970
242157
268333
263835
263388
245413
221205
239456
251191
274762
226526
269762
239991
274754
258852
280342
273283
