92417
104686
116055
111534
99737
121383
113771
105736
116221
105212
88637
92634
94145
89428
91772
101506
100716
113032
124722
87606
104923
107408
90734
117031
92357
104151
101716
106162
106664
105018
105568
120133
93861
107606
109426
104187
107518
104424
95322
106871
100324
103282
100561
90420
105112
105927
107757
106982
103402
83333
112257
103308
92484
118346
99942
97028
92821
110326
92960
100865
103488
103227
102027
115142
108427
112640
100875
97276
99947
89840
94903
109309
109639
106567
97139
99731
94295
107806
95432
108414
88300
104316
110394
101516
103384
96007
102551
95002
100941
109505
103103
97895
105442
105380
122549
110386
94780
103005
97018
118626
96940
111590
86848
93335
92373
102577
115213
116634
118930
94337
97019
91270
123843
113269
115875
109113
105204
109379
106825
114447
94835
112533
101808
97614
103236
101014
103069
97871
101251
103072
112717
90659
86047
106369
101554
108313
108740
90690
105161
92173
101524
104257
110796
104991
99068
101326
94975
96011
101583
105879
114133
115632
111034
119724
81617
83449
122196
88284
108267
93379
91393
110416
97382
107060
103553
113673
82134
108969
87817
119109
98052
99728
106490
87216
100564
102943
117135
104765
82969
116196
98438
97845
80848
93827
104059
97157
98467
117000
104435
101509
105814
85365
95395
93332
92948
79491
97033
113473
99300
111969
115983
104754
92796
90554
93967
109185
94734
109006
101737
94050
109685
114039
93032
112073
102238
104686
85113
118569
103177
96021
99511
80660
88248
88990
98292
99376
96551
93464
91016
89919
107852
109959
112114
108916
100865
102834
101800
86797
116040
117901
95596
90114
111760
95415
108698
110159
106677
109596
98837
111353
117046
111054
104473
102934
110167
103670
105848
99568
104369
98257
104864
114450
103122
94372
114065
95206
91446
84658
118614
96637
104359
90738
115005
92783
105636
106701
116486
118410
99751
96298
100459
96639
91569
103009
96001
109413
113771
100138
91990
110935
99365
103384
92663
96369
104868
100589
107629
89239
101395
92500
98866
97346
83324
101529
117272
100744
110426
107942
100035
105487
102954
99097
96536
108615
120867
95587
119642
103422
97354
89263
86996
104322
111143
100077
96274
106969
89801
81165
116230
106881
119553
94189
128149
103690
120644
112626
95810
117823
104991
114460
105804
92059
114419
118599
99771
100134
111431
95230
107943
107992
103661
97807
105639
98289
79319
112085
103317
90059
87064
116242
94315
97692
92773
104114
96758
113986
116882
111650
104696
94019
104869
83518
104768
85503
108004
108289
103027
114042
102066
104782
94006
108364
93574
92067
106239
99249
90641
108054
92572
112127
110056
113039
93629
96568
101583
98026
100386
109922
108581
100443
106241
101185
117346
108799
96974
99331
96416
103027
90364
110248
95053
96721
97792
94216
107336
101961
118674
85132
115578
86403
93575
116052
118063
113384
95092
111362
95115
87489
103740
110234
94911
103573
95094
102632
106289
108017
115628
97773
105689
102880
104164
90140
89104
119516
117836
97176
98375
91260
92349
113586
105639
99931
100130
110642
102443
93928
107601
90347
83028
94539
99795
107037
98136
84258
108134
96766
116166
109152
111922
117903
113696
94004
106949
92728
97620
90859
95965
99647
98245
113939
102663
114967
110697
115324
107505
109969
117097
114320
114982
99518
115169
91012
95268
94658
92904
99900
99754
99740
105765
106503
