929554
1053743
1167637
1123182
1003815
1221744
1143280
1063826
1170390
1057204
892448
933593
947491
901695
924436
1023097
1012777
1138059
1254964
884379
1055539
1081247
912969
1176420
929537
1047850
1024612
1068440
1072672
1057002
1063165
1208113
944457
1083343
1100012
1049302
1079990
1050604
960301
1076592
1009343
1039576
1012344
910768
1056361
1065074
1083850
1078225
1040159
840200
1128058
1040995
931369
1190119
1006408
977055
933677
1108318
935226
1013940
1042004
1037590
1027922
1158514
1091631
1133232
1017209
979588
1005275
903244
954486
1100868
1103102
1072963
975991
1004175
950139
1084021
959389
1090608
888588
1048864
1110594
1021987
1039409
964025
1029564
955017
1016737
1102391
1038020
985719
1061950
1060790
1230645
1110514
954072
1035613
975678
1194558
976328
1122466
873989
938518
930024
1032170
1160015
1173239
1195348
949542
976591
918574
1246191
1139296
1164899
1099101
1057967
1098398
1075039
1150377
954840
1130812
1023859
981035
1039509
1016459
1038668
983128
1019912
1037471
1133724
913303
866456
1071369
1021579
1089467
1093179
914321
1057879
928338
1020376
1047393
1114578
1054509
996847
1020335
956077
966576
1022442
1066735
1146929
1161310
1116497
1204091
822409
839021
1229032
889024
1088600
939333
919362
1110684
979959
1077282
1042749
1143129
826759
1095053
885481
1197740
985870
1002484
1070363
878938
1011375
1035932
1179260
1054630
836545
1168758
989465
984428
814066
944615
1046509
977646
990943
1176139
1050958
1022147
1062792
860103
960620
939740
934195
799762
976921
1140754
998075
1126670
1166838
1053937
934348
911392
945760
1098513
954649
1096654
1024417
945750
1103558
1146268
935260
1127422
1028599
1052204
856758
1191498
1039207
966740
1001222
812748
888617
895446
988388
999955
972478
942495
916922
904850
1083868
1105813
1128431
1096854
1014579
1035841
1024707
874742
1166422
1184997
961325
906404
1123553
960942
1092977
1107425
1075241
1103598
993941
1119957
1178213
1118108
1050137
1036303
1108952
1042100
1064879
1001663
1050926
989047
1054864
1152768
1037573
950034
1147903
958001
918718
851684
1191863
973841
1050880
912376
1155768
933257
1063505
1074310
1171808
1190770
1005173
969776
1010120
973761
921126
1036844
966406
1103469
1142108
1008252
926537
1114986
1000423
1039452
933394
971530
1054972
1012116
1081478
899083
1019361
931648
995776
980335
837967
1022254
1180789
1014697
1112116
1085353
1005955
1061813
1035011
996072
973146
1092898
1214763
962571
1203348
1040862
980787
899060
874663
1051677
1117209
1007478
969101
1077152
903406
817681
1168764
1076514
1202722
948154
1288272
1042375
1211396
1132953
963327
1186348
1056370
1151989
1062988
927452
1151909
1192743
1003300
1008021
1121364
957989
1087074
1086679
1042986
983925
1062884
989043
797718
1128552
1039579
906296
876446
1167518
950699
982311
933938
1047843
973900
1146993
1175377
1123424
1051676
945706
1055151
840580
1054780
858750
1084636
1089043
1033741
1147278
1025985
1052041
946974
1090589
940901
927252
1068279
997856
913485
1085645
931817
1128107
1107744
1137589
942640
973553
1020905
985717
1011027
1106707
1091392
1009342
1068015
1017628
1180410
1093462
975706
999060
972826
1038372
909942
1110029
956659
974986
984520
947527
1079663
1026429
1192813
857205
1162521
868839
942905
1168032
1187487
1142091
956376
1120771
956422
880227
1043301
1109394
953592
1042859
957589
1032503
1068549
1085699
1162694
984450
1062842
1034455
1047259
907661
895267
1203453
1184008
976724
988428
918169
929160
1139913
1062409
1005578
1007812
1112457
1030039
945292
1080874
910540
836822
950623
1005299
1075265
987885
848681
1088394
973903
1169235
1098603
1126887
1186809
1144138
946784
1075416
933220
982455
916038
965703
1003608
989501
1145789
1034375
1156672
1112305
1159713
1081529
1104077
1178866
1148695
1157112
1001167
1158417
917197
959257
952592
935309
1005322
1004015
1004655
1064995
1072069
