45197
47716
57226
55143
48606
58328
52799
53064
51548
48244
49697
52359
49491
44649
45043
48923
53237
52673
52268
55467
47916
51399
52837
48784
53931
47456
52281
50088
44035
49292
51967
51392
51799
60570
48042
54495
50434
55386
48638
54321
46748
55350
48074
52825
54939
44639
48585
49226
55299
52106
50121
51496
48670
51195
49082
51376
52921
50583
50854
48102
48106
50288
49735
49030
49670
50107
51465
58261
53220
52370
49255
51217
49092
47037
46246
51341
56649
47376
49686
49917
50324
43369
50769
48000
56451
45561
55216
45827
52478
56299
48865
48395
49092
50786
51293
56850
42288
49466
52592
50402
61940
52797
46393
49405
48819
51975
53191
54912
44428
40105
54530
48263
50147
59422
51622
58994
45938
47773
43482
55255
57339
57676
53843
51677
45655
51461
52983
53692
48579
55756
52921
48506
48609
54866
42606
48712
47265
53389
52463
48651
44422
48460
46968
48538
54884
53112
46229
46600
44239
45464
54284
50503
56364
48753
53037
46954
49420
49435
52812
50002
51389
56747
51013
63097
39057
42934
57888
46428
53384
45611
53588
39936
46650
49472
52139
49782
49806
40237
55522
46462
56673
48169
53839
49151
41587
43346
48631
48833
51956
45839
51124
48602
48695
44886
39188
50505
48992
48677
50001
55428
51164
47938
47025
46009
46369
53131
37364
51073
48005
52250
56762
50814
50802
58820
51338
45450
46355
46453
46291
48888
51392
49359
47836
55852
50574
50184
44610
49987
54097
52229
43006
56802
47940
50871
49223
46621
43493
47799
57117
46185
53622
45846
53001
44486
38870
54194
52303
51508
48208
48571
43615
49228
40699
56387
60500
47516
40842
52052
43165
50183
53740
54394
54056
53626
46051
52436
60750
52111
52341
49496
51024
50102
52970
54207
43539
48863
42972
52440
50788
53945
45318
57147
50518
39328
50722
53323
47483
53226
48959
46760
58326
43083
49893
54228
55432
57110
49255
46141
45278
48682
47012
53347
56574
52901
49819
54960
45435
49489
54148
49702
51390
50357
48567
50880
52206
57316
47941
51601
47427
54755
45562
45228
46229
51049
49562
55325
56567
52597
43952
52624
50917
48796
47263
54108
56411
55369
50522
51366
53566
46161
49820
44218
46724
58154
51876
45440
50820
46263
42575
56048
53114
56123
47611
57342
48618
52895
56505
62069
52122
52304
50527
52851
51505
47567
57299
56840
57292
42762
55991
50523
54085
48124
46247
55714
44050
52868
49609
42582
54268
49816
41280
43686
56430
50400
50557
45182
50403
46242
55759
54338
57974
49920
49383
44889
56398
40329
53002
42423
48615
47106
53243
51261
46336
58539
52035
46886
44348
48475
45414
47222
50892
47775
50623
45723
48187
53026
54541
46200
53301
50670
50611
51474
50389
48149
48810
48391
55420
47774
58561
51954
46916
48706
52736
49828
47862
51906
52457
46848
41751
51363
53280
46644
48954
55484
42642
60744
42896
47577
59702
52038
55256
45624
56490
58453
43215
47229
59400
47165
48867
52032
47473
51130
54458
50566
51680
46733
49068
53065
52376
50840
44576
51110
55567
55035
48247
48636
47953
49525
57383
49225
47440
56096
58528
49898
47978
53259
52245
52199
48531
43741
47625
49794
54380
44876
53432
47496
54445
51247
55490
54067
