62037
68464
72382
69489
70780
79274
70699
70846
64163
66019
59473
61137
62515
71378
63509
73600
70191
68633
69619
57673
74357
66775
69564
64930
67966
69310
66004
72062
68408
68108
74625
66871
69031
65472
67857
71877
67516
60235
63538
73075
67929
59608
71778
65563
65390
61572
79819
65516
62868
68382
68931
63775
61409
63676
69177
68781
69682
67892
67274
63242
56648
68492
64612
64427
70058
66027
65697
67119
74014
68240
68822
68432
68389
68315
62844
62310
75348
70218
70831
60490
66490
74984
77402
67633
67245
60430
72354
74370
59586
58012
62171
68902
77856
76149
76380
59347
57409
74979
75799
79976
69579
65021
62303
74449
67815
72358
65353
65723
64188
63926
67747
63235
62365
76234
58087
65931
61887
73531
72044
64829
63271
57952
67768
67299
76139
59126
67321
71714
60524
63925
70893
76929
64770
80883
55880
71575
66880
72633
61131
62695
68899
67289
72563
65858
58500
70591
65323
75185
68057
66090
55882
66040
71875
74647
62212
69158
64907
67996
58010
70484
67976
71698
75752
69596
63531
70385
57080
74846
60691
58101
62790
74972
64589
70207
76603
64471
58918
56293
69473
70551
77983
58643
71693
76608
61524
67143
74808
55479
63886
64605
64844
61385
60331
56011
67875
65799
64882
60721
59363
60106
73503
68914
70961
68366
63429
66852
64216
76507
63992
53972
74865
58301
66751
70844
69686
69264
67942
72757
71358
66690
68832
74629
73676
65353
68310
61671
64929
65797
58368
75758
63104
61822
60934
64302
71440
61843
75199
66267
66868
74171
79157
62729
69727
61112
59178
60434
67220
70575
71756
73944
59487
74032
64152
71991
74585
66685
67861
69529
71691
67550
68126
56448
54845
66553
70325
69954
75921
70619
61517
68728
63164
68925
75537
77435
70841
70580
65102
61951
58301
68431
72014
64242
64525
62557
61511
69893
79905
63690
73497
73575
73229
76539
77239
65886
78972
69017
62300
74776
70482
61398
72597
67136
68041
69465
71488
65302
70262
51971
73842
66827
55568
59139
73531
65296
58902
72656
66637
70372
72414
69704
77799
57136
57153
65974
58526
63451
72132
72242
67727
71097
63636
61800
63959
66550
62119
66492
74820
62171
65312
75502
60379
69417
67846
65297
70776
68771
62820
64923
67741
75816
69029
63960
72158
66136
61496
73646
62548
65720
68459
70790
64548
72473
58507
76805
60173
79779
71269
79483
65148
72981
58984
61548
84783
62764
76013
61115
71705
60352
70365
67299
58450
64461
71400
66068
65603
66453
72171
58922
62220
64413
76928
73525
63946
77867
67665
59518
63123
62627
61247
61284
69101
67056
62463
71515
59445
67407
69345
79952
67760
63629
66706
71498
61379
57457
66122
60640
76686
71478
64293
72011
70410
67813
79306
73151
79128
69146
64880
62918
63093
64045
66436
62026
61048
69353
60870
80186
64949
66253
61649
66269
60350
66934
62847
73633
63828
66072
72103
65881
61755
63335
69922
59264
77544
60022
61506
61447
71201
68476
61095
60938
68822
66489
65897
74003
70144
68679
67374
70545
70091
65426
69511
76214
66396
65945
71951
67554
72209
66166
62801
57802
58090
79648
71848
69177
66369
61715
70338
73141
77272
68028
62117
69078
70297
64550
67757
60437
66691
59306
65694
75010
