760860
801190
964199
929403
819734
984774
889095
894911
868197
810284
834656
882582
830051
753394
758632
820731
898442
888212
880602
935872
809137
867585
888500
820728
910056
799427
881690
845310
740435
828112
873840
864683
872025
1020288
811201
921734
852061
934945
818901
916165
787251
930708
807848
888865
923490
751804
818173
829515
930287
879294
844978
867804
817996
864773
827583
865734
892312
851179
860191
810335
810111
849533
840609
825485
834715
843881
865660
981778
895283
882765
831173
861420
825032
793699
776888
864895
956044
798483
839816
842063
850719
729616
855088
810211
948614
767735
928399
774111
883746
948158
822621
815568
829670
856933
866003
956621
713436
835155
884374
847595
1040542
888355
781990
835693
823323
875650
894608
926188
751423
675521
916936
813922
845879
1003080
872118
994393
777481
808343
732017
930561
967408
972637
908682
868774
769775
868362
894727
902099
818396
936800
891743
818097
818389
925127
720205
818790
793970
901480
885345
821488
749541
815894
794052
817855
921133
893204
778418
785237
745608
766115
914650
851845
951725
822912
891459
789729
835015
831578
890245
842457
868134
956853
857870
1061313
660904
722544
975829
780654
898763
769204
905093
672435
787076
835020
877703
839589
838393
678254
933607
783797
953294
811403
906357
827844
703056
731484
820681
823039
872304
771515
859275
819307
820888
756154
659109
853410
825062
822676
842355
936330
860259
808438
793125
775789
781776
894153
632307
860601
809459
879765
959081
859597
856558
989610
864165
764788
780678
781667
780542
824203
866770
830489
805035
943305
852626
848781
752037
842772
911126
880997
725488
955807
806978
857512
827981
785848
732509
805388
959323
781452
906345
774333
892995
750483
657042
913538
881717
868111
810884
816607
734803
828956
688151
950879
1014243
800075
689101
876071
729861
844153
905778
916780
909993
901180
776018
884973
1023386
879846
881765
832690
858219
846250
893688
914049
735454
822724
724735
884617
856263
911375
761944
961423
851232
663034
854666
897276
798349
894997
825605
787378
982603
727515
840379
911047
930672
961738
829858
779480
761398
820255
792397
898017
954172
892458
838486
924227
764459
834438
914336
838154
864742
848205
820137
857139
879491
963378
808597
869423
800171
921519
768701
762548
779051
860129
833580
931286
951266
885062
741066
889009
854832
824027
793934
909705
948623
931558
851849
862947
901318
778012
840470
747765
786892
976362
872082
766605
857123
776878
715191
944052
896621
942746
803810
966997
818627
894598
950876
1044023
880097
882694
851493
892741
868006
800123
965673
959562
963025
723866
944980
848267
909514
811756
780597
939078
742922
890340
837580
715137
913429
841623
693295
737653
949986
848252
851802
759645
847733
778657
939829
914216
978044
841319
834068
753840
946692
680187
896789
715554
821798
793839
898812
862393
782747
984106
878182
786367
747694
815164
765820
795725
856751
804269
852179
772404
813111
890982
918852
777947
895261
854133
853242
866598
852449
809057
823376
816084
934540
804325
985261
874741
791769
823136
890087
837535
809488
873562
883247
791049
704668
863669
899082
786766
824065
933661
719372
1023946
725076
801983
1001762
877236
929432
770711
951811
984360
731214
797209
997229
793923
824471
878196
800867
862265
914869
850515
870434
787975
825995
896494
879086
856198
751919
860099
936221
926250
813253
818345
811157
833881
964880
828619
799654
946209
983500
840868
808533
895703
880923
879142
819500
738893
799106
838188
916744
756622
901180
801149
917346
864693
935700
912372
