108721
119358
128555
117354
129157
127503
123770
114696
118756
108282
107630
109510
132676
111993
136489
118072
119489
116922
123691
107704
126889
111903
123568
125306
112149
117239
123736
120180
128563
127277
115001
118402
117999
118789
106156
122413
117079
121489
108317
125240
117104
121496
115059
118361
118787
117446
120200
109786
115342
110876
129492
125445
121355
123367
119181
100012
109144
123678
115879
116091
114804
105641
119966
122645
111820
120001
124677
125558
111760
124496
113615
128878
126269
109183
127422
132109
129854
110854
117626
109714
119260
137741
98201
128121
121011
134004
138276
134203
113239
99612
136714
130789
130719
135011
116588
126771
122612
114511
125180
118610
119457
110493
113191
112003
122056
109369
101768
122962
111144
117295
119313
126507
99879
120807
123383
118079
121563
121165
121801
112989
125384
129711
132729
139230
97081
120891
112057
132930
107658
105557
112665
126370
118752
109235
109524
108413
126414
113961
110077
104863
124719
130885
128013
107470
122345
116211
106551
94210
117914
114126
126442
124566
109305
115911
109646
114337
112675
111461
118344
120843
131013
134962
124041
108933
110113
128699
124967
121048
116969
130043
120135
105799
115795
118878
96739
120117
122884
110667
109919
115058
126503
115069
105409
108195
109638
123383
115756
127575
112285
114264
112033
124004
134354
107388
114906
105077
115241
131241
131358
123161
117372
141436
129164
123950
137839
112604
121584
105530
119482
110592
117777
105125
122643
121088
104115
107680
119132
131697
108522
130532
115500
119325
135898
125094
114231
109999
113500
106585
128754
122297
130323
116118
116865
119151
127701
121107
108235
114767
123272
116975
124292
125156
104387
106400
121737
119226
123651
127198
115895
121920
119739
128315
129069
134430
126563
124449
108294
110800
111825
132052
116050
119292
125117
95396
134265
139476
104735
149201
120604
131332
135123
130573
129343
117348
121523
132545
121504
105963
126925
111754
114906
112966
118125
121248
119803
114657
126778
109945
102958
136566
109243
110803
124702
121908
124377
143975
118967
111921
115216
123019
95715
122577
115506
129278
119358
125150
110867
115499
114227
109063
117461
129449
110898
117039
120676
119569
124382
120609
108747
124453
110565
120343
120913
118650
118227
114863
117860
110821
108042
126538
106060
100195
122670
118226
123187
126526
134656
103874
122675
120717
134412
117479
122492
110199
109335
132536
110318
120397
116173
129466
125943
122366
109157
110207
123419
115014
121409
126355
114129
114507
107872
121414
125167
113822
129876
117732
103893
115614
115358
109149
112088
118250
111467
115591
115188
122120
127892
131670
118657
115074
124516
122879
113407
112909
114784
127446
126749
129416
131987
132371
113090
127547
138403
131244
122394
104033
125312
103970
106682
113238
113393
131711
111729
137991
117032
128706
106938
120693
108539
116594
120020
123671
119517
124742
114827
113643
105294
122441
113976
142406
99986
115156
106550
129417
98028
114587
117666
119787
121944
126726
126168
108219
129761
122718
101024
125556
122128
109903
107007
115804
117585
113734
109851
111183
119038
109637
141902
129395
112797
123238
121838
127235
130616
118558
111846
122509
123645
107293
107446
109306
111985
115682
120490
139419
125678
94824
131312
116646
107645
129621
128788
128178
116801
114850
127686
121163
137353
117713
118756
132977
124766
108518
131548
117118
119167
131402
121848
118839
118289
117666
111066
117943
117942
137017
102533
119827
129178
121656
121430
129264
