21435
31957
25326
39533
52140
18013
42016
26485
42578
30806
17932
37819
45192
38096
31569
34856
38305
63639
50177
40618
29924
25991
41904
43136
30404
44345
27966
30259
23873
49081
29709
26523
40491
49822
46559
55712
35545
33199
44418
24109
34996
53094
22166
50201
33391
29012
30587
41224
51316
46999
36326
24286
55698
40449
32155
46646
37840
55758
48401
22930
34186
31294
54169
33731
31208
45129
26578
26947
27846
37655
33222
37094
38111
35413
45510
25846
55397
19139
24167
34509
45028
22503
23957
37108
40876
32271
32714
40064
37151
30192
39729
23188
38030
38495
37647
30294
41210
34080
29206
20015
51658
32409
41850
37708
34954
40934
36631
50508
46661
31215
47242
24026
33884
35056
39444
33550
55365
38446
24941
45960
53647
61368
50142
32701
47101
23781
29977
20669
37944
31414
31470
18909
37231
37592
22135
52653
41311
32365
48263
40498
50104
19532
44548
34923
37791
30082
41163
39158
33087
25292
27490
34078
47824
43189
23052
54072
34227
56407
20944
37253
17797
34949
35394
36115
35694
43544
34633
34373
25141
39275
56893
35640
36394
49835
48664
54959
39033
24176
22548
33188
50835
59302
25483
36747
44970
35883
26430
41060
30117
36317
37588
46042
42741
31124
33768
50989
34564
38166
34378
56265
31245
42351
34505
47870
24259
37167
36979
30648
47719
48006
46129
33091
30000
43440
28576
30619
42248
37876
39449
34602
46762
53459
33900
26064
39918
32985
24799
48910
42029
40409
45402
58983
49505
46096
25950
23448
39863
40294
30362
42322
40283
36024
42776
35666
35650
40850
40319
44496
36961
38065
28960
40026
34556
34678
41906
46808
23778
53897
46970
44222
27051
48690
49119
42901
29561
33310
52461
39689
37937
37600
37746
43879
38283
23179
36446
43962
45099
34682
55598
36512
39185
34368
31412
46836
26385
28292
27467
29272
29588
27864
39885
47628
23343
37344
44948
24067
55951
29151
35292
29506
26450
45709
40877
55446
30043
44846
41317
36593
43790
40087
37139
45141
40891
44298
40594
27294
31055
28861
28402
36039
42193
51973
54295
31769
22723
53655
22258
40261
30440
18696
37167
32588
35522
34312
32777
25422
51619
38675
18628
18430
43692
37424
42417
30931
23489
53588
37705
39787
27460
23901
45354
42937
27673
47459
47053
44888
36111
20287
44228
30748
42570
30380
43758
33073
30639
25661
51075
43311
32938
24986
40137
29039
31575
33134
25159
28891
46477
34051
43312
31576
37428
28398
36594
45471
34386
43448
30857
37762
29082
46921
44699
30858
42076
34190
33334
38347
39625
30802
23292
17638
49543
41496
36929
23050
44583
26203
31956
36777
26401
30044
56243
43628
40491
40053
43840
45253
42772
26368
41141
39112
49215
39785
33488
34457
31504
42554
23664
44919
42865
45588
49442
37857
32027
43639
49795
60138
26154
32418
43709
24991
50569
45948
35883
48581
38368
36808
42790
28919
34322
25571
44066
29253
31001
51772
28458
28023
30164
21090
35202
27497
40828
42679
31900
29252
43682
31239
25714
42348
43891
38896
42600
47710
16725
46213
36510
38156
59908
23013
17644
43611
49733
38478
48453
45382
30414
24613
48653
41122
45896
40084
23432
43059
27525
35970
40918
43361
32898
36890
39598
43118
