1569
1687
720
898
1453
903
799
806
829
662
2078
1041
158
394
895
469
1965
821
504
902
1455
691
740
598
630
915
722
991
1546
1323
567
534
1212
872
506
25
1109
1217
777
911
1137
638
423
1822
740
157
296
1063
804
851
466
563
500
1381
1019
1448
1498
1265
1057
1029
513
902
657
562
677
793
1017
29
840
574
1548
446
2551
583
719
1031
1293
745
585
968
629
712
1435
550
2286
1724
825
720
739
961
525
839
530
727
1815
470
1127
818
530
2370
614
2090
1270
977
664
881
858
1117
761
151
509
408
654
1139
605
808
908
1344
760
1499
56
1079
844
435
642
743
1212
696
767
647
1110
618
649
795
1843
903
935
670
971
710
557
2042
616
322
753
1491
1246
925
658
1364
568
1685
2098
426
1941
1877
1620
1080
1280
740
615
655
973
960
1105
593
788
364
513
1449
1803
844
1103
950
723
575
1869
582
704
880
1211
569
895
2072
1216
1037
1969
596
2068
780
872
999
1191
953
532
1081
1388
425
718
1051
1896
674
1631
1967
898
644
1913
905
634
1149
799
733
1197
1057
21
853
1615
967
689
1040
1613
959
770
955
2055
1251
862
1536
720
1858
742
1584
892
784
783
837
460
1577
1397
1129
761
594
1218
845
713
1198
528
1214
1069
1456
1273
839
1334
1399
921
1728
375
640
1095
1205
849
1322
2344
721
424
482
1140
915
1930
781
2246
1182
594
542
1227
829
1296
709
925
1034
628
759
1868
787
787
431
1490
1915
1113
322
748
872
823
1551
1319
27
