20919
45156
39807
55423
55987
46197
87558
79131
64096
44140
51150
46995
43061
52759
51492
51663
49937
61308
78736
35137
62794
39153
75533
87367
34039
94011
103384
66169
68163
11351
49877
58926
78413
74994
39681
70980
53924
35357
89719
66470
75542
48416
46591
49867
19731
52414
31707
48976
69769
31234
51387
46631
75367
72840
44715
45205
79121
55007
81200
59084
98754
80570
80837
90811
91410
46451
71010
54749
69295
43170
82230
26356
52284
70517
27999
39589
41356
71072
60006
52113
62262
9485
72898
52067
50573
46646
75056
54962
53022
35131
44881
61695
72544
47867
67902
58527
76675
36268
50561
53504
91927
63110
58052
41597
43552
39296
56388
46778
40734
37120
95204
42020
47609
75618
32741
77780
72229
42405
88361
66804
90116
36971
42252
63529
36043
87343
59688
40208
52478
35054
22730
64266
34581
100299
34474
46102
38913
70018
38469
65787
51738
41419
45254
44627
60564
37267
59039
59076
24730
53454
60916
25532
56417
66955
30192
39664
54380
99105
55017
48154
79268
41461
57264
77305
79082
27270
50809
86096
81591
73579
67004
43264
69117
64402
33229
46057
75738
84539
36922
46738
44859
40550
40412
44918
13081
62581
44926
44865
97188
48294
64182
37131
70630
61536
57440
39363
75888
52885
51663
78174
59209
52256
29866
58343
53787
66659
25143
62732
37390
95422
65654
80293
43504
51614
37427
49745
38814
61109
37164
69684
87317
57588
69951
71221
39086
66919
77017
24882
64895
48717
37261
64347
35782
52194
51223
25198
40389
43046
77307
98386
59242
41925
20305
49663
41605
44859
38532
51636
87180
44146
63779
54293
45471
67943
52610
23632
77404
62701
34616
82030
94400
58867
31496
22508
63951
16511
58981
47950
89333
25216
58304
39971
96216
49295
62945
49851
59984
35178
86963
34210
42208
39228
22968
77156
50535
42354
55114
23767
30360
67096
20846
50649
74317
74523
48033
27634
41312
59292
48502
23965
40870
58107
28326
53825
32709
65820
40859
46092
58497
49292
85592
68397
41859
50274
25250
41714
82651
47620
26444
29478
54023
54300
70387
56705
61994
29015
77545
64081
75290
46004
112033
43058
27234
55306
46801
52024
33239
33683
60522
72885
72838
40708
65930
83541
70086
46818
40396
66015
34882
47842
32771
49983
51396
26716
37960
48555
15462
54398
36872
83214
53137
38014
65259
82893
71716
47444
31745
65051
35561
53570
114636
46950
44017
29704
65826
55531
77279
48249
21398
42474
51289
22017
43228
51184
64631
42326
45434
78782
34420
93909
53191
15392
70098
40144
38797
98087
31563
67113
42547
51467
66284
52185
35764
35812
33476
51636
56816
48755
70040
26242
27720
48126
46961
12423
90280
45256
52048
58667
13875
77156
95294
83489
69634
41981
25415
66993
59331
64448
43668
33759
72052
44786
28339
59546
86730
38391
38461
20148
74417
73147
72220
32168
38035
60429
24908
53765
19096
66464
39608
68226
83656
34449
56788
54194
48220
38083
47872
49319
52659
58691
34943
74097
91234
60626
79678
48271
62433
57073
59264
76815
40186
37162
57434
69784
62264
31686
60649
73135
34486
20160
81170
45079
60200
80341
27927
35941
66244
77588
37234
48451
39190
59550
61253
62979
32226
35755
57025
72206
54290
99458
40500
50495
79429
46704
41743
60839
83949
67420
60184
47567
32825
71174
60066
21211
26720
76817
36170
31548
83656
55562
83433
71393
44492
65317
55641
53320
34132
105688
50233
28901
29983
64017
53761
36289
55543
71249
57461
115488
84389
73839
38237
41047
46411
30212
46901
69512
68020
40889
55995
21483
49008
31700
85097
28149
49221
76165
67734
33847
64133
68909
22093
63919
29037
52463
59679
44228
104663
67648
75198
35225
54635
39336
92301
82587
46590
69837
37288
66625
76339
42508
26233
38909
17860
37033
61732
61112
70260
43729
56865
32656
45993
64561
72235
51271
66791
62583
60505
59344
57068
45629
69332
41440
84933
49088
32214
49548
81592
82071
31729
33619
80897
63448
58972
50306
85483
47340
78705
79378
86957
75914
47236
91313
53377
54380
38528
57944
70832
47255
62987
48977
69733
35752
45574
17172
21688
11259
73343
36482
77656
68343
54926
28801
72020
90304
52919
31167
24551
40957
49394
56636
65711
86697
59287
62649
21568
75673
44524
58252
68135
3480
73647
56274
43693
86652
68342
59040
86383
38759
77606
35115
60435
66053
22172
43760
56084
48761
90032
23411
54495
79270
49240
36855
39739
39970
60255
49484
57005
37050
82378
75828
54543
69619
39360
37161
69715
73887
97905
50028
40659
39013
62465
51168
47550
60888
50393
64128
67447
90484
52193
36072
66819
48059
95640
59078
22588
41639
46655
53989
73713
66411
37262
32129
41036
80235
46134
75576
39714
38786
79010
39434
33255
63908
55680
29491
76075
45391
72820
59248
54584
50498
53697
23666
19322
51982
23854
74085
44094
52841
61664
55315
75091
81578
71247
45176
55235
88593
78384
39350
75307
70615
86699
88717
82959
69862
45151
51326
41262
38497
47819
53395
34990
30374
32356
36644
76780
36842
61589
61169
42350
52879
40247
34652
82370
42465
45884
39874
46577
56247
51090
61351
58441
78419
63600
27528
30010
90971
43654
50928
35372
67904
30859
37083
33019
54958
84564
58526
41982
59220
34824
35532
70907
55409
45488
47361
88465
37378
41728
51260
29287
45173
64836
49853
47422
61816
70814
57511
46757
55285
65400
80545
76554
61445
98231
32342
44883
54270
58762
39427
54107
71890
62307
85725
62411
58912
60739
45046
68144
49626
48952
67123
69916
56743
67805
42305
69670
21734
34576
74761
71858
48214
62681
29057
42731
51186
55305
58965
42505
60421
27558
75671
23433
72191
61943
45370
62167
48537
65210
70520
16915
105973
56362
38223
77796
62316
25667
47084
56518
42164
76228
43155
31844
61446
53152
34043
72203
40980
29091
63957
68523
15343
37716
37174
56397
68565
51805
70359
54973
28541
59047
55096
99976
29492
26595
69465
53843
68029
76221
76159
59790
67679
77324
50584
40431
63157
78960
53308
21032
39391
53489
17707
80914
23890
74841
55214
60173
61705
31732
53033
53223
42938
41234
45484
60561
76052
53973
47416
17436
56561
79426
72350
66370
34166
66345
50879
