695
586
702
247
627
587
532
685
369
928
181
478
143
494
151
668
360
507
399
859
374
391
284
632
377
598
453
13
607
254
475
651
894
387
448
396
518
177
524
582
346
785
203
521
574
421
569
536
636
660
272
678
475
157
452
413
699
890
553
636
527
434
709
630
355
223
552
195
782
192
542
588
471
569
465
461
663
650
682
448
702
197
775
1068
688
53
696
1018
409
351
593
723
411
892
556
283
821
989
695
582
515
604
712
610
1132
320
706
225
817
801
519
586
13
506
425
795
491
592
315
362
602
225
742
230
805
128
558
337
378
341
362
607
459
628
923
465
406
427
749
492
575
539
401
830
610
573
530
459
773
1177
555
557
513
446
451
421
458
334
826
419
674
333
955
520
512
72
679
550
554
11
582
568
921
652
487
637
490
546
564
485
457
552
525
125
733
810
357
15
549
559
480
754
568
696
885
326
643
392
356
708
586
990
456
467
358
229
515
515
636
404
543
485
499
531
423
647
348
654
996
470
586
444
649
452
472
374
661
484
355
481
557
573
640
482
188
709
490
739
559
493
564
406
295
759
387
537
560
917
259
436
677
446
697
631
635
721
568
181
554
525
706
542
639
79
745
106
465
430
609
236
593
154
213
227
529
259
339
659
632
101
137
567
121
587
559
298
98
194
119
610
623
207
484
1123
56
962
399
354
658
989
996
981
461
372
494
971
469
431
900
798
396
589
595
522
397
531
663
642
423
590
349
590
750
198
703
763
689
532
649
533
436
384
323
356
679
559
696
454
205
790
670
989
1122
319
666
681
514
509
563
451
9
586
181
524
24
46
757
647
24
655
358
567
648
631
583
596
470
1130
238
487
602
80
449
414
437
450
534
793
443
407
552
357
577
489
1060
522
453
643
428
522
487
423
713
737
555
579
472
605
519
41
824
702
690
554
252
971
551
787
595
637
471
291
577
517
764
1088
751
327
261
408
665
546
631
349
695
889
512
332
463
549
642
528
531
454
582
589
611
565
315
683
655
266
552
948
413
449
533
672
466
572
537
441
416
313
814
603
825
802
763
476
112
444
557
415
726
404
580
423
489
624
345
454
1029
1010
533
156
665
569
648
371
511
342
619
570
144
497
527
522
610
920
761
1041
393
707
439
674
520
282
1047
511
721
331
614
200
388
514
710
717
286
61
622
753
384
262
105
442
720
611
416
648
608
291
513
712
701
561
744
595
460
222
392
617
567
485
653
521
59
148
301
461
792
543
883
329
577
591
488
417
636
64
563
30
381
457
375
469
728
551
662
673
987
553
309
643
553
468
791
540
529
506
408
516
249
759
413
1131
611
774
743
784
331
458
479
708
874
384
715
343
456
483
408
510
706
518
483
489
270
801
992
463
1327
245
717
844
598
494
622
530
342
359
689
582
674
426
611
550
611
646
633
477
526
599
675
550
573
537
635
698
705
472
736
322
356
366
433
113
150
587
354
559
245
60
698
740
496
648
477
74
9
242
590
548
319
742
349
926
564
1047
455
13
637
735
583
811
636
352
672
492
373
655
983
666
929
638
523
217
619
479
1026
1058
306
876
627
553
931
572
570
724
646
627
421
449
902
448
301
604
987
959
503
117
617
472
642
720
1063
838
575
553
881
824
762
533
175
656
537
489
836
709
568
77
411
1026
287
438
530
555
473
543
543
451
112
588
503
420
384
432
515
397
585
470
568
107
243
1128
221
230
855
248
432
850
633
551
383
787
1142
474
447
268
333
529
590
605
503
752
656
493
366
687
514
418
632
463
219
355
478
636
611
555
638
484
303
404
1123
645
362
787
519
280
727
652
854
546
727
577
449
533
437
331
374
883
417
485
862
11
916
655
420
1137
595
448
477
686
658
70
474
569
271
326
451
725
667
606
491
474
649
386
495
610
354
673
650
620
456
748
610
587
567
570
437
162
697
402
1079
494
400
807
716
496
630
796
520
646
645
496
342
491
560
483
512
600
312
666
612
424
600
329
162
91
786
1274
408
613
217
460
1027
815
542
485
305
315
363
405
690
712
72
181
445
409
1157
803
659
605
611
279
583
383
334
492
795
379
294
559
487
58
671
326
542
694
784
461
674
686
285
662
710
436
697
719
615
943
687
530
448
381
942
887
692
782
910
633
114
197
703
566
1164
364
495
13
520
653
579
554
482
686
30
1182
68
259
1333
589
1029
570
628
332
