232
177
214
81
212
198
168
217
112
298
52
163
35
162
30
215
118
165
113
278
122
122
87
208
130
198
137
13
186
82
148
210
283
106
141
133
165
57
174
195
95
254
55
173
188
134
184
165
200
216
83
222
152
41
150
135
218
289
173
213
163
133
241
208
122
63
185
61
257
57
172
189
137
181
143
132
219
212
221
138
232
39
255
346
226
15
233
328
123
118
193
242
140
288
182
79
260
320
237
187
157
198
237
192
377
109
231
75
265
270
156
189
13
168
139
247
161
178
110
118
198
81
241
69
265
28
171
101
112
106
110
196
144
195
297
143
137
136
242
154
186
169
121
274
200
189
164
146
244
397
178
181
169
133
134
130
150
96
266
140
217
114
312
162
165
22
221
174
182
11
179
183
297
216
156
206
152
178
178
156
146
180
176
49
243
261
110
15
183
172
166
243
171
232
288
101
208
118
116
237
187
310
158
161
128
61
164
169
218
137
177
162
155
185
139
207
116
211
322
157
191
151
202
148
141
108
217
153
112
144
178
182
199
150
60
220
153
246
180
161
178
124
100
238
117
167
181
290
76
129
215
138
234
197
199
234
176
64
182
183
237
178
206
20
242
24
148
137
196
52
192
50
53
68
178
73
106
219
198
31
41
182
30
195
188
93
30
59
42
197
208
60
150
368
13
313
115
99
224
311
322
320
154
120
157
316
153
141
298
267
125
196
190
172
126
173
217
196
141
181
98
184
256
72
218
249
224
167
216
169
140
116
95
106
228
180
238
132
53
247
217
321
367
91
210
217
163
162
182
136
9
186
49
174
9
9
236
218
9
223
99
177
209
202
188
180
144
364
64
153
193
15
147
128
146
132
159
261
140
121
172
115
181
153
344
172
144
216
133
170
154
129
230
240
178
189
149
202
173
11
269
225
231
187
82
326
179
256
193
206
158
103
179
163
257
352
249
102
73
131
211
185
212
118
227
295
170
98
150
181
202
182
183
150
182
201
188
179
105
222
215
71
182
309
130
142
180
215
154
188
169
137
133
98
271
191
271
251
253
151
31
144
178
147
245
122
198
137
159
206
118
148
344
331
170
28
224
190
196
121
169
110
203
191
44
153
178
162
189
302
251
343
132
222
135
212
182
76
352
175
224
104
202
61
128
176
229
242
99
9
203
239
121
76
33
139
225
193
133
216
200
102
177
223
226
187
243
182
143
72
136
195
187
164
220
168
13
34
80
148
257
176
294
112
194
192
152
135
215
30
170
13
106
146
126
137
242
166
213
222
322
176
101
216
161
150
259
176
162
174
142
160
76
246
125
383
201
253
248
252
94
140
157
226
287
124
232
108
150
156
121
160
237
175
157
154
69
255
320
146
441
77
230
272
191
164
201
166
105
117
230
182
221
143
201
177
198
204
202
159
174
192
231
182
176
172
204
230
225
156
237
99
103
112
138
35
48
195
121
185
67
30
221
244
154
222
160
22
9
64
189
172
95
235
105
309
173
347
141
13
217
241
176
253
210
105
225
167
113
210
320
213
296
207
163
59
200
159
343
345
98
287
199
173
304
196
186
237
210
197
139
137
291
146
90
190
314
314
162
30
208
141
199
235
348
265
189
186
283
270
260
172
38
216
180
148
274
233
185
30
122
338
85
152
169
181
150
174
171
136
31
202
167
141
126
129
166
121
180
141
183
33
82
372
81
70
275
61
140
272
212
166
132
256
375
153
134
78
99
170
189
194
157
243
213
156
122
230
160
128
203
140
69
102
150
205
199
183
194
143
102
127
374
200
109
261
176
95
228
200
274
185
239
189
142
159
145
107
110
288
135
146
281
11
296
217
141
383
196
133
165
221
208
20
152
177
87
106
141
236
215
198
148
143
205
122
166
195
107
215
206
209
147
238
184
190
195
180
151
30
221
113
357
162
130
267
236
154
198
259
170
212
211
172
93
151
176
156
170
188
114
218
200
135
198
107
50
22
252
425
137
206
74
139
331
266
170
162
106
87
119
120
234
226
20
54
140
133
381
260
220
188
198
78
181
125
91
152
258
120
91
170
154
11
223
94
178
228
250
151
219
210
85
210
228
137
226
240
203
303
227
174
146
130
320
298
226
247
295
199
15
60
230
189
373
106
165
13
170
202
194
177
163
226
15
395
15
81
449
193
338
188
203
103
