1 35 8393
2 35 9210
3 35 7394
4 35 9564
5 35 8034
6 35 9610
7 35 8181
8 35 6547
9 35 7630
10 35 7822
11 35 8073
12 35 8179
13 35 8301
14 35 8926
15 35 8077
16 35 6758
17 35 9509
18 35 7798
19 35 7857
20 35 9443
21 35 7760
22 35 8439
23 35 8736
24 35 8153
25 35 8222
26 35 9063
27 35 8051
28 35 9023
29 35 8250
30 35 8423
31 35 7512
32 35 10121
33 35 7306
34 35 8699
35 35 7652
36 35 7546
37 35 9881
38 35 7925
39 35 9651
40 35 9591
41 35 7967
42 35 8181
43 35 8602
44 35 8596
45 35 8711
46 35 7676
47 35 7960
48 35 9366
49 35 8101
50 35 8165
51 35 7719
52 35 7901
53 35 9739
54 35 8285
55 35 7498
56 35 8144
57 35 7729
58 35 8725
59 35 9157
60 35 7944
61 35 7862
62 35 8193
63 35 8122
64 35 7384
65 35 10022
66 35 9457
67 35 8569
68 35 8228
69 35 8482
70 35 8651
71 35 8091
72 35 8639
73 35 9184
74 35 8968
75 35 8977
76 35 10001
77 35 8993
78 35 8816
79 35 8855
80 35 7916
81 35 8263
82 35 7006
83 35 6768
84 35 8503
85 35 9317
86 35 8465
87 35 8470
88 35 8512
89 35 7004
90 35 8567
91 35 10523
92 35 8584
93 35 9268
94 35 9151
95 35 8489
96 35 8416
97 35 8466
98 35 8659
99 35 8796
100 35 8137