0.0
0.00017838030681412772
0.0027885548011639186
0.0
0.0
0.001053639846743295
0.0
0.0014721627408993577
0.00046146746654360867
0.0014478764478764478
0.0015023691205362302
0.0
0.0
0.00019896538002387584
0.0
0.0
0.00021342439440828086
0.0
0.0025621031525008353
0.004886805624813005
0.0
0.0
0.0007394886963870695
0.0
0.0
0.0
0.0
0.0
0.0
0.0022294058633374205
0.0
0.00040958427196395656
0.0
0.0
0.0
0.0
0.0
0.0019243721735783701
0.004759693522173206
0.002861626511584972
0.008136780306931712
0.002141086319585305
0.0
0.0
0.0
0.0
0.0
0.0010664391596459423
0.0
0.0
0.0027754934210526315
0.0030962947672618433
0.0
0.0
0.0
0.004198072702986356
0.0020905923344947735
0.004535375932271719
0.002452483139178418
0.0
0.0008547008547008547
0.0
0.0
0.002380952380952381
0.0003079133737041979
0.007297631076681262
0.0042739979207577685
0.0
0.0
0.005079681274900398
0.0009076240419524002
0.0012690355329949238
0.0
0.0
0.0
0.0
0.00948821161587119
0.01351488669850625
0.0018358248098610018
0.002269913330581923
0.006167677190048087
0.0
0.0
0.0
0.0038587464920486437
0.0004578754578754579
0.000490737332842596
0.0
0.0
0.003974826101358066
0.0
0.004636273319350921
0.0
0.0
0.0
0.0
0.0
0.0011636517507669522
0.002884044448214437
0.0