0.029726505279541016
0.03575491905212402
0.04465746879577637
0.036069393157958984
0.03606271743774414
0.029479503631591797
0.028299331665039062
0.034096479415893555
0.04416704177856445
0.030954837799072266
0.039407968521118164
0.035898447036743164
0.03271985054016113
0.027851581573486328
0.03399467468261719
0.03420615196228027
0.03948807716369629
0.04306221008300781
0.03233647346496582
0.03955650329589844
0.03940844535827637
0.02977132797241211
0.03782486915588379
0.028570175170898438
0.033742666244506836
0.03429603576660156
0.03192901611328125
0.031618356704711914
0.031321048736572266
0.042665719985961914
0.03703665733337402
0.04085206985473633
0.03786039352416992
0.03649330139160156
0.0332491397857666
0.029903888702392578
0.03709292411804199
0.036269426345825195
0.030947446823120117
0.03214883804321289
0.0383448600769043
0.031243324279785156
0.03096294403076172
0.03314995765686035
0.035164833068847656
0.04074239730834961
0.043701887130737305
0.037277936935424805
0.030992746353149414
0.03397655487060547
0.03434944152832031
0.035764455795288086
0.03591656684875488
0.03507041931152344
0.038646697998046875
0.030840158462524414
0.03304719924926758
0.04097414016723633
0.03883504867553711
0.03887748718261719
0.03966569900512695
0.03787708282470703
0.031241178512573242
0.03105783462524414
0.033492088317871094
0.03015422821044922
0.03312110900878906
0.035778045654296875
0.031517744064331055
0.037552595138549805
0.029877424240112305
0.03479290008544922
0.04215049743652344
0.03323864936828613
0.03473353385925293
0.034278154373168945
0.03943181037902832
0.039182424545288086
0.026528358459472656
0.034759521484375
0.034897565841674805
0.029627323150634766
0.03451037406921387
0.03544735908508301
0.025178194046020508
0.0374298095703125
0.034990787506103516
0.03417205810546875
0.03698110580444336
0.03964090347290039
0.03128623962402344
0.03488874435424805
0.03241562843322754
0.036017417907714844
0.03218579292297363
0.032033681869506836
0.031932830810546875
0.030538558959960938
0.026019573211669922
0.02922821044921875