0.0
0.0
0.0
0.0
0.0
0.041280539174389216
0.0
0.18811881188118812
0.2303448275862069
0.0
0.13383838383838384
0.09736842105263158
0.0
0.11005434782608696
0.008247422680412371
0.0
0.0
0.001218026796589525
0.0
0.0
0.0
0.0
0.0
0.0
0.0
0.0
0.0
0.0
0.0
0.0
0.0
0.0
0.0
0.0
0.0
0.0
0.04904904904904905
0.0
0.0
0.07883211678832117
0.0
0.0629800307219662
0.0
0.0
0.0
0.0
0.0
0.0
0.0
0.0
0.1421161825726141
0.0
0.05388272583201268
0.0
0.0
0.04744186046511628
0.0
0.0
0.0
0.0
0.0
0.0
0.0
0.041804180418041806
0.0
0.12707838479809977
0.0
0.0
0.0
0.0
0.0
0.0
0.0
0.0
0.19968553459119498
0.0
0.0
0.0
0.0
0.18693009118541035
0.0
0.0
0.0
0.0
0.0
0.0
0.0
0.0
0.0
0.0
0.09238249594813615
0.1986970684039088
0.0
0.00878594249201278
0.0
0.0
0.0
0.0
0.0
0.0