5.173683166503906e-05
9.894371032714844e-05
7.82012939453125e-05
9.870529174804688e-05
0.00014400482177734375
0.00024366378784179688
0.00034737586975097656
0.00014972686767578125
6.0558319091796875e-05
9.942054748535156e-05
0.00016450881958007812
0.0001518726348876953
0.0002658367156982422
7.152557373046875e-05
9.942054748535156e-05
0.0002751350402832031
0.00015878677368164062
0.00024318695068359375
0.00012922286987304688
7.557868957519531e-05
5.91278076171875e-05
6.175041198730469e-05
7.081031799316406e-05
0.00011205673217773438
0.00011467933654785156
0.00011229515075683594
9.179115295410156e-05
0.00016832351684570312
0.0002052783966064453
5.340576171875e-05
9.989738464355469e-05
0.00014734268188476562
0.0001685619354248047
2.47955322265625e-05
4.935264587402344e-05
0.00010323524475097656
8.034706115722656e-05
0.00016307830810546875
0.00010704994201660156
6.651878356933594e-05
0.0003018379211425781
0.0005116462707519531
0.00023865699768066406
9.584426879882812e-05
0.00016808509826660156
5.125999450683594e-05
5.53131103515625e-05
4.363059997558594e-05
0.00012373924255371094
0.0001380443572998047
0.00010704994201660156
9.059906005859375e-05
0.00013780593872070312
5.817413330078125e-05
0.00021529197692871094
0.00010609626770019531
7.939338684082031e-05
0.00011467933654785156
8.320808410644531e-05
0.00012969970703125
0.00019288063049316406
0.00011229515075683594
0.00010013580322265625
0.00011754035949707031
0.00011038780212402344
0.0001232624053955078
0.00018644332885742188
7.2479248046875e-05
0.00014400482177734375
9.1552734375e-05
0.00015282630920410156
0.00033593177795410156
3.528594970703125e-05
9.703636169433594e-05
9.250640869140625e-05
9.703636169433594e-05
0.000179290771484375
0.00013589859008789062
0.0001347064971923828
0.00010061264038085938
0.00017380714416503906
0.0001475811004638672
0.00012826919555664062
0.00023102760314941406
0.0001289844512939453
0.00010752677917480469
9.918212890625e-05
7.748603820800781e-05
0.00010609626770019531
5.125999450683594e-05
0.00019311904907226562
3.4332275390625e-05
6.222724914550781e-05
4.38690185546875e-05
0.0002834796905517578
0.0001914501190185547
9.059906005859375e-05
0.00016117095947265625
0.00017881393432617188
0.00020194053649902344