0.0023300647735595703
0.003916025161743164
0.0029757022857666016
0.0023620128631591797
0.016617536544799805
0.0047304630279541016
0.0064313411712646484
0.0011267662048339844
0.006047725677490234
0.0019807815551757812
0.0013992786407470703
0.0017502307891845703
0.004258394241333008
0.007462501525878906
0.005306720733642578
0.004269123077392578
0.003943920135498047
0.007822990417480469
0.0039141178131103516
0.0024099349975585938
0.0017428398132324219
0.007585763931274414
0.005587100982666016
0.0069293975830078125
0.005225181579589844
0.010759115219116211
0.006043434143066406
0.005131244659423828
0.013625621795654297
0.0056531429290771484
0.021088838577270508
0.009697198867797852
0.00371551513671875
0.008499622344970703
0.0043604373931884766
0.00040721893310546875
0.0176544189453125
0.010526180267333984
0.018780946731567383
0.00225067138671875
0.023537158966064453
0.0026061534881591797
0.013861894607543945
0.004316091537475586
0.002192258834838867
0.003236055374145508
0.0036706924438476562
0.003507852554321289
0.015574216842651367
0.0013043880462646484
0.002691030502319336
0.0035359859466552734
0.008261919021606445
0.006064414978027344
0.007491111755371094
0.010759830474853516
0.006739616394042969
0.0054547786712646484
0.009552955627441406
0.0032269954681396484
0.002786397933959961
0.0028433799743652344
0.007304191589355469
0.004761934280395508
0.002752542495727539
0.010449886322021484
0.002848386764526367
0.0007741451263427734
0.004539012908935547
0.016993045806884766
0.00566411018371582
0.0012569427490234375
0.002773761749267578
0.005715370178222656
0.002466440200805664
0.0033478736877441406
0.007096767425537109
0.01316213607788086
0.010016679763793945
0.001111745834350586
0.0019714832305908203
0.0002758502960205078
0.021093130111694336
0.005824089050292969
0.004607439041137695
0.027446508407592773
0.009150505065917969
0.004734992980957031
0.006456136703491211
0.0005440711975097656
0.00879812240600586
0.005784034729003906
0.005259990692138672
0.0008192062377929688
0.004088163375854492
0.015044927597045898
0.0048253536224365234
0.006195068359375
0.0028862953186035156
0.0012335777282714844