2.2649765014648438e-05
1.9788742065429688e-05
1.8358230590820312e-05
1.9311904907226562e-05
1.8358230590820312e-05
1.8358230590820312e-05
1.7881393432617188e-05
1.811981201171875e-05
1.811981201171875e-05
1.8358230590820312e-05
1.811981201171875e-05
1.7881393432617188e-05
1.8358230590820312e-05
1.811981201171875e-05
1.811981201171875e-05
1.8358230590820312e-05
1.7881393432617188e-05
1.811981201171875e-05
1.811981201171875e-05
1.7881393432617188e-05
1.7881393432617188e-05
1.811981201171875e-05
1.7642974853515625e-05
1.7881393432617188e-05
1.8596649169921875e-05
1.811981201171875e-05
1.7642974853515625e-05
1.811981201171875e-05
1.811981201171875e-05
1.811981201171875e-05
1.7881393432617188e-05
1.8358230590820312e-05
1.7881393432617188e-05
1.811981201171875e-05
1.7881393432617188e-05
1.7881393432617188e-05
1.811981201171875e-05
1.7881393432617188e-05
1.7881393432617188e-05
1.811981201171875e-05
1.7642974853515625e-05
1.811981201171875e-05
1.8358230590820312e-05
1.811981201171875e-05
1.8358230590820312e-05
1.8358230590820312e-05
1.811981201171875e-05
1.7881393432617188e-05
1.7881393432617188e-05
1.811981201171875e-05
1.7881393432617188e-05
1.7881393432617188e-05
1.8358230590820312e-05
1.8358230590820312e-05
1.7642974853515625e-05
1.7881393432617188e-05
1.7881393432617188e-05
5.841255187988281e-05
1.7642974853515625e-05
1.7642974853515625e-05
1.8596649169921875e-05
1.8596649169921875e-05
1.811981201171875e-05
1.7881393432617188e-05
1.7881393432617188e-05
1.811981201171875e-05
1.8358230590820312e-05
1.7881393432617188e-05
1.7881393432617188e-05
1.7881393432617188e-05
1.8358230590820312e-05
1.7881393432617188e-05
1.7881393432617188e-05
1.811981201171875e-05
1.811981201171875e-05
1.811981201171875e-05
1.6450881958007812e-05
1.71661376953125e-05
1.6689300537109375e-05
1.6927719116210938e-05
1.71661376953125e-05
1.6927719116210938e-05
1.71661376953125e-05
1.6450881958007812e-05
1.71661376953125e-05
1.6689300537109375e-05
1.71661376953125e-05
1.71661376953125e-05
1.6927719116210938e-05
1.71661376953125e-05
1.71661376953125e-05
1.6450881958007812e-05
1.71661376953125e-05
1.6450881958007812e-05
1.71661376953125e-05
1.6689300537109375e-05
3.528594970703125e-05
1.811981201171875e-05
1.6927719116210938e-05
1.6450881958007812e-05