1.1444091796875e-05
5.4836273193359375e-06
4.291534423828125e-06
4.291534423828125e-06
4.0531158447265625e-06
4.291534423828125e-06
4.0531158447265625e-06
3.814697265625e-06
3.5762786865234375e-06
3.814697265625e-06
3.814697265625e-06
3.5762786865234375e-06
3.814697265625e-06
3.814697265625e-06
3.814697265625e-06
3.5762786865234375e-06
4.0531158447265625e-06
3.814697265625e-06
4.0531158447265625e-06
3.814697265625e-06
3.5762786865234375e-06
3.5762786865234375e-06
3.814697265625e-06
3.5762786865234375e-06
3.5762786865234375e-06
4.0531158447265625e-06
3.5762786865234375e-06
3.814697265625e-06
4.0531158447265625e-06
3.5762786865234375e-06
3.5762786865234375e-06
3.814697265625e-06
3.814697265625e-06
3.814697265625e-06
3.5762786865234375e-06
3.814697265625e-06
3.5762786865234375e-06
3.5762786865234375e-06
3.814697265625e-06
3.814697265625e-06
3.814697265625e-06
3.814697265625e-06
3.814697265625e-06
3.814697265625e-06
3.814697265625e-06
3.814697265625e-06
3.814697265625e-06
3.814697265625e-06
3.814697265625e-06
3.5762786865234375e-06
3.5762786865234375e-06
3.5762786865234375e-06
3.814697265625e-06
3.814697265625e-06
3.814697265625e-06
3.814697265625e-06
3.814697265625e-06
3.5762786865234375e-06
3.5762786865234375e-06
3.814697265625e-06
3.5762786865234375e-06
3.5762786865234375e-06
4.0531158447265625e-06
3.5762786865234375e-06
3.5762786865234375e-06
3.814697265625e-06
3.5762786865234375e-06
1.049041748046875e-05
4.0531158447265625e-06
3.814697265625e-06
3.814697265625e-06
3.5762786865234375e-06
3.814697265625e-06
3.814697265625e-06
3.814697265625e-06
4.0531158447265625e-06
4.0531158447265625e-06
4.0531158447265625e-06
4.0531158447265625e-06
3.814697265625e-06
4.5299530029296875e-06
1.9788742065429688e-05
4.0531158447265625e-06
4.291534423828125e-06
4.0531158447265625e-06
4.0531158447265625e-06
4.291534423828125e-06
4.0531158447265625e-06
3.814697265625e-06
4.291534423828125e-06
4.0531158447265625e-06
4.0531158447265625e-06
4.0531158447265625e-06
4.0531158447265625e-06
3.814697265625e-06
3.814697265625e-06
4.0531158447265625e-06
3.814697265625e-06
3.814697265625e-06
4.291534423828125e-06