3.743171691894531e-05
3.409385681152344e-05
1.2636184692382812e-05
1.1920928955078125e-05
1.1682510375976562e-05
1.1444091796875e-05
1.1682510375976562e-05
1.1205673217773438e-05
2.7179718017578125e-05
1.1205673217773438e-05
1.0728836059570312e-05
1.1444091796875e-05
1.0967254638671875e-05
1.0728836059570312e-05
1.1205673217773438e-05
1.0728836059570312e-05
1.049041748046875e-05
1.1444091796875e-05
1.0728836059570312e-05
1.0728836059570312e-05
1.0728836059570312e-05
1.0728836059570312e-05
1.0967254638671875e-05
1.0728836059570312e-05
1.0967254638671875e-05
1.1205673217773438e-05
1.0967254638671875e-05
1.1205673217773438e-05
1.0728836059570312e-05
1.0967254638671875e-05
1.0967254638671875e-05
1.0728836059570312e-05
1.049041748046875e-05
1.0967254638671875e-05
3.266334533691406e-05
2.765655517578125e-05
1.0728836059570312e-05
1.0967254638671875e-05
1.0967254638671875e-05
1.0967254638671875e-05
1.0728836059570312e-05
1.0728836059570312e-05
1.1205673217773438e-05
1.0967254638671875e-05
1.0728836059570312e-05
1.0728836059570312e-05
1.049041748046875e-05
1.0728836059570312e-05
1.0728836059570312e-05
1.0728836059570312e-05
1.1444091796875e-05
1.1205673217773438e-05
1.0728836059570312e-05
1.0967254638671875e-05
1.0967254638671875e-05
1.0728836059570312e-05
1.0728836059570312e-05
1.0728836059570312e-05
1.0728836059570312e-05
1.0728836059570312e-05
1.0967254638671875e-05
1.0728836059570312e-05
1.0728836059570312e-05
1.049041748046875e-05
1.0967254638671875e-05
1.1205673217773438e-05
1.0967254638671875e-05
1.1205673217773438e-05
1.0728836059570312e-05
1.0728836059570312e-05
1.0967254638671875e-05
1.0728836059570312e-05
1.0728836059570312e-05
1.1205673217773438e-05
1.049041748046875e-05
1.0728836059570312e-05
1.0728836059570312e-05
1.0967254638671875e-05
1.0728836059570312e-05
1.1205673217773438e-05
1.0728836059570312e-05
1.049041748046875e-05
1.0728836059570312e-05
1.0728836059570312e-05
1.0728836059570312e-05
1.049041748046875e-05
1.0967254638671875e-05
1.0728836059570312e-05
1.1205673217773438e-05
1.0728836059570312e-05
1.049041748046875e-05
1.0728836059570312e-05
1.0967254638671875e-05
1.0967254638671875e-05
1.0728836059570312e-05
1.0967254638671875e-05
1.0728836059570312e-05
1.0728836059570312e-05
1.049041748046875e-05
1.0728836059570312e-05