1 22 2718
2 22 2784
3 22 2907
4 22 2975
5 22 2592
6 22 2986
7 22 3255
8 22 3001
9 22 2651
10 22 2793
11 22 2835
12 22 3153
13 22 2999
14 22 3010
15 22 2679
16 22 3101
17 22 2950
18 22 2243
19 22 3182
20 22 2408
21 22 2609
22 22 3051
23 22 3276
24 22 2880
25 22 2947
26 22 2831
27 22 2843
28 22 3149
29 22 2724
30 22 2932
31 22 2589
32 22 2746
33 22 2418
34 22 2785
35 22 2827
36 22 2571
37 22 2950
38 22 2754
39 22 2669
40 22 3111
41 22 2641
42 22 2561
43 22 2896
44 22 2347
45 22 2618
46 22 3147
47 22 2950
48 22 3095
49 22 2774
50 22 2812
51 22 2351
52 22 2856
53 22 2927
54 22 2884
55 22 2882
56 22 2518
57 22 2806
58 22 2607
59 22 2516
60 22 3216
61 22 2856
62 22 2631
63 22 2749
64 22 2495
65 22 3084
66 22 2485
67 22 3452
68 22 3003
69 22 3653
70 22 2120
71 22 2788
72 22 2644
73 22 2752
74 22 3099
75 22 2448
76 22 2966
77 22 3115
78 22 3160
79 22 3001
80 22 2395
81 22 2180
82 22 3147
83 22 3149
84 22 3055
85 22 2636
86 22 3097
87 22 3155
88 22 3241
89 22 3078
90 22 2965
91 22 2766
92 22 2422
93 22 2433
94 22 3014
95 22 2940
96 22 2324
97 22 3180
98 22 2595
99 22 2944
100 22 2755