1 30 4595 58 1 69 46 324 4 238 84 44 26 87 30 235 12 241 25 25 57 343 46 108 91 381 62 391 57 12 9 12 78 219 52 264 47 293 20 195 61 36 41 218 9 320 71 203 30 276 4 263 94 208 34 52 3 341 68 68 58 220 35
2 30 4960 241 98 256 79 67 94 24 84 332 7 142 30 262 75 65 88 212 24 79 68 137 30 342 55 378 63 382 96 86 59 345 54 333 20 87 96 171 60 27 35 29 27 260 64 284 71 100 9 385 48 243 75 182 79 301 70 123 71 325 5
3 30 5240 298 16 56 55 277 78 187 87 289 54 133 20 248 35 362 32 70 77 43 33 55 48 229 31 273 82 296 11 380 67 19 33 393 38 318 22 40 65 157 27 373 51 126 93 371 52 175 68 256 95 387 21 81 58 321 77 310 74 28 84
4 30 4833 247 49 41 78 309 14 355 78 363 10 347 64 164 56 74 26 165 17 252 17 302 27 153 89 317 80 242 7 40 48 76 91 223 79 254 70 190 88 160 77 53 74 308 59 26 39 380 27 50 64 182 27 319 29 174 68 18 89 258 53
5 30 4982 93 64 259 88 130 6 264 18 230 58 324 66 97 35 46 60 201 87 392 76 257 86 235 31 280 83 189 38 172 35 113 85 67 58 374 20 396 71 106 52 159 51 388 98 183 100 74 92 350 56 169 19 93 23 120 47 89 44 378 22
6 30 4660 163 25 377 8 364 32 266 92 344 17 32 31 155 71 39 19 284 52 113 83 152 64 216 85 184 93 142 1 27 81 42 56 133 37 214 23 180 64 63 30 212 21 393 29 180 79 34 13 314 17 196 81 329 8 192 6 324 83 161 47
7 30 4335 343 85 48 99 285 41 326 62 178 26 95 37 119 41 98 93 356 95 268 50 125 18 25 23 154 15 48 51 323 87 131 50 169 79 176 71 321 39 288 9 110 12 178 99 120 58 44 27 242 41 94 88 151 94 155 97 249 47 200 5
8 30 4485 3 93 97 27 132 35 271 91 119 26 398 34 127 10 2 95 227 65 128 94 68 15 114 58 368 86 22 29 327 10 24 4 102 98 126 40 240 2 111 20 299 81 358 100 130 1 315 43 359 38 104 21 253 10 386 36 264 1 133 43
9 30 5271 127 33 393 86 1 21 372 54 196 8 60 54 283 79 336 56 140 7 386 61 48 78 223 16 253 90 350 48 155 28 335 48 201 23 129 77 292 20 57 65 347 98 237 89 70 60 179 16 354 66 362 48 121 96 151 100 238 64 193 66
10 30 5458 270 77 236 17 383 19 91 25 210 18 198 97 190 16 168 17 176 12 202 60 117 21 154 92 172 43 307 12 326 37 312 93 279 64 359 80 68 90 21 86 316 42 163 10 151 70 176 90 290 40 60 74 331 54 351 17 384 12 362 80
11 30 4863 301 80 167 87 373 8 366 32 95 72 22 42 376 94 336 60 16 20 134 82 127 69 347 2 344 1 151 24 119 30 65 78 80 91 315 17 79 66 180 79 371 17 158 24 165 10 165 30 24 79 164 42 382 20 226 2 319 98 112 76
12 30 4786 54 43 110 63 348 80 364 52 186 76 120 74 143 55 387 35 246 4 184 87 127 87 231 4 54 57 374 41 343 88 276 47 358 62 81 19 181 2 287 53 252 50 270 46 37 62 209 42 110 93 212 12 308 25 14 73 42 53 75 78
13 30 4653 17 98 227 52 364 96 57 63 58 51 146 52 373 32 30 60 71 13 300 36 114 22 211 14 16 87 188 85 265 93 328 46 295 84 365 15 314 70 203 27 92 32 184 31 206 89 362 4 211 92 146 23 26 76 228 95 325 72 95 27
14 30 4183 52 67 149 91 92 56 23 39 2 48 17 88 151 37 203 47 243 43 74 78 201 27 8 16 264 88 340 7 99 12 335 98 105 42 348 82 379 58 360 62 49 13 186 25 216 49 133 6 270 31 67 28 228 100 275 24 63 88 297 99
15 30 4068 380 60 31 66 212 70 63 43 198 74 29 85 104 72 367 82 353 38 118 97 92 97 212 90 238 47 33 35 261 69 32 68 23 64 2 33 173 56 10 26 208 76 143 2 310 2 328 70 228 71 256 97 3 66 388 25 48 27 243 10
16 30 5400 397 9 147 58 397 38 376 65 199 1 207 10 360 29 294 46 370 8 13 62 194 95 113 74 348 72 196 77 10 41 289 59 120 41 231 90 308 14 212 32 286 98 53 78 45 63 250 39 253 94 271 75 54 47 350 91 210 13 198 33
17 30 5100 52 82 391 54 198 14 163 60 15 10 299 32 317 12 344 24 157 54 128 93 332 76 273 56 171 94 119 17 387 40 148 21 399 2 153 84 180 33 192 57 217 97 216 56 115 14 8 54 347 80 97 100 54 31 179 87 389 12 335 9
18 30 4907 257 34 34 82 205 91 156 94 62 100 332 79 316 89 392 46 146 37 36 87 305 13 179 39 6 80 88 4 377 77 349 17 103 16 373 46 10 54 200 68 303 2 158 29 254 39 288 46 139 40 86 86 6 77 394 42 183 90 397 58
19 30 5112 72 79 287 93 57 91 66 66 334 7 340 34 356 68 87 42 117 16 199 20 202 79 288 33 120 66 255 9 360 9 140 35 163 44 172 9 282 86 52 68 381 6 21 92 187 74 80 91 194 12 379 53 349 8 372 66 121 92 358 12
20 30 5119 154 41 336 85 266 46 56 51 335 92 386 13 142 18 208 1 269 58 41 23 295 31 346 9 383 54 56 92 282 46 138 16 89 49 170 8 60 43 181 93 52 51 134 78 219 36 209 61 230 30 216 70 127 71 250 95 396 39 373 11
21 30 5310 184 73 109 51 195 49 204 37 315 8 391 12 271 65 73 74 321 50 223 59 153 36 188 64 191 97 120 43 239 76 75 3 280 34 379 62 46 100 156 84 57 28 343 23 45 12 290 11 323 65 330 38 398 44 271 52 225 76 243 4
22 30 4726 63 60 15 56 316 83 263 70 139 33 232 60 400 77 2 39 371 76 234 78 90 6 161 2 255 16 282 92 101 79 249 90 216 22 98 64 368 59 196 3 258 65 75 92 50 18 302 44 19 31 220 98 268 10 205 10 392 40 68 9
23 30 5015 109 79 99 27 80 76 292 71 323 75 250 19 72 26 149 49 387 40 398 100 186 32 352 60 223 23 44 16 76 4 273 90 207 6 141 73 363 35 217 69 189 72 340 48 190 52 33 20 303 61 380 73 126 6 309 88 126 40 32 51
24 30 5462 318 1 184 37 240 37 267 35 334 43 50 26 396 57 290 47 72 80 284 9 84 25 391 68 22 19 213 25 255 13 158 52 330 37 230 4 219 1 179 65 104 59 123 25 320 7 303 72 222 33 271 80 392 97 66 92 367 15 144 47
25 30 4384 83 28 295 98 9 38 268 58 379 38 148 46 75 45 32 20 185 64 378 83 88 71 120 14 211 63 258 75 148 24 43 26 219 74 7 61 262 6 196 25 154 23 350 66 281 50 68 75 75 91 188 95 373 85 227 54 352 61 8 31
26 30 5807 361 100 320 17 167 11 4 36 389 18 391 96 246 16 386 71 196 82 149 7 376 2 252 75 220 24 216 82 169 6 339 65 351 42 321 33 250 97 140 5 59 28 384 73 253 27 257 92 171 55 381 37 15 6 165 78 210 40 121 30
27 30 4420 47 71 72 37 348 4 17 50 82 16 238 85 98 88 352 47 277 37 91 94 157 42 368 52 217 50 316 84 16 19 265 40 195 74 34 20 165 34 354 35 110 94 367 1 221 49 132 6 256 73 9 55 324 16 163 56 182 22 53 20
28 30 4893 104 33 270 18 228 52 246 92 393 89 150 16 253 69 87 81 174 99 56 80 152 44 256 14 199 72 134 63 253 74 56 22 288 77 393 46 323 6 322 73 265 26 260 23 101 42 4 56 160 31 6 27 248 88 381 82 81 64 274 31
29 30 5350 355 98 150 39 224 69 86 21 92 57 242 93 218 29 171 16 377 75 399 47 385 78 8 37 346 41 20 50 302 38 234 83 5 39 291 5 189 4 47 41 200 59 366 75 191 45 297 22 140 51 374 35 249 18 179 38 326 91 225 95
30 30 5788 337 22 280 78 282 4 360 40 304 62 342 9 215 49 239 67 53 21 160 18 336 41 154 47 392 7 306 16 28 72 215 26 370 46 309 34 369 94 86 3 320 26 57 100 282 77 350 83 64 37 80 5 345 17 172 34 186 61 243 1
31 30 4455 321 93 240 65 20 5 171 89 305 19 340 43 162 37 132 28 3 66 18 35 28 59 330 61 261 32 207 34 116 33 253 82 4 45 159 48 319 54 98 59 242 38 113 26 112 40 360 13 9 38 317 51 244 64 174 50 363 16 148 10
32 30 4004 285 27 312 83 16 33 178 62 135 33 40 98 168 83 265 37 26 56 246 71 291 91 49 75 331 39 108 87 185 7 386 85 3 28 226 91 201 52 40 93 297 32 18 10 397 44 84 64 46 90 231 27 21 62 64 58 279 98 78 84
33 30 3976 87 85 77 73 4 35 267 63 64 15 396 66 304 38 52 97 118 71 74 11 87 85 265 77 38 96 138 55 5 48 348 51 358 60 209 19 146 78 34 9 183 33 250 14 180 18 3 52 70 72 366 64 121 56 365 53 171 19 190 72
34 30 4359 287 47 87 54 174 6 274 45 321 54 261 55 4 55 65 51 163 67 163 72 22 2 59 29 346 43 299 88 99 6 50 85 30 35 67 70 320 39 356 81 394 54 30 96 259 66 270 20 13 87 324 30 85 100 87 65 235 36 305 82
35 30 4788 38 26 159 74 375 75 385 74 375 12 103 61 15 84 37 71 42 69 283 61 251 8 269 42 322 35 163 70 382 57 190 84 324 49 93 34 338 25 166 49 341 65 118 8 323 80 90 93 80 11 80 64 144 56 293 40 137 28 70 47
36 30 5248 267 83 338 28 177 67 267 43 235 58 104 1 374 99 356 33 337 82 227 77 14 57 345 37 50 55 332 1 183 36 232 39 227 76 234 13 217 88 352 56 374 72 336 82 4 21 57 55 128 78 234 41 126 43 155 82 7 100 271 70
37 30 4791 83 57 65 71 125 78 351 73 110 75 269 69 187 15 202 36 326 39 84 75 157 71 318 12 1 86 218 52 303 50 378 48 116 15 53 60 288 70 140 6 356 13 15 68 163 9 292 55 378 53 56 18 223 52 248 40 220 96 264 87
38 30 4499 228 2 146 34 150 43 133 63 344 60 278 69 51 5 318 32 60 72 74 34 354 7 390 26 355 10 63 62 58 11 119 25 206 99 340 39 81 1 394 10 45 7 126 18 261 41 344 33 122 63 159 75 71 18 177 88 62 52 115 34
39 30 5216 267 67 191 51 178 96 60 34 201 28 194 39 198 36 61 37 214 86 134 22 399 39 332 53 297 50 144 92 8 45 325 4 338 77 260 38 284 70 235 72 229 22 119 38 1 16 318 37 228 86 284 86 151 19 368 37 112 55 390 72
40 30 4996 259 45 363 94 375 50 55 9 89 46 172 35 49 13 128 100 249 72 168 62 117 63 268 50 356 26 301 58 340 17 130 48 270 90 197 11 49 42 362 90 399 100 120 53 10 25 143 24 139 25 185 24 207 78 338 31 262 48 145 91
41 30 5104 242 22 306 80 173 7 329 31 358 21 63 49 57 44 386 44 86 75 280 82 188 47 99 19 124 59 355 8 240 1 174 64 122 65 218 89 162 34 287 25 362 64 95 33 370 99 170 29 214 4 122 65 303 28 1 9 101 83 393 74
42 30 4479 64 43 22 18 390 76 276 77 152 72 191 43 330 86 105 40 294 65 261 38 107 58 344 17 140 95 158 24 33 78 13 94 142 89 12 13 50 13 144 35 380 29 396 81 94 45 399 91 96 54 291 71 257 2 31 67 44 5 383 17
43 30 5150 209 24 352 59 266 86 113 100 392 23 345 77 260 26 327 43 71 23 146 25 150 14 178 2 228 56 190 27 168 49 259 61 47 57 206 94 110 3 357 64 232 78 8 27 195 75 157 43 278 33 362 66 310 65 153 56 74 62 295 19
44 30 4875 178 68 203 93 361 32 273 36 185 39 382 13 183 60 80 55 144 88 312 23 189 45 358 54 371 60 278 2 219 22 63 48 231 55 135 19 116 13 30 16 237 34 41 36 303 13 333 32 93 51 40 34 174 22 62 31 181 81 339 69
45 30 4896 91 85 195 83 50 10 164 44 21 79 265 63 110 43 248 4 271 14 367 91 60 36 292 9 327 95 317 65 326 93 28 44 59 28 353 3 151 10 49 60 94 68 75 94 321 39 390 92 295 17 148 63 319 64 184 92 252 1 299 78
46 30 4480 26 100 260 77 180 83 270 60 71 27 344 10 55 76 197 95 396 38 57 41 199 36 39 84 246 9 188 100 322 90 192 36 132 40 290 73 62 71 22 95 304 84 313 51 93 11 321 8 53 98 175 30 170 60 135 87 105 21 384 49
47 30 4520 109 48 142 91 194 6 250 41 385 17 126 10 324 82 60 62 42 80 119 80 5 76 222 100 25 87 54 30 350 10 177 27 85 64 399 91 380 7 23 11 331 88 36 85 204 96 369 98 34 7 360 32 305 38 299 12 18 67 223 96
48 30 4774 75 27 10 26 357 63 267 20 223 29 216 53 255 1 288 15 195 35 356 6 305 36 132 42 158 82 95 69 54 65 19 39 374 34 43 24 101 70 267 87 135 59 150 87 140 58 169 98 321 5 298 51 388 97 333 71 164 54 80 52
49 30 5316 55 6 112 24 113 75 3 98 241 80 382 77 170 30 111 72 268 86 334 66 355 16 152 56 380 67 233 15 116 17 203 91 113 64 30 14 182 4 308 95 349 65 310 97 343 51 181 49 220 60 147 2 215 78 391 11 392 95 237 68
50 30 5015 264 40 97 77 87 82 385 47 75 25 158 4 110 15 28 4 114 21 47 55 285 16 239 97 346 65 201 25 3 41 195 14 391 76 278 86 94 24 315 81 316 21 84 34 326 2 216 22 119 46 351 52 373 10 356 37 248 94 168 14
51 30 4732 283 91 16 60 76 71 252 92 71 39 162 15 310 79 62 14 330 30 247 80 216 54 195 13 16 14 228 49 362 33 283 40 73 7 140 57 362 62 50 70 74 62 115 16 379 65 280 100 270 63 323 61 232 76 192 89 39 37 277 73
52 30 4275 184 81 227 60 335 42 32 63 179 36 228 89 255 78 164 79 246 81 226 70 50 91 83 52 326 91 164 80 53 91 218 71 99 52 226 44 6 51 139 72 382 53 9 45 357 79 47 74 135 79 388 49 112 55 144 71 210 30 120 17
53 30 4935 373 39 376 51 324 77 388 1 223 67 66 11 279 15 304 44 315 23 18 15 154 21 177 8 259 13 354 73 6 40 161 82 224 55 125 89 161 10 104 47 226 48 246 78 54 46 155 24 124 46 241 66 160 24 280 43 47 20 245 43
54 30 4611 109 46 223 83 62 85 141 96 1 63 384 46 32 9 350 26 234 7 363 41 271 57 321 47 51 79 114 31 161 10 56 96 10 9 260 20 208 70 361 87 308 73 130 32 64 12 365 4 184 70 349 73 87 35 196 41 258 24 111 67
55 30 5755 189 64 273 72 299 18 132 43 263 26 195 39 142 96 98 28 384 29 189 32 316 64 28 40 321 48 297 70 100 1 240 76 50 79 202 31 246 24 380 73 213 37 48 67 244 19 392 98 347 5 336 58 362 100 278 29 310 80 320 92
56 30 4112 58 47 266 13 296 64 22 15 319 76 292 12 71 80 35 100 33 12 105 5 123 36 332 28 24 66 268 61 383 78 3 50 72 24 394 79 165 23 184 37 45 24 140 1 50 5 299 3 104 4 26 79 242 94 231 29 400 5 159 87
57 30 5100 232 44 266 49 170 60 96 77 386 71 124 5 49 29 319 81 372 70 244 68 329 75 63 81 312 32 87 24 207 55 65 21 202 5 260 69 101 55 108 25 14 58 82 17 311 32 302 40 381 100 176 98 278 9 366 77 130 39 344 92
58 30 5489 292 20 20 66 382 28 128 84 79 1 306 35 32 21 226 73 330 45 227 31 206 36 303 76 77 63 148 62 135 18 312 41 361 91 280 98 116 82 303 73 178 72 394 10 372 24 210 81 240 21 336 68 132 92 313 64 365 11 59 68
59 30 5511 186 81 113 97 320 6 286 88 209 82 234 88 387 70 383 64 42 46 271 22 343 8 64 90 130 9 393 92 30 94 174 71 239 9 263 64 257 54 202 11 204 87 288 50 349 44 43 58 347 51 347 95 236 30 151 53 327 54 71 77
60 30 4567 232 74 322 46 295 16 24 77 322 25 204 1 274 77 68 68 19 4 333 91 381 26 19 17 3 83 33 47 168 63 295 16 336 3 299 90 236 20 104 65 111 46 169 8 214 37 42 72 341 21 103 42 162 38 81 48 218 65 301 63
61 30 4210 81 17 127 81 248 14 174 7 194 92 105 12 332 24 203 6 22 96 96 24 64 67 129 95 38 48 74 71 87 91 85 14 242 85 119 38 363 83 379 61 117 15 344 16 321 47 120 90 240 67 43 82 331 72 361 72 132 6 92 64
62 30 5450 278 37 320 16 316 90 351 54 34 60 194 79 337 15 227 75 261 44 177 89 82 97 164 19 61 80 348 46 340 74 238 48 270 75 388 8 177 43 77 57 56 23 377 41 218 40 244 93 115 70 118 71 390 89 110 88 173 88 372 1
63 30 5333 376 40 130 62 380 97 339 24 253 63 76 67 309 81 297 98 59 40 151 100 151 72 80 51 364 26 110 39 266 7 26 67 392 57 47 92 392 72 10 74 300 19 321 85 95 22 381 80 4 54 360 16 245 28 324 52 280 24 149 45
64 30 4410 322 66 353 2 377 90 225 80 25 62 65 32 74 5 63 87 374 61 132 52 276 31 21 27 55 29 366 9 129 59 239 75 186 95 109 80 205 45 254 23 72 63 283 84 196 48 240 67 20 77 30 96 335 60 92 17 268 43 127 16
65 30 5196 170 44 399 54 165 4 106 24 40 29 314 78 88 76 183 58 399 31 139 79 373 82 148 50 235 28 358 2 351 81 326 41 372 61 294 18 34 53 151 91 224 69 353 54 191 92 42 77 280 79 19 60 319 19 110 78 105 28 207 75
66 30 4230 361 9 244 89 162 72 144 71 31 36 50 82 218 99 120 8 137 69 296 6 275 85 24 87 41 62 41 54 102 30 351 80 186 48 260 82 179 67 43 64 32 64 389 23 102 13 31 48 99 91 250 83 263 70 144 85 382 47 331 71
67 30 5199 161 99 22 55 288 88 358 67 264 74 67 43 92 82 201 64 245 55 17 13 380 1 76 14 348 74 321 30 9 92 341 30 246 38 62 40 248 2 200 44 244 38 300 44 290 19 251 95 328 27 229 98 278 26 400 38 214 46 19 93
68 30 5303 201 19 40 50 138 6 323 79 330 12 344 45 66 65 307 62 392 40 291 28 189 68 247 84 157 94 94 23 60 38 131 40 195 5 223 54 321 38 304 4 368 8 32 12 358 32 334 53 27 88 40 91 304 18 331 69 349 97 133 31
69 30 4429 227 32 41 93 375 3 20 89 145 74 256 66 107 49 384 16 31 51 119 17 333 15 147 23 340 18 98 66 119 37 359 29 78 30 199 19 233 80 339 57 260 82 75 9 67 20 158 92 116 37 224 33 367 12 245 56 36 62 39 50
70 30 4628 137 69 337 36 178 14 342 10 28 28 283 77 50 91 348 26 181 9 208 35 114 43 120 41 129 84 149 50 46 34 264 70 19 36 309 40 52 7 309 90 371 91 56 7 68 62 342 14 223 51 144 63 48 57 367 86 260 37 303 80
71 30 4684 145 89 34 98 381 22 21 75 28 11 38 56 379 12 116 36 163 94 259 26 329 24 30 80 377 76 232 55 286 22 215 56 311 5 153 97 250 37 144 63 156 95 255 38 228 18 106 44 189 77 261 89 135 12 53 56 254 76 328 58
72 30 4003 4 9 256 45 215 9 36 30 38 21 60 44 225 84 261 100 302 53 276 18 338 9 84 7 76 35 86 48 344 15 340 16 367 13 64 85 70 53 103 15 47 82 87 18 170 28 35 81 152 41 95 39 102 64 368 8 120 79 283 56
73 30 4900 232 27 333 15 273 12 324 62 36 38 286 79 399 38 184 56 25 43 81 26 86 59 324 87 361 48 242 19 311 32 313 78 257 8 227 63 37 44 2 7 32 48 67 13 321 61 179 89 28 87 84 3 171 61 254 17 352 62 305 11
74 30 4836 208 53 378 69 4 7 83 35 87 83 138 7 144 66 327 24 238 58 230 73 376 23 257 20 372 91 213 86 74 53 94 9 326 96 277 75 335 22 15 42 230 48 140 59 54 21 373 38 186 100 106 84 110 99 36 8 293 97 342 77
75 30 4908 244 45 245 43 110 81 156 13 185 67 371 65 155 35 257 90 328 65 276 68 84 70 219 11 135 71 100 27 394 21 185 10 132 48 54 40 54 38 234 76 145 79 258 94 123 87 273 37 158 97 389 58 203 13 30 86 387 46 252 12
76 30 4216 111 1 71 86 339 27 274 92 56 47 116 10 369 75 21 95 40 14 38 53 395 66 263 4 72 33 143 9 138 41 367 80 125 98 371 39 6 48 163 36 291 12 33 34 2 18 43 29 222 40 120 17 244 77 268 48 187 60 383 30
77 30 4358 95 35 48 32 115 100 47 59 355 22 315 79 41 84 292 46 107 37 76 58 351 54 216 85 169 85 245 56 179 35 119 24 144 26 286 39 379 33 303 41 88 52 264 67 13 92 13 57 374 99 73 50 176 43 71 76 393 90 101 49
78 30 5163 71 98 18 42 98 7 299 27 130 85 99 53 388 51 131 79 350 39 397 52 327 17 395 11 215 21 282 41 292 46 52 41 396 99 351 42 252 82 177 44 61 70 244 95 81 31 378 99 391 52 59 6 7 17 76 98 82 54 355 33
79 30 4673 308 58 126 68 305 47 138 82 20 5 274 48 247 27 220 40 56 47 233 2 366 69 157 65 58 29 10 1 126 4 320 77 276 88 323 77 380 9 59 32 231 57 364 64 28 80 30 54 57 98 260 18 202 40 10 80 337 2 321 58
80 30 4692 112 34 114 49 290 90 313 30 34 94 196 59 384 14 48 15 286 77 15 97 175 67 275 88 39 23 198 4 267 11 136 64 222 62 230 63 320 24 293 95 320 26 239 76 196 4 11 84 324 6 122 46 140 36 160 40 121 66 286 3
81 30 4636 206 10 281 80 21 12 229 92 209 6 81 99 212 60 380 38 271 28 316 26 33 66 368 32 79 98 273 62 174 2 349 87 289 4 96 46 209 48 46 98 343 69 158 67 39 81 342 6 81 78 321 37 98 74 70 7 95 60 127 55
82 30 5162 342 62 55 56 295 97 266 12 130 59 260 38 43 16 370 22 289 62 301 12 221 25 365 65 107 20 196 5 285 86 188 84 172 90 35 61 58 84 357 98 283 29 163 53 72 52 90 9 385 42 26 89 264 66 387 93 83 84 365 10
83 30 4932 88 42 26 97 383 75 368 29 245 49 240 96 177 71 333 50 54 7 206 29 237 84 397 100 50 33 130 10 384 45 327 87 335 24 193 87 88 85 192 69 209 56 304 3 302 48 123 5 88 46 81 49 37 62 231 36 159 86 179 68
84 30 4313 257 91 200 60 366 47 176 14 223 70 130 66 202 52 381 96 347 96 303 100 113 94 386 99 78 7 66 67 21 51 162 3 161 4 372 61 353 100 57 67 84 41 31 16 44 75 59 14 19 5 382 77 19 99 119 65 89 17 192 21
85 30 4772 104 94 346 62 52 75 162 11 31 8 367 99 63 30 236 33 45 8 370 64 22 29 34 23 399 19 241 90 25 42 357 68 185 97 96 81 218 50 375 69 307 72 329 29 366 92 19 97 204 50 339 33 313 90 156 27 147 82 57 78
86 30 4772 143 51 109 2 261 10 153 76 143 86 226 97 196 17 297 48 38 45 195 2 8 67 17 99 207 24 159 55 341 95 111 62 319 65 126 27 384 49 48 35 64 89 372 55 273 16 361 55 252 71 34 31 332 68 193 43 391 38 212 27
87 30 4736 380 36 363 11 307 6 173 31 221 3 63 71 308 40 196 83 296 100 44 6 278 6 4 39 34 34 309 62 251 91 277 16 238 84 19 97 9 3 258 53 126 58 293 69 96 21 387 15 145 90 304 54 362 28 46 58 118 86 16 33
88 30 4331 107 17 74 48 148 11 92 87 381 27 136 71 1 94 5 52 112 79 217 13 30 55 75 27 379 53 81 70 361 80 376 15 33 70 390 39 337 97 193 63 334 16 390 21 63 30 154 82 165 3 132 12 287 18 110 77 178 40 73 23
89 30 5316 154 54 289 25 361 41 269 94 97 51 231 24 373 5 188 66 18 57 358 3 213 38 161 76 285 65 213 42 326 69 188 96 45 5 57 79 59 46 147 76 358 43 251 22 187 60 337 77 106 40 287 16 310 78 201 28 258 17 318 63
90 30 4834 131 73 337 81 387 67 12 19 32 54 222 59 80 21 148 15 349 69 44 18 379 50 329 100 274 13 253 72 69 11 118 91 165 7 248 11 212 75 298 89 158 60 111 18 307 86 308 100 56 78 248 4 135 52 224 53 21 16 388 18
91 30 5196 94 33 134 54 380 12 152 3 33 15 204 39 117 73 60 15 282 46 367 7 197 11 250 49 60 37 237 77 273 11 392 37 264 53 32 93 226 25 329 40 334 54 128 13 343 100 261 53 121 38 200 45 343 24 236 51 365 63 81 4
92 30 5537 307 63 259 9 300 47 1 12 303 83 400 50 398 75 3 54 348 14 58 36 72 18 155 13 142 58 332 93 239 92 196 68 100 100 388 57 325 23 231 49 302 16 211 60 289 80 136 14 261 91 173 83 354 96 321 27 197 8 121 20
93 30 4628 231 84 18 53 243 89 149 89 254 88 57 20 293 18 314 7 206 28 339 7 6 6 74 68 303 37 150 39 197 50 247 51 153 53 108 98 117 23 158 97 148 25 330 94 199 88 54 47 384 33 166 20 291 89 208 46 143 22 246 72
94 30 4364 75 34 176 69 63 45 157 29 357 52 305 44 125 24 366 7 8 26 383 78 102 44 388 58 18 90 114 17 335 65 235 50 248 56 269 43 101 100 101 78 192 35 323 20 95 24 274 8 56 39 76 37 207 15 10 64 70 78 226 30
95 30 3962 137 50 196 91 42 17 339 24 94 55 91 14 239 56 44 21 134 46 169 67 54 8 393 88 187 37 236 33 282 25 130 74 101 63 140 75 348 21 281 96 319 80 269 17 161 55 34 74 32 72 198 36 184 79 20 100 47 45 52 10
96 30 5058 336 28 215 96 283 98 22 73 377 2 254 79 273 98 229 10 257 92 152 56 74 84 241 78 275 17 66 11 142 19 24 71 321 85 239 97 331 31 309 66 348 85 114 50 308 32 243 44 162 95 288 81 10 26 187 64 118 55 125 32
97 30 4359 89 81 371 85 396 33 341 53 20 74 50 66 225 83 222 3 124 23 83 93 26 60 8 4 230 100 127 41 185 83 68 47 371 97 231 39 74 35 27 68 112 45 37 44 355 12 250 16 137 2 300 93 123 17 248 27 251 50 368 51
98 30 4759 109 57 379 55 390 41 331 17 340 14 139 84 91 46 157 46 203 87 285 53 214 95 196 32 119 44 40 80 38 21 229 27 131 70 109 17 240 38 324 94 223 1 12 60 16 60 276 99 45 74 263 30 395 57 200 48 63 71 392 33
99 30 3668 62 28 22 67 232 57 240 50 9 14 22 54 359 55 152 38 283 54 35 82 258 18 314 36 380 12 147 9 67 69 31 18 371 72 77 93 66 62 57 22 187 45 125 100 301 54 69 7 26 94 327 29 20 9 231 57 95 43 21 33
100 30 4491 400 27 146 4 49 69 193 4 235 34 234 1 95 77 191 12 393 7 25 27 41 60 84 74 62 87 199 30 305 95 312 87 315 41 183 61 196 42 383 80 46 15 274 42 12 58 231 39 28 66 253 70 206 29 260 95 143 62 120 49
