0.03447914123535156
0.028703927993774414
0.034682512283325195
0.026985645294189453
0.02972102165222168
0.03238940238952637
0.035661935806274414
0.03298473358154297
0.03555631637573242
0.028250455856323242
0.030600786209106445
0.03636002540588379
0.03225398063659668
0.03458046913146973
0.03797030448913574
0.03151845932006836
0.03725004196166992
0.033017873764038086
0.035099029541015625
0.031115055084228516
0.03433489799499512
0.028057098388671875
0.030405282974243164
0.032059431076049805
0.032562971115112305
0.0365910530090332
0.035463809967041016
0.036269426345825195
0.03219938278198242
0.03840041160583496
0.03450202941894531
0.038055419921875
0.0382227897644043
0.03661990165710449
0.0325162410736084
0.0322415828704834
0.033095359802246094
0.03654837608337402
0.032277822494506836
0.0353548526763916
0.0350649356842041
0.03043389320373535
0.03821372985839844
0.033304452896118164
0.02895975112915039
0.0292818546295166
0.03642106056213379
0.033884525299072266
0.03090500831604004
0.03398895263671875
0.03545880317687988
0.03733038902282715
0.03470110893249512
0.0279233455657959
0.03319811820983887
0.029784679412841797
0.033588409423828125
0.03232860565185547
0.03474712371826172
0.03479170799255371
0.0351712703704834
0.03167128562927246
0.031839847564697266
0.027187347412109375
0.03325343132019043
0.03750419616699219
0.03268861770629883
0.028449535369873047
0.0353085994720459
0.030479907989501953
0.03359031677246094
0.03541088104248047
0.030993223190307617
0.028644084930419922
0.03747415542602539
0.030063629150390625
0.03140878677368164
0.030965805053710938
0.029851436614990234
0.030831098556518555
0.03612971305847168
0.029824495315551758
0.028705596923828125
0.03592514991760254
0.03553605079650879
0.03364872932434082
0.03143572807312012
0.030711889266967773
0.027733802795410156
0.03599667549133301
0.03792595863342285
0.034253597259521484
0.03354501724243164
0.03496551513671875
0.0365595817565918
0.035794973373413086
0.03762936592102051
0.03047037124633789
0.03103041648864746
0.03396797180175781