0.06706118583679199
0.06270360946655273
0.0660557746887207
0.07467532157897949
0.06409621238708496
0.06757569313049316
0.057534217834472656
0.05757427215576172
0.06140279769897461
0.06666111946105957
0.06168198585510254
0.07387804985046387
0.060660362243652344
0.06590104103088379
0.06434512138366699
0.05604839324951172
0.07477474212646484
0.07155179977416992
0.07169532775878906
0.06293749809265137
0.06641936302185059
0.0646522045135498
0.0644078254699707
0.06897354125976562
0.07021379470825195
0.057405948638916016
0.0629434585571289
0.045607566833496094
0.0615382194519043
0.06479215621948242
0.06037139892578125
0.059163808822631836
0.061602115631103516
0.06612634658813477
0.07660031318664551
0.05557680130004883
0.05570054054260254
0.06255269050598145
0.05644345283508301
0.06335306167602539
0.06854844093322754
0.07137322425842285
0.06294560432434082
0.06024980545043945
0.05140519142150879
0.06029105186462402
0.06160879135131836
0.05574750900268555
0.06504225730895996
0.060898542404174805
0.06513714790344238
0.046785593032836914
0.06861329078674316
0.07160806655883789
0.07021427154541016
0.05398416519165039
0.07062816619873047
0.07746362686157227
0.06231188774108887
0.06631779670715332
0.0851445198059082
0.048303842544555664
0.06111788749694824
0.059661865234375
0.06736159324645996
0.06054377555847168
0.0599064826965332
0.0652155876159668
0.07309627532958984
0.06653356552124023
0.059203386306762695
0.06321287155151367
0.06686258316040039
0.07335424423217773
0.062052249908447266
0.06391119956970215
0.06672263145446777
0.07076311111450195
0.05841994285583496
0.05496501922607422
0.06300187110900879
0.05781984329223633
0.06404733657836914
0.05981135368347168
0.05769634246826172
0.06454849243164062
0.06351017951965332
0.061455726623535156
0.05932497978210449
0.053894996643066406
0.06257247924804688
0.06794977188110352
0.06504058837890625
0.06516766548156738
0.06331658363342285
0.05420279502868652
0.07264995574951172
0.06204819679260254
0.05818986892700195
0.06488800048828125