4.4345855712890625e-05
5.745887756347656e-05
3.600120544433594e-05
0.00010728836059570312
4.482269287109375e-05
4.8160552978515625e-05
4.315376281738281e-05
4.291534423828125e-05
2.3126602172851562e-05
3.528594970703125e-05
8.916854858398438e-05
6.151199340820312e-05
6.365776062011719e-05
2.7894973754882812e-05
2.6464462280273438e-05
3.123283386230469e-05
5.1975250244140625e-05
3.4332275390625e-05
8.559226989746094e-05
5.459785461425781e-05
2.7894973754882812e-05
2.7179718017578125e-05
3.886222839355469e-05
3.5762786865234375e-05
4.673004150390625e-05
9.632110595703125e-05
5.221366882324219e-05
7.653236389160156e-05
4.553794860839844e-05
4.6253204345703125e-05
4.8160552978515625e-05
6.794929504394531e-05
3.0994415283203125e-05
3.647804260253906e-05
4.172325134277344e-05
4.00543212890625e-05
3.600120544433594e-05
3.62396240234375e-05
1.9788742065429688e-05
6.794929504394531e-05
0.0001201629638671875
4.887580871582031e-05
5.793571472167969e-05
3.314018249511719e-05
2.5510787963867188e-05
4.315376281738281e-05
0.00012350082397460938
4.076957702636719e-05
3.504753112792969e-05
3.457069396972656e-05
1.9311904907226562e-05
1.8358230590820312e-05
4.696846008300781e-05
3.552436828613281e-05
4.1484832763671875e-05
2.7179718017578125e-05
2.9325485229492188e-05
4.029273986816406e-05
2.9802322387695312e-05
2.8371810913085938e-05
4.2438507080078125e-05
7.82012939453125e-05
5.0067901611328125e-05
4.172325134277344e-05
2.956390380859375e-05
0.00011992454528808594
4.100799560546875e-05
3.4809112548828125e-05
0.00010418891906738281
3.218650817871094e-05
3.0279159545898438e-05
3.886222839355469e-05
6.4849853515625e-05
1.8835067749023438e-05
4.029273986816406e-05
5.555152893066406e-05
6.914138793945312e-05
5.602836608886719e-05
0.00010538101196289062
6.723403930664062e-05
4.792213439941406e-05
4.3392181396484375e-05
2.3365020751953125e-05
4.696846008300781e-05
3.6716461181640625e-05
8.20159912109375e-05
5.0067901611328125e-05
8.916854858398438e-05
3.075599670410156e-05
6.270408630371094e-05
4.76837158203125e-05
2.7894973754882812e-05
5.4836273193359375e-05
3.457069396972656e-05
1.71661376953125e-05
6.222724914550781e-05
5.507469177246094e-05
3.218650817871094e-05
3.981590270996094e-05
2.6226043701171875e-05