0.0006563663482666016
0.001741170883178711
0.0013387203216552734
0.002357959747314453
0.003516674041748047
0.0022013187408447266
0.0003216266632080078
0.0009958744049072266
0.0006117820739746094
0.0012845993041992188
0.002365589141845703
0.002833127975463867
0.0010170936584472656
0.0009300708770751953
0.0005159378051757812
0.0018074512481689453
0.0007295608520507812
0.0017085075378417969
0.001077413558959961
0.0006241798400878906
0.0012865066528320312
0.003353595733642578
0.0011577606201171875
0.0008203983306884766
0.002366781234741211
0.004338741302490234
0.0009920597076416016
0.002704143524169922
0.005417346954345703
0.00014495849609375
0.0004780292510986328
0.0013303756713867188
0.008406877517700195
0.0005583763122558594
0.00411677360534668
0.003999471664428711
0.0006644725799560547
0.009083032608032227
0.0008785724639892578
0.0005395412445068359
0.0004904270172119141
0.0013654232025146484
0.0015575885772705078
0.003582477569580078
0.0023827552795410156
0.0009012222290039062
0.0007781982421875
0.0005707740783691406
0.001729726791381836
0.0012056827545166016
0.0006146430969238281
0.00035500526428222656
0.0041599273681640625
0.0009791851043701172
0.0014617443084716797
0.00024080276489257812
0.005117654800415039
0.001659393310546875
0.0010728836059570312
0.004388093948364258
0.001317739486694336
0.0027718544006347656
0.002730846405029297
0.0005567073822021484
0.0005359649658203125
0.0003571510314941406
0.000644683837890625
0.0020170211791992188
0.007519245147705078
0.0014102458953857422
0.003319978713989258
0.001260519027709961
0.0027616024017333984
0.00028133392333984375
0.0018465518951416016
0.0008478164672851562
0.00048661231994628906
0.0013768672943115234
0.0013577938079833984
0.00032401084899902344
0.0017778873443603516
0.0005052089691162109
0.0035042762756347656
0.001986265182495117
0.0004031658172607422
0.0027747154235839844
0.00014400482177734375
0.0006763935089111328
0.0017018318176269531
0.0003345012664794922
0.0003399848937988281
0.0011050701141357422
0.0008044242858886719
0.00045871734619140625
0.00041484832763671875
0.005556821823120117
0.0009281635284423828
0.002488851547241211
0.003935337066650391
0.0003075599670410156