0.010045766830444336
0.03566622734069824
0.010788440704345703
0.023555994033813477
0.0018734931945800781
0.011207103729248047
0.0011081695556640625
0.018584012985229492
0.007523059844970703
0.004394054412841797
0.008753299713134766
0.010155677795410156
0.021404266357421875
0.04798531532287598
0.058089494705200195
0.019109010696411133
0.004166126251220703
0.026662588119506836
0.0031442642211914062
0.023012638092041016
0.0039386749267578125
0.005785226821899414
0.0582735538482666
0.0069506168365478516
0.09148573875427246
0.013225317001342773
0.055382490158081055
0.021123170852661133
0.015908002853393555
0.018543720245361328
0.005503416061401367
0.016777992248535156
0.0036325454711914062
0.004353523254394531
0.06816792488098145
0.012035131454467773
0.0005686283111572266
0.02451348304748535
0.0228116512298584
0.0017311573028564453
0.005048513412475586
0.011779069900512695
0.009452342987060547
0.0056073665618896484
0.05379939079284668
0.014807939529418945
0.002137422561645508
0.0214993953704834
0.0759577751159668
0.0379636287689209
0.01586008071899414
0.011782169342041016
0.024181365966796875
0.003668546676635742
0.002802133560180664
0.014213800430297852
0.0006248950958251953
0.003159046173095703
0.062496185302734375
0.016968965530395508
0.022708415985107422
0.0012333393096923828
0.0009639263153076172
0.014983892440795898
0.007587432861328125
0.001972198486328125
0.006705284118652344
0.0008084774017333984
0.01677227020263672
0.018582820892333984
0.005524158477783203
0.016196489334106445
0.015242576599121094
0.0137786865234375
0.016277551651000977
0.007591724395751953
0.055777788162231445
0.005472660064697266
0.013150691986083984
0.0054128170013427734
0.013419389724731445
0.0033004283905029297
0.0031740665435791016
0.00283050537109375
0.0015549659729003906
0.0072116851806640625
0.005521535873413086
0.006726264953613281
0.009615898132324219
0.006364583969116211
0.002492189407348633
0.005173206329345703
0.03733325004577637
0.050994157791137695
0.006716251373291016
0.01071310043334961
0.06972265243530273
0.008518218994140625
0.0017812252044677734
0.03941082954406738