1 40 9315 72 86 226 19 298 55 130 148 293 301 121 284 428 135 451 309 489 15 45 388 274 330 235 100 243 45 201 45 400 253 149 16 260 65 336 286 274 95 320 83 469 417 415 177 147 371 265 99 338 149 427 472 478 294 431 417 100 476 214 34 173 135 325 354 351 43 481 304 372 391 376 154 354 23 224 76 69 347 390 434
2 40 8774 270 99 310 453 158 384 54 69 236 153 341 370 333 161 491 398 110 322 196 467 252 464 464 219 336 472 483 101 288 385 387 34 420 309 242 388 387 443 387 48 433 205 277 130 206 314 134 444 396 303 33 238 279 317 346 436 200 66 367 293 32 474 133 319 227 398 142 338 323 460 116 323 439 28 330 288 289 329 121 57
3 40 8211 251 490 376 427 293 349 413 188 215 141 425 290 467 495 353 259 199 485 490 496 438 212 93 113 150 112 204 472 160 459 430 40 151 351 49 355 256 413 190 270 421 463 177 34 404 280 166 267 112 316 79 265 144 395 42 393 84 401 412 240 411 234 423 495 356 407 308 128 119 149 203 464 445 335 249 87 31 192 75 255
4 40 8548 435 249 212 220 351 193 360 137 60 495 150 55 132 201 311 250 122 165 174 455 148 497 170 49 284 160 467 71 142 459 426 145 409 29 17 488 157 300 8 96 373 448 500 3 394 449 190 105 316 482 178 4 166 387 158 491 428 104 464 245 36 267 353 420 279 34 482 60 387 76 316 438 236 139 418 251 111 383 365 71
5 40 9676 296 88 296 76 442 452 237 478 298 241 329 337 384 82 479 114 125 86 237 210 83 60 253 146 105 456 215 384 181 461 349 448 400 449 395 204 50 348 362 75 368 268 439 480 399 376 399 433 466 458 159 356 28 470 468 298 20 167 410 344 434 430 117 149 394 99 329 391 463 197 118 46 206 30 395 208 478 282 490 377
6 40 9057 68 137 313 397 455 233 376 369 179 484 175 17 288 67 436 231 447 101 91 10 358 315 247 226 261 137 463 59 384 17 362 263 284 489 284 454 478 311 72 183 159 297 88 375 178 108 263 20 435 425 410 369 417 71 392 253 131 160 229 258 442 18 182 33 379 473 406 118 131 65 333 453 114 29 191 236 188 253 233 215
7 40 8356 386 134 10 330 440 34 124 419 487 210 434 474 306 62 232 270 243 29 337 83 140 498 344 79 437 495 300 326 265 78 214 367 130 458 406 186 298 41 172 344 216 12 128 379 179 388 347 354 485 59 134 47 41 287 496 470 324 5 258 450 144 229 463 16 310 472 141 435 357 382 12 361 294 204 289 384 67 158 56 312
8 40 8873 338 67 454 61 248 386 488 247 68 298 19 374 119 266 414 341 276 467 149 483 199 101 499 191 420 165 240 271 485 276 144 10 270 396 67 224 433 58 419 233 321 42 410 455 414 395 226 185 381 224 195 399 109 471 383 83 128 466 229 268 250 378 9 145 318 360 230 199 492 229 290 90 392 462 82 417 337 210 147 248
9 40 9427 252 360 163 329 319 450 42 171 203 215 426 339 476 27 457 369 242 473 265 39 464 151 458 56 420 201 420 333 227 254 418 483 63 87 260 337 289 111 368 432 267 457 352 173 79 241 213 75 214 461 64 167 386 179 261 287 149 348 158 313 474 195 466 428 229 136 251 241 254 394 322 368 402 278 292 180 235 238 484 211
10 40 8842 376 11 350 473 308 496 71 428 113 58 362 403 323 186 497 338 258 377 303 1 79 18 278 413 329 173 161 299 500 3 376 390 112 201 460 392 311 269 109 317 460 245 324 456 62 378 216 152 335 257 199 45 419 392 124 100 380 353 404 312 91 127 186 484 499 158 440 279 111 77 94 341 448 26 176 453 173 343 236 425
11 40 8831 237 41 365 27 386 158 198 255 269 4 230 299 183 173 417 63 284 232 355 105 338 94 266 319 63 259 412 287 322 293 153 400 357 163 339 489 485 459 458 180 234 104 139 487 11 335 189 228 94 40 99 318 472 110 352 67 263 323 371 120 54 274 369 302 327 245 123 115 437 352 247 375 466 284 266 303 9 85 400 208
12 40 8630 5 487 479 78 482 245 406 35 469 315 375 116 270 211 321 206 401 313 481 21 74 480 361 135 322 214 183 30 206 262 200 146 128 353 90 434 17 247 103 297 425 436 440 346 184 470 196 459 256 250 395 19 92 199 244 43 99 169 442 138 467 1 277 164 363 274 405 204 277 107 66 25 130 338 90 259 491 187 76 344
13 40 8277 401 492 190 319 69 356 167 316 367 106 359 491 229 29 402 331 128 115 126 5 279 155 8 309 440 407 101 343 152 443 490 193 280 108 101 285 273 214 388 185 433 25 246 190 292 6 191 23 237 58 202 291 457 239 225 106 175 468 171 90 224 407 454 471 109 386 352 449 197 308 427 269 245 331 66 200 205 235 489 383
14 40 9151 269 462 226 166 461 107 128 499 353 438 414 184 100 432 81 166 233 304 402 300 324 25 382 425 213 184 165 4 327 171 412 326 158 170 145 317 408 224 198 399 270 295 302 141 130 199 449 11 189 253 305 217 78 49 395 131 389 20 163 310 169 50 486 412 332 33 277 351 363 61 374 194 231 482 423 140 251 50 464 160
15 40 8300 218 319 289 26 308 289 279 422 5 333 314 75 495 380 187 481 147 92 54 422 331 48 479 271 435 447 299 93 183 42 41 161 313 225 90 258 458 151 265 91 237 36 359 109 267 26 343 401 267 275 81 204 332 356 28 73 215 440 124 63 425 174 84 400 269 480 324 337 100 433 405 106 496 324 294 381 406 48 129 368
16 40 10011 369 60 129 19 420 355 354 313 208 173 204 477 282 417 405 117 121 241 426 147 399 465 100 100 320 278 367 171 140 231 331 412 422 221 334 215 293 130 491 165 421 283 384 282 431 62 275 5 228 290 191 376 292 271 437 280 467 420 408 101 72 160 388 201 158 193 407 500 338 71 103 81 355 386 439 137 372 341 233 252
17 40 7196 407 105 373 353 398 1 429 259 378 472 240 75 66 360 348 29 445 19 338 44 365 473 264 89 279 310 196 476 330 125 285 182 169 212 166 430 299 345 63 398 156 359 93 442 47 309 73 148 124 493 424 101 47 33 158 326 165 311 199 88 87 439 78 143 167 334 335 253 75 251 138 194 248 76 181 429 167 498 195 265
18 40 8612 247 459 10 406 382 188 355 293 357 109 149 1 182 427 355 189 182 272 487 88 324 453 468 250 69 111 228 172 61 159 498 358 210 146 314 249 444 376 290 82 162 337 448 51 61 452 496 261 12 179 116 123 231 259 387 151 328 181 452 302 397 35 411 447 103 244 71 482 217 371 350 235 235 92 155 444 319 325 202 359
19 40 9929 453 119 492 145 268 152 322 139 1 127 369 80 215 90 488 345 385 356 239 412 429 198 368 327 187 286 430 175 473 116 15 63 61 173 474 495 404 223 499 120 268 354 321 39 333 21 479 91 261 440 294 426 490 431 381 129 409 89 111 123 188 223 280 133 210 324 303 281 138 446 316 386 10 243 371 211 347 453 330 325
20 40 9153 276 309 368 73 223 254 462 156 341 232 63 299 100 180 439 112 236 447 296 6 274 79 238 273 169 145 61 77 296 51 180 62 416 116 251 167 218 78 153 405 424 419 244 62 49 217 331 138 212 17 338 458 451 180 365 409 472 321 408 35 216 139 442 189 48 296 117 93 467 191 487 369 82 315 398 230 457 5 374 343
21 40 9767 499 383 225 338 297 133 429 69 379 472 495 71 201 176 308 235 497 450 240 165 196 361 380 392 251 51 401 66 486 148 213 168 433 102 480 90 136 177 454 29 312 481 83 50 404 75 310 399 67 437 46 133 106 499 455 33 29 413 438 425 461 42 160 186 374 23 331 478 408 134 13 446 313 98 279 270 261 3 359 244
22 40 8354 445 382 176 206 197 119 345 323 24 467 170 116 126 334 432 292 174 211 490 25 372 485 481 352 205 100 256 68 28 117 141 4 486 396 477 212 150 360 335 417 329 78 190 475 335 73 145 254 453 319 37 227 472 324 428 226 243 298 183 268 471 336 197 382 481 93 121 16 138 35 20 105 58 356 79 483 432 251 121 203
23 40 8996 377 429 117 393 405 105 105 407 107 227 438 467 184 468 210 471 353 20 298 354 89 202 394 67 412 308 400 269 244 20 67 245 453 354 197 34 175 452 310 349 93 144 324 498 337 404 303 380 48 347 362 230 405 296 419 40 315 180 285 319 390 393 307 283 346 453 104 408 455 399 273 124 260 216 174 477 264 222 446 59
24 40 7765 169 485 242 275 180 262 150 82 253 385 485 279 332 51 348 380 216 113 22 192 104 40 324 442 363 200 201 280 273 441 201 130 233 239 308 67 230 117 155 301 327 116 350 58 99 212 279 230 279 77 423 478 480 40 129 34 453 338 285 231 142 201 48 476 12 324 96 346 451 384 362 159 80 456 16 349 436 109 171 205
25 40 8683 116 332 343 318 341 374 86 213 328 243 192 478 123 479 143 160 394 35 198 238 372 124 380 393 253 308 364 184 305 490 487 21 420 453 496 143 387 400 456 72 235 65 369 28 380 57 41 132 22 180 415 30 329 304 478 4 247 120 493 206 112 184 57 175 2 22 374 130 19 392 289 500 25 433 153 217 333 213 297 383
26 40 8859 355 24 61 399 403 349 304 411 374 405 390 109 119 275 81 252 345 275 135 17 286 82 389 377 498 488 347 458 383 192 430 429 365 25 139 419 99 383 172 102 283 412 224 154 257 379 380 311 185 168 451 487 379 223 118 401 299 420 337 460 391 456 55 340 55 404 399 357 437 408 292 484 318 228 338 429 38 447 163 491
27 40 8473 217 299 319 269 253 255 431 249 437 53 286 254 434 295 146 265 409 89 382 289 366 228 368 30 383 124 255 342 384 339 24 416 455 128 24 3 414 231 210 369 450 100 129 139 228 39 267 52 360 104 128 202 188 238 272 376 312 101 83 403 309 218 34 457 131 415 120 27 120 80 334 474 47 92 353 451 106 303 424 190
28 40 10115 414 302 146 430 231 450 300 54 407 357 451 165 30 316 469 183 400 394 448 267 43 242 393 73 283 327 216 442 205 76 400 230 424 298 236 374 485 221 213 285 70 471 204 197 144 148 442 436 465 2 470 162 481 118 316 95 334 405 74 189 498 360 100 455 129 195 332 33 285 458 490 12 366 93 401 118 399 267 450 306
29 40 8294 405 350 119 224 228 326 441 471 450 400 81 92 24 435 467 164 256 152 26 68 43 294 299 232 471 400 256 318 113 311 353 244 236 333 419 115 84 211 158 483 212 499 266 17 132 50 386 379 229 499 152 391 467 185 247 136 447 439 403 201 465 367 86 263 280 441 267 460 350 23 299 91 131 259 374 451 44 445 202 180
30 40 9530 39 62 408 494 149 171 342 26 344 30 431 307 51 128 397 237 324 223 334 318 487 127 64 238 312 328 347 424 477 413 355 201 493 272 360 448 331 366 84 115 406 316 306 21 1 66 435 401 146 456 426 307 190 198 310 250 217 186 375 362 92 474 410 286 488 126 500 267 228 462 61 91 50 173 391 60 430 82 322 310
31 40 7956 200 138 236 309 418 469 117 74 187 198 243 278 270 186 379 460 40 56 447 417 265 437 380 413 342 483 166 86 284 51 464 11 181 319 326 244 480 38 252 84 416 184 90 328 149 448 142 150 249 292 396 285 324 93 41 99 144 280 58 278 44 49 249 171 343 177 222 427 48 139 354 63 452 129 226 259 171 213 150 161
32 40 7591 186 58 166 347 24 386 199 34 387 464 452 33 84 428 70 253 180 60 430 183 379 257 476 26 372 55 48 474 56 179 324 411 118 400 471 290 275 109 269 389 24 483 312 180 315 472 318 285 90 219 236 326 444 56 66 317 379 289 467 43 320 268 45 148 48 75 216 418 377 345 43 34 95 107 239 72 425 459 64 425
33 40 8544 262 73 108 213 137 403 190 119 193 317 460 149 393 278 488 132 416 341 308 189 358 498 190 280 31 101 129 291 405 451 238 94 389 391 386 40 284 46 217 32 40 84 302 444 105 213 303 85 439 381 52 260 345 35 104 108 414 35 180 409 118 286 287 470 115 96 465 266 429 265 117 408 479 373 419 19 210 237 175 67
34 40 8694 466 232 500 419 45 366 482 383 276 225 307 137 403 61 231 463 322 173 322 410 324 338 105 273 51 352 125 492 104 48 165 68 200 187 292 181 393 467 341 198 484 290 253 38 428 226 315 121 139 89 426 131 343 70 234 49 461 26 472 67 48 494 326 19 90 179 42 202 458 156 489 193 203 364 56 166 3 53 144 196
35 40 8009 83 385 335 234 148 118 173 157 58 444 391 416 365 134 185 286 439 270 423 423 306 223 172 118 180 357 164 204 109 330 333 457 92 220 215 379 491 126 244 89 487 206 122 374 132 421 124 485 255 395 437 496 258 85 493 268 105 204 365 65 495 209 314 222 217 349 101 473 492 259 73 8 85 487 102 443 162 385 287 336
36 40 9029 235 410 25 342 238 134 274 70 232 7 458 196 322 141 13 157 384 440 403 475 42 160 289 455 316 399 38 71 489 86 253 12 396 10 401 160 140 142 243 446 391 42 466 291 479 59 381 483 219 344 437 113 247 333 51 316 277 287 311 117 400 299 379 19 405 153 229 176 200 151 328 15 228 48 351 26 56 458 261 101
37 40 9176 265 475 189 136 395 41 327 158 341 217 433 20 119 261 238 488 428 197 335 405 427 101 387 183 123 87 34 296 159 380 428 69 276 483 333 162 292 189 53 462 106 310 376 276 324 97 245 356 429 417 43 73 417 486 354 204 264 258 113 481 210 445 329 484 462 416 456 301 109 33 481 375 460 306 243 479 221 416 246 32
38 40 7996 142 417 496 63 162 49 480 408 435 120 240 262 276 12 378 153 22 228 101 46 307 178 223 253 321 250 233 66 279 162 327 259 476 434 477 497 482 97 31 331 26 202 15 18 464 441 498 334 105 38 77 372 73 24 384 492 149 111 82 103 124 468 432 65 372 52 38 459 493 148 294 56 316 143 43 499 91 446 31 446
39 40 9491 272 468 344 360 412 457 460 483 255 423 164 446 195 183 406 387 204 253 136 327 48 379 245 371 239 225 244 9 331 494 259 199 273 471 139 399 325 135 479 60 171 443 464 341 275 352 43 415 340 212 489 265 475 453 26 151 277 78 354 199 245 370 497 29 348 5 195 167 386 313 455 80 298 23 484 12 322 158 290 341
40 40 8512 72 448 380 453 139 288 20 201 134 92 238 54 476 170 354 469 271 37 275 132 473 101 348 400 470 41 485 315 418 488 102 146 193 207 15 56 359 137 382 196 91 496 192 362 201 468 121 289 25 330 447 266 189 377 356 266 208 345 56 72 395 227 184 448 212 110 234 421 382 198 359 387 387 136 322 398 311 164 364 402
41 40 8799 332 93 39 278 295 103 185 437 342 86 473 411 496 61 316 86 51 451 206 310 55 372 372 197 297 88 383 384 496 388 310 168 258 261 26 485 90 118 162 267 475 190 11 72 255 146 365 72 353 459 35 53 312 75 185 383 341 490 181 263 282 411 267 65 326 151 189 221 429 294 314 18 311 43 375 1 375 267 434 72
42 40 8807 89 194 65 290 415 298 460 339 485 406 115 243 378 264 297 400 170 326 455 412 442 401 132 37 151 104 289 23 263 444 317 71 32 136 424 8 29 337 378 187 194 250 308 192 262 490 146 197 482 124 413 248 436 232 480 208 441 228 179 307 360 93 167 343 78 196 258 219 156 457 31 127 478 128 289 448 142 418 323 249
43 40 9044 276 215 239 404 100 119 343 70 195 184 259 13 318 389 282 210 171 245 454 84 424 118 274 67 298 55 102 227 211 67 440 183 295 352 123 369 127 175 371 105 399 336 84 271 247 230 391 500 59 65 420 269 480 488 471 317 392 487 286 322 460 280 301 344 85 51 178 30 351 422 414 386 327 422 142 385 157 217 360 13
44 40 8352 234 148 272 156 243 402 464 495 265 367 62 281 414 11 155 103 461 299 10 288 500 205 231 85 484 192 92 33 336 225 46 444 60 79 171 375 464 81 310 313 136 473 203 85 424 174 418 230 196 254 434 265 244 148 220 400 48 286 132 350 136 300 187 467 279 15 297 296 329 493 284 237 490 368 77 28 333 285 300 12
45 40 8056 27 448 275 189 354 44 409 90 392 475 60 45 84 38 359 464 83 72 107 225 377 86 35 466 409 25 41 285 118 27 500 183 20 342 242 293 169 2 238 491 34 132 51 105 370 434 249 381 472 435 393 228 303 210 479 58 210 287 289 35 330 347 258 324 471 310 150 388 250 49 427 24 436 310 191 21 361 78 47 395
46 40 10034 89 474 134 179 488 89 386 132 355 47 403 420 290 46 410 114 218 211 446 161 35 378 239 71 134 113 229 167 447 19 383 212 475 328 437 267 259 119 407 386 457 104 271 333 456 112 376 208 467 446 325 40 485 423 251 231 450 274 306 253 317 175 280 290 100 3 201 330 440 8 195 417 493 258 250 189 104 261 55 148
47 40 8339 348 81 135 70 452 62 289 460 176 337 134 377 286 230 91 344 68 102 250 51 316 364 382 414 481 93 63 318 466 219 495 417 404 317 119 481 228 315 201 82 110 225 445 272 172 239 420 193 79 401 300 66 324 1 223 440 273 500 18 145 259 439 286 458 282 185 181 31 355 221 333 435 248 224 472 373 256 465 4 228
48 40 7829 381 16 427 278 497 172 19 30 51 446 245 321 106 257 251 302 109 78 219 288 119 485 483 396 151 416 75 174 260 318 113 408 418 334 5 470 141 471 220 49 169 380 230 100 174 238 51 38 149 68 157 488 431 288 490 370 476 187 113 87 299 448 139 99 305 140 483 208 278 245 306 185 442 438 240 66 160 412 405 33
49 40 9767 471 498 308 99 128 87 433 252 325 391 230 284 434 183 153 113 486 247 393 450 163 124 381 269 67 264 439 318 77 449 190 484 358 239 283 241 262 361 452 18 489 152 71 56 354 450 267 207 76 205 232 396 281 155 332 422 240 280 448 203 298 484 354 437 258 422 391 126 416 344 396 378 44 234 469 392 294 102 466 444
50 40 8351 365 499 190 422 97 408 344 425 68 138 233 314 442 261 287 215 135 498 246 466 466 200 326 49 215 115 24 350 344 142 317 59 289 286 11 155 487 421 400 233 18 374 395 178 401 96 104 111 60 408 138 39 410 318 331 459 395 3 116 153 429 190 118 398 368 287 398 76 174 99 30 11 329 462 66 116 383 482 490 68
51 40 9980 149 406 345 254 356 139 264 426 335 378 440 48 205 463 308 164 252 198 299 85 359 3 60 224 439 22 71 106 190 345 365 151 388 492 307 153 236 450 335 306 414 190 464 114 478 6 497 358 127 464 268 488 240 355 318 422 460 433 410 255 436 194 30 358 480 233 386 336 460 36 335 82 200 315 124 386 416 81 229 11
52 40 8480 403 292 162 152 477 356 500 76 123 316 181 421 472 433 344 387 412 459 451 180 117 27 447 243 205 361 223 351 385 67 284 222 319 445 259 255 157 343 125 394 160 423 436 259 386 450 267 449 334 295 248 65 380 283 14 255 74 468 113 262 427 443 29 491 336 63 54 292 9 483 157 95 456 141 274 175 194 123 207 410
53 40 8397 183 77 445 85 329 212 82 395 112 124 427 281 395 302 35 315 12 395 189 457 311 166 208 85 226 425 42 382 355 301 351 149 488 444 304 489 428 280 298 319 264 35 349 176 15 199 277 356 460 103 425 159 122 466 419 31 205 318 167 104 364 281 280 93 144 127 86 98 71 11 465 269 215 94 103 309 373 54 473 60
54 40 8264 453 165 387 391 462 321 322 425 266 308 282 151 12 92 269 458 443 217 282 76 57 163 498 165 167 77 270 414 330 139 328 417 330 480 311 9 303 446 102 443 362 141 399 84 34 463 479 56 142 308 122 347 193 499 470 206 186 41 258 376 434 377 371 171 176 483 10 205 207 56 383 431 110 92 44 197 11 137 65 222
55 40 7515 167 398 42 426 111 89 5 200 110 66 346 401 215 250 128 38 139 240 459 243 46 11 185 241 274 469 350 67 32 121 188 443 8 156 312 272 473 264 495 420 72 65 252 63 242 450 75 318 242 376 450 342 442 123 308 437 315 408 152 175 390 422 334 21 393 109 70 317 4 376 65 140 448 222 499 474 206 162 350 186
56 40 8504 479 255 447 304 98 354 347 457 269 367 29 387 223 305 263 163 461 34 259 39 177 195 154 37 79 310 431 231 380 368 77 237 247 89 206 219 234 94 326 117 71 105 138 429 488 106 291 50 447 254 488 305 332 289 267 486 483 40 129 227 403 493 249 37 62 166 117 461 432 426 231 58 47 270 209 332 341 151 220 391
57 40 8881 487 373 197 206 477 32 25 116 293 164 13 17 404 264 23 418 475 229 387 246 452 411 136 132 460 350 126 481 492 316 346 452 264 70 382 489 410 378 105 137 274 31 356 209 171 73 427 104 187 101 184 299 40 127 127 431 362 409 181 407 136 268 279 51 428 139 188 454 352 249 318 206 460 412 94 118 335 453 249 6
58 40 7348 158 88 40 431 224 284 383 276 246 228 333 437 349 423 4 337 45 127 130 8 409 61 291 438 417 353 500 311 324 72 175 93 159 260 66 172 322 198 295 418 392 21 268 225 447 160 218 399 216 496 308 278 73 418 259 484 220 307 88 272 299 110 123 299 417 94 247 42 423 135 61 330 48 151 31 333 17 195 160 371
59 40 8021 379 292 33 26 470 318 381 123 256 157 201 201 407 225 417 181 389 219 325 116 142 368 264 386 479 69 224 387 484 414 379 246 318 183 421 295 274 297 367 284 352 203 252 422 180 322 248 376 58 189 26 466 396 480 131 347 111 294 302 231 91 71 122 231 168 19 68 301 87 491 261 494 113 200 208 414 206 40 37 208
60 40 8154 126 392 270 451 452 362 440 211 261 155 292 322 38 398 88 72 234 481 229 24 388 222 267 68 112 103 143 198 150 338 344 499 152 198 286 411 429 321 188 305 236 104 73 494 442 412 235 177 374 228 408 59 129 244 404 306 346 404 120 343 213 59 155 417 47 390 80 466 401 192 283 153 410 33 381 371 409 347 158 18
61 40 8526 324 366 367 464 70 354 309 351 407 17 381 213 417 310 141 226 324 494 125 186 221 257 200 284 187 32 56 340 271 140 358 58 115 212 233 154 111 106 438 463 449 246 232 82 447 370 279 108 379 223 271 177 259 54 242 170 229 167 29 389 54 96 202 213 403 474 400 316 358 354 458 250 172 334 27 246 242 255 471 494
62 40 9425 457 35 214 241 481 462 471 153 176 240 357 227 498 467 492 427 193 477 110 267 342 55 127 276 227 179 285 351 330 384 468 411 250 55 74 151 414 129 328 332 412 275 347 76 131 353 128 284 245 302 280 233 160 38 481 308 410 169 229 162 161 112 427 420 162 279 174 233 479 475 50 419 222 485 327 401 221 190 442 35
63 40 9984 253 484 179 119 383 395 270 145 453 448 410 484 297 272 122 374 36 176 374 51 265 308 318 345 469 23 445 346 452 58 396 282 407 86 88 466 362 305 181 450 448 295 164 374 328 417 432 427 339 17 365 374 400 138 467 25 472 341 218 249 278 323 485 220 274 223 320 13 489 107 12 351 92 415 251 96 306 89 181 219
64 40 9558 99 447 450 275 277 465 339 15 359 69 489 350 250 64 487 230 306 119 250 86 140 172 171 319 293 207 269 86 179 3 426 436 327 476 250 413 323 130 295 59 8 139 436 3 359 393 425 467 395 21 430 30 281 25 229 461 319 122 395 419 135 357 285 449 104 4 129 268 153 144 489 278 492 33 327 302 274 495 304 39
65 40 8566 100 421 419 8 122 22 209 72 1 164 345 435 59 127 188 444 429 166 171 217 446 346 244 253 338 179 467 356 490 122 491 332 344 204 240 285 456 166 265 450 369 452 42 297 338 140 402 168 143 259 117 296 198 220 419 197 230 70 484 331 179 258 80 87 252 94 47 7 343 59 295 44 106 192 455 159 179 369 206 312
66 40 8440 19 189 215 185 479 372 498 94 160 36 225 54 450 420 156 425 274 290 106 374 206 251 376 373 344 437 286 185 228 428 134 5 357 307 1 57 293 1 206 135 374 458 18 277 126 146 317 394 54 329 306 309 403 346 215 358 265 310 262 218 408 267 208 110 417 252 415 132 374 230 246 34 217 21 337 73 231 15 344 356
67 40 8578 296 219 164 46 67 434 87 32 108 216 73 143 410 166 224 309 243 297 120 362 258 362 492 182 385 153 132 258 199 219 357 2 339 32 397 68 178 495 130 323 277 165 341 6 289 500 124 174 475 159 451 256 73 58 257 2 312 458 321 493 275 131 414 257 90 98 227 318 253 107 237 16 383 306 478 187 321 199 466 386
68 40 8874 353 238 377 101 372 370 209 406 415 253 498 251 139 471 420 208 303 462 442 224 357 404 119 372 434 334 416 341 415 178 381 251 147 258 289 183 196 101 37 28 334 174 322 283 487 397 212 23 421 313 214 31 267 57 90 299 257 156 350 102 43 403 317 429 172 425 5 179 173 149 359 246 42 21 398 213 288 390 23 262
69 40 8054 109 286 492 262 113 203 74 435 114 262 330 105 402 300 391 45 491 100 303 410 200 172 180 92 250 77 97 296 238 46 77 111 246 57 39 16 441 438 431 85 267 414 394 175 191 66 4 374 274 499 420 60 115 139 250 207 273 165 130 190 102 448 486 233 438 419 38 183 232 322 85 137 479 173 285 398 494 310 93 182
70 40 8424 394 371 218 157 371 414 473 185 144 52 216 246 229 397 268 235 479 499 377 440 45 119 427 160 250 253 268 261 313 381 333 357 320 98 162 431 192 455 318 205 163 183 456 281 282 270 75 120 353 450 226 468 104 122 129 398 126 381 496 402 486 457 398 12 51 99 378 462 196 375 73 112 341 307 135 345 210 488 55 97
71 40 9236 236 216 207 53 409 443 381 305 116 197 463 302 424 246 332 481 198 383 313 282 412 189 299 64 428 188 483 66 289 305 355 265 120 356 321 67 100 271 338 78 179 430 101 112 281 194 153 407 317 128 141 321 124 192 333 353 352 150 219 282 129 486 461 260 315 263 479 284 391 256 446 29 37 346 382 458 201 26 280 3
72 40 9596 409 80 424 307 219 446 309 361 323 96 262 304 296 317 334 38 31 169 407 160 308 495 232 137 320 453 275 412 354 28 415 297 469 257 113 104 467 367 326 222 160 113 243 401 243 277 261 14 184 386 497 96 313 297 332 398 377 153 124 417 228 294 14 9 260 284 413 408 420 470 469 246 380 196 170 472 447 32 167 278
73 40 8108 254 402 420 393 110 181 153 399 48 493 233 165 388 75 446 314 206 35 315 497 491 224 464 85 232 288 449 108 48 98 498 188 369 324 206 165 455 284 100 360 286 385 382 431 24 197 86 33 124 343 8 373 148 265 469 116 94 280 261 200 338 389 335 195 237 392 373 360 31 390 8 148 477 21 36 386 287 14 247 349
74 40 8649 328 1 288 305 22 109 274 1 335 307 222 456 161 205 266 95 404 254 391 235 486 288 305 85 65 141 172 142 265 208 96 364 166 480 176 442 295 119 268 340 468 207 426 282 344 259 411 164 182 346 355 34 255 214 394 328 252 389 405 475 20 492 109 488 412 354 162 385 423 221 98 218 210 20 151 477 270 197 480 315
75 40 8285 319 251 262 305 162 441 248 497 24 285 276 453 99 253 195 406 279 191 277 188 463 223 212 383 372 322 388 467 176 140 156 199 61 293 383 353 267 488 119 371 171 471 353 480 282 69 424 368 149 353 463 180 8 414 489 167 90 140 21 167 474 91 179 103 472 362 99 361 285 333 471 22 476 289 57 59 483 236 173 110
76 40 8328 201 361 439 130 412 387 10 172 448 282 491 121 136 115 121 489 47 434 64 238 323 351 226 26 482 328 440 79 122 198 434 333 356 488 326 119 176 466 45 193 349 21 205 140 321 454 62 334 468 110 231 77 287 139 217 297 259 305 348 35 461 20 337 170 72 328 110 290 80 255 255 388 420 358 14 217 352 345 263 435
77 40 8697 432 336 35 444 452 276 99 294 199 172 323 297 421 405 410 484 34 409 238 451 162 302 74 91 412 81 386 443 38 366 173 381 482 349 271 228 363 165 151 372 435 254 393 160 194 450 293 488 162 314 388 407 112 191 207 253 208 256 278 450 26 352 482 421 154 32 340 306 122 86 381 45 492 369 439 183 463 189 148 177
78 40 7851 485 52 406 284 104 138 16 494 106 302 171 460 122 202 447 170 114 433 179 399 78 63 332 224 253 43 72 375 333 240 307 292 4 327 339 272 188 19 47 231 345 167 178 21 477 111 132 448 228 94 414 414 256 338 135 110 42 353 450 230 383 120 269 15 372 483 235 141 168 108 270 272 494 392 136 389 380 477 347 337
79 40 8845 196 133 392 161 297 393 65 442 211 381 253 313 470 245 380 81 26 294 490 163 251 417 327 263 53 370 404 196 329 324 219 445 164 122 247 65 392 73 339 460 54 88 381 170 15 256 385 32 12 390 266 427 369 127 407 95 11 309 39 486 456 46 486 34 334 378 264 197 143 300 482 123 344 46 490 130 367 77 247 174
80 40 9490 246 64 330 148 449 294 85 236 174 328 63 387 288 156 206 125 353 469 256 57 416 61 188 497 159 173 98 248 441 62 250 203 384 421 374 430 417 43 490 204 415 30 276 370 433 346 335 414 120 49 293 109 286 335 97 333 134 56 356 339 449 486 317 18 287 174 447 132 36 408 357 333 349 303 338 101 407 462 464 155
81 40 8814 299 382 274 492 109 270 393 437 26 363 175 81 146 66 434 166 444 84 90 467 207 217 282 42 481 110 307 250 499 320 282 499 323 130 314 345 400 455 320 307 162 241 382 335 446 409 461 117 7 351 70 52 284 416 172 273 226 210 387 446 339 353 42 172 315 269 12 370 288 114 175 362 179 266 446 102 366 355 454 178
82 40 9424 433 271 438 306 51 279 468 285 271 420 446 94 345 396 345 39 372 305 244 300 106 278 277 261 365 333 437 160 493 286 182 182 359 486 265 133 342 176 53 329 227 138 401 493 427 334 367 390 476 298 401 196 83 414 120 65 444 478 135 466 232 3 96 484 473 137 269 148 34 491 153 321 56 263 423 441 433 114 239 406
83 40 9309 384 3 396 398 360 327 346 208 52 328 175 335 437 257 342 428 13 134 287 288 493 433 201 84 188 191 307 487 351 495 258 263 64 75 458 439 261 273 496 332 380 159 106 335 220 349 250 108 165 243 498 353 367 490 154 38 64 376 350 240 132 223 460 105 354 129 318 224 383 336 398 335 312 290 368 483 455 248 34 372
84 40 8881 462 346 355 447 418 325 481 301 68 479 190 72 157 135 254 324 425 85 222 15 373 215 167 420 417 228 445 119 338 53 435 423 440 57 206 106 35 460 89 297 74 73 271 417 187 32 99 220 317 414 103 70 230 420 203 443 126 189 231 93 397 242 449 227 478 334 426 227 381 350 48 399 99 17 64 248 489 58 453 36
85 40 8254 423 409 124 163 412 115 272 8 75 75 285 73 162 267 441 399 479 266 486 125 57 199 152 412 481 83 135 460 421 174 14 65 265 331 309 407 51 245 262 181 116 446 456 49 172 487 365 414 385 215 113 173 393 181 18 114 37 50 170 183 282 146 4 301 484 495 381 242 463 368 451 172 106 489 190 189 364 334 62 245
86 40 9647 499 57 190 475 329 431 262 10 156 11 411 414 380 82 234 496 270 57 89 378 489 478 358 396 302 335 380 100 75 455 206 80 326 327 78 299 425 356 294 331 461 10 316 105 446 300 398 42 259 59 164 365 13 92 152 11 342 16 464 51 195 291 414 406 161 228 377 166 489 247 343 235 225 499 208 5 448 436 431 485
87 40 8903 149 273 392 423 129 82 382 241 213 374 472 63 88 148 119 261 338 435 321 413 254 311 499 419 370 411 477 63 204 230 335 228 190 285 13 72 93 14 361 323 291 252 155 289 300 407 353 287 92 395 114 22 136 56 500 50 211 125 462 364 145 73 332 213 215 325 387 40 456 296 145 408 412 428 162 293 434 285 428 449
88 40 7724 144 434 80 48 370 173 156 472 332 59 189 318 221 377 398 135 141 441 204 30 468 12 91 109 243 191 456 358 374 105 212 483 358 330 84 370 201 103 153 239 99 118 346 417 86 390 433 225 20 272 101 239 206 133 112 241 180 496 341 287 468 178 42 412 444 134 223 407 84 369 483 451 278 276 304 372 328 157 202 316
89 40 8888 448 71 67 64 44 483 138 22 405 489 156 2 150 217 327 379 494 406 253 236 489 393 222 298 13 124 287 439 205 87 87 333 423 203 387 367 440 238 253 251 493 126 130 395 338 451 274 93 224 230 66 471 388 425 131 367 378 46 259 444 213 364 460 468 480 119 32 53 393 127 457 422 169 395 295 383 181 217 461 102
90 40 7038 195 94 12 300 65 421 282 185 466 291 108 134 101 269 274 401 476 321 167 254 406 319 382 140 185 187 415 472 239 80 303 493 13 336 20 10 268 184 19 189 320 270 239 403 170 369 281 205 431 245 47 155 35 295 429 301 322 13 444 216 19 343 308 379 500 491 83 487 152 78 136 63 98 73 66 316 155 253 167 248
91 40 8794 455 151 422 78 383 294 37 247 441 297 406 471 355 156 59 26 110 71 363 76 310 84 479 414 497 112 229 310 81 249 359 21 34 119 390 306 3 20 396 214 351 352 70 200 127 103 219 248 398 307 356 446 124 307 349 71 179 234 487 271 276 465 251 208 174 44 61 242 500 73 41 472 434 397 260 361 225 268 302 52
92 40 10008 7 368 408 131 334 246 55 80 489 171 465 469 63 208 344 322 216 390 222 216 428 164 189 232 274 388 324 382 258 154 116 472 477 104 295 309 479 137 430 338 100 299 364 67 486 327 105 149 229 71 215 14 467 355 494 257 351 322 462 368 469 479 162 70 390 316 72 163 376 500 497 149 159 320 302 34 439 325 498 492
93 40 8270 42 397 101 383 264 371 364 15 47 260 479 306 53 16 168 34 427 479 418 61 223 223 317 422 473 126 74 53 289 272 196 61 459 139 499 457 368 111 174 169 493 21 211 185 421 196 421 459 170 58 268 240 498 467 63 96 120 463 124 399 204 141 126 179 223 211 261 293 102 165 50 395 112 113 472 473 204 10 360 265
94 40 8676 88 150 123 484 165 142 254 489 40 145 371 456 338 476 310 1 480 244 361 232 479 41 492 146 143 44 150 457 344 300 148 490 308 468 258 123 233 254 367 415 164 259 293 153 300 360 448 29 93 21 156 428 444 264 303 1 359 68 37 432 468 335 420 239 328 280 74 23 142 326 481 473 308 294 20 360 178 269 377 351
95 40 8711 84 334 353 165 491 305 113 59 253 139 480 345 435 41 333 350 156 238 248 114 100 353 79 333 396 184 363 99 115 258 370 200 362 353 84 34 231 164 295 120 295 477 399 417 170 177 360 14 106 378 370 198 57 360 437 271 455 461 251 409 157 491 361 121 169 257 250 409 445 455 227 39 438 274 407 84 12 72 182 477
96 40 9189 461 258 473 121 231 27 81 301 156 476 288 102 303 39 496 247 323 419 210 285 417 181 136 202 314 368 225 14 296 262 175 231 20 478 214 185 443 50 388 83 279 365 410 36 216 417 400 226 350 225 447 224 359 66 164 223 126 346 399 291 326 106 41 497 137 242 297 280 485 11 409 311 100 28 138 168 354 427 400 130
97 40 8175 89 159 239 104 215 266 375 357 57 158 154 319 346 130 202 471 93 186 448 404 436 225 131 262 125 457 406 396 396 121 211 469 85 167 174 487 26 21 346 21 487 420 191 136 277 423 400 457 219 116 371 178 249 204 151 489 193 452 113 209 109 77 277 470 64 34 329 437 325 175 332 94 492 18 386 147 281 460 419 313
98 40 8728 128 208 27 212 335 294 348 355 142 470 342 308 478 103 85 353 259 101 100 121 309 425 171 268 415 164 83 116 326 127 229 471 436 195 350 16 378 32 454 341 226 176 174 242 389 438 418 315 370 164 460 341 378 146 292 412 232 208 267 111 87 427 173 251 167 19 396 416 205 72 230 150 101 153 312 144 380 478 258 301
99 40 8603 498 120 70 119 409 50 68 423 455 471 32 157 75 351 419 330 50 102 281 412 162 249 123 301 392 139 383 252 286 42 406 398 376 62 141 429 413 7 360 300 500 21 498 132 128 156 220 278 436 234 267 31 137 41 388 227 413 485 141 193 434 460 30 64 428 313 309 403 131 497 108 423 299 90 202 26 84 369 202 466
100 40 8094 222 43 255 308 264 55 75 173 311 492 295 349 446 5 433 77 357 207 216 350 405 179 443 487 235 114 309 490 51 400 330 79 197 360 476 122 17 33 77 219 184 449 81 317 184 209 368 387 293 408 288 356 88 75 495 9 77 288 59 480 364 369 145 90 254 451 313 200 222 92 241 105 473 127 51 275 214 471 310 156
