1.2159347534179688e-05
9.059906005859375e-06
8.344650268554688e-06
7.867813110351562e-06
7.867813110351562e-06
7.62939453125e-06
7.62939453125e-06
7.62939453125e-06
7.3909759521484375e-06
7.3909759521484375e-06
7.3909759521484375e-06
7.152557373046875e-06
7.3909759521484375e-06
7.3909759521484375e-06
7.62939453125e-06
7.867813110351562e-06
7.152557373046875e-06
7.3909759521484375e-06
7.3909759521484375e-06
7.3909759521484375e-06
7.152557373046875e-06
7.152557373046875e-06
7.3909759521484375e-06
7.62939453125e-06
7.3909759521484375e-06
7.3909759521484375e-06
7.3909759521484375e-06
7.152557373046875e-06
7.3909759521484375e-06
7.3909759521484375e-06
7.62939453125e-06
7.3909759521484375e-06
7.3909759521484375e-06
7.62939453125e-06
7.3909759521484375e-06
7.3909759521484375e-06
7.3909759521484375e-06
7.152557373046875e-06
7.152557373046875e-06
7.152557373046875e-06
7.3909759521484375e-06
7.152557373046875e-06
7.152557373046875e-06
7.152557373046875e-06
7.152557373046875e-06
7.62939453125e-06
7.152557373046875e-06
7.3909759521484375e-06
7.62939453125e-06
7.152557373046875e-06
7.3909759521484375e-06
7.152557373046875e-06
7.3909759521484375e-06
7.3909759521484375e-06
7.3909759521484375e-06
7.3909759521484375e-06
7.152557373046875e-06
7.152557373046875e-06
7.3909759521484375e-06
7.152557373046875e-06
7.152557373046875e-06
7.152557373046875e-06
7.62939453125e-06
7.3909759521484375e-06
7.152557373046875e-06
7.3909759521484375e-06
7.152557373046875e-06
7.3909759521484375e-06
7.3909759521484375e-06
7.3909759521484375e-06
7.3909759521484375e-06
7.152557373046875e-06
7.152557373046875e-06
7.3909759521484375e-06
7.152557373046875e-06
7.3909759521484375e-06
7.152557373046875e-06
7.152557373046875e-06
7.3909759521484375e-06
7.3909759521484375e-06
7.3909759521484375e-06
7.3909759521484375e-06
7.3909759521484375e-06
7.3909759521484375e-06
7.152557373046875e-06
7.152557373046875e-06
7.62939453125e-06
7.3909759521484375e-06
7.3909759521484375e-06
7.3909759521484375e-06
7.3909759521484375e-06
7.62939453125e-06
7.152557373046875e-06
7.3909759521484375e-06
7.62939453125e-06
7.3909759521484375e-06
7.3909759521484375e-06
7.3909759521484375e-06
7.152557373046875e-06
7.152557373046875e-06