2.384185791015625e-05
2.0503997802734375e-05
1.9311904907226562e-05
1.9073486328125e-05
1.8596649169921875e-05
1.8835067749023438e-05
1.8596649169921875e-05
1.8596649169921875e-05
1.8835067749023438e-05
1.8596649169921875e-05
1.8596649169921875e-05
1.8596649169921875e-05
1.8358230590820312e-05
1.8835067749023438e-05
1.8358230590820312e-05
1.8596649169921875e-05
1.8596649169921875e-05
1.8596649169921875e-05
1.8358230590820312e-05
1.8596649169921875e-05
1.8835067749023438e-05
1.8596649169921875e-05
1.8596649169921875e-05
1.8358230590820312e-05
1.8358230590820312e-05
1.8358230590820312e-05
1.8596649169921875e-05
1.8596649169921875e-05
1.8358230590820312e-05
1.8596649169921875e-05
1.8358230590820312e-05
1.8596649169921875e-05
1.8835067749023438e-05
1.8596649169921875e-05
1.8596649169921875e-05
1.9073486328125e-05
1.811981201171875e-05
1.8596649169921875e-05
1.8358230590820312e-05
1.8596649169921875e-05
1.8835067749023438e-05
1.8358230590820312e-05
1.8835067749023438e-05
1.8835067749023438e-05
1.8596649169921875e-05
1.8358230590820312e-05
1.8596649169921875e-05
1.8596649169921875e-05
1.8358230590820312e-05
1.8358230590820312e-05
1.8596649169921875e-05
1.8596649169921875e-05
1.8358230590820312e-05
1.9073486328125e-05
1.8596649169921875e-05
1.8358230590820312e-05
1.8835067749023438e-05
1.8596649169921875e-05
1.9073486328125e-05
1.8596649169921875e-05
1.811981201171875e-05
1.9073486328125e-05
1.8596649169921875e-05
1.8596649169921875e-05
1.8358230590820312e-05
1.8358230590820312e-05
1.8596649169921875e-05
1.8596649169921875e-05
1.8596649169921875e-05
1.8596649169921875e-05
1.8596649169921875e-05
1.8358230590820312e-05
1.8358230590820312e-05
1.8358230590820312e-05
1.811981201171875e-05
1.8596649169921875e-05
1.8358230590820312e-05
1.8358230590820312e-05
1.8596649169921875e-05
1.8596649169921875e-05
1.8358230590820312e-05
1.8596649169921875e-05
1.811981201171875e-05
1.8835067749023438e-05
1.8358230590820312e-05
1.9073486328125e-05
1.8596649169921875e-05
1.8358230590820312e-05
1.8596649169921875e-05
1.8358230590820312e-05
3.600120544433594e-05
1.811981201171875e-05
1.8596649169921875e-05
1.811981201171875e-05
1.8596649169921875e-05
1.8358230590820312e-05
1.8596649169921875e-05
1.8596649169921875e-05
1.8358230590820312e-05
1.8358230590820312e-05