0.00021338462829589844
0.00048732757568359375
0.00013828277587890625
0.0002989768981933594
0.00011110305786132812
0.0002110004425048828
0.0001862049102783203
0.00015735626220703125
0.0001666545867919922
0.0001556873321533203
0.00010085105895996094
0.00029969215393066406
0.0002834796905517578
0.0005793571472167969
0.00020837783813476562
0.00022149085998535156
0.0002300739288330078
0.0006649494171142578
7.653236389160156e-05
0.00023102760314941406
0.00039505958557128906
0.00034499168395996094
0.00013065338134765625
0.00031828880310058594
0.0002493858337402344
0.00020837783813476562
0.00014710426330566406
0.0007231235504150391
0.00018453598022460938
0.00017142295837402344
0.0001690387725830078
0.0001430511474609375
0.00034117698669433594
0.00014662742614746094
0.00017499923706054688
7.772445678710938e-05
0.00016880035400390625
0.000308990478515625
0.0001571178436279297
0.00019407272338867188
0.00012421607971191406
0.00021314620971679688
2.9325485229492188e-05
7.176399230957031e-05
0.00024437904357910156
0.0004246234893798828
0.00018715858459472656
9.036064147949219e-05
0.000148773193359375
0.0003314018249511719
5.888938903808594e-05
0.00010657310485839844
7.796287536621094e-05
0.00011968612670898438
0.00010704994201660156
8.630752563476562e-05
8.630752563476562e-05
0.0002276897430419922
0.0001537799835205078
7.152557373046875e-05
0.0002815723419189453
0.00026869773864746094
0.00013780593872070312
0.00014543533325195312
3.4809112548828125e-05
7.319450378417969e-05
0.00043773651123046875
0.00015592575073242188
7.796287536621094e-05
0.0001780986785888672
8.893013000488281e-05
0.00022292137145996094
0.00036716461181640625
0.00016188621520996094
0.0001685619354248047
0.00011587142944335938
0.0001895427703857422
0.00037407875061035156
0.0002465248107910156
0.00013709068298339844
0.00011277198791503906
0.0001373291015625
4.8160552978515625e-05
0.0003685951232910156
0.0001862049102783203
0.00022530555725097656
0.00021719932556152344
0.00017690658569335938
0.0001544952392578125
0.00011563301086425781
0.00016260147094726562
6.866455078125e-05
8.463859558105469e-05
0.0002810955047607422
0.00019741058349609375
0.00011134147644042969
0.0003676414489746094
0.00020813941955566406
0.00022530555725097656
0.0003600120544433594