1 27 6434
2 27 7329
3 27 6362
4 27 5818
5 27 7331
6 27 5877
7 27 7055
8 27 7924
9 27 6075
10 27 5049
11 27 4902
12 27 6229
13 27 7066
14 27 5906
15 27 5969
16 27 6393
17 27 6453
18 27 6667
19 27 6004
20 27 5217
21 27 6120
22 27 6782
23 27 6140
24 27 6371
25 27 6556
26 27 7564
27 27 5528
28 27 5774
29 27 6349
30 27 7031
31 27 5761
32 27 6649
33 27 6177
34 27 6846
35 27 6207
36 27 5732
37 27 7647
38 27 6502
39 27 6173
40 27 6056
41 27 7037
42 27 6793
43 27 5668
44 27 6021
45 27 5275
46 27 5475
47 27 5888
48 27 7816
49 27 6114
50 27 6790
51 27 6646
52 27 7907
53 27 6365
54 27 5418
55 27 6801
56 27 6290
57 27 6117
58 27 6014
59 27 7213
60 27 5281
61 27 6153
62 27 6656
63 27 7019
64 27 6699
65 27 5791
66 27 5782
67 27 6077
68 27 6460
69 27 6705
70 27 6238
71 27 5813
72 27 7057
73 27 6150
74 27 5735
75 27 7428
76 27 5769
77 27 7420
78 27 6154
79 27 6567
80 27 6753
81 27 6051
82 27 6246
83 27 5954
84 27 6700
85 27 6856
86 27 7761
87 27 6633
88 27 6800
89 27 5911
90 27 6741
91 27 6320
92 27 6031
93 27 6310
94 27 6093
95 27 6638
96 27 7496
97 27 6706
98 27 6590
99 27 8154
100 27 6405