0.06113696098327637
0.06843686103820801
0.07190823554992676
0.09088492393493652
0.11655569076538086
0.10054230690002441
0.10362076759338379
0.08151865005493164
0.0947117805480957
0.09365725517272949
0.0641336441040039
0.049381256103515625
0.07050466537475586
0.05095839500427246
0.06462693214416504
0.06319117546081543
0.07146167755126953
0.07026982307434082
0.07053852081298828
0.07278680801391602
0.07731127738952637
0.04767203330993652
0.07984685897827148
0.07242250442504883
0.06481313705444336
0.07614731788635254
0.08484315872192383
0.06351184844970703
0.08716630935668945
0.07708072662353516
0.06993985176086426
0.08144354820251465
0.08149075508117676
0.09145689010620117
0.07733702659606934
0.06648921966552734
0.08484601974487305
0.05961918830871582
0.06563591957092285
0.06838512420654297
0.07180023193359375
0.07521438598632812
0.05920863151550293
0.05280756950378418
0.07787418365478516
0.05810952186584473
0.061022043228149414
0.07158184051513672
0.07308602333068848
0.07304763793945312
0.07895350456237793
0.06911277770996094
0.07847881317138672
0.07720208168029785
0.06009840965270996
0.0445103645324707
0.05890178680419922
0.07623624801635742
0.07928466796875
0.07825231552124023
0.06099820137023926
0.07079696655273438
0.06255888938903809
0.06263279914855957
0.0704493522644043
0.06288027763366699
0.06542611122131348
0.09296035766601562
0.06659960746765137
0.06682133674621582
0.05259299278259277
0.06543898582458496
0.06299281120300293
0.05500483512878418
0.06636977195739746
0.07116436958312988
0.05206131935119629
0.0686807632446289
0.05272722244262695
0.05838823318481445
0.06448769569396973
0.08319377899169922
0.05223870277404785
0.07264995574951172
0.07219743728637695
0.0701904296875
0.06279182434082031
0.0731956958770752
0.05341935157775879
0.03913235664367676
0.07243919372558594
0.06453967094421387
0.06569814682006836
0.0555119514465332
0.04980921745300293
0.07845783233642578
0.060956478118896484
0.06647276878356934
0.06291341781616211
0.05165863037109375