0.08217525482177734
0.10966229438781738
0.09997701644897461
0.08435487747192383
0.09213447570800781
0.10589480400085449
0.08076643943786621
0.09127545356750488
0.07536435127258301
0.08136272430419922
0.12365317344665527
0.1060783863067627
0.07638096809387207
0.09171819686889648
0.10225486755371094
0.10628437995910645
0.11798334121704102
0.07458019256591797
0.0977163314819336
0.12045001983642578
0.10347843170166016
0.10192012786865234
0.10110616683959961
0.0905909538269043
0.08891892433166504
0.10787177085876465
0.08719587326049805
0.08267426490783691
0.10407733917236328
0.09135317802429199
0.11464548110961914
0.09752607345581055
0.09677600860595703
0.10968351364135742
0.11834549903869629
0.07660031318664551
0.08770394325256348
0.11025094985961914
0.1075599193572998
0.08263397216796875
0.1021718978881836
0.10009241104125977
0.08454442024230957
0.1045835018157959
0.0979912281036377
0.0980525016784668
0.09688591957092285
0.10883808135986328
0.08559560775756836
0.11014676094055176
0.08203625679016113
0.08669614791870117
0.08635950088500977
0.12304472923278809
0.09390401840209961
0.08313441276550293
0.08678078651428223
0.11008262634277344
0.07660222053527832
0.07238245010375977
0.1148524284362793
0.13910794258117676
0.07569527626037598
0.08736133575439453
0.09104228019714355
0.11189103126525879
0.07820343971252441
0.09784913063049316
0.10565447807312012
0.10397458076477051
0.11126303672790527
0.07994914054870605
0.12155294418334961
0.12120604515075684
0.1183462142944336
0.08491635322570801
0.09951448440551758
0.0919032096862793
0.10171222686767578
0.12035059928894043
0.10673046112060547
0.0986635684967041
0.0905616283416748
0.0861358642578125
0.09597110748291016
0.07977128028869629
0.07999134063720703
0.1008305549621582
0.10215616226196289
0.10008811950683594
0.08998632431030273
0.08224081993103027
0.11037921905517578
0.0926520824432373
0.08269405364990234
0.08284616470336914
0.09703350067138672
0.1105802059173584
0.10441923141479492
0.12530088424682617