0.0003533363342285156
0.0004940032958984375
0.0030982494354248047
0.003433704376220703
0.0008764266967773438
0.0010645389556884766
0.0025424957275390625
0.0006015300750732422
0.0012629032135009766
0.0036618709564208984
0.002552032470703125
0.00389862060546875
0.003251791000366211
0.0005106925964355469
0.002788066864013672
0.0007922649383544922
0.0008962154388427734
0.0022063255310058594
0.003370523452758789
0.004436016082763672
0.0009047985076904297
0.0008401870727539062
0.0028839111328125
0.0006546974182128906
0.0011446475982666016
0.0020303726196289062
0.00039267539978027344
0.0018284320831298828
0.003479480743408203
0.00439906120300293
0.0026373863220214844
0.002148866653442383
0.0015888214111328125
0.0018126964569091797
0.004304647445678711
0.0028967857360839844
0.0024690628051757812
0.0018248558044433594
0.001219034194946289
0.0006275177001953125
0.0029718875885009766
0.0025031566619873047
0.003989219665527344
0.0013699531555175781
0.0028476715087890625
0.0009407997131347656
0.002641439437866211
0.002163410186767578
0.002331972122192383
0.0031652450561523438
0.000690460205078125
0.0001494884490966797
0.0023899078369140625
7.987022399902344e-05
0.0033843517303466797
0.002989530563354492
0.0013496875762939453
0.002882242202758789
0.0017423629760742188
0.0012836456298828125
0.004361867904663086
0.0011103153228759766
0.002739429473876953
0.002896547317504883
0.00463104248046875
0.0008802413940429688
0.002637147903442383
0.0009756088256835938
0.0007326602935791016
0.0003571510314941406
4.649162292480469e-05
0.0016400814056396484
0.0009222030639648438
0.0030961036682128906
0.0016837120056152344
0.0036525726318359375
0.002279043197631836
0.0003497600555419922
0.0016798973083496094
0.002700328826904297
0.0006275177001953125
0.0004012584686279297
0.0022432804107666016
0.0014815330505371094
0.0034532546997070312
0.0026526451110839844
0.0004398822784423828
0.0021359920501708984
0.0005054473876953125
0.0026988983154296875
0.0010330677032470703
0.0006556510925292969
0.001108407974243164
0.0016033649444580078
0.0037300586700439453
0.0006518363952636719
0.0029516220092773438
0.0012819766998291016
0.0034482479095458984
0.0002315044403076172