0.22971439361572266
0.28943967819213867
0.2751603126525879
0.26421260833740234
0.3006858825683594
0.2138841152191162
0.33455967903137207
0.2774934768676758
0.2687342166900635
0.32062816619873047
0.3830749988555908
0.32479405403137207
0.2842898368835449
0.27329564094543457
0.25655651092529297
0.3222486972808838
0.26471471786499023
0.23259568214416504
0.35726022720336914
0.26711010932922363
0.2601954936981201
0.2706003189086914
0.2899129390716553
0.32455992698669434
0.3066387176513672
0.3092672824859619
0.3113672733306885
0.2892732620239258
0.26161718368530273
0.29117608070373535
0.25838732719421387
0.2620227336883545
0.27608728408813477
0.3042106628417969
0.27028512954711914
0.24892139434814453
0.2753314971923828
0.20767545700073242
0.2412242889404297
0.2543923854827881
0.24128031730651855
0.23131537437438965
0.29221272468566895
0.30112576484680176
0.2923297882080078
0.26565003395080566
0.34114646911621094
0.28583383560180664
0.2930288314819336
0.2606368064880371
0.29041624069213867
0.2563955783843994
0.240403413772583
0.2129347324371338
0.2274479866027832
0.29665088653564453
0.23238492012023926
0.2301483154296875
0.2542264461517334
0.2541036605834961
0.25090599060058594
0.2735595703125
0.26722288131713867
0.28719067573547363
0.26554417610168457
0.24521780014038086
0.23753976821899414
0.22586607933044434
0.26363420486450195
0.24113249778747559
0.21457362174987793
0.2605466842651367
0.23409700393676758
0.23247599601745605
0.2448105812072754
0.26928281784057617
0.26384711265563965
0.24442529678344727
0.2359609603881836
0.22127890586853027
0.26596784591674805
0.29032278060913086
0.2502152919769287
0.2382063865661621
0.2999083995819092
0.2764241695404053
0.23773717880249023
0.26285552978515625
0.21807527542114258
0.2345104217529297
0.2390913963317871
0.2561831474304199
0.2431347370147705
0.30312132835388184
0.26315903663635254
0.23631024360656738
0.1824510097503662
0.3036923408508301
0.24213099479675293
0.26787281036376953