1 25 3239
2 25 3309
3 25 3401
4 25 3454
5 25 3815
6 25 3369
7 25 3720
8 25 3430
9 25 3729
10 25 3608
11 25 3845
12 25 3875
13 25 3521
14 25 3419
15 25 3565
16 25 3287
17 25 3508
18 25 3329
19 25 3751
20 25 3849
21 25 4055
22 25 3031
23 25 3891
24 25 3856
25 25 3257
26 25 3121
27 25 3684
28 25 3384
29 25 3284
30 25 3711
31 25 3425
32 25 3486
33 25 3273
34 25 3964
35 25 3168
36 25 3482
37 25 3665
38 25 3643
39 25 3685
40 25 3459
41 25 3866
42 25 3215
43 25 3751
44 25 3262
45 25 3822
46 25 3027
47 25 3757
48 25 3518
49 25 3410
50 25 3479
51 25 3519
52 25 3208
53 25 3344
54 25 3467
55 25 3428
56 25 3373
57 25 3325
58 25 3261
59 25 3561
60 25 3923
61 25 3283
62 25 3264
63 25 3379
64 25 3265
65 25 3646
66 25 3537
67 25 3704
68 25 3578
69 25 3609
70 25 3542
71 25 3325
72 25 3343
73 25 3457
74 25 3913
75 25 3631
76 25 3346
77 25 3113
78 25 3403
79 25 3482
80 25 3640
81 25 3540
82 25 3370
83 25 3821
84 25 3596
85 25 3635
86 25 3651
87 25 3373
88 25 3271
89 25 3136
90 25 3376
91 25 3419
92 25 3761
93 25 3749
94 25 3602
95 25 3523
96 25 3544
97 25 3875
98 25 3165
99 25 3509
100 25 3195