1 40 6498 58 1 69 46 324 4 238 84 44 26 87 30 235 12 241 25 25 57 343 46 108 91 381 62 391 57 12 9 12 78 219 52 264 47 293 20 195 61 36 41 218 9 320 71 203 30 276 4 263 94 208 34 52 3 341 68 68 58 220 35 76 61 391 64 316 17 375 6 333 83 28 36 118 66 297 17 351 53 94 20
2 40 6569 137 30 342 55 378 63 382 96 86 59 345 54 333 20 87 96 171 60 27 35 29 27 260 64 284 71 100 9 385 48 243 75 182 79 301 70 123 71 325 5 179 75 61 14 217 70 312 47 347 73 216 34 80 62 140 91 127 18 308 11 132 14 189 58 122 69 328 74 41 95 267 5 129 99 152 80 88 10 257 40
3 40 6912 373 51 126 93 371 52 175 68 256 95 387 21 81 58 321 77 310 74 28 84 91 62 194 11 311 78 55 89 309 91 39 87 256 41 222 19 104 42 65 63 65 76 108 39 355 80 319 61 26 10 191 19 362 56 314 64 277 48 349 40 308 14 294 77 235 7 154 95 107 13 255 46 106 80 114 44 271 5 356 65
4 40 7217 368 24 254 65 351 33 23 66 69 58 231 81 263 25 138 12 240 51 346 98 301 65 342 59 124 70 331 48 150 43 137 29 340 17 232 94 78 99 282 27 207 40 202 97 392 46 397 19 365 88 222 43 74 24 91 30 186 23 174 95 88 78 163 25 377 8 364 32 266 92 344 17 32 31 155 71 39 19 284 52
5 40 6040 330 38 253 54 337 46 370 36 4 7 323 11 224 34 145 54 89 45 253 16 118 53 82 99 115 45 316 9 50 79 67 49 321 83 29 48 21 81 329 41 187 46 343 85 48 99 285 41 326 62 178 26 95 37 119 41 98 93 356 95 268 50 125 18 25 23 154 15 48 51 323 87 131 50 169 79 176 71 321 39
6 40 6212 36 28 48 45 396 30 229 11 106 61 161 24 352 38 376 39 385 63 185 50 17 66 3 93 97 27 132 35 271 91 119 26 398 34 127 10 2 95 227 65 128 94 68 15 114 58 368 86 22 29 327 10 24 4 102 98 126 40 240 2 111 20 299 81 358 100 130 1 315 43 359 38 104 21 253 10 386 36 264 1
7 40 6338 172 78 127 33 393 86 1 21 372 54 196 8 60 54 283 79 336 56 140 7 386 61 48 78 223 16 253 90 350 48 155 28 335 48 201 23 129 77 292 20 57 65 347 98 237 89 70 60 179 16 354 66 362 48 121 96 151 100 238 64 193 66 33 68 307 59 66 96 75 23 100 53 69 50 385 48 61 42 66 44
8 40 6745 202 60 117 21 154 92 172 43 307 12 326 37 312 93 279 64 359 80 68 90 21 86 316 42 163 10 151 70 176 90 290 40 60 74 331 54 351 17 384 12 362 80 1 76 319 42 346 94 30 92 128 24 285 6 165 94 374 84 238 4 80 34 328 32 276 87 5 86 2 38 94 30 119 17 312 20 361 79 68 20
9 40 6400 180 79 371 17 158 24 165 10 165 30 24 79 164 42 382 20 226 2 319 98 112 76 57 14 172 28 251 87 318 91 206 47 301 30 295 36 218 97 140 62 13 46 346 32 345 58 15 14 227 94 161 86 349 69 185 90 247 21 73 46 8 72 211 63 198 68 181 10 248 53 165 28 370 53 48 77 97 4 290 11
10 40 5994 75 78 227 5 391 57 205 91 382 15 249 15 202 37 205 94 127 8 237 18 52 75 143 29 87 53 54 4 348 47 340 67 370 82 183 74 334 92 57 79 278 51 105 23 128 46 123 52 354 91 15 53 366 37 92 7 303 57 379 82 288 24 105 44 52 67 149 91 92 56 23 39 2 48 17 88 151 37 203 47
11 40 5621 172 19 309 51 107 2 64 66 352 85 27 25 47 84 390 27 168 87 327 95 229 90 245 13 50 47 99 54 194 34 23 68 124 17 112 57 399 69 95 16 350 75 396 66 380 60 31 66 212 70 63 43 198 74 29 85 104 72 367 82 353 38 118 97 92 97 212 90 238 47 33 35 261 69 32 68 23 64 2 33
12 40 6753 221 3 103 52 303 36 8 78 8 82 278 57 284 64 387 1 261 97 100 12 108 61 38 76 397 9 147 58 397 38 376 65 199 1 207 10 360 29 294 46 370 8 13 62 194 95 113 74 348 72 196 77 10 41 289 59 120 41 231 90 308 14 212 32 286 98 53 78 45 63 250 39 253 94 271 75 54 47 350 91
13 40 7208 49 50 131 78 52 82 391 54 198 14 163 60 15 10 299 32 317 12 344 24 157 54 128 93 332 76 273 56 171 94 119 17 387 40 148 21 399 2 153 84 180 33 192 57 217 97 216 56 115 14 8 54 347 80 97 100 54 31 179 87 389 12 335 9 186 65 135 9 328 52 364 39 374 16 400 83 314 79 354 98
14 40 6171 146 37 36 87 305 13 179 39 6 80 88 4 377 77 349 17 103 16 373 46 10 54 200 68 303 2 158 29 254 39 288 46 139 40 86 86 6 77 394 42 183 90 397 58 190 18 314 72 370 15 364 17 263 84 26 85 135 89 270 22 168 30 63 50 79 51 316 72 130 30 263 64 36 90 34 35 137 41 176 43
15 40 6502 282 86 52 68 381 6 21 92 187 74 80 91 194 12 379 53 349 8 372 66 121 92 358 12 336 39 161 84 340 67 182 14 203 84 368 97 50 36 70 52 3 68 231 11 89 74 121 87 34 96 214 14 366 71 181 35 63 23 193 43 30 15 172 46 369 13 201 34 309 55 143 53 242 58 120 54 278 32 283 63
16 40 6570 396 39 373 11 343 46 292 28 201 49 193 51 146 79 30 98 47 68 257 19 295 81 200 56 234 39 144 47 256 48 388 30 169 60 301 19 9 70 134 95 246 12 397 39 336 15 110 86 91 12 47 73 44 81 259 83 149 100 176 68 207 57 302 61 13 1 63 60 15 56 316 83 263 70 139 33 232 60 400 77
17 40 6124 153 93 301 59 312 23 21 41 5 64 62 71 368 26 314 63 358 54 87 25 254 92 235 49 10 65 260 19 365 13 72 76 173 5 121 55 391 67 39 52 40 98 159 17 36 84 109 79 99 27 80 76 292 71 323 75 250 19 72 26 149 49 387 40 398 100 186 32 352 60 223 23 44 16 76 4 273 90 207 6
18 40 7192 291 91 139 55 275 48 288 85 192 48 206 9 79 76 242 95 292 32 22 78 352 32 158 8 204 54 318 1 184 37 240 37 267 35 334 43 50 26 396 57 290 47 72 80 284 9 84 25 391 68 22 19 213 25 255 13 158 52 330 37 230 4 219 1 179 65 104 59 123 25 320 7 303 72 222 33 271 80 392 97
19 40 5811 368 92 59 36 187 21 83 28 295 98 9 38 268 58 379 38 148 46 75 45 32 20 185 64 378 83 88 71 120 14 211 63 258 75 148 24 43 26 219 74 7 61 262 6 196 25 154 23 350 66 281 50 68 75 75 91 188 95 373 85 227 54 352 61 8 31 68 91 399 80 66 42 41 1 142 98 70 98 384 62
20 40 6981 386 71 196 82 149 7 376 2 252 75 220 24 216 82 169 6 339 65 351 42 321 33 250 97 140 5 59 28 384 73 253 27 257 92 171 55 381 37 15 6 165 78 210 40 121 30 103 12 283 18 147 87 14 5 197 21 63 60 340 25 349 88 186 70 147 23 376 40 168 92 205 55 200 79 336 4 73 67 159 49
21 40 6120 34 20 165 34 354 35 110 94 367 1 221 49 132 6 256 73 9 55 324 16 163 56 182 22 53 20 20 26 129 68 72 57 208 62 367 99 355 38 61 64 276 22 321 44 394 14 320 38 174 64 55 50 285 34 250 64 293 14 85 72 306 99 183 81 23 81 289 67 102 65 92 26 166 1 223 40 124 2 107 62
22 40 6868 381 82 81 64 274 31 41 89 392 38 155 56 274 22 81 23 228 61 371 55 114 43 62 95 298 100 185 97 310 2 148 87 163 5 197 76 152 59 330 2 153 73 18 48 13 12 162 50 233 92 298 48 180 75 85 35 204 94 137 63 72 45 149 82 363 57 377 32 337 22 280 78 282 4 360 40 304 62 342 9
23 40 5435 196 60 265 14 81 40 72 84 164 39 188 98 25 77 61 7 287 54 101 93 181 78 133 93 376 22 10 80 103 15 399 71 308 88 331 16 147 20 18 87 65 43 133 47 241 61 2 86 321 93 240 65 20 5 171 89 305 19 340 43 162 37 132 28 3 66 18 35 28 59 330 61 261 32 207 34 116 33 253 82
24 40 5405 179 40 190 80 216 25 236 61 150 29 104 28 159 90 50 3 151 80 203 61 256 44 198 91 62 37 39 79 285 27 312 83 16 33 178 62 135 33 40 98 168 83 265 37 26 56 246 71 291 91 49 75 331 39 108 87 185 7 386 85 3 28 226 91 201 52 40 93 297 32 18 10 397 44 84 64 46 90 231 27
25 40 5612 246 16 232 70 389 20 336 56 87 85 77 73 4 35 267 63 64 15 396 66 304 38 52 97 118 71 74 11 87 85 265 77 38 96 138 55 5 48 348 51 358 60 209 19 146 78 34 9 183 33 250 14 180 18 3 52 70 72 366 64 121 56 365 53 171 19 190 72 29 72 186 22 214 44 21 69 179 81 214 66
26 40 5940 4 55 65 51 163 67 163 72 22 2 59 29 346 43 299 88 99 6 50 85 30 35 67 70 320 39 356 81 394 54 30 96 259 66 270 20 13 87 324 30 85 100 87 65 235 36 305 82 121 10 103 40 295 94 298 97 295 94 48 26 243 4 336 10 284 11 276 71 243 63 29 68 166 81 138 41 280 96 225 48
27 40 6537 324 49 93 34 338 25 166 49 341 65 118 8 323 80 90 93 80 11 80 64 144 56 293 40 137 28 70 47 265 67 330 85 112 45 268 67 172 59 231 26 2 94 393 89 132 85 327 57 308 4 226 87 145 13 220 83 4 46 143 58 153 57 301 59 49 55 350 88 224 94 285 84 326 1 81 15 218 32 310 59
28 40 6221 126 43 155 82 7 100 271 70 57 21 228 17 284 32 309 88 290 28 297 68 273 47 60 51 144 82 155 21 299 40 283 80 48 1 343 55 208 76 197 95 192 29 60 14 239 72 279 35 23 89 51 4 271 41 35 73 219 95 212 14 71 56 206 62 157 55 381 66 346 25 228 2 146 34 150 43 133 63 344 60
29 40 5248 276 13 20 80 125 15 288 19 135 89 25 98 101 89 38 16 248 15 42 30 99 52 394 85 155 21 2 99 37 12 26 32 72 66 162 86 132 31 249 40 298 18 69 45 351 16 205 29 134 1 267 67 191 51 178 96 60 34 201 28 194 39 198 36 61 37 214 86 134 22 399 39 332 53 297 50 144 92 8 45
30 40 6397 15 85 306 65 151 71 278 59 286 58 87 30 151 1 63 80 146 57 342 71 342 38 73 92 146 28 217 98 286 18 259 45 363 94 375 50 55 9 89 46 172 35 49 13 128 100 249 72 168 62 117 63 268 50 356 26 301 58 340 17 130 48 270 90 197 11 49 42 362 90 399 100 120 53 10 25 143 24 139 25
31 40 6900 96 52 310 85 121 66 192 37 361 86 242 22 306 80 173 7 329 31 358 21 63 49 57 44 386 44 86 75 280 82 188 47 99 19 124 59 355 8 240 1 174 64 122 65 218 89 162 34 287 25 362 64 95 33 370 99 170 29 214 4 122 65 303 28 1 9 101 83 393 74 312 16 172 6 72 98 302 69 308 38
32 40 5665 191 43 330 86 105 40 294 65 261 38 107 58 344 17 140 95 158 24 33 78 13 94 142 89 12 13 50 13 144 35 380 29 396 81 94 45 399 91 96 54 291 71 257 2 31 67 44 5 383 17 73 53 93 88 235 67 341 29 398 98 92 87 305 65 103 82 169 18 89 37 99 38 54 45 5 57 224 48 107 42
33 40 5504 259 61 47 57 206 94 110 3 357 64 232 78 8 27 195 75 157 43 278 33 362 66 310 65 153 56 74 62 295 19 58 45 270 51 370 91 125 69 143 47 156 96 50 46 239 20 217 36 352 78 90 48 178 90 214 93 237 70 5 55 88 16 190 58 218 34 74 29 49 8 62 60 135 11 144 76 49 84 125 24
34 40 6470 40 34 174 22 62 31 181 81 339 69 336 23 340 49 330 13 40 41 173 6 314 67 252 28 170 62 14 68 54 92 361 15 144 73 34 82 378 80 257 82 371 7 173 15 111 89 12 38 38 13 237 24 271 19 374 81 153 98 368 74 66 37 252 80 254 46 366 63 4 75 309 69 26 100 260 77 180 83 270 60
35 40 6148 106 86 40 14 303 50 378 99 150 15 161 50 141 10 335 62 34 47 398 81 360 48 142 33 157 73 289 16 284 6 378 76 333 79 201 24 41 81 30 14 389 44 118 43 238 34 346 27 82 96 194 18 109 48 142 91 194 6 250 41 385 17 126 10 324 82 60 62 42 80 119 80 5 76 222 100 25 87 54 30
36 40 6140 37 45 106 22 255 100 364 95 27 6 41 83 351 9 340 51 381 93 391 9 28 90 128 77 149 75 46 5 265 56 383 82 75 27 10 26 357 63 267 20 223 29 216 53 255 1 288 15 195 35 356 6 305 36 132 42 158 82 95 69 54 65 19 39 374 34 43 24 101 70 267 87 135 59 150 87 140 58 169 98
37 40 7020 20 75 201 97 385 84 282 41 215 20 205 32 55 6 112 24 113 75 3 98 241 80 382 77 170 30 111 72 268 86 334 66 355 16 152 56 380 67 233 15 116 17 203 91 113 64 30 14 182 4 308 95 349 65 310 97 343 51 181 49 220 60 147 2 215 78 391 11 392 95 237 68 31 66 158 25 306 22 326 97
38 40 6721 75 25 158 4 110 15 28 4 114 21 47 55 285 16 239 97 346 65 201 25 3 41 195 14 391 76 278 86 94 24 315 81 316 21 84 34 326 2 216 22 119 46 351 52 373 10 356 37 248 94 168 14 377 71 362 4 239 19 284 63 365 18 153 41 58 78 316 16 54 83 118 62 320 54 215 49 51 4 54 57
39 40 7997 362 33 283 40 73 7 140 57 362 62 50 70 74 62 115 16 379 65 280 100 270 63 323 61 232 76 192 89 39 37 277 73 372 46 324 57 237 84 168 8 252 45 144 57 354 64 312 41 314 62 324 57 277 13 363 21 205 82 364 41 319 14 362 55 281 25 208 57 173 2 203 35 287 96 211 3 177 90 315 12
40 40 5082 135 79 388 49 112 55 144 71 210 30 120 17 17 94 153 94 202 81 308 97 2 56 266 17 41 70 60 76 173 79 91 5 59 39 83 45 32 65 49 89 291 2 160 41 327 56 218 32 353 41 39 26 187 57 191 62 312 14 184 39 94 31 183 61 261 40 93 70 172 12 79 62 170 56 109 46 223 83 62 85
41 40 6139 382 1 249 96 181 8 33 88 103 59 27 91 161 68 228 81 185 13 316 29 121 41 38 14 381 3 34 65 77 52 277 91 347 77 289 33 127 16 45 92 13 46 279 88 292 22 137 49 164 65 93 28 266 69 189 64 273 72 299 18 132 43 263 26 195 39 142 96 98 28 384 29 189 32 316 64 28 40 321 48
42 40 5926 278 25 1 60 304 13 315 51 124 62 93 95 292 54 147 12 268 61 76 98 390 87 17 84 229 91 397 70 114 78 318 80 365 32 58 47 266 13 296 64 22 15 319 76 292 12 71 80 35 100 33 12 105 5 123 36 332 28 24 66 268 61 383 78 3 50 72 24 394 79 165 23 184 37 45 24 140 1 50 5
43 40 6605 11 26 15 7 314 61 376 58 114 100 20 40 346 31 232 44 266 49 170 60 96 77 386 71 124 5 49 29 319 81 372 70 244 68 329 75 63 81 312 32 87 24 207 55 65 21 202 5 260 69 101 55 108 25 14 58 82 17 311 32 302 40 381 100 176 98 278 9 366 77 130 39 344 92 343 73 78 5 264 96
44 40 7329 128 84 79 1 306 35 32 21 226 73 330 45 227 31 206 36 303 76 77 63 148 62 135 18 312 41 361 91 280 98 116 82 303 73 178 72 394 10 372 24 210 81 240 21 336 68 132 92 313 64 365 11 59 68 44 47 324 29 387 80 23 72 350 53 326 59 352 97 279 96 254 11 182 68 86 86 30 16 357 33
45 40 6373 393 92 30 94 174 71 239 9 263 64 257 54 202 11 204 87 288 50 349 44 43 58 347 51 347 95 236 30 151 53 327 54 71 77 223 58 293 81 182 74 62 6 307 81 99 51 2 69 307 17 271 5 13 84 364 96 103 5 67 1 331 9 185 42 251 74 63 84 11 75 360 59 80 26 258 28 183 43 31 54
46 40 6534 42 72 341 21 103 42 162 38 81 48 218 65 301 63 142 21 67 32 322 62 55 44 27 49 365 27 45 83 96 51 21 6 384 24 96 16 267 33 379 10 189 19 283 22 361 22 55 61 339 30 152 91 332 95 241 30 59 86 62 81 185 30 360 60 265 11 326 83 285 91 285 33 24 23 253 94 278 37 320 16
47 40 7352 358 88 214 9 240 49 314 85 59 57 300 66 173 45 354 21 385 41 75 16 320 87 184 85 294 60 189 68 300 97 32 45 170 20 228 14 89 95 163 55 158 61 372 29 280 30 283 98 354 28 349 44 349 93 4 1 376 40 130 62 380 97 339 24 253 63 76 67 309 81 297 98 59 40 151 100 151 72 80 51
48 40 6091 103 28 156 67 26 7 265 98 228 12 366 98 286 3 293 75 75 81 339 24 88 96 320 1 213 90 61 62 109 81 207 70 95 38 179 46 322 66 353 2 377 90 225 80 25 62 65 32 74 5 63 87 374 61 132 52 276 31 21 27 55 29 366 9 129 59 239 75 186 95 109 80 205 45 254 23 72 63 283 84
49 40 6653 189 60 266 5 308 8 384 84 238 23 67 67 169 32 64 97 170 44 399 54 165 4 106 24 40 29 314 78 88 76 183 58 399 31 139 79 373 82 148 50 235 28 358 2 351 81 326 41 372 61 294 18 34 53 151 91 224 69 353 54 191 92 42 77 280 79 19 60 319 19 110 78 105 28 207 75 101 91 36 61
50 40 6037 162 72 144 71 31 36 50 82 218 99 120 8 137 69 296 6 275 85 24 87 41 62 41 54 102 30 351 80 186 48 260 82 179 67 43 64 32 64 389 23 102 13 31 48 99 91 250 83 263 70 144 85 382 47 331 71 323 41 395 6 218 72 352 90 265 66 293 17 169 23 325 51 253 62 220 5 50 95 1 19
51 40 6239 348 74 321 30 9 92 341 30 246 38 62 40 248 2 200 44 244 38 300 44 290 19 251 95 328 27 229 98 278 26 400 38 214 46 19 93 49 51 73 10 198 35 22 81 313 83 48 86 180 17 258 77 248 98 160 73 111 48 272 62 334 40 375 24 92 15 150 33 158 49 19 56 216 81 149 76 14 92 32 8
52 40 5842 358 32 334 53 27 88 40 91 304 18 331 69 349 97 133 31 69 57 127 11 372 94 9 5 354 37 293 64 261 27 196 96 62 8 201 30 68 84 58 37 91 85 72 25 263 30 148 90 114 20 120 50 75 59 317 85 228 65 326 19 33 17 79 40 365 29 147 56 129 92 47 62 222 9 245 10 199 79 137 69
53 40 5864 142 45 53 86 38 7 111 71 308 13 362 87 104 46 36 52 137 29 170 30 164 33 336 38 197 12 133 66 278 5 143 78 159 13 27 78 360 93 362 14 27 17 247 86 56 56 202 36 249 12 226 92 344 65 146 76 320 52 145 89 34 98 381 22 21 75 28 11 38 56 379 12 116 36 163 94 259 26 329 24
54 40 6225 320 95 301 58 220 72 87 54 221 78 19 39 386 63 146 36 252 39 378 64 150 57 72 27 176 48 307 66 355 34 45 14 221 64 303 82 231 94 4 9 256 45 215 9 36 30 38 21 60 44 225 84 261 100 302 53 276 18 338 9 84 7 76 35 86 48 344 15 340 16 367 13 64 85 70 53 103 15 47 82
55 40 6403 71 43 110 9 323 38 163 24 155 26 254 92 31 30 315 71 223 98 232 27 333 15 273 12 324 62 36 38 286 79 399 38 184 56 25 43 81 26 86 59 324 87 361 48 242 19 311 32 313 78 257 8 227 63 37 44 2 7 32 48 67 13 321 61 179 89 28 87 84 3 171 61 254 17 352 62 305 11 233 52
56 40 6664 378 69 4 7 83 35 87 83 138 7 144 66 327 24 238 58 230 73 376 23 257 20 372 91 213 86 74 53 94 9 326 96 277 75 335 22 15 42 230 48 140 59 54 21 373 38 186 100 106 84 110 99 36 8 293 97 342 77 221 61 180 62 169 28 322 39 49 47 265 93 258 39 139 65 358 82 260 69 271 21
57 40 6084 219 11 135 71 100 27 394 21 185 10 132 48 54 40 54 38 234 76 145 79 258 94 123 87 273 37 158 97 389 58 203 13 30 86 387 46 252 12 97 28 3 18 341 85 105 69 368 14 187 29 40 93 299 6 377 10 54 10 211 99 261 66 15 18 130 36 34 35 162 92 317 32 392 93 154 2 192 41 142 73
58 40 6840 33 34 2 18 43 29 222 40 120 17 244 77 268 48 187 60 383 30 273 24 138 12 125 29 400 12 235 89 85 79 313 11 333 73 182 27 148 19 229 88 216 54 338 43 339 62 222 45 138 30 94 36 104 72 154 95 131 76 164 22 205 66 267 4 366 4 227 94 395 19 199 44 172 18 304 99 358 26 195 56
59 40 6404 389 5 165 25 27 75 106 33 337 25 209 97 204 33 316 88 153 100 207 82 68 99 41 54 84 71 163 73 182 13 161 99 396 88 167 63 327 45 174 16 279 61 377 21 122 95 394 98 207 15 24 2 68 19 389 21 213 89 130 54 308 58 126 68 305 47 138 82 20 5 274 48 247 27 220 40 56 47 233 2
60 40 6344 276 40 258 15 113 3 3 32 15 80 307 69 352 81 305 95 34 15 128 58 227 91 253 7 319 8 216 15 392 65 69 51 160 3 317 85 8 81 232 32 112 34 114 49 290 90 313 30 34 94 196 59 384 14 48 15 286 77 15 97 175 67 275 88 39 23 198 4 267 11 136 64 222 62 230 63 320 24 293 95
61 40 5866 103 60 303 49 15 3 335 81 22 31 184 35 141 40 159 31 263 72 12 46 206 10 281 80 21 12 229 92 209 6 81 99 212 60 380 38 271 28 316 26 33 66 368 32 79 98 273 62 174 2 349 87 289 4 96 46 209 48 46 98 343 69 158 67 39 81 342 6 81 78 321 37 98 74 70 7 95 60 127 55
62 40 6992 342 62 55 56 295 97 266 12 130 59 260 38 43 16 370 22 289 62 301 12 221 25 365 65 107 20 196 5 285 86 188 84 172 90 35 61 58 84 357 98 283 29 163 53 72 52 90 9 385 42 26 89 264 66 387 93 83 84 365 10 241 22 166 7 385 96 300 92 114 62 194 60 383 45 282 84 197 14 25 52
63 40 7140 237 84 397 100 50 33 130 10 384 45 327 87 335 24 193 87 88 85 192 69 209 56 304 3 302 48 123 5 88 46 81 49 37 62 231 36 159 86 179 68 202 65 361 50 238 92 187 44 53 56 277 33 262 51 207 96 381 87 382 76 398 29 373 97 396 20 25 17 265 6 204 41 12 41 15 93 243 89 398 15
64 40 6072 84 41 31 16 44 75 59 14 19 5 382 77 19 99 119 65 89 17 192 21 99 26 374 87 247 13 298 41 42 8 32 92 394 16 119 59 129 12 30 93 253 6 115 9 92 100 73 61 357 7 168 90 271 47 385 24 324 55 199 94 275 77 288 83 116 92 368 5 386 51 199 85 131 79 357 39 107 37 325 15
65 40 6755 163 36 202 28 7 66 38 39 303 36 344 57 386 49 65 75 191 10 180 49 5 2 265 5 395 52 95 40 218 86 377 28 245 80 260 32 108 96 196 12 137 16 355 93 217 69 62 91 220 63 282 9 122 83 272 49 170 98 149 53 108 81 380 36 363 11 307 6 173 31 221 3 63 71 308 40 196 83 296 100
66 40 5851 23 70 21 1 156 9 133 78 248 63 364 70 64 60 335 5 387 3 9 65 210 32 232 74 273 24 81 97 58 37 358 76 216 91 111 12 230 30 341 4 129 41 107 17 74 48 148 11 92 87 381 27 136 71 1 94 5 52 112 79 217 13 30 55 75 27 379 53 81 70 361 80 376 15 33 70 390 39 337 97
67 40 6280 252 84 62 98 81 16 117 39 328 42 12 33 45 72 71 28 306 45 157 19 92 100 154 54 289 25 361 41 269 94 97 51 231 24 373 5 188 66 18 57 358 3 213 38 161 76 285 65 213 42 326 69 188 96 45 5 57 79 59 46 147 76 358 43 251 22 187 60 337 77 106 40 287 16 310 78 201 28 258 17
68 40 5906 249 52 131 73 337 81 387 67 12 19 32 54 222 59 80 21 148 15 349 69 44 18 379 50 329 100 274 13 253 72 69 11 118 91 165 7 248 11 212 75 298 89 158 60 111 18 307 86 308 100 56 78 248 4 135 52 224 53 21 16 388 18 133 24 130 34 214 95 45 38 9 9 57 51 153 30 292 15 58 71
69 40 7044 367 7 197 11 250 49 60 37 237 77 273 11 392 37 264 53 32 93 226 25 329 40 334 54 128 13 343 100 261 53 121 38 200 45 343 24 236 51 365 63 81 4 17 77 249 65 35 75 188 1 46 76 330 100 197 100 300 1 213 87 56 15 144 18 72 39 52 36 232 83 372 60 368 49 271 25 397 97 228 82
70 40 6740 231 49 302 16 211 60 289 80 136 14 261 91 173 83 354 96 321 27 197 8 121 20 83 58 335 5 210 61 355 38 356 64 351 15 77 74 72 79 26 52 109 85 28 2 23 19 270 76 146 38 156 50 200 62 201 39 210 27 392 30 89 40 386 37 99 83 376 50 349 14 185 96 131 42 78 73 353 52 183 36
71 40 5504 246 72 58 19 133 44 275 16 180 40 115 90 206 77 176 32 93 92 25 2 102 96 310 26 174 97 231 5 359 29 65 84 259 59 200 62 221 68 172 26 398 26 310 48 139 81 80 24 95 69 31 14 156 19 147 52 59 3 255 18 311 57 117 42 137 50 196 91 42 17 339 24 94 55 91 14 239 56 44 21
72 40 6838 182 43 265 14 29 99 352 47 146 59 132 71 99 33 296 26 252 35 297 87 84 71 383 80 318 68 67 41 217 9 293 8 287 50 142 46 313 5 400 12 177 13 37 64 336 28 215 96 283 98 22 73 377 2 254 79 273 98 229 10 257 92 152 56 74 84 241 78 275 17 66 11 142 19 24 71 321 85 239 97
73 40 5961 123 78 262 87 338 29 200 77 125 61 174 41 377 72 324 3 102 47 255 30 217 32 125 49 89 81 371 85 396 33 341 53 20 74 50 66 225 83 222 3 124 23 83 93 26 60 8 4 230 100 127 41 185 83 68 47 371 97 231 39 74 35 27 68 112 45 37 44 355 12 250 16 137 2 300 93 123 17 248 27
74 40 6352 198 92 203 95 109 57 379 55 390 41 331 17 340 14 139 84 91 46 157 46 203 87 285 53 214 95 196 32 119 44 40 80 38 21 229 27 131 70 109 17 240 38 324 94 223 1 12 60 16 60 276 99 45 74 263 30 395 57 200 48 63 71 392 33 294 16 112 6 267 58 228 60 199 3 56 6 214 90 220 38
75 40 5384 283 54 35 82 258 18 314 36 380 12 147 9 67 69 31 18 371 72 77 93 66 62 57 22 187 45 125 100 301 54 69 7 26 94 327 29 20 9 231 57 95 43 21 33 321 100 106 37 16 13 274 49 14 59 136 59 1 24 306 48 48 99 28 7 106 11 237 21 296 16 348 50 118 77 378 78 348 79 162 46
76 40 5998 196 42 383 80 46 15 274 42 12 58 231 39 28 66 253 70 206 29 260 95 143 62 120 49 311 50 100 10 342 39 19 21 343 88 59 62 153 82 17 73 268 16 37 4 316 10 71 26 379 27 192 36 74 95 391 31 71 78 331 27 284 22 38 81 357 84 232 74 37 82 46 23 175 41 169 90 380 33 154 90
77 40 6486 82 76 191 50 57 27 256 23 183 46 134 90 263 4 306 57 170 95 16 66 350 6 214 52 184 24 326 5 309 92 362 21 217 80 266 92 208 23 301 9 166 94 278 90 260 42 32 8 303 97 22 85 201 88 185 90 228 55 245 85 203 64 69 35 224 44 232 20 65 1 161 44 264 88 86 2 156 49 333 99
78 40 5896 207 50 322 38 84 45 209 11 199 30 31 70 268 17 108 64 56 91 196 13 231 70 368 36 96 68 108 44 302 58 17 46 73 1 275 14 62 21 200 58 41 64 201 73 306 33 332 97 268 19 304 99 51 4 255 94 217 44 69 72 396 25 333 81 40 64 96 24 385 46 103 63 161 67 66 18 321 22 13 45
79 40 5858 292 55 138 28 192 84 9 39 63 33 321 60 112 14 259 12 1 45 308 88 218 28 400 2 222 4 67 29 207 38 351 7 359 58 242 92 226 61 148 37 34 7 284 19 177 67 34 87 100 80 198 72 179 95 97 75 205 52 372 1 139 46 276 77 271 4 341 59 223 100 150 35 68 87 15 5 24 11 1 90
80 40 5510 72 65 5 90 85 16 206 51 78 61 87 56 63 44 28 58 95 36 388 97 278 80 137 98 121 70 333 15 6 35 208 37 254 23 68 82 335 96 268 5 341 1 13 94 113 18 377 44 197 10 136 12 304 46 219 20 140 5 190 11 108 8 92 98 119 49 54 32 248 98 345 44 231 98 16 74 381 29 149 23
81 40 6819 70 60 107 90 30 78 111 41 79 61 328 28 386 18 166 2 337 56 193 49 245 90 148 89 141 88 192 53 53 7 299 32 265 83 324 53 27 100 377 28 399 4 361 62 346 20 103 53 70 87 378 51 260 47 313 46 274 57 347 15 146 31 185 23 389 26 198 1 299 79 143 90 56 77 131 68 99 77 149 54
82 40 7039 339 14 62 53 351 83 255 16 106 90 152 35 387 72 203 48 226 36 193 53 167 73 361 76 14 98 281 31 57 27 45 38 370 71 284 90 214 61 166 16 12 41 186 83 317 57 201 31 265 90 338 48 95 56 359 21 163 60 158 97 283 77 349 52 39 85 313 11 101 84 368 69 317 34 303 9 24 47 375 97
83 40 5760 236 78 82 94 94 89 144 73 227 100 152 20 338 20 56 82 275 81 340 14 5 28 186 51 251 89 85 53 230 14 172 27 15 100 197 72 373 94 307 40 261 8 39 43 42 23 19 25 280 69 245 29 254 72 48 58 282 58 9 12 124 98 138 85 320 10 187 4 188 75 316 27 142 72 400 81 59 20 83 54
84 40 6491 48 40 327 28 1 8 328 96 255 67 130 92 316 34 2 24 109 31 343 6 152 24 162 80 294 22 230 80 377 16 6 48 139 20 80 6 107 3 263 71 370 14 56 24 306 3 386 98 258 14 177 30 181 82 276 6 203 72 327 28 2 42 211 10 341 67 175 76 93 87 154 100 352 47 39 66 369 41 169 93
85 40 6694 256 33 202 23 158 60 266 17 287 45 3 12 186 45 352 72 18 15 173 22 152 57 276 73 41 31 310 94 394 50 395 62 274 31 189 7 360 67 34 62 332 73 152 93 107 23 383 63 5 100 180 72 102 12 371 54 291 98 30 83 192 39 284 64 72 85 368 2 347 82 194 51 349 9 155 6 47 72 81 99
86 40 6700 30 47 309 80 269 92 106 8 268 32 66 40 310 63 99 7 309 84 215 17 184 17 9 28 323 63 234 33 107 31 382 20 285 100 327 16 98 28 253 37 39 85 378 10 346 69 138 78 63 96 329 60 367 91 138 36 94 67 21 90 388 49 164 62 289 45 123 71 308 14 53 57 24 45 255 63 356 52 319 51
87 40 5806 222 69 100 33 316 32 28 85 349 22 207 78 220 90 74 85 214 24 360 67 218 59 198 85 52 76 65 57 11 46 204 15 70 94 91 52 210 86 129 89 23 40 393 68 368 13 43 2 234 3 265 39 353 2 43 97 126 24 76 92 298 29 219 34 140 39 269 25 166 74 328 6 146 81 62 89 104 17 264 81
88 40 6652 66 10 316 20 303 23 111 25 341 94 225 79 319 61 28 26 252 3 90 79 151 22 365 63 46 34 149 91 166 57 68 46 2 85 33 45 306 71 79 61 14 91 281 65 119 98 358 89 243 18 392 86 243 56 238 57 256 53 270 7 279 56 141 33 400 3 136 40 221 61 285 92 383 21 340 20 127 25 174 94
89 40 5929 7 7 164 7 254 34 147 21 292 22 225 56 64 19 65 72 115 25 101 18 226 20 57 8 9 93 313 54 49 95 55 89 172 77 75 21 279 62 298 14 43 95 79 12 29 10 338 15 335 91 219 33 309 32 313 93 229 65 258 62 340 54 283 62 226 20 121 3 77 19 215 42 366 89 378 44 226 7 61 12
90 40 6345 130 100 61 33 161 99 134 75 61 54 221 83 264 73 111 53 394 66 92 84 264 22 384 2 396 63 51 2 243 90 357 21 5 89 290 35 113 80 264 17 27 19 370 96 272 12 113 11 246 25 82 70 155 78 399 94 143 42 149 60 33 52 175 76 347 71 302 75 287 35 141 1 386 2 99 41 165 33 45 77
91 40 5168 345 22 181 19 35 35 158 3 136 28 52 54 178 94 191 98 134 37 318 86 396 5 319 9 234 86 89 1 71 1 117 40 88 38 53 70 231 81 172 83 200 26 60 8 30 85 256 100 111 28 192 92 269 49 37 7 9 37 299 49 219 15 376 70 208 14 25 12 97 38 256 89 152 84 34 84 7 18 125 63
92 40 6099 218 95 121 53 396 79 336 15 36 13 81 77 202 60 50 49 34 90 60 20 254 49 251 76 360 46 274 89 138 25 246 21 350 63 242 82 122 3 140 78 229 85 268 19 17 79 189 22 56 28 254 1 40 76 52 26 112 90 244 45 399 77 379 42 11 33 280 18 149 39 383 52 204 90 85 61 79 44 283 70
93 40 5688 366 54 18 74 24 28 310 45 250 61 210 78 131 93 119 7 207 82 32 36 31 39 124 47 29 16 166 62 345 56 185 76 151 74 209 98 62 17 189 50 150 18 165 37 175 47 176 19 261 5 94 15 59 21 110 68 343 98 231 22 233 38 40 90 258 51 391 13 244 67 17 58 213 60 389 97 300 8 104 66
94 40 5224 322 25 394 50 38 8 50 7 133 29 372 24 178 93 345 38 341 47 28 12 38 25 216 42 168 67 42 69 273 39 121 44 306 79 202 28 358 98 117 75 158 8 165 96 241 7 40 91 20 16 93 59 11 33 11 48 14 81 65 53 78 99 18 51 335 95 211 46 310 6 197 91 51 83 147 94 8 89 315 98
95 40 6559 290 27 368 2 280 26 147 97 394 8 253 70 170 91 211 27 56 2 178 77 181 98 328 22 302 21 222 28 219 86 25 28 374 72 332 42 137 78 59 86 281 21 150 32 81 37 145 60 88 77 32 60 102 26 201 87 290 90 327 37 184 82 109 53 215 56 321 11 342 7 111 38 177 91 35 72 282 65 200 64
96 40 5236 165 22 305 92 82 83 75 13 94 67 121 91 199 61 5 79 127 72 71 8 68 87 179 80 228 77 105 56 197 34 182 41 367 67 30 88 279 30 339 1 136 68 36 50 102 26 187 2 328 94 49 59 71 88 334 60 283 100 63 63 259 12 57 35 103 19 128 78 208 14 29 35 258 15 159 59 224 84 313 15
97 40 6508 214 44 180 90 370 32 31 66 209 94 175 21 320 44 268 100 246 60 222 15 215 84 208 78 387 44 16 62 70 43 218 60 143 22 99 50 240 84 231 19 198 73 34 85 292 27 49 14 264 21 374 10 82 31 25 8 267 30 316 4 15 39 128 51 297 18 303 72 234 2 246 7 166 6 376 45 255 77 153 25
98 40 6580 344 52 298 32 161 23 161 82 215 45 334 82 145 78 278 44 88 83 260 71 93 29 193 74 211 27 309 96 153 14 179 48 310 97 82 83 303 84 197 64 199 37 337 88 236 38 367 55 25 60 294 50 227 71 31 41 202 84 338 10 345 36 62 65 15 96 198 61 301 12 79 38 11 73 21 13 373 80 251 96
99 40 5815 112 70 83 90 89 38 235 61 221 47 73 34 57 25 6 47 134 21 15 31 368 14 149 61 70 11 393 53 174 99 90 46 160 42 86 83 165 58 32 8 107 42 111 26 237 79 216 7 361 38 363 25 343 26 368 91 212 73 352 97 169 8 248 53 234 31 234 89 258 8 188 80 70 43 58 47 245 97 183 13
100 40 6483 310 17 178 54 340 14 90 1 82 29 150 40 120 72 270 37 368 69 47 100 122 23 159 58 147 83 344 23 257 38 67 61 189 47 83 29 387 15 146 99 65 94 354 51 330 47 282 36 299 52 182 82 245 12 104 1 195 81 203 62 277 81 323 24 234 69 170 63 48 31 195 84 38 35 312 16 223 94 169 89
