2.8371810913085938e-05
2.3603439331054688e-05
2.3365020751953125e-05
4.172325134277344e-05
3.5762786865234375e-05
2.2411346435546875e-05
2.193450927734375e-05
2.2172927856445312e-05
2.2649765014648438e-05
2.193450927734375e-05
2.2411346435546875e-05
2.2411346435546875e-05
2.2172927856445312e-05
2.2172927856445312e-05
2.2411346435546875e-05
2.2411346435546875e-05
2.2411346435546875e-05
2.2172927856445312e-05
2.2172927856445312e-05
2.2172927856445312e-05
2.2411346435546875e-05
2.193450927734375e-05
2.2172927856445312e-05
2.2411346435546875e-05
2.2172927856445312e-05
2.2172927856445312e-05
2.2172927856445312e-05
2.2411346435546875e-05
2.2172927856445312e-05
2.2172927856445312e-05
2.3365020751953125e-05
2.3365020751953125e-05
3.504753112792969e-05
2.1696090698242188e-05
2.193450927734375e-05
2.193450927734375e-05
2.2172927856445312e-05
2.2172927856445312e-05
2.193450927734375e-05
2.193450927734375e-05
2.2411346435546875e-05
2.2411346435546875e-05
6.866455078125e-05
3.647804260253906e-05
2.193450927734375e-05
2.193450927734375e-05
2.193450927734375e-05
2.1696090698242188e-05
2.2172927856445312e-05
2.193450927734375e-05
2.2411346435546875e-05
2.1696090698242188e-05
2.1696090698242188e-05
2.193450927734375e-05
2.2172927856445312e-05
2.3603439331054688e-05
3.528594970703125e-05
2.193450927734375e-05
2.1696090698242188e-05
2.2172927856445312e-05
2.1696090698242188e-05
2.193450927734375e-05
2.193450927734375e-05
2.2172927856445312e-05
2.1457672119140625e-05
2.193450927734375e-05
2.193450927734375e-05
2.2411346435546875e-05
2.2411346435546875e-05
2.193450927734375e-05
2.2172927856445312e-05
2.2172927856445312e-05
2.2411346435546875e-05
2.2172927856445312e-05
2.2411346435546875e-05
2.2172927856445312e-05
2.193450927734375e-05
2.2649765014648438e-05
2.2172927856445312e-05
2.2172927856445312e-05
2.2411346435546875e-05
2.2411346435546875e-05
2.3365020751953125e-05
2.2411346435546875e-05
2.2172927856445312e-05
2.2172927856445312e-05
2.2172927856445312e-05
2.2172927856445312e-05
2.193450927734375e-05
2.2172927856445312e-05
2.2172927856445312e-05
2.193450927734375e-05
2.1696090698242188e-05
2.2172927856445312e-05
2.2172927856445312e-05
2.2172927856445312e-05
2.2172927856445312e-05
2.2172927856445312e-05
2.193450927734375e-05
2.1696090698242188e-05