3.24249267578125e-05
2.8133392333984375e-05
2.6941299438476562e-05
2.6941299438476562e-05
2.5987625122070312e-05
2.6464462280273438e-05
2.6941299438476562e-05
2.6464462280273438e-05
2.6226043701171875e-05
2.5987625122070312e-05
2.6226043701171875e-05
2.574920654296875e-05
2.5510787963867188e-05
2.574920654296875e-05
2.6226043701171875e-05
2.6226043701171875e-05
2.6226043701171875e-05
2.5987625122070312e-05
2.574920654296875e-05
4.482269287109375e-05
3.886222839355469e-05
2.5987625122070312e-05
2.5987625122070312e-05
2.5987625122070312e-05
2.6464462280273438e-05
2.5510787963867188e-05
2.5987625122070312e-05
2.574920654296875e-05
2.6226043701171875e-05
2.5987625122070312e-05
2.5987625122070312e-05
2.5987625122070312e-05
2.574920654296875e-05
2.5987625122070312e-05
2.6464462280273438e-05
2.574920654296875e-05
2.574920654296875e-05
2.5987625122070312e-05
2.5987625122070312e-05
2.5987625122070312e-05
2.574920654296875e-05
2.574920654296875e-05
4.410743713378906e-05
3.8623809814453125e-05
2.5987625122070312e-05
2.574920654296875e-05
2.5987625122070312e-05
2.574920654296875e-05
2.5987625122070312e-05
2.5987625122070312e-05
2.6464462280273438e-05
2.5987625122070312e-05
2.5510787963867188e-05
2.5510787963867188e-05
2.6226043701171875e-05
2.5987625122070312e-05
2.5510787963867188e-05
2.574920654296875e-05
2.6226043701171875e-05
2.5510787963867188e-05
2.5510787963867188e-05
2.574920654296875e-05
2.5987625122070312e-05
2.574920654296875e-05
2.574920654296875e-05
2.574920654296875e-05
2.765655517578125e-05
2.6226043701171875e-05
2.5987625122070312e-05
2.5987625122070312e-05
2.574920654296875e-05
2.574920654296875e-05
2.574920654296875e-05
2.5510787963867188e-05
2.574920654296875e-05
2.574920654296875e-05
6.008148193359375e-05
4.076957702636719e-05
2.6464462280273438e-05
2.5987625122070312e-05
2.574920654296875e-05
2.6226043701171875e-05
2.6464462280273438e-05
2.6226043701171875e-05
2.5987625122070312e-05
2.574920654296875e-05
2.5272369384765625e-05
4.57763671875e-05
2.5987625122070312e-05
2.5987625122070312e-05
2.5510787963867188e-05
2.5510787963867188e-05
2.574920654296875e-05
2.5987625122070312e-05
2.5987625122070312e-05
2.5510787963867188e-05
2.574920654296875e-05
2.574920654296875e-05
2.6226043701171875e-05
2.5987625122070312e-05