6.556510925292969e-05
3.647804260253906e-05
3.123283386230469e-05
3.0279159545898438e-05
4.363059997558594e-05
4.863739013671875e-05
3.1948089599609375e-05
3.0040740966796875e-05
3.0040740966796875e-05
2.9802322387695312e-05
3.0040740966796875e-05
2.956390380859375e-05
2.9802322387695312e-05
2.956390380859375e-05
2.9325485229492188e-05
2.9802322387695312e-05
2.9802322387695312e-05
3.0040740966796875e-05
2.9802322387695312e-05
2.956390380859375e-05
3.0040740966796875e-05
3.0279159545898438e-05
2.9802322387695312e-05
2.9802322387695312e-05
3.0279159545898438e-05
3.1948089599609375e-05
2.956390380859375e-05
3.0040740966796875e-05
3.0040740966796875e-05
3.0040740966796875e-05
2.9802322387695312e-05
2.956390380859375e-05
2.956390380859375e-05
3.0517578125e-05
3.0279159545898438e-05
3.0040740966796875e-05
2.956390380859375e-05
2.956390380859375e-05
2.956390380859375e-05
2.956390380859375e-05
2.9802322387695312e-05
3.1948089599609375e-05
4.601478576660156e-05
3.314018249511719e-05
4.410743713378906e-05
2.9325485229492188e-05
2.9325485229492188e-05
3.0040740966796875e-05
3.0040740966796875e-05
2.9802322387695312e-05
2.9802322387695312e-05
3.0040740966796875e-05
2.9802322387695312e-05
3.0040740966796875e-05
2.9802322387695312e-05
2.9802322387695312e-05
3.0040740966796875e-05
2.9802322387695312e-05
2.9325485229492188e-05
3.0040740966796875e-05
2.9802322387695312e-05
2.956390380859375e-05
3.0040740966796875e-05
3.0040740966796875e-05
6.246566772460938e-05
3.147125244140625e-05
2.9325485229492188e-05
2.9087066650390625e-05
2.9802322387695312e-05
2.9802322387695312e-05
3.0040740966796875e-05
5.91278076171875e-05
3.0040740966796875e-05
2.9325485229492188e-05
2.9802322387695312e-05
2.9802322387695312e-05
2.956390380859375e-05
2.9802322387695312e-05
2.956390380859375e-05
2.9325485229492188e-05
2.956390380859375e-05
4.8160552978515625e-05
5.030632019042969e-05
6.794929504394531e-05
6.723403930664062e-05
4.6253204345703125e-05
3.1948089599609375e-05
3.170967102050781e-05
4.6253204345703125e-05
3.266334533691406e-05
2.956390380859375e-05
3.0040740966796875e-05
2.9802322387695312e-05
2.956390380859375e-05
2.9802322387695312e-05
2.9802322387695312e-05
3.147125244140625e-05
3.170967102050781e-05
3.147125244140625e-05
3.170967102050781e-05