1 27 4594 429 86 275 19 203 55 371 148 208 301 380 284 73 135 50 309 12 15 456 388 227 330 266 100 258 45 300 45 101 253 352 16 241 65 165 286 227 95 181 83 32 417 86 177 354 371 236 99 163 149 74 472 23 294
2 27 4300 233 100 287 34 328 135 176 354 150 43 20 304 129 391 125 154 147 23 277 76 432 347 111 434 140 166 402 175 48 88 117 165 432 286 348 409 131 475 168 161 10 398 391 322 305 467 249 464 37 219 165 472 18 101
3 27 5007 100 387 135 420 387 242 114 443 114 48 68 205 224 130 295 314 367 444 105 303 468 238 222 317 155 436 301 66 134 293 469 474 368 319 274 398 359 338 178 460 385 323 62 28 171 288 212 329 380 57 201 432 11 321
4 27 5537 208 349 88 188 286 141 76 290 34 495 148 259 302 485 11 496 63 212 408 113 351 112 297 472 341 459 71 40 350 351 452 355 245 413 311 270 80 463 324 34 97 280 335 267 389 316 422 265 357 395 459 393 417 401
5 27 5611 465 26 96 201 267 429 78 495 145 407 193 128 382 149 298 464 56 335 252 87 470 192 426 255 98 163 252 395 281 401 308 44 364 222 6 287 446 302 300 440 190 250 379 165 327 455 353 497 331 49 217 160 34 71
6 27 4592 75 145 92 29 484 488 344 300 493 96 128 448 1 3 107 449 311 105 185 482 323 4 335 387 343 491 73 104 37 245 465 267 148 420 222 34 19 60 114 76 185 438 265 139 83 251 390 383 136 71 178 487 205 88
7 27 4788 277 442 174 237 203 241 172 337 117 82 22 114 376 86 264 210 418 60 248 146 396 456 286 384 320 461 152 448 101 449 106 204 451 348 139 75 133 268 62 480 102 376 102 433 35 458 342 356 473 470 33 298 481 167
8 27 4267 343 434 384 149 107 99 172 391 38 197 383 46 295 30 106 208 23 282 11 377 430 215 364 435 104 257 268 150 132 272 17 307 484 432 213 67 65 231 54 101 410 10 143 315 254 226 240 137 38 59 117 17 139 263
9 27 4854 111 22 12 256 47 71 190 253 318 466 342 297 413 375 323 108 238 20 66 425 91 369 84 71 109 253 370 160 272 258 59 18 319 33 122 473 95 118 370 65 168 453 387 29 310 236 313 253 268 215 250 10 421 440
10 27 5360 467 59 370 434 93 286 52 61 439 123 231 166 346 140 157 79 64 495 201 326 236 78 287 367 371 458 95 186 203 41 329 344 285 12 373 379 322 388 154 354 16 59 367 47 460 287 5 470 177 5 243 450 357 229
11 27 5746 463 310 360 435 144 382 489 361 207 204 212 384 434 158 445 312 308 466 163 67 47 61 253 386 13 247 433 298 482 374 382 266 87 341 225 467 352 483 302 101 2 191 81 165 261 271 16 276 357 10 231 396 434 224
12 27 5276 15 419 460 321 333 410 87 395 275 185 120 224 306 399 392 471 118 83 373 466 272 268 251 378 492 145 183 360 271 199 9 229 211 90 109 462 419 417 164 210 354 248 402 395 141 150 172 45 51 175 330 220 286 353
13 27 4310 25 27 44 369 259 473 236 39 37 151 43 56 81 201 81 333 274 254 83 483 438 87 241 337 212 111 133 432 234 457 149 173 422 241 288 75 287 461 437 167 115 179 240 287 352 348 343 313 27 195 35 428 272 136
14 27 4502 257 254 318 37 13 339 179 368 99 278 209 180 266 238 17 211 202 94 193 496 430 428 388 58 139 403 178 186 4 338 243 377 198 1 422 18 223 413 172 173 340 299 1 3 125 390 389 201 41 392 190 269 392 317
15 27 4888 208 13 178 94 45 90 123 23 349 488 166 257 302 45 82 392 377 100 121 353 97 312 410 127 315 484 2 158 61 279 390 77 407 341 53 26 325 453 328 343 265 425 261 258 460 379 136 27 115 158 303 255 232 4
16 27 4993 316 183 167 417 288 129 6 362 269 398 146 105 163 94 235 319 438 259 89 287 179 293 348 400 144 163 162 489 16 459 43 180 267 104 362 487 490 335 312 228 407 40 402 318 29 110 149 67 238 323 130 120 447 274
17 27 4372 174 245 378 115 64 352 254 375 35 284 235 303 492 85 101 208 449 178 14 488 22 78 19 245 95 35 32 315 126 116 231 211 180 206 100 313 20 21 427 480 140 135 179 214 318 30 295 262 301 146 373 353 411 434
18 27 5644 480 103 422 425 61 346 317 470 305 459 245 250 106 19 409 199 257 43 402 169 59 138 34 1 224 164 138 274 96 204 224 107 435 25 371 338 411 259 10 187 425 344 311 319 432 356 334 316 134 106 142 491 272 29
19 27 4808 140 128 176 126 293 279 302 8 368 440 25 101 183 152 11 193 221 108 400 285 228 214 113 185 68 25 255 190 209 6 310 23 264 58 299 291 44 239 276 106 326 468 330 90 277 407 47 471 392 386 149 449 304 308
20 27 5295 459 245 203 66 400 90 81 193 425 359 232 462 275 166 40 107 373 499 148 438 87 184 401 432 420 166 268 304 99 300 177 25 119 425 288 184 336 4 174 171 89 326 343 170 356 317 93 224 303 399 231 295 199 141
21 27 4585 361 449 439 189 105 305 181 248 48 185 144 389 88 163 279 169 338 486 291 332 316 277 193 363 49 374 88 134 68 31 19 3 361 452 250 50 37 160 478 496 283 319 212 26 193 289 222 422 496 333 187 75 6 380
22 27 5581 354 92 447 422 170 48 22 271 66 447 202 93 318 42 460 161 188 225 411 258 43 151 236 91 264 36 142 109 234 26 158 401 234 275 420 204 169 356 473 73 286 440 377 63 76 174 417 400 232 480 177 337 401 433
23 27 4656 354 496 392 294 321 406 350 129 302 468 132 60 372 19 81 355 147 313 293 173 297 477 219 417 96 117 380 241 75 147 102 465 401 100 181 278 134 171 361 231 170 412 79 221 167 215 208 130 10 165 80 283 117 282
24 27 5181 320 275 86 228 322 191 218 292 440 437 61 467 145 408 496 72 228 388 208 158 288 407 163 71 398 81 146 386 62 137 129 341 268 252 321 194 304 398 442 429 228 378 261 75 435 360 153 29 56 19 163 44 136 473
25 27 7140 431 279 243 196 171 125 216 182 332 212 335 430 202 345 438 398 345 359 408 442 454 309 428 148 377 493 77 101 454 33 343 326 336 311 302 88 414 439 423 143 334 334 166 253 426 251 363 194 253 76 320 429 334 498
26 27 4964 87 371 254 459 491 406 119 188 146 293 144 109 352 1 319 427 146 189 319 272 14 88 177 453 33 250 432 111 273 172 440 159 3 358 291 146 187 249 57 376 211 82 339 337 53 51 440 452 5 261 489 179 385 123
27 27 5637 382 387 79 328 262 452 72 108 119 216 398 244 430 482 284 371 151 235 266 92 346 444 182 325 299 359 182 161 39 213 356 20 349 379 362 45 10 390 421 28 123 385 311 239 288 429 370 368 179 187 368 430 419 473
28 27 4741 385 390 486 63 440 173 27 495 97 223 2 120 233 354 180 39 168 21 22 91 240 440 207 426 11 431 120 129 92 89 390 123 313 223 221 133 291 324 198 281 363 446 185 386 491 243 130 211 154 453 171 325 310 92
29 27 5063 133 73 278 254 39 156 160 232 438 299 401 180 62 112 265 447 205 6 227 79 263 273 332 145 440 77 205 51 321 62 85 116 250 167 283 78 348 405 77 419 257 62 452 217 170 138 289 17 163 458 50 180 136 409
30 27 3864 105 408 37 216 427 442 486 48 439 117 162 467 100 487 42 82 316 398 184 457 186 374 115 33 2 383 276 338 204 133 72 69 122 472 6 71 300 176 193 235 4 450 261 165 305 361 121 392 250 51 100 66 15 148
31 27 5408 203 433 370 480 259 136 263 454 259 312 418 50 97 75 191 399 434 437 455 133 395 499 46 33 472 413 63 425 40 42 341 186 127 23 170 478 93 134 488 446 188 98 222 270 240 3 142 244 325 206 304 119 156 323
32 27 4576 331 116 375 334 69 292 327 211 11 25 129 485 20 352 296 100 245 68 473 117 360 4 15 396 24 212 351 360 166 417 172 78 311 475 166 73 356 254 48 319 464 227 29 324 73 226 258 298 318 268 30 336 304 382
33 27 5426 266 121 304 138 426 20 359 58 227 79 69 251 380 203 258 489 124 429 384 393 96 105 396 407 394 227 63 467 317 468 291 471 148 20 203 354 412 202 107 67 89 308 101 269 257 20 434 245 48 354 304 34 326 452
34 27 4325 408 144 177 498 164 404 198 380 453 347 139 230 96 296 82 40 186 180 216 319 111 393 194 283 155 453 397 408 46 399 228 124 241 216 327 477 237 222 55 59 133 391 16 140 226 355 239 150 419 466 248 385 16 279
35 27 5929 418 348 285 113 479 192 397 40 177 442 138 200 300 280 228 441 300 130 268 239 193 67 271 117 346 301 174 116 151 58 402 212 222 230 222 77 78 478 21 40 372 34 48 338 216 231 359 201 453 476 489 324 405 346
36 27 4168 68 362 339 80 485 349 65 109 330 205 179 139 169 237 183 356 127 164 288 126 258 177 23 139 22 236 341 320 466 401 263 347 377 300 121 393 248 308 137 184 196 490 14 21 81 453 5 143 114 400 45 72 266 65
37 27 5511 183 71 103 365 444 396 460 132 479 180 86 30 172 304 23 4 254 120 8 206 389 184 444 175 499 22 127 130 482 392 212 500 476 433 348 217 168 213 204 383 19 154 477 144 102 464 152 339 90 78 96 160 392 259
38 27 4836 420 252 156 275 366 17 215 82 112 377 3 488 154 458 118 192 71 429 136 25 362 419 402 383 329 102 218 412 277 154 244 379 121 311 316 168 50 487 122 223 383 401 202 420 164 460 110 456 446 340 446 404 102 357
39 27 3371 240 292 61 348 22 52 273 108 72 80 54 43 10 38 32 351 202 329 182 269 248 255 70 249 64 53 215 254 67 295 355 265 92 89 119 289 135 228 133 30 118 124 246 342 117 339 477 416 46 128 477 3 87 231
40 27 5347 188 79 82 374 51 100 372 139 273 39 234 52 141 104 373 202 313 238 229 376 189 101 418 403 192 218 467 457 370 415 381 27 381 80 167 474 454 92 148 451 395 303 77 190 48 474 199 74 71 401 270 450 201 54
41 27 4280 88 451 145 30 386 469 153 400 53 267 458 242 108 73 218 327 285 442 296 76 101 230 77 298 265 374 16 221 288 285 431 471 297 197 357 148 59 436 36 2 31 162 20 118 185 95 167 405 427 189 3 360 401 455
42 27 5030 364 332 468 331 12 58 43 357 126 401 78 110 24 5 425 136 96 350 382 224 273 326 60 471 51 400 420 92 477 435 34 164 245 152 475 68 458 294 202 232 30 400 245 318 388 311 148 244 265 333 82 115 417 211
43 27 4818 289 499 235 17 369 50 115 379 272 499 349 391 34 185 254 136 54 439 98 201 36 367 415 263 221 441 234 460 151 23 202 91 370 259 127 451 457 445 299 180 150 177 352 171 159 26 157 30 70 307 450 128 104 237
44 27 4496 92 334 448 39 387 64 462 124 48 411 173 180 77 231 88 404 474 360 61 331 171 84 290 406 250 306 226 63 26 95 134 146 75 307 311 198 191 250 284 186 126 362 409 474 91 286 13 126 1 267 273 462 440 91
45 27 4750 254 27 98 412 277 322 118 490 301 138 265 309 83 469 384 74 314 198 258 278 231 186 122 460 461 56 54 417 236 437 121 413 159 483 335 86 217 51 37 11 320 319 175 244 21 38 249 84 85 184 411 328 352 448
46 27 5390 403 249 407 396 77 324 94 41 417 197 45 183 221 459 443 278 457 49 252 171 158 177 279 427 453 139 147 63 49 129 275 259 330 213 351 161 81 246 443 330 154 178 115 65 51 452 431 84 193 70 222 180 190 283
47 27 5287 71 183 122 257 25 26 129 55 453 474 445 179 177 411 383 400 30 290 226 109 232 389 477 483 189 180 186 472 183 285 411 219 265 326 57 56 435 317 122 289 34 43 181 268 456 148 453 75 285 418 124 345 458 34
48 27 5545 326 239 72 425 437 425 414 129 428 407 393 213 364 403 311 119 308 317 41 149 108 278 13 132 85 341 193 189 143 498 311 280 470 101 372 291 96 451 263 94 112 391 115 40 217 46 284 32 461 84 199 444 396 213
49 27 4712 183 439 191 52 210 263 28 5 466 173 329 180 175 118 203 287 386 96 36 266 72 265 384 408 22 373 82 19 291 237 326 67 313 500 456 366 19 383 225 225 194 137 98 61 270 463 179 173 179 410 177 338 396 273
50 27 5159 332 125 397 48 336 68 301 187 209 181 108 467 160 198 17 290 248 38 73 226 186 121 362 89 75 131 158 70 267 49 40 26 29 67 453 494 175 19 411 179 459 202 43 156 12 193 298 364 445 166 498 53 357 196
51 27 5444 418 385 166 234 353 118 328 157 443 444 110 416 136 134 316 286 62 270 78 423 195 223 329 118 321 357 337 204 392 330 168 457 409 220 286 379 10 126 257 89 14 206 379 374 369 421 377 485 246 395 64 496 243 85
52 27 5304 449 105 149 365 273 202 6 439 292 408 279 76 152 472 400 473 9 259 428 8 416 487 399 443 339 385 214 336 119 173 91 23 159 309 367 196 431 292 156 322 429 13 498 18 101 345 61 381 26 73 341 283 46 35
53 27 4376 463 71 12 86 248 12 105 10 100 160 361 142 258 446 110 42 35 291 22 59 120 483 282 344 64 113 254 333 450 316 224 287 190 117 101 299 122 19 96 153 272 176 301 151 173 15 273 48 150 26 445 458 240 101
54 27 4804 236 475 312 136 106 41 174 158 160 217 68 20 382 261 263 488 73 197 166 405 74 101 114 183 378 87 467 296 342 380 73 69 225 483 168 162 209 189 448 462 395 310 125 276 177 97 256 356 72 417 458 73 84 486
55 27 4785 356 264 411 113 291 445 172 484 39 416 45 301 392 33 20 375 41 306 258 479 280 416 255 32 244 296 4 162 339 480 277 435 82 241 68 421 261 262 225 12 123 153 479 228 400 46 194 178 278 253 180 250 268 66
56 27 5778 155 327 249 476 25 477 19 97 470 331 475 202 486 18 37 441 3 334 396 38 424 372 428 24 117 492 352 111 419 103 377 468 69 65 129 52 463 459 8 148 207 56 185 143 458 499 410 446 470 446 163 482 229 468
57 27 4945 118 412 41 483 246 423 337 446 306 183 95 387 297 253 365 327 453 379 256 371 262 225 257 9 170 494 242 199 228 471 362 399 176 135 22 60 330 443 37 341 226 352 458 415 161 212 12 265 26 453 475 151 224 78
58 27 4989 116 245 90 497 446 348 475 195 458 386 191 455 155 298 83 484 489 322 239 290 134 120 429 448 121 453 362 288 481 201 367 92 263 54 25 170 147 469 230 37 226 132 28 101 153 400 31 41 16 315 83 488 399 146
59 27 5391 91 15 337 359 412 382 278 91 309 362 300 468 380 289 476 330 54 266 312 377 145 266 293 345 445 72 106 227 317 448 289 110 267 421 119 198 142 387 114 136 179 398 190 164 137 402 18 15 408 266 223 100 398 73
60 27 5119 159 86 28 411 5 61 185 86 450 451 295 310 446 372 129 197 204 88 118 384 5 388 191 168 243 261 475 485 411 118 339 267 26 190 490 72 246 146 136 72 148 459 466 53 189 75 316 383 160 490 320 263 219 411
61 27 4472 83 160 3 264 350 250 382 255 45 101 483 384 190 43 126 1 126 267 67 72 321 90 307 178 211 465 256 125 5 285 95 289 258 79 237 361 101 69 175 216 89 476 100 246 464 100 397 419 478 304 57 445 184 71
62 27 4920 135 392 469 136 77 8 472 337 123 187 307 250 193 192 239 490 355 197 19 124 88 248 65 232 21 208 60 228 322 307 141 93 334 343 423 196 243 219 345 457 470 127 23 128 212 448 359 418 178 249 191 336 286 497
63 27 4678 114 174 97 119 382 38 431 94 317 73 219 210 330 245 47 84 77 118 227 67 203 55 399 227 290 67 61 183 206 352 378 369 374 175 130 105 102 336 417 271 254 230 110 500 442 65 81 269 21 488 30 317 109 487
64 27 5094 41 280 200 344 416 51 323 30 150 422 87 386 174 422 359 385 344 217 141 13 374 319 353 156 345 112 99 422 6 426 236 367 439 281 87 11 346 103 40 299 491 288 1 205 270 85 17 192 409 33 165 225 455 444
65 27 4995 188 171 37 81 191 313 365 473 298 85 77 174 83 230 305 254 67 265 257 148 281 400 453 286 369 350 365 300 314 467 222 15 204 296 172 493 217 237 11 368 424 28 168 285 201 12 432 268 53 190 312 270 178 392
66 27 5672 26 183 456 343 463 463 142 464 418 72 394 225 124 86 466 466 92 25 460 285 383 27 1 183 481 342 259 293 332 2 263 491 467 132 450 105 131 434 252 381 29 435 108 228 198 210 22 58 291 287 212 35 171 347
67 27 4397 360 471 323 150 259 250 377 427 307 101 72 74 191 406 166 47 452 127 27 240 322 472 13 89 115 132 146 47 98 420 211 46 91 114 283 211 55 161 466 378 262 71 367 113 272 167 54 19 118 212 26 328 64 267
68 27 4347 271 407 44 104 230 333 45 112 125 208 34 446 176 40 16 423 250 231 51 274 195 253 184 175 221 290 401 3 300 330 61 8 306 417 8 258 251 189 397 261 446 148 167 135 182 452 256 289 151 176 381 134 285 286
69 27 5264 271 1 157 77 399 286 450 251 137 161 87 335 9 19 230 86 97 317 382 481 273 315 300 82 391 225 56 272 329 239 81 193 422 401 201 66 177 1 278 440 228 500 483 145 242 439 215 458 219 185 320 31 146 221
70 27 5937 253 224 29 373 245 465 497 228 156 339 208 497 313 85 68 22 471 1 55 90 180 448 395 257 250 302 392 78 282 288 382 485 18 396 350 416 426 174 241 318 388 408 83 334 496 470 360 471 281 49 332 380 271 100
71 27 4151 480 51 366 114 13 244 433 310 13 216 25 187 388 87 202 448 362 99 196 140 18 208 223 245 195 185 59 438 261 66 341 412 96 33 4 138 3 451 193 99 373 87 68 252 176 391 271 284 67 183 348 113 15 247
72 27 4419 127 178 51 381 338 124 120 269 434 264 62 318 424 449 311 484 143 239 218 241 239 361 49 18 12 152 430 56 147 450 234 207 425 205 269 396 220 155 169 422 261 280 53 203 203 484 147 437 243 422 110 126 85 344
73 27 4891 334 44 471 469 20 294 111 466 321 284 2 98 79 70 93 403 76 7 363 251 187 106 240 68 286 19 3 356 35 384 301 40 452 52 386 121 151 306 359 360 442 353 215 60 101 233 483 374 106 178 100 96 397 111
74 27 4856 303 138 500 410 22 331 106 3 385 153 72 190 383 398 133 287 103 76 327 99 471 11 172 462 435 116 118 482 11 68 280 226 95 30 247 408 362 207 237 426 166 378 61 48 296 463 193 164 249 198 202 85 142 3
75 27 4222 269 439 141 71 285 190 217 365 450 388 32 249 8 342 348 35 51 43 195 361 367 478 188 497 276 127 233 488 261 355 183 422 41 433 91 255 65 194 471 358 21 233 115 336 41 36 166 82 301 315 377 386 85 81
76 27 4452 417 138 98 292 339 152 24 356 1 76 378 316 320 421 29 433 157 387 89 459 50 180 384 27 54 243 296 361 278 351 116 67 217 222 182 445 242 255 344 343 376 394 341 423 65 259 115 450 234 449 167 295 253 65
77 27 6470 420 14 275 74 388 262 74 443 472 491 165 63 447 292 492 483 344 95 45 141 227 175 307 123 294 410 472 402 371 329 96 82 389 124 74 281 106 302 466 315 489 395 312 457 190 166 293 85 275 425 459 382 146 301
78 27 4600 50 325 54 304 73 280 203 319 237 35 152 176 486 199 224 356 41 103 76 159 379 466 82 31 296 318 334 104 137 281 221 93 357 127 415 98 430 11 36 269 286 94 398 309 128 54 28 60 465 422 48 165 114 391
79 27 5054 215 322 194 266 147 282 401 12 405 269 58 217 219 76 444 163 3 165 334 77 231 414 171 139 173 417 171 480 190 9 198 446 399 443 139 141 102 84 467 463 22 56 359 308 379 347 308 499 31 206 315 41 243 376
80 27 6970 150 371 143 176 491 205 294 56 118 431 391 92 457 197 490 137 436 222 31 489 334 398 459 426 390 89 496 200 391 66 155 401 286 250 373 38 362 240 42 243 455 11 316 241 227 469 151 67 469 121 313 443 493 156
81 27 5258 456 473 350 495 107 72 456 102 120 296 438 43 51 100 183 313 125 230 159 173 378 103 64 302 93 11 326 286 79 93 265 70 361 4 436 140 53 222 2 474 295 162 151 186 244 447 395 98 282 347 232 367 472 387
82 27 5918 189 263 112 461 352 259 94 177 463 154 266 79 294 431 222 380 312 261 12 82 264 187 412 181 282 220 407 21 384 74 396 336 213 291 312 447 179 488 436 332 234 486 18 40 372 227 98 493 252 37 439 166 384 461
83 27 4798 270 58 454 270 292 332 160 151 281 391 248 447 14 373 304 206 24 32 476 116 208 164 488 17 97 264 478 418 26 229 114 246 49 411 365 132 41 350 375 481 9 316 155 452 237 70 119 489 91 378 396 137 227 31
84 27 4724 34 415 292 389 150 187 344 184 320 109 117 297 374 251 70 450 92 230 94 263 233 401 466 188 149 249 183 206 41 412 407 118 166 453 252 6 107 356 413 85 70 400 217 132 225 168 273 459 168 437 152 423 497 337
85 27 5009 254 130 267 409 34 291 84 353 1 311 177 72 326 93 342 260 435 172 179 198 206 418 109 21 233 225 54 160 283 399 285 496 193 278 428 418 242 484 281 307 413 272 202 110 378 299 84 94 254 42 78 135 440 330
86 27 4699 34 102 350 37 168 394 484 195 341 371 141 8 193 207 277 381 310 217 71 373 344 115 300 268 276 408 320 348 282 413 176 116 359 368 237 386 22 69 277 387 17 414 122 246 183 183 80 295 227 297 134 284 149 203
87 27 5839 85 48 70 77 179 480 253 376 443 189 475 466 105 480 370 347 390 294 199 231 410 71 379 231 333 19 433 301 414 491 240 494 388 200 293 414 295 40 464 208 363 296 109 34 50 454 49 362 61 211 240 155 209 322
88 27 5704 267 88 288 234 272 24 113 222 234 68 389 103 358 198 351 338 157 499 349 198 215 411 72 321 313 305 265 104 428 494 59 412 266 177 127 228 93 59 372 244 97 306 155 404 381 343 288 59 346 417 454 390 421 466
89 27 4877 57 32 309 86 68 381 248 409 135 158 263 171 177 366 134 464 431 354 192 351 94 17 120 213 84 310 360 226 177 494 376 186 280 257 301 284 314 32 445 340 230 140 143 58 386 212 268 154 390 106 63 463 52 246
90 27 5095 263 447 222 108 122 223 230 177 242 54 259 170 272 167 472 389 447 96 299 213 98 474 101 316 143 354 43 250 329 334 474 246 259 255 30 494 323 214 399 481 105 471 189 168 58 113 261 413 120 492 218 193 391 267
91 27 5380 96 127 185 227 427 285 149 330 361 468 155 250 206 74 287 414 493 328 394 412 51 347 224 131 282 128 162 245 414 280 308 61 132 363 463 466 20 308 91 169 272 162 340 112 74 420 339 279 327 233 22 475 451 419
92 27 3794 174 401 280 190 59 35 247 20 17 27 231 145 48 448 91 484 204 272 379 374 465 176 127 51 236 308 183 345 32 23 56 346 49 58 105 282 94 86 413 466 139 305 320 450 53 295 337 374 173 417 69 427 162 17
93 27 4058 92 458 136 374 101 138 34 25 29 341 283 249 223 323 16 220 227 223 181 13 12 107 489 351 409 415 250 96 195 89 320 219 372 407 402 447 51 275 224 465 162 15 142 69 12 350 251 64 14 230 195 119 251 86
94 27 4640 144 171 228 293 486 8 92 1 415 404 174 476 251 413 178 130 206 59 493 139 65 3 142 393 76 467 106 21 71 30 220 25 272 461 182 122 106 419 366 357 216 449 397 4 372 268 348 144 12 278 9 33 174 302
95 27 4498 197 39 25 193 80 342 493 232 479 62 429 52 337 337 66 89 374 32 57 314 335 53 349 193 26 256 248 486 163 179 34 356 11 122 10 332 157 204 261 285 45 166 236 450 132 452 459 297 163 140 99 168 358 259
96 27 5412 328 198 348 137 111 122 304 268 339 179 385 80 314 16 46 108 407 15 95 295 299 81 21 384 395 192 46 159 322 369 295 312 282 440 482 189 286 185 22 372 3 94 341 36 276 54 51 420 345 425 227 290 395 374
97 27 5017 85 453 295 251 125 373 157 437 215 185 273 428 367 5 144 307 500 57 208 1 295 135 127 458 483 277 375 146 184 394 447 329 195 309 98 346 286 358 236 310 239 218 93 267 293 110 84 252 86 132 127 230 255 34
98 27 5151 96 337 46 140 98 256 242 84 205 219 337 46 434 434 414 32 393 216 428 143 91 166 277 309 258 297 381 362 243 362 9 182 116 153 369 258 302 219 144 2 162 32 104 68 323 495 371 323 224 165 160 6 212 500
99 27 4009 489 116 45 387 26 159 50 256 428 58 244 2 189 458 180 493 226 131 87 257 411 98 274 318 248 107 264 16 118 306 23 187 180 199 35 386 155 148 263 458 124 101 129 370 292 406 86 253 3 251 362 471 81 208
100 27 5016 59 224 144 404 382 372 67 334 85 341 86 178 120 251 354 258 212 183 305 101 464 28 167 174 179 283 14 397 289 23 80 313 287 31 234 57 411 299 244 156 151 102 458 403 184 429 329 425 496 179 328 149 142 246
