1 40 8002
2 40 10987
3 40 11581
4 40 9233
5 40 10757
6 40 8603
7 40 9967
8 40 10103
9 40 10083
10 40 10439
11 40 8663
12 40 8628
13 40 9820
14 40 8640
15 40 9346
16 40 9134
17 40 9700
18 40 9632
19 40 8975
20 40 7667
21 40 8623
22 40 9511
23 40 10929
24 40 9070
25 40 8802
26 40 12274
27 40 8747
28 40 9504
29 40 10969
30 40 9556
31 40 8612
32 40 9524
33 40 8614
34 40 8327
35 40 10918
36 40 7936
37 40 10713
38 40 9027
39 40 10462
40 40 10190
41 40 8485
42 40 9647
43 40 9259
44 40 9496
45 40 8673
46 40 8136
47 40 10275
48 40 9948
49 40 10799
50 40 9655
51 40 9482
52 40 11113
53 40 8627
54 40 9882
55 40 9711
56 40 9223
57 40 9553
58 40 9626
59 40 10125
60 40 10371
61 40 9600
62 40 10081
63 40 9835
64 40 8701
65 40 8514
66 40 9118
67 40 8432
68 40 9782
69 40 8504
70 40 11075
71 40 9334
72 40 10013
73 40 9942
74 40 10051
75 40 10705
76 40 9446
77 40 11157
78 40 9677
79 40 8617
80 40 9206
81 40 10377
82 40 10758
83 40 10880
84 40 9209
85 40 9438
86 40 9507
87 40 9889
88 40 10136
89 40 10572
90 40 9872
91 40 8624
92 40 10089
93 40 8998
94 40 10290
95 40 9712
96 40 8570
97 40 10116
98 40 9199
99 40 9352
100 40 9476