1 25 4516 429 86 275 19 203 55 371 148 208 301 380 284 73 135 50 309 12 15 456 388 227 330 266 100 258 45 300 45 101 253 352 16 241 65 165 286 227 95 181 83 32 417 86 177 354 371 236 99 163 149
2 25 4134 23 294 70 417 401 476 287 34 328 135 176 354 150 43 20 304 129 391 125 154 147 23 277 76 432 347 111 434 140 166 402 175 48 88 117 165 432 286 348 409 131 475 168 161 10 398 391 322 305 467
3 25 4389 37 219 165 472 18 101 213 385 114 34 81 309 259 388 114 443 114 48 68 205 224 130 295 314 367 444 105 303 468 238 222 317 155 436 301 66 134 293 469 474 368 319 274 398 359 338 178 460 385 323
4 25 4540 339 330 415 289 96 121 329 300 250 490 125 427 208 349 88 188 286 141 76 290 34 495 148 259 302 485 11 496 63 212 408 113 351 112 297 472 341 459 71 40 350 351 452 355 245 413 311 270 80 463
5 25 4938 496 404 449 166 320 112 277 79 353 102 10 225 106 62 108 245 100 36 261 405 90 234 78 495 145 407 193 128 382 149 298 464 56 335 252 87 470 192 426 255 98 163 252 395 281 401 308 44 364 222
6 25 4992 351 55 369 201 190 250 379 165 327 455 353 497 331 49 217 160 34 71 359 459 75 145 92 29 484 488 344 300 493 96 128 448 1 3 107 449 311 105 185 482 323 4 335 387 343 491 73 104 37 245
7 25 4968 426 353 110 279 327 482 200 387 222 316 53 236 308 418 265 111 340 365 404 323 205 88 205 76 59 452 264 478 203 241 172 337 117 82 22 114 376 86 264 210 418 60 248 146 396 456 286 384 320 461
8 25 3800 184 400 106 204 451 348 139 75 133 268 62 480 102 376 102 433 35 458 342 356 473 470 33 298 481 167 91 344 67 430 384 149 107 99 172 391 38 197 383 46 295 30 106 208 23 282 11 377 430 215
9 25 4031 188 397 46 233 125 369 322 484 326 17 213 67 65 231 54 101 410 10 143 315 254 226 240 137 38 59 117 17 139 263 217 489 217 454 23 311 429 183 342 297 413 375 323 108 238 20 66 425 91 369
10 25 4184 44 392 154 131 386 229 347 442 49 264 44 115 95 118 370 65 168 453 387 29 310 236 313 253 268 215 250 10 421 440 76 124 14 210 67 474 195 62 269 270 258 29 164 83 361 498 157 79 64 495
11 25 4755 26 39 175 347 423 247 134 423 371 458 95 186 203 41 329 344 285 12 373 379 322 388 154 354 16 59 367 47 460 287 5 470 177 5 243 450 357 229 38 16 191 472 360 435 144 382 489 361 207 204
12 25 4260 55 67 236 357 11 388 445 312 308 466 163 67 47 61 253 386 13 247 433 298 482 374 382 266 87 341 225 467 352 483 302 101 2 191 81 165 261 271 16 276 357 10 231 396 434 224 68 58 82 233
13 25 4896 333 410 87 395 275 185 120 224 306 399 392 471 118 83 373 466 272 268 251 378 492 145 183 360 271 199 9 229 211 90 109 462 419 417 164 210 354 248 402 395 141 150 172 45 51 175 330 220 286 353
14 25 4064 25 27 44 369 259 473 236 39 37 151 43 56 81 201 81 333 274 254 83 483 438 87 241 337 212 111 133 432 234 457 149 173 422 241 288 75 287 461 437 167 115 179 240 287 352 348 343 313 27 195
15 25 4181 272 136 250 241 247 394 179 368 99 278 209 180 266 238 17 211 202 94 193 496 430 428 388 58 139 403 178 186 4 338 243 377 198 1 422 18 223 413 172 173 340 299 1 3 125 390 389 201 41 392
16 25 4605 53 109 379 460 208 13 178 94 45 90 123 23 349 488 166 257 302 45 82 392 377 100 121 353 97 312 410 127 315 484 2 158 61 279 390 77 407 341 53 26 325 453 328 343 265 425 261 258 460 379
17 25 4399 26 158 61 198 461 269 104 230 316 183 167 417 288 129 6 362 269 398 146 105 163 94 235 319 438 259 89 287 179 293 348 400 144 163 162 489 16 459 43 180 267 104 362 487 490 335 312 228 407 40
18 25 3685 270 472 89 352 351 263 187 371 316 54 373 369 174 245 378 115 64 352 254 375 35 284 235 303 492 85 101 208 449 178 14 488 22 78 19 245 95 35 32 315 126 116 231 211 180 206 100 313 20 21
19 25 5029 140 135 179 214 318 30 295 262 301 146 373 353 411 434 484 247 398 297 76 436 61 346 317 470 305 459 245 250 106 19 409 199 257 43 402 169 59 138 34 1 224 164 138 274 96 204 224 107 435 25
20 25 4885 339 90 216 308 43 443 314 316 157 401 311 319 432 356 334 316 134 106 142 491 272 29 99 331 373 115 375 5 222 155 493 309 61 407 400 343 349 443 11 193 221 108 400 285 228 214 113 185 68 25
21 25 4398 124 292 89 191 138 237 485 202 251 457 129 225 130 175 330 90 277 407 47 471 392 386 149 449 304 308 74 269 256 331 435 200 296 235 12 383 425 359 232 462 275 166 40 107 373 499 148 438 87 184
22 25 4601 420 166 268 304 99 300 177 25 119 425 288 184 336 4 174 171 89 326 343 170 356 317 93 224 303 399 231 295 199 141 371 199 52 11 312 253 196 217 423 49 106 131 112 20 338 310 332 50 15 412
23 25 4280 316 277 193 363 49 374 88 134 68 31 19 3 361 452 250 50 37 160 478 496 283 319 212 26 193 289 222 422 496 333 187 75 6 380 314 481 354 92 447 422 170 48 22 271 66 447 202 93 318 42
24 25 4680 273 313 431 90 43 151 236 91 264 36 142 109 234 26 158 401 234 275 420 204 169 356 473 73 286 440 377 63 76 174 417 400 232 480 177 337 401 433 96 106 5 324 207 381 95 48 372 368 33 481
25 25 3700 32 129 197 420 147 313 293 173 297 477 219 417 96 117 380 241 75 147 102 465 401 100 181 278 134 171 361 231 170 412 79 221 167 215 208 130 10 165 80 283 117 282 70 62 226 5 273 290 310 376
26 25 4792 440 437 61 467 145 408 496 72 228 388 208 158 288 407 163 71 398 81 146 386 62 137 129 341 268 252 321 194 304 398 442 429 228 378 261 75 435 360 153 29 56 19 163 44 136 473 237 89 222 310
27 25 6600 171 125 216 182 332 212 335 430 202 345 438 398 345 359 408 442 454 309 428 148 377 493 77 101 454 33 343 326 336 311 302 88 414 439 423 143 334 334 166 253 426 251 363 194 253 76 320 429 334 498
28 25 4265 87 371 254 459 491 406 119 188 146 293 144 109 352 1 319 427 146 189 319 272 14 88 177 453 33 250 432 111 273 172 440 159 3 358 291 146 187 249 57 376 211 82 339 337 53 51 440 452 5 261
29 25 5132 376 116 328 231 382 387 79 328 262 452 72 108 119 216 398 244 430 482 284 371 151 235 266 92 346 444 182 325 299 359 182 161 39 213 356 20 349 379 362 45 10 390 421 28 123 385 311 239 288 429
30 25 4165 303 322 174 133 215 82 303 41 111 466 486 63 440 173 27 495 97 223 2 120 233 354 180 39 168 21 22 91 240 440 207 426 11 431 120 129 92 89 390 123 313 223 221 133 291 324 198 281 363 446
31 25 4788 211 10 367 371 305 347 171 325 310 92 192 92 428 338 50 341 323 195 23 229 202 272 111 236 205 6 227 79 263 273 332 145 440 77 205 51 321 62 85 116 250 167 283 78 348 405 77 419 257 62
32 25 3704 296 26 109 315 363 309 50 180 136 409 29 321 93 35 285 139 59 189 453 296 384 93 34 191 14 369 419 315 103 230 44 5 127 343 177 225 89 297 413 429 451 379 6 71 300 176 193 235 4 450
33 25 4121 324 196 139 78 146 473 121 392 250 51 100 66 15 148 288 168 68 102 21 90 365 177 47 29 189 481 418 50 97 75 191 399 434 437 455 133 395 499 46 33 472 413 63 425 40 42 341 186 127 23
34 25 4661 93 134 488 446 188 98 222 270 240 3 142 244 325 206 304 119 156 323 477 467 331 116 375 334 69 292 327 211 11 25 129 485 20 352 296 100 245 68 473 117 360 4 15 396 24 212 351 360 166 417
35 25 5051 58 190 166 73 356 254 48 319 464 227 29 324 73 226 258 298 318 268 30 336 304 382 20 93 380 16 363 35 481 105 443 356 422 483 69 251 380 203 258 489 124 429 384 393 96 105 396 407 394 227
36 25 4366 317 468 291 471 148 20 203 354 412 202 107 67 89 308 101 269 257 20 434 245 48 354 304 34 326 452 191 349 408 144 177 498 164 404 198 380 453 347 139 230 96 296 82 40 186 180 216 319 111 393
37 25 4440 96 346 397 408 46 399 228 124 241 216 327 477 237 222 55 59 133 391 16 140 226 355 239 150 419 466 248 385 16 279 169 51 153 380 285 113 479 192 397 40 177 442 138 200 300 280 228 441 300 130
38 25 5076 219 308 111 230 307 155 272 327 301 350 286 99 195 279 365 279 89 423 21 40 372 34 48 338 216 231 359 201 453 476 489 324 405 346 50 384 139 159 421 456 485 349 65 109 330 205 179 139 169 237
39 25 4007 160 374 415 213 173 243 309 478 378 479 358 160 107 35 303 238 129 124 121 393 248 308 137 184 196 490 14 21 81 453 5 143 114 400 45 72 266 65 132 28 121 57 460 132 479 180 86 30 172 304
40 25 5013 112 247 411 493 106 112 271 57 382 2 438 374 487 19 212 500 476 433 348 217 168 213 204 383 19 154 477 144 102 464 152 339 90 78 96 160 392 259 226 103 249 325 156 275 366 17 215 82 112 377
41 25 4313 154 458 118 192 71 429 136 25 362 419 402 383 329 102 218 412 277 154 244 379 121 311 316 168 50 487 122 223 383 401 202 420 164 460 110 456 446 340 446 404 102 357 64 408 209 484 183 228 163 429
42 25 3918 338 491 41 469 284 299 182 269 248 255 70 249 64 53 215 254 67 295 355 265 92 89 119 289 135 228 133 30 118 124 246 342 117 339 477 416 46 128 477 3 87 231 291 369 51 100 372 139 273 39
43 25 4843 316 360 75 128 294 188 399 272 178 312 324 83 192 218 467 457 370 415 381 27 381 80 167 474 454 92 148 451 395 303 77 190 48 474 199 74 71 401 270 450 201 54 94 357 50 165 471 316 32 183
44 25 4096 53 267 458 242 108 73 218 327 285 442 296 76 101 230 77 298 265 374 16 221 288 285 431 471 297 197 357 148 59 436 36 2 31 162 20 118 185 95 167 405 427 189 3 360 401 455 372 195 169 33
45 25 4364 12 58 43 357 126 401 78 110 24 5 425 136 96 350 382 224 273 326 60 471 51 400 420 92 477 435 34 164 245 152 475 68 458 294 202 232 30 400 245 318 388 311 148 244 265 333 82 115 417 211
46 25 4375 289 499 235 17 369 50 115 379 272 499 349 391 34 185 254 136 54 439 98 201 36 367 415 263 221 441 234 460 151 23 202 91 370 259 127 451 457 445 299 180 150 177 352 171 159 26 157 30 70 307
47 25 3935 233 149 63 232 264 409 278 53 183 317 14 127 437 238 189 328 154 424 24 413 146 201 8 272 141 448 170 366 417 115 95 316 195 21 500 66 66 401 355 456 75 307 311 198 191 250 284 186 126 362
48 25 3968 91 286 13 126 1 267 273 462 440 91 451 173 110 60 71 82 179 310 11 363 363 340 192 196 32 115 427 163 303 24 223 401 315 17 41 40 236 437 121 413 159 483 335 86 217 51 37 11 320 319
49 25 5674 367 480 424 252 353 416 429 114 76 123 173 185 53 98 351 94 209 424 216 407 408 84 402 456 357 280 443 278 457 49 252 171 158 177 279 427 453 139 147 63 49 129 275 259 330 213 351 161 81 246
50 25 5160 335 347 477 386 302 34 114 464 49 33 417 428 431 253 321 60 71 183 122 257 25 26 129 55 453 474 445 179 177 411 383 400 30 290 226 109 232 389 477 483 189 180 186 472 183 285 411 219 265 326
51 25 5405 332 66 225 379 91 467 496 320 276 45 456 48 398 216 220 327 3 262 156 422 458 34 406 107 262 72 76 459 437 425 414 129 428 407 393 213 364 403 311 119 308 317 41 149 108 278 13 132 85 341
52 25 4780 96 45 312 392 3 230 221 212 400 108 210 432 50 302 345 386 180 284 190 217 498 40 264 62 100 223 57 433 396 213 198 85 62 381 449 260 156 35 397 108 87 35 321 409 383 286 214 470 386 96
53 25 4817 50 429 408 117 22 373 82 19 291 237 326 67 313 500 456 366 19 383 225 225 194 137 98 61 270 463 179 173 179 410 177 338 396 273 450 352 376 492 397 48 336 68 301 187 209 181 108 467 160 198
54 25 5615 15 253 436 428 17 315 444 139 498 426 78 343 41 234 356 461 127 472 451 48 175 19 411 179 459 202 43 156 12 193 298 364 445 166 498 53 357 196 351 305 116 238 267 479 353 118 328 157 443 444
55 25 4674 107 51 85 227 367 94 215 270 231 212 78 277 278 148 383 129 144 474 337 204 392 330 168 457 409 220 286 379 10 126 257 89 14 206 379 374 369 421 377 485 246 395 64 496 243 85 8 268 396 204
56 25 4825 273 202 6 439 292 408 279 76 152 472 400 473 9 259 428 8 416 487 399 443 339 385 214 336 119 173 91 23 159 309 367 196 431 292 156 322 429 13 498 18 101 345 61 381 26 73 341 283 46 35
57 25 3828 463 71 12 86 248 12 105 10 100 160 361 142 258 446 110 42 35 291 22 59 120 483 282 344 64 113 254 333 450 316 224 287 190 117 101 299 122 19 96 153 272 176 301 151 173 15 273 48 150 26
58 25 4106 240 101 8 297 26 339 375 327 41 99 12 309 284 436 68 20 382 261 263 488 73 197 166 405 74 101 114 183 378 87 467 296 342 380 73 69 225 483 168 162 209 189 448 462 395 310 125 276 177 97
59 25 3841 72 417 458 73 84 486 147 204 237 258 388 481 291 445 172 484 39 416 45 301 392 33 20 375 41 306 258 479 280 416 255 32 244 296 4 162 339 480 277 435 82 241 68 421 261 262 225 12 123 153
60 25 4975 391 101 260 307 213 199 71 340 248 451 251 457 268 66 222 162 174 259 25 434 24 497 19 97 470 331 475 202 486 18 37 441 3 334 396 38 424 372 428 24 117 492 352 111 419 103 377 468 69 65
61 25 4984 299 38 8 148 207 56 185 143 458 499 410 446 470 446 163 482 229 468 157 360 89 457 41 483 246 423 337 446 306 183 95 387 297 253 365 327 453 379 256 371 262 225 257 9 170 494 242 199 228 471
62 25 3984 195 325 343 479 256 171 37 341 226 352 458 415 161 212 12 265 26 453 475 151 224 78 147 199 256 370 4 29 153 5 306 167 115 313 46 80 203 23 17 12 179 158 211 341 381 484 429 448 121 453
63 25 4796 443 148 75 161 300 82 409 185 447 431 25 170 147 469 230 37 226 132 28 101 153 400 31 41 16 315 83 488 399 146 308 207 486 56 142 137 119 196 410 496 309 362 300 468 380 289 476 330 54 266
64 25 4214 300 356 179 208 93 234 22 23 428 184 124 212 188 234 205 382 369 359 114 136 179 398 190 164 137 402 18 15 408 266 223 100 398 73 64 55 251 496 159 316 145 51 295 310 446 372 129 197 204 88
65 25 4696 74 496 191 168 243 261 475 485 411 118 339 267 26 190 490 72 246 146 136 72 148 459 466 53 189 75 316 383 160 490 320 263 219 411 234 65 175 151 312 221 72 294 187 18 190 43 126 1 126 267
66 25 4927 431 180 412 194 436 290 86 298 41 339 16 406 386 243 123 264 204 400 331 326 46 412 59 401 369 37 350 104 212 23 238 444 184 71 469 136 77 8 472 337 123 187 307 250 193 192 239 490 355 197
67 25 5162 316 413 31 436 434 480 338 97 137 260 273 109 194 72 408 220 158 225 305 446 243 219 345 457 470 127 23 128 212 448 359 418 178 249 191 336 286 497 262 404 401 119 158 70 306 184 242 13 183 389
68 25 4563 355 171 252 454 449 424 382 274 388 298 221 102 334 211 170 36 10 233 318 164 149 163 132 315 326 435 396 479 102 336 417 271 254 230 110 500 442 65 81 269 21 488 30 317 109 487 215 322 41 280
69 25 4046 85 389 157 82 450 93 100 299 18 153 115 434 79 250 116 304 284 471 141 13 374 319 353 156 345 112 99 422 6 426 236 367 439 281 87 11 346 103 40 299 491 288 1 205 270 85 17 192 409 33
70 25 4970 361 46 441 79 330 375 37 81 191 313 365 473 298 85 77 174 83 230 305 254 67 265 257 148 281 400 453 286 369 350 365 300 314 467 222 15 204 296 172 493 217 237 11 368 424 28 168 285 201 12
71 25 5640 474 448 226 189 147 44 92 90 109 475 441 45 417 38 142 464 418 72 394 225 124 86 466 466 92 25 460 285 383 27 1 183 481 342 259 293 332 2 263 491 467 132 450 105 131 434 252 381 29 435
72 25 4068 299 303 256 479 105 71 159 14 214 195 185 258 360 471 323 150 259 250 377 427 307 101 72 74 191 406 166 47 452 127 27 240 322 472 13 89 115 132 146 47 98 420 211 46 91 114 283 211 55 161
73 25 3539 55 102 123 249 430 320 388 226 172 383 217 475 64 267 242 119 94 386 44 104 230 333 45 112 125 208 34 446 176 40 16 423 250 231 51 274 195 253 184 175 221 290 401 3 300 330 61 8 306 417
74 25 4846 404 250 99 104 276 55 252 39 153 81 366 70 49 62 212 460 325 337 367 377 215 230 410 344 433 102 251 51 185 364 119 414 20 93 438 318 35 219 6 417 97 317 382 481 273 315 300 82 391 225
75 25 4914 136 172 365 420 490 79 201 66 177 1 278 440 228 500 483 145 242 439 215 458 219 185 320 31 146 221 168 435 253 224 29 373 245 465 497 228 156 339 208 497 313 85 68 22 471 1 55 90 180 448
76 25 5832 421 251 404 109 223 219 466 119 18 396 350 416 426 174 241 318 388 408 83 334 496 470 360 471 281 49 332 380 271 100 327 238 450 38 352 68 344 488 70 288 11 370 25 187 388 87 202 448 362 99
77 25 3996 91 483 413 6 80 241 256 449 261 66 341 412 96 33 4 138 3 451 193 99 373 87 68 252 176 391 271 284 67 183 348 113 15 247 108 450 338 124 120 269 434 264 62 318 424 449 311 484 143 239
78 25 3749 322 262 292 452 123 489 150 71 368 190 39 355 51 303 294 15 296 411 105 251 346 447 79 118 399 298 147 437 243 422 110 126 85 344 105 378 457 234 32 392 207 102 35 444 321 284 2 98 79 70
79 25 4827 157 425 433 138 268 314 59 261 214 215 366 498 255 466 35 200 175 49 286 115 477 350 157 142 184 59 212 286 490 155 14 421 101 233 483 374 106 178 100 96 397 111 441 408 363 39 91 318 170 459
80 25 4944 333 116 365 429 474 118 298 368 391 398 30 7 263 100 402 133 149 66 431 383 11 68 280 226 95 30 247 408 362 207 237 426 166 378 61 48 296 463 193 164 249 198 202 85 142 3 441 224 62 22
81 25 3894 285 190 217 365 450 388 32 249 8 342 348 35 51 43 195 361 367 478 188 497 276 127 233 488 261 355 183 422 41 433 91 255 65 194 471 358 21 233 115 336 41 36 166 82 301 315 377 386 85 81
82 25 4116 417 138 98 292 339 152 24 356 1 76 378 316 320 421 29 433 157 387 89 459 50 180 384 27 54 243 296 361 278 351 116 67 217 222 182 445 242 255 344 343 376 394 341 423 65 259 115 450 234 449
83 25 5776 229 248 76 380 420 14 275 74 388 262 74 443 472 491 165 63 447 292 492 483 344 95 45 141 227 175 307 123 294 410 472 402 371 329 96 82 389 124 74 281 106 302 466 315 489 395 312 457 190 166
84 25 4289 48 285 416 2 76 223 119 98 200 451 150 149 13 444 197 489 73 280 203 319 237 35 152 176 486 199 224 356 41 103 76 159 379 466 82 31 296 318 334 104 137 281 221 93 357 127 415 98 430 11
85 25 3994 110 61 29 441 286 94 398 309 128 54 28 60 465 422 48 165 114 391 39 321 179 425 235 308 219 151 489 92 232 458 58 217 219 76 444 163 3 165 334 77 231 414 171 139 173 417 171 480 190 9
86 25 5464 52 102 139 141 102 84 467 463 22 56 359 308 379 347 308 499 31 206 315 41 243 376 67 377 130 171 325 483 491 205 294 56 118 431 391 92 457 197 490 137 436 222 31 489 334 398 459 426 390 89
87 25 5007 355 110 314 346 212 215 89 128 427 37 79 500 362 240 42 243 455 11 316 241 227 469 151 67 469 121 313 443 493 156 189 272 28 264 6 420 429 65 249 63 259 450 426 318 259 376 51 342 59 123
88 25 5097 186 408 349 175 111 422 167 21 108 109 431 317 497 376 436 140 53 222 2 474 295 162 151 186 244 447 395 98 282 347 232 367 472 387 278 305 238 163 40 34 242 39 324 195 347 37 422 310 70 231
89 25 5545 312 261 12 82 264 187 412 181 282 220 407 21 384 74 396 336 213 291 312 447 179 488 436 332 234 486 18 40 372 227 98 493 252 37 439 166 384 461 69 426 270 58 454 270 292 332 160 151 281 391
90 25 4124 14 373 304 206 24 32 476 116 208 164 488 17 97 264 478 418 26 229 114 246 49 411 365 132 41 350 375 481 9 316 155 452 237 70 119 489 91 378 396 137 227 31 145 209 330 73 74 104 314 101
91 25 4730 320 109 117 297 374 251 70 450 92 230 94 263 233 401 466 188 149 249 183 206 41 412 407 118 166 453 252 6 107 356 413 85 70 400 217 132 225 168 273 459 168 437 152 423 497 337 456 127 371 8
92 25 4592 34 291 84 353 1 311 177 72 326 93 342 260 435 172 179 198 206 418 109 21 233 225 54 160 283 399 285 496 193 278 428 418 242 484 281 307 413 272 202 110 378 299 84 94 254 42 78 135 440 330
93 25 4472 34 102 350 37 168 394 484 195 341 371 141 8 193 207 277 381 310 217 71 373 344 115 300 268 276 408 320 348 282 413 176 116 359 368 237 386 22 69 277 387 17 414 122 246 183 183 80 295 227 297
94 25 5965 254 352 463 252 85 48 70 77 179 480 253 376 443 189 475 466 105 480 370 347 390 294 199 231 410 71 379 231 333 19 433 301 414 491 240 494 388 200 293 414 295 40 464 208 363 296 109 34 50 454
95 25 4668 72 460 49 362 61 211 240 155 209 322 463 398 413 72 267 481 272 24 113 222 234 68 389 103 358 198 351 338 157 499 349 198 215 411 72 321 313 305 265 104 428 494 59 412 266 177 127 228 93 59
96 25 4655 97 306 155 404 381 343 288 59 346 417 454 390 421 466 100 192 218 153 91 33 120 371 92 347 343 18 330 36 135 490 134 464 431 354 192 351 94 17 120 213 84 310 360 226 177 494 376 186 280 257
97 25 4982 152 296 39 315 469 99 161 317 361 336 443 250 289 177 347 184 29 449 396 232 263 447 222 108 122 223 230 177 242 54 259 170 272 167 472 389 447 96 299 213 98 474 101 316 143 354 43 250 329 334
98 25 4769 401 242 346 471 323 214 399 481 105 471 189 168 58 113 261 413 120 492 218 193 391 267 159 55 374 276 274 179 216 351 171 384 33 411 251 55 427 151 87 129 173 332 89 275 154 76 370 353 373 284
99 25 4581 414 280 308 61 132 363 463 466 20 308 91 169 272 162 340 112 74 420 339 279 327 233 22 475 451 419 279 485 174 401 280 190 59 35 247 20 17 27 231 145 48 448 91 484 204 272 379 374 465 176
100 25 3261 18 92 450 176 193 245 223 136 57 26 155 11 41 407 445 88 139 305 320 450 53 295 337 374 173 417 69 427 162 17 136 374 101 138 34 25 29 341 283 249 223 323 16 220 227 223 181 13 12 107
