0.007218837738037109
0.04953956604003906
0.03610730171203613
0.02731633186340332
0.010555505752563477
0.06711077690124512
0.010341405868530273
0.03657245635986328
0.0026204586029052734
0.028607845306396484
0.01776123046875
0.06906986236572266
0.01970076560974121
0.009820222854614258
0.011517524719238281
0.007792949676513672
0.05469059944152832
0.10778141021728516
0.05583333969116211
0.004176616668701172
0.025638103485107422
0.00961160659790039
0.017885446548461914
0.020787477493286133
0.010402202606201172
0.02397322654724121
0.06603431701660156
0.018596410751342773
0.0571596622467041
0.23091387748718262
0.03250575065612793
0.01995396614074707
0.06611895561218262
0.04885983467102051
0.031185150146484375
0.0260469913482666
0.00830841064453125
0.027964115142822266
0.014200448989868164
0.011669397354125977
0.014617204666137695
0.004077911376953125
0.012827157974243164
0.02606797218322754
0.047319889068603516
0.020197153091430664
0.02557682991027832
0.011906147003173828
0.01616644859313965
0.004940509796142578
0.030096769332885742
0.0016946792602539062
0.010055303573608398
0.010223865509033203
0.02152395248413086
0.0059468746185302734
0.009026050567626953
0.05784273147583008
0.01715230941772461
0.002824544906616211
0.012089014053344727
0.018480300903320312
0.02755427360534668
0.057833194732666016
0.006472587585449219
0.014229536056518555
0.015141725540161133
0.03455710411071777
0.005140542984008789
0.009850740432739258
0.002653837203979492
0.005342245101928711
0.012527704238891602
0.004766702651977539
0.008148431777954102
0.007888078689575195
0.07039904594421387
0.002100229263305664
0.027184009552001953
0.02626633644104004
0.024590730667114258
0.05368995666503906
0.002954721450805664
0.012587308883666992
0.005329608917236328
0.012101411819458008
0.005650520324707031
0.018748044967651367
0.08956718444824219
0.029173612594604492
0.07908153533935547
0.008084774017333984
0.03002786636352539
0.007142782211303711
0.0047185420989990234
0.005239963531494141
0.024773120880126953
0.020607709884643555
0.026087522506713867
0.01047205924987793