0.0431666374206543
0.05696463584899902
0.05313706398010254
0.05460357666015625
0.059165000915527344
0.04349017143249512
0.06368231773376465
0.052704572677612305
0.0539097785949707
0.05795693397521973
0.06972813606262207
0.05841875076293945
0.052686452865600586
0.05536246299743652
0.05094289779663086
0.062252044677734375
0.05224442481994629
0.04179978370666504
0.0677328109741211
0.049248695373535156
0.05009269714355469
0.05168795585632324
0.05799531936645508
0.06378865242004395
0.0586545467376709
0.06146669387817383
0.06265807151794434
0.05688142776489258
0.04976701736450195
0.05468249320983887
0.048258304595947266
0.0561528205871582
0.05862021446228027
0.061324357986450195
0.058525800704956055
0.05241107940673828
0.06014394760131836
0.04646015167236328
0.05183887481689453
0.05528426170349121
0.05260038375854492
0.04851651191711426
0.05785417556762695
0.06272459030151367
0.0517730712890625
0.05239605903625488
0.06495785713195801
0.05672907829284668
0.06241011619567871
0.05656266212463379
0.05950331687927246
0.05399608612060547
0.05218768119812012
0.04568600654602051
0.048799991607666016
0.0631561279296875
0.052392005920410156
0.05199384689331055
0.05456137657165527
0.058114051818847656
0.05642199516296387
0.06173205375671387
0.05761981010437012
0.05327010154724121
0.05398273468017578
0.05179858207702637
0.05117344856262207
0.04969644546508789
0.05440330505371094
0.049704551696777344
0.04486536979675293
0.05386710166931152
0.048500776290893555
0.048082828521728516
0.04927515983581543
0.054669857025146484
0.05571413040161133
0.049756765365600586
0.048551321029663086
0.047144412994384766
0.05153679847717285
0.062062978744506836
0.0528101921081543
0.04926800727844238
0.058092594146728516
0.05499267578125
0.05119681358337402
0.0528109073638916
0.04518628120422363
0.04773759841918945
0.0488893985748291
0.054274559020996094
0.04984712600708008
0.06388735771179199
0.05285835266113281
0.05085039138793945
0.03794741630554199
0.06059861183166504
0.05094456672668457
0.05617022514343262