0.0007970333099365234
0.0004527568817138672
0.002366304397583008
0.002836465835571289
0.0025649070739746094
0.0015842914581298828
0.0010204315185546875
0.0007715225219726562
0.0012955665588378906
0.0006837844848632812
0.0011241436004638672
0.0008611679077148438
0.00016617774963378906
0.0006239414215087891
0.0006606578826904297
0.0016829967498779297
0.0010249614715576172
0.0008158683776855469
0.00225067138671875
0.0007307529449462891
0.0007338523864746094
0.0007865428924560547
0.0003178119659423828
0.0004055500030517578
0.0009176731109619141
0.006474733352661133
0.003509044647216797
0.002615690231323242
0.0008981227874755859
0.0013451576232910156
0.0014946460723876953
0.0005748271942138672
0.0007572174072265625
0.0007274150848388672
0.0002295970916748047
0.0015420913696289062
0.0013363361358642578
0.0020029544830322266
0.0002880096435546875
0.00030612945556640625
0.0006604194641113281
0.003597736358642578
0.0014286041259765625
0.004144191741943359
0.002050161361694336
0.00021910667419433594
0.0015718936920166016
0.0013463497161865234
0.0006268024444580078
0.0043184757232666016
0.0017490386962890625
0.0014243125915527344
0.0027341842651367188
0.0002582073211669922
0.0027832984924316406
0.0010373592376708984
0.0006351470947265625
0.0015773773193359375
0.0011284351348876953
0.002656221389770508
0.0013322830200195312
0.0027070045471191406
0.0018622875213623047
0.001302957534790039
0.0005574226379394531
0.0005109310150146484
0.00014281272888183594
0.002993345260620117
0.0010366439819335938
0.0005688667297363281
0.0014789104461669922
0.00014829635620117188
0.0005645751953125
0.0005970001220703125
0.0017428398132324219
0.00020647048950195312
0.0013108253479003906
0.0010876655578613281
0.0003876686096191406
0.0016269683837890625
0.0011849403381347656
0.004037380218505859
0.0009777545928955078
0.0027494430541992188
0.0008380413055419922
0.0003829002380371094
0.0011019706726074219
0.0009443759918212891
0.0006225109100341797
0.0020914077758789062
0.0006480216979980469
0.0009045600891113281
0.0004918575286865234
0.0011637210845947266
0.0005474090576171875
0.0003361701965332031
0.00034332275390625
0.00034689903259277344
0.003717184066772461
0.0021104812622070312