3.123283386230469e-05
2.5272369384765625e-05
2.3126602172851562e-05
2.3126602172851562e-05
2.2649765014648438e-05
2.2411346435546875e-05
2.2649765014648438e-05
2.2649765014648438e-05
2.2172927856445312e-05
2.2172927856445312e-05
2.2411346435546875e-05
2.2411346435546875e-05
2.288818359375e-05
2.2649765014648438e-05
5.0067901611328125e-05
3.600120544433594e-05
2.2649765014648438e-05
2.193450927734375e-05
2.193450927734375e-05
2.2649765014648438e-05
2.2411346435546875e-05
2.193450927734375e-05
2.2172927856445312e-05
2.2172927856445312e-05
2.2172927856445312e-05
2.2411346435546875e-05
2.1696090698242188e-05
2.193450927734375e-05
2.193450927734375e-05
2.1696090698242188e-05
2.2411346435546875e-05
2.2411346435546875e-05
2.2172927856445312e-05
2.2172927856445312e-05
2.2649765014648438e-05
2.193450927734375e-05
2.2649765014648438e-05
2.2172927856445312e-05
3.62396240234375e-05
2.288818359375e-05
2.2411346435546875e-05
2.288818359375e-05
2.193450927734375e-05
2.193450927734375e-05
2.193450927734375e-05
2.288818359375e-05
2.2649765014648438e-05
2.193450927734375e-05
2.2411346435546875e-05
2.2172927856445312e-05
2.2411346435546875e-05
2.193450927734375e-05
2.2411346435546875e-05
2.2649765014648438e-05
2.2411346435546875e-05
2.2411346435546875e-05
2.3365020751953125e-05
2.2411346435546875e-05
2.2649765014648438e-05
2.193450927734375e-05
2.2411346435546875e-05
2.2172927856445312e-05
4.100799560546875e-05
2.288818359375e-05
3.62396240234375e-05
2.193450927734375e-05
2.2172927856445312e-05
2.193450927734375e-05
2.193450927734375e-05
2.2172927856445312e-05
2.2411346435546875e-05
2.2172927856445312e-05
2.2172927856445312e-05
2.193450927734375e-05
2.193450927734375e-05
2.2172927856445312e-05
2.193450927734375e-05
2.193450927734375e-05
2.2411346435546875e-05
2.193450927734375e-05
2.2649765014648438e-05
2.2411346435546875e-05
2.2411346435546875e-05
2.2411346435546875e-05
2.2172927856445312e-05
2.2411346435546875e-05
2.2411346435546875e-05
2.2172927856445312e-05
2.193450927734375e-05
2.2649765014648438e-05
2.288818359375e-05
2.193450927734375e-05
2.2172927856445312e-05
2.2411346435546875e-05
2.288818359375e-05
2.2172927856445312e-05
2.193450927734375e-05
2.2649765014648438e-05
2.2172927856445312e-05
2.2172927856445312e-05