0.0962674617767334
0.13714075088500977
0.1212759017944336
0.14577102661132812
0.10306906700134277
0.11927294731140137
0.1334075927734375
0.08384060859680176
0.13765430450439453
0.09920859336853027
0.12175297737121582
0.13436603546142578
0.13515663146972656
0.10004186630249023
0.07646751403808594
0.10751152038574219
0.10887455940246582
0.12963533401489258
0.1211249828338623
0.07402467727661133
0.11529207229614258
0.12536406517028809
0.11527848243713379
0.10281705856323242
0.11371922492980957
0.14128661155700684
0.10018420219421387
0.10476469993591309
0.09834480285644531
0.08209824562072754
0.1208183765411377
0.07153058052062988
0.11987590789794922
0.11018610000610352
0.12918496131896973
0.1022043228149414
0.09147286415100098
0.12213945388793945
0.10596466064453125
0.07789039611816406
0.11346769332885742
0.11124038696289062
0.09612059593200684
0.07953786849975586
0.1085207462310791
0.13124346733093262
0.1345829963684082
0.1288139820098877
0.11916923522949219
0.12136983871459961
0.11774754524230957
0.10295677185058594
0.139754056930542
0.11361074447631836
0.09761714935302734
0.14532780647277832
0.08099794387817383
0.10357284545898438
0.14332342147827148
0.09619641304016113
0.1243743896484375
0.13973712921142578
0.11196184158325195
0.11776185035705566
0.11640572547912598
0.12412166595458984
0.10833597183227539
0.08150053024291992
0.12805390357971191
0.16703009605407715
0.07434773445129395
0.10633373260498047
0.10790824890136719
0.10366368293762207
0.0917518138885498
0.08479046821594238
0.09918785095214844
0.10694479942321777
0.14670801162719727
0.12854743003845215
0.09558629989624023
0.07435917854309082
0.13991975784301758
0.14130330085754395
0.11674261093139648
0.10390925407409668
0.09071922302246094
0.12107157707214355
0.08702468872070312
0.10844159126281738
0.11381173133850098
0.09756159782409668
0.07585787773132324
0.09108209609985352
0.1274106502532959
0.13282299041748047
0.11984896659851074
0.11249518394470215
0.0893242359161377
0.11976051330566406