0.0
0.0
0.015351243116969799
0.0
0.0
0.0
0.0
0.0
0.0
0.0
0.03166404671008309
0.0
0.0
0.0
0.0
0.0
0.0
0.00338282277767337
0.0
0.0
0.0
0.0
0.0
0.0
0.008031378408666417
0.0
0.0
0.0030864197530864196
0.0
0.0
0.011810297102786492
0.0
0.00749375520399667
0.0
0.0
0.0
0.0
0.014275202354672554
0.0
0.007757951900698216
0.0
0.00897004645202627
0.0
0.0
0.004909662215239591
0.0
0.0
0.0
0.0
0.013866559485530547
0.0
0.0
0.0
0.0
0.0
0.0
0.0053224155578300925
0.0
0.0
0.0
0.0
0.002157497303128371
0.002591283863368669
0.0
0.0005907837731390311
0.0
0.008801868151607687
0.0
0.005647658954272181
0.0
0.0
0.0
0.0
0.0
0.0
0.0
0.004804392587508579
0.003825136612021858
0.0
0.016368187945310995
0.0
0.019412559081701555
0.0
0.0
0.0011597084161696488
0.0
0.0
0.00034170510849137196
0.0
0.0
0.016900834860517206
0.0
0.0
0.0
0.014913779711045518
0.03502179467909214
0.020770316596087923
0.01266840941081842
0.016701461377870562
0.0