0.0035556929736414934
0.0032204124605189816
0.0
0.0
0.0028653295128939827
0.00549409196959434
0.0
0.0
0.0
0.0
0.004674495496522631
0.0016216216216216215
0.0
0.0
0.0
0.0
0.003742121848739496
0.0
0.006546344447843377
0.0
0.0
0.0
0.008460648852638628
0.0013101476893758932
0.0
0.0
0.0
0.0034122973948421814
0.0
0.0
0.0
0.005354919053549191
0.0051188068756319515
0.0013842913030394223
0.001029005080712586
0.0
0.0
0.0009754511461550967
0.0012021638950110197
0.0
0.0
0.003942699434879748
0.012376237623762377
0.0045725287287166835
0.0
0.0
0.0
0.0
0.0
0.0
0.00012811479085260395
0.0
0.00020139634801288937
0.0
0.004225038914832111
0.0
0.0009547841505831003
0.0
0.0
0.0
0.0
0.002531020433360084
0.0020332496112905156
0.0015367141043629317
0.0
0.0
0.010744130521289296
0.0
0.0015867768595041322
0.003509008705040826
0.0013101390203071547
0.0
0.0024335574767851424
0.00045348535890126976
0.0006972042111134351
0.002146062300838915
0.0
0.0018789144050104384
0.0
0.0014026182206786
0.0
0.0015370972509606857
0.0
0.0
0.0
0.0
0.0032368388909246367
0.001639447632259285
0.003236245954692557
0.0
6.930967563071805e-05
0.0038602708517909124
0.0005252100840336134
0.0
0.00037716872014080966
0.0
0.0
0.0
0.0
0.0