2.1219253540039062e-05
4.0531158447265625e-05
2.6226043701171875e-05
2.5033950805664062e-05
2.5272369384765625e-05
1.2636184692382812e-05
1.2159347534179688e-05
1.2159347534179688e-05
1.1920928955078125e-05
1.239776611328125e-05
1.2159347534179688e-05
1.2159347534179688e-05
1.1920928955078125e-05
1.239776611328125e-05
1.2159347534179688e-05
1.2159347534179688e-05
1.1920928955078125e-05
1.239776611328125e-05
1.1920928955078125e-05
1.1920928955078125e-05
1.1920928955078125e-05
1.1920928955078125e-05
1.1920928955078125e-05
1.1682510375976562e-05
1.1920928955078125e-05
1.1682510375976562e-05
1.33514404296875e-05
1.239776611328125e-05
1.2636184692382812e-05
1.2636184692382812e-05
1.1920928955078125e-05
1.2159347534179688e-05
1.2159347534179688e-05
1.239776611328125e-05
1.2159347534179688e-05
1.239776611328125e-05
1.2159347534179688e-05
1.33514404296875e-05
1.2636184692382812e-05
1.2636184692382812e-05
1.239776611328125e-05
1.2636184692382812e-05
1.2874603271484375e-05
1.2874603271484375e-05
2.8848648071289062e-05
2.9087066650390625e-05
1.2159347534179688e-05
1.2159347534179688e-05
1.2159347534179688e-05
1.2159347534179688e-05
1.1682510375976562e-05
1.1682510375976562e-05
1.1920928955078125e-05
1.2159347534179688e-05
1.1920928955078125e-05
1.3828277587890625e-05
1.2636184692382812e-05
1.239776611328125e-05
1.239776611328125e-05
1.239776611328125e-05
1.239776611328125e-05
1.2159347534179688e-05
1.2159347534179688e-05
1.2636184692382812e-05
1.2874603271484375e-05
1.2159347534179688e-05
1.239776611328125e-05
1.1920928955078125e-05
1.1920928955078125e-05
1.239776611328125e-05
1.239776611328125e-05
1.2636184692382812e-05
1.239776611328125e-05
1.2636184692382812e-05
1.239776611328125e-05
1.2159347534179688e-05
3.0279159545898438e-05
2.6941299438476562e-05
1.239776611328125e-05
1.239776611328125e-05
1.2636184692382812e-05
1.239776611328125e-05
1.2636184692382812e-05
1.2636184692382812e-05
1.2636184692382812e-05
1.2874603271484375e-05
1.2636184692382812e-05
1.2636184692382812e-05
1.2874603271484375e-05
1.2636184692382812e-05
2.956390380859375e-05
1.3113021850585938e-05
1.2636184692382812e-05
1.2874603271484375e-05
1.2874603271484375e-05
1.2874603271484375e-05
1.3113021850585938e-05
1.3113021850585938e-05
1.2874603271484375e-05
1.3113021850585938e-05