2.765655517578125e-05
2.0503997802734375e-05
1.9311904907226562e-05
1.9550323486328125e-05
3.62396240234375e-05
1.8358230590820312e-05
1.8358230590820312e-05
1.8358230590820312e-05
1.8835067749023438e-05
1.8835067749023438e-05
1.8596649169921875e-05
1.8358230590820312e-05
1.8358230590820312e-05
1.7881393432617188e-05
1.8358230590820312e-05
1.7881393432617188e-05
1.811981201171875e-05
3.5762786865234375e-05
1.7881393432617188e-05
1.7881393432617188e-05
1.811981201171875e-05
1.7881393432617188e-05
1.9550323486328125e-05
1.9550323486328125e-05
1.8596649169921875e-05
1.8358230590820312e-05
1.8358230590820312e-05
1.811981201171875e-05
1.8358230590820312e-05
2.5033950805664062e-05
1.811981201171875e-05
1.8596649169921875e-05
1.811981201171875e-05
1.8358230590820312e-05
1.8835067749023438e-05
1.8596649169921875e-05
1.811981201171875e-05
1.8358230590820312e-05
1.8596649169921875e-05
1.8835067749023438e-05
1.8358230590820312e-05
1.8358230590820312e-05
4.220008850097656e-05
1.8358230590820312e-05
2.0265579223632812e-05
1.9550323486328125e-05
1.9073486328125e-05
1.9073486328125e-05
1.8358230590820312e-05
1.8358230590820312e-05
1.8835067749023438e-05
4.267692565917969e-05
1.8596649169921875e-05
3.647804260253906e-05
3.528594970703125e-05
1.8358230590820312e-05
1.811981201171875e-05
1.7881393432617188e-05
1.8358230590820312e-05
1.811981201171875e-05
2.6226043701171875e-05
3.790855407714844e-05
3.528594970703125e-05
1.9311904907226562e-05
3.552436828613281e-05
1.8358230590820312e-05
1.8358230590820312e-05
1.8835067749023438e-05
1.8358230590820312e-05
1.8596649169921875e-05
1.8596649169921875e-05
1.811981201171875e-05
1.8358230590820312e-05
1.8358230590820312e-05
1.8358230590820312e-05
1.8358230590820312e-05
1.811981201171875e-05
1.8596649169921875e-05
1.811981201171875e-05
3.457069396972656e-05
2.002716064453125e-05
1.9311904907226562e-05
1.8596649169921875e-05
1.811981201171875e-05
1.811981201171875e-05
1.811981201171875e-05
1.7881393432617188e-05
1.8358230590820312e-05
1.7881393432617188e-05
1.811981201171875e-05
1.8358230590820312e-05
1.8358230590820312e-05
1.7881393432617188e-05
1.8358230590820312e-05
1.9073486328125e-05
1.8596649169921875e-05
3.0994415283203125e-05
1.7404556274414062e-05
3.695487976074219e-05
1.7642974853515625e-05