3.170967102050781e-05
2.3126602172851562e-05
2.1457672119140625e-05
2.0503997802734375e-05
2.0503997802734375e-05
1.9788742065429688e-05
2.0265579223632812e-05
2.002716064453125e-05
1.9788742065429688e-05
2.002716064453125e-05
2.0265579223632812e-05
2.002716064453125e-05
2.002716064453125e-05
2.002716064453125e-05
1.9550323486328125e-05
1.9788742065429688e-05
2.0265579223632812e-05
2.002716064453125e-05
1.9788742065429688e-05
1.9073486328125e-05
1.9788742065429688e-05
1.9550323486328125e-05
1.9550323486328125e-05
1.9311904907226562e-05
2.002716064453125e-05
1.9550323486328125e-05
1.9550323486328125e-05
1.9550323486328125e-05
1.9788742065429688e-05
1.9311904907226562e-05
1.9073486328125e-05
2.002716064453125e-05
1.9788742065429688e-05
1.9788742065429688e-05
1.9788742065429688e-05
1.9788742065429688e-05
4.5299530029296875e-05
3.2901763916015625e-05
1.9788742065429688e-05
1.9550323486328125e-05
1.9550323486328125e-05
1.9311904907226562e-05
1.9311904907226562e-05
1.9550323486328125e-05
1.9788742065429688e-05
1.9311904907226562e-05
1.9550323486328125e-05
1.9311904907226562e-05
1.9311904907226562e-05
1.9788742065429688e-05
1.9311904907226562e-05
1.9550323486328125e-05
1.9550323486328125e-05
1.9550323486328125e-05
1.9311904907226562e-05
1.9311904907226562e-05
2.002716064453125e-05
1.9550323486328125e-05
1.9073486328125e-05
1.9550323486328125e-05
1.9550323486328125e-05
1.9550323486328125e-05
1.9550323486328125e-05
1.9311904907226562e-05
1.9311904907226562e-05
1.9788742065429688e-05
1.9311904907226562e-05
1.9073486328125e-05
1.9073486328125e-05
1.9311904907226562e-05
1.9550323486328125e-05
1.9550323486328125e-05
1.9788742065429688e-05
1.9311904907226562e-05
1.9311904907226562e-05
1.9311904907226562e-05
1.9788742065429688e-05
3.886222839355469e-05
3.4332275390625e-05
3.7670135498046875e-05
3.981590270996094e-05
2.1696090698242188e-05
3.457069396972656e-05
2.0742416381835938e-05
2.09808349609375e-05
2.1219253540039062e-05
2.1219253540039062e-05
2.09808349609375e-05
2.09808349609375e-05
2.1219253540039062e-05
2.09808349609375e-05
2.0742416381835938e-05
2.09808349609375e-05
2.09808349609375e-05
2.1219253540039062e-05
2.0742416381835938e-05
2.1219253540039062e-05
2.0742416381835938e-05
2.1457672119140625e-05
2.0503997802734375e-05