6.67572021484375e-05
3.409385681152344e-05
3.170967102050781e-05
3.123283386230469e-05
3.075599670410156e-05
3.123283386230469e-05
3.075599670410156e-05
3.0517578125e-05
3.0279159545898438e-05
3.075599670410156e-05
3.123283386230469e-05
3.0517578125e-05
3.0517578125e-05
3.0517578125e-05
3.0994415283203125e-05
5.125999450683594e-05
3.0279159545898438e-05
3.0517578125e-05
3.0517578125e-05
3.0517578125e-05
5.841255187988281e-05
3.075599670410156e-05
3.0517578125e-05
3.0279159545898438e-05
3.0040740966796875e-05
3.0517578125e-05
3.075599670410156e-05
3.0279159545898438e-05
3.0279159545898438e-05
3.0517578125e-05
3.0517578125e-05
3.0517578125e-05
3.0279159545898438e-05
3.0517578125e-05
2.9802322387695312e-05
2.9802322387695312e-05
5.054473876953125e-05
4.649162292480469e-05
4.506111145019531e-05
2.7179718017578125e-05
2.765655517578125e-05
2.7418136596679688e-05
2.765655517578125e-05
2.7418136596679688e-05
2.7179718017578125e-05
2.765655517578125e-05
2.7418136596679688e-05
2.765655517578125e-05
2.7418136596679688e-05
2.7179718017578125e-05
2.765655517578125e-05
2.7418136596679688e-05
2.765655517578125e-05
2.765655517578125e-05
2.765655517578125e-05
2.7179718017578125e-05
2.765655517578125e-05
2.7894973754882812e-05
2.7179718017578125e-05
2.765655517578125e-05
2.7179718017578125e-05
2.6941299438476562e-05
2.7179718017578125e-05
2.765655517578125e-05
2.6941299438476562e-05
2.7179718017578125e-05
3.457069396972656e-05
3.147125244140625e-05
3.0994415283203125e-05
3.0517578125e-05
6.771087646484375e-05
3.0517578125e-05
2.8133392333984375e-05
2.8133392333984375e-05
2.7894973754882812e-05
2.765655517578125e-05
2.6941299438476562e-05
2.765655517578125e-05
2.7179718017578125e-05
2.7179718017578125e-05
2.7179718017578125e-05
2.7179718017578125e-05
2.7418136596679688e-05
2.7179718017578125e-05
2.7179718017578125e-05
2.7418136596679688e-05
2.7179718017578125e-05
2.7418136596679688e-05
2.7418136596679688e-05
2.8133392333984375e-05
2.7418136596679688e-05
2.6702880859375e-05
2.7418136596679688e-05
2.7418136596679688e-05
2.6941299438476562e-05
2.6941299438476562e-05
2.7179718017578125e-05
4.220008850097656e-05
2.9087066650390625e-05
2.9087066650390625e-05