1 20 1618
2 20 2230
3 20 2180
4 20 2025
5 20 2453
6 20 2241
7 20 2062
8 20 1780
9 20 1853
10 20 1688
11 20 1709
12 20 1554
13 20 1897
14 20 1643
15 20 2420
16 20 1869
17 20 1867
18 20 1900
19 20 1884
20 20 1928
21 20 2087
22 20 1588
23 20 2292
24 20 2135
25 20 1781
26 20 2306
27 20 2273
28 20 1892
29 20 2180
30 20 1908
31 20 1895
32 20 2048
33 20 2117
34 20 2099
35 20 2091
36 20 1835
37 20 1961
38 20 1683
39 20 1867
40 20 2088
41 20 1746
42 20 1739
43 20 1614
44 20 1511
45 20 2047
46 20 1670
47 20 1645
48 20 1983
49 20 1917
50 20 1730
51 20 2113
52 20 2066
53 20 2210
54 20 2104
55 20 1832
56 20 1393
57 20 1622
58 20 2334
59 20 1968
60 20 1968
61 20 1730
62 20 2004
63 20 1886
64 20 1871
65 20 2001
66 20 1595
67 20 1995
68 20 2328
69 20 1876
70 20 2010
71 20 1921
72 20 2022
73 20 1995
74 20 1575
75 20 2262
76 20 2228
77 20 1649
78 20 2275
79 20 1724
80 20 1706
81 20 1791
82 20 2232
83 20 1655
84 20 2030
85 20 1887
86 20 1951
87 20 2255
88 20 2113
89 20 1793
90 20 1430
91 20 2148
92 20 2139
93 20 2139
94 20 2331
95 20 1586
96 20 2010
97 20 2110
98 20 2257
99 20 2221
100 20 1917