uf20-0768.mwcnf 3062 -1 2 3 -4 -5 -6 7 -8 -9 10 11 12 13 14 15 16 -17 18 19 20 0
uf20-0218.mwcnf 5168 1 2 -3 -4 5 -6 7 8 9 10 -11 12 13 14 -15 -16 17 18 19 -20 0
uf20-0881.mwcnf 2774 -1 2 3 4 5 6 7 8 -9 10 -11 -12 13 -14 -15 16 17 18 19 20 0
uf20-0216.mwcnf 4882 1 -2 -3 4 -5 6 -7 8 -9 10 -11 12 -13 14 15 -16 17 18 19 20 0
uf20-0254.mwcnf 6239 1 -2 3 4 5 6 7 8 9 -10 11 12 -13 14 15 -16 -17 18 19 20 0
uf20-0974.mwcnf 2840 1 -2 3 -4 5 6 -7 -8 9 -10 -11 12 -13 14 15 16 17 18 19 20 0
uf20-0888.mwcnf 3534 1 2 3 -4 5 6 -7 8 9 10 11 -12 13 14 15 16 17 18 19 20 0
uf20-0879.mwcnf 3250 1 -2 3 -4 -5 6 7 8 9 10 11 12 13 14 -15 -16 17 18 19 20 0
uf20-0576.mwcnf 3260 1 2 -3 4 -5 -6 -7 8 -9 10 11 12 13 14 15 -16 17 18 19 20 0
uf20-0490.mwcnf 3637 1 -2 3 4 5 -6 7 8 9 10 11 12 13 14 -15 16 17 18 -19 20 0
uf20-0883.mwcnf 2736 1 -2 -3 4 5 6 7 8 -9 10 -11 12 -13 14 -15 16 17 18 19 20 0
uf20-0232.mwcnf 6589 1 2 -3 -4 5 6 7 8 9 10 -11 12 13 -14 15 -16 17 18 19 20 0
uf20-0775.mwcnf 2458 -1 2 -3 4 5 6 -7 -8 9 10 11 12 -13 14 -15 -16 -17 18 19 20 0
uf20-0591.mwcnf 3002 -1 2 3 -4 5 6 7 -8 -9 10 -11 12 -13 14 15 16 17 18 19 -20 0
uf20-0251.mwcnf 7247 1 -2 -3 4 5 6 7 8 9 10 11 12 13 -14 15 16 17 18 19 -20 0
uf20-0857.mwcnf 2564 1 -2 3 4 -5 6 -7 8 -9 10 11 12 -13 14 15 16 17 18 -19 -20 0
uf20-0552.mwcnf 3803 1 2 3 -4 5 6 7 -8 9 10 11 -12 13 14 15 16 17 18 19 20 0
uf20-063.mwcnf 3475 1 2 3 4 5 6 -7 -8 9 10 11 12 -13 14 -15 16 17 -18 19 20 0
uf20-0938.mwcnf 2936 -1 2 -3 4 -5 6 7 8 9 10 -11 12 13 14 15 16 -17 18 -19 20 0
uf20-067.mwcnf 3429 1 2 -3 -4 5 6 7 8 9 -10 11 12 -13 -14 15 16 17 18 19 20 0
uf20-0567.mwcnf 2633 1 -2 3 -4 5 6 7 8 9 10 11 12 13 14 15 -16 -17 -18 19 -20 0
uf20-0186.mwcnf 6675 -1 2 3 -4 5 6 7 8 9 -10 11 12 -13 14 15 16 17 18 19 20 0
uf20-0542.mwcnf 3533 1 2 3 -4 5 6 -7 8 9 10 11 -12 -13 14 15 16 17 18 19 20 0
uf20-0892.mwcnf 2775 1 -2 -3 4 5 6 7 8 9 10 11 -12 13 -14 15 16 17 18 -19 -20 0
uf20-0329.mwcnf 2464 -1 2 3 4 5 6 -7 8 9 -10 -11 12 13 14 15 16 -17 18 19 -20 0
uf20-0600.mwcnf 2846 -1 -2 3 -4 5 6 7 8 9 10 11 12 -13 -14 15 16 17 -18 19 -20 0
uf20-0210.mwcnf 4136 1 -2 -3 4 5 6 7 8 9 10 11 12 13 14 15 -16 -17 -18 19 -20 0
uf20-0500.mwcnf 2492 1 2 3 -4 -5 6 7 8 -9 10 11 12 13 -14 15 16 -17 18 -19 -20 0
uf20-0724.mwcnf 4781 1 2 3 4 5 6 7 8 -9 10 11 12 13 14 15 16 17 18 19 20 0
uf20-0332.mwcnf 2447 1 -2 -3 -4 5 6 -7 -8 9 10 11 12 -13 14 15 16 -17 18 -19 20 0
uf20-0359.mwcnf 2405 -1 2 -3 4 5 -6 7 8 9 10 -11 12 13 -14 -15 16 -17 18 19 20 0
uf20-0297.mwcnf 5113 1 2 3 4 5 -6 7 8 9 -10 11 12 -13 -14 15 -16 17 -18 19 -20 0
uf20-0846.mwcnf 3908 1 2 3 4 5 6 7 8 9 -10 11 12 13 14 15 16 17 -18 19 20 0
uf20-0276.mwcnf 6998 -1 -2 3 4 5 6 7 8 9 10 11 12 13 -14 15 -16 17 18 19 20 0
uf20-0203.mwcnf 5589 1 -2 -3 -4 5 6 -7 8 9 10 11 12 13 14 15 -16 -17 18 19 20 0
uf20-0925.mwcnf 2647 -1 2 3 4 5 6 -7 8 9 10 11 -12 -13 14 15 16 17 18 19 -20 0
uf20-0807.mwcnf 3380 1 -2 3 4 5 6 7 8 -9 -10 11 12 13 14 15 16 17 18 19 -20 0
uf20-0120.mwcnf 6529 1 -2 3 4 5 6 7 8 9 10 11 12 -13 -14 15 16 17 18 -19 -20 0
uf20-0796.mwcnf 2989 1 -2 3 -4 5 6 -7 8 9 10 11 12 -13 -14 -15 -16 17 18 19 20 0
uf20-0125.mwcnf 8727 1 2 3 4 5 6 7 8 -9 10 11 12 13 14 -15 16 17 18 19 20 0
uf20-0950.mwcnf 3002 1 -2 3 4 -5 6 7 8 -9 10 11 12 13 14 -15 -16 17 -18 19 20 0
uf20-0536.mwcnf 2444 1 -2 3 -4 -5 6 7 8 9 10 11 12 -13 -14 15 16 17 -18 19 -20 0
uf20-0560.mwcnf 3347 -1 2 3 4 5 -6 7 -8 9 10 -11 12 13 14 -15 16 17 18 19 20 0
uf20-0923.mwcnf 3484 1 2 3 -4 -5 -6 7 8 9 10 11 12 13 -14 15 16 17 18 19 20 0
uf20-0887.mwcnf 2578 -1 2 -3 4 -5 6 7 -8 9 10 -11 12 13 14 15 16 17 18 -19 20 0
uf20-0227.mwcnf 7986 1 2 3 4 5 6 7 8 9 -10 -11 12 13 14 15 16 17 18 19 20 0
uf20-0663.mwcnf 3117 1 -2 3 4 5 6 7 8 9 10 -11 12 -13 14 15 -16 17 18 -19 -20 0
uf20-0971.mwcnf 2440 -1 2 -3 4 5 6 -7 8 -9 10 11 12 -13 14 -15 16 17 18 -19 20 0
uf20-0198.mwcnf 5890 1 2 3 4 5 -6 7 8 -9 -10 11 12 13 -14 -15 16 17 18 19 -20 0
uf20-0727.mwcnf 3814 1 2 3 4 5 6 -7 8 9 10 11 12 13 -14 15 16 17 -18 19 20 0
uf20-0584.mwcnf 2646 1 2 -3 -4 5 6 -7 8 9 -10 -11 -12 13 -14 15 16 17 18 19 20 0
uf20-0641.mwcnf 3574 1 2 3 -4 5 6 7 8 9 10 -11 -12 -13 14 15 16 17 18 19 -20 0
uf20-0826.mwcnf 4249 1 -2 3 4 5 6 7 -8 9 10 11 12 13 -14 15 16 17 18 19 20 0
uf20-0226.mwcnf 6042 1 2 3 4 5 6 -7 8 9 10 -11 12 13 14 -15 16 17 -18 19 -20 0
uf20-0279.mwcnf 7425 1 2 3 4 -5 6 7 -8 9 10 11 -12 13 14 15 -16 17 18 19 20 0
uf20-0566.mwcnf 2623 1 -2 3 4 -5 -6 -7 -8 9 10 -11 12 13 14 15 -16 17 18 19 20 0
uf20-0988.mwcnf 2609 -1 2 3 4 5 6 -7 8 -9 10 11 12 -13 -14 15 16 17 18 19 20 0
uf20-040.mwcnf 2616 1 2 3 4 5 6 -7 -8 9 10 -11 12 -13 -14 -15 16 17 -18 19 20 0
uf20-0959.mwcnf 3502 1 2 3 4 -5 6 7 8 9 10 11 -12 13 -14 15 16 -17 18 19 20 0
uf20-0217.mwcnf 7423 1 -2 -3 4 5 6 7 8 9 -10 11 12 13 14 15 16 17 18 19 20 0
uf20-0680.mwcnf 4318 1 2 3 4 5 6 7 8 9 10 11 -12 13 14 -15 16 17 18 19 20 0
uf20-0460.mwcnf 3294 -1 2 3 4 5 6 7 8 -9 10 11 12 13 -14 15 16 -17 18 19 -20 0
uf20-0774.mwcnf 3126 1 -2 3 4 -5 -6 7 8 -9 10 11 12 13 -14 15 16 -17 18 19 20 0
uf20-0720.mwcnf 3986 1 2 3 4 5 6 7 8 9 10 11 -12 -13 14 15 16 -17 18 19 20 0
uf20-0328.mwcnf 2915 -1 2 3 4 5 6 -7 -8 -9 -10 11 12 13 14 15 16 17 -18 19 20 0
uf20-0228.mwcnf 6480 1 2 3 4 5 6 -7 8 9 -10 11 12 13 -14 15 -16 17 18 19 -20 0
uf20-0579.mwcnf 4358 1 2 3 4 -5 6 7 8 9 -10 11 12 -13 14 15 16 17 18 19 20 0
uf20-0771.mwcnf 3538 -1 2 3 4 5 -6 7 8 9 10 11 -12 13 14 15 16 17 18 -19 -20 0
uf20-0424.mwcnf 3067 1 2 3 4 5 6 7 8 -9 -10 11 -12 13 14 -15 16 17 18 -19 -20 0
uf20-0113.mwcnf 6500 1 -2 3 4 -5 6 7 8 9 10 11 -12 -13 14 15 16 17 18 19 -20 0
uf20-0803.mwcnf 3791 -1 2 3 4 5 6 7 -8 9 10 -11 12 13 14 15 -16 17 18 19 20 0
uf20-0639.mwcnf 3436 1 -2 3 4 5 6 7 8 9 10 11 -12 13 -14 15 -16 17 -18 19 20 0
uf20-0305.mwcnf 3420 1 2 3 -4 -5 6 7 8 9 10 11 -12 13 14 15 -16 17 18 19 20 0
uf20-0553.mwcnf 2755 1 2 3 4 -5 6 7 8 9 -10 -11 12 13 -14 15 -16 -17 18 19 -20 0
uf20-01000.mwcnf 5738 -1 2 3 4 5 6 7 8 9 10 -11 12 13 14 -15 -16 -17 18 19 -20 0
uf20-0292.mwcnf 6992 -1 2 -3 -4 5 6 7 8 9 -10 11 12 13 14 15 16 17 18 19 20 0
uf20-0954.mwcnf 3664 1 -2 3 4 -5 6 7 -8 9 10 -11 12 13 14 15 16 17 18 19 20 0
uf20-0211.mwcnf 6673 1 2 3 4 5 6 7 8 -9 -10 11 12 13 -14 -15 16 17 18 19 20 0
uf20-0574.mwcnf 4428 1 2 3 4 5 6 7 8 9 10 11 12 13 14 15 16 17 -18 -19 -20 0
uf20-0126.mwcnf 6888 1 2 3 4 5 6 7 8 9 -10 11 -12 -13 14 15 -16 17 18 -19 20 0
uf20-0161.mwcnf 7085 1 -2 -3 4 5 6 7 8 9 10 11 12 13 14 15 16 -17 18 -19 20 0
uf20-0323.mwcnf 2002 -1 -2 -3 4 5 6 -7 -8 9 10 11 12 -13 14 -15 16 17 18 -19 20 0
uf20-0256.mwcnf 7088 1 -2 3 4 5 6 -7 8 9 10 11 12 13 14 -15 16 17 18 19 20 0
uf20-0804.mwcnf 3182 1 2 3 4 5 6 7 8 -9 10 11 12 -13 14 15 -16 17 -18 19 20 0
uf20-0793.mwcnf 3353 1 -2 3 4 5 6 7 8 9 10 11 -12 -13 14 15 16 17 -18 -19 20 0
uf20-0769.mwcnf 3343 -1 2 -3 4 5 6 7 8 9 10 11 12 13 14 15 16 -17 18 -19 -20 0
uf20-0707.mwcnf 3426 1 -2 3 4 -5 6 -7 -8 9 10 11 12 -13 14 15 16 17 -18 19 20 0
uf20-0897.mwcnf 2990 1 2 3 4 5 -6 -7 8 -9 10 11 12 13 14 15 -16 17 18 19 -20 0
uf20-0182.mwcnf 6392 -1 2 3 4 5 6 -7 -8 9 10 11 12 13 14 15 16 -17 18 19 20 0
uf20-0306.mwcnf 2134 -1 2 3 4 -5 -6 7 8 9 10 11 -12 -13 -14 -15 16 17 18 19 -20 0
uf20-0231.mwcnf 4198 -1 -2 3 4 5 6 7 -8 9 -10 -11 -12 13 14 15 16 -17 -18 -19 20 0
uf20-0918.mwcnf 3297 1 2 -3 -4 -5 6 -7 8 9 10 11 12 13 -14 15 16 17 18 19 20 0
uf20-083.mwcnf 3049 1 2 3 4 5 -6 -7 8 9 10 11 12 13 14 -15 -16 17 18 -19 20 0
uf20-0848.mwcnf 3279 1 2 3 4 5 -6 7 -8 -9 10 -11 12 -13 14 15 16 17 18 19 20 0
uf20-0403.mwcnf 3681 1 2 3 4 5 -6 7 -8 9 10 11 12 13 14 15 16 17 -18 19 20 0
uf20-085.mwcnf 3428 1 2 -3 4 5 6 7 8 -9 -10 11 12 13 14 15 -16 17 18 19 20 0
uf20-0261.mwcnf 6663 -1 2 -3 4 5 6 7 8 9 10 -11 12 13 14 15 16 17 18 -19 20 0
uf20-0609.mwcnf 3232 -1 2 3 4 -5 -6 7 -8 9 10 11 12 13 14 -15 16 17 -18 19 20 0
uf20-0628.mwcnf 4113 1 2 3 4 5 6 -7 8 -9 10 11 12 13 14 15 16 17 18 19 -20 0
uf20-0705.mwcnf 4481 1 2 3 4 5 6 7 -8 9 -10 11 12 13 -14 15 16 17 18 19 20 0
uf20-0752.mwcnf 3272 1 -2 3 -4 5 6 7 8 9 10 11 12 -13 -14 15 16 17 18 -19 -20 0
uf20-0851.mwcnf 2472 1 2 3 -4 5 -6 -7 8 9 10 11 12 13 14 15 16 -17 -18 -19 20 0
uf20-0224.mwcnf 5727 1 2 -3 -4 5 6 7 8 9 -10 11 12 13 -14 -15 -16 17 18 19 20 0
uf20-030.mwcnf 3493 1 2 3 4 -5 6 7 8 9 -10 11 -12 13 14 15 16 17 18 -19 20 0
uf20-0697.mwcnf 3729 -1 2 -3 -4 5 6 7 8 9 10 11 12 13 14 15 16 17 18 19 -20 0
uf20-0863.mwcnf 3058 -1 2 -3 4 5 6 7 8 9 10 11 12 -13 14 15 16 17 18 19 -20 0
uf20-0631.mwcnf 3657 1 2 3 4 5 -6 7 8 9 10 11 -12 13 -14 15 -16 17 18 19 20 0
uf20-0173.mwcnf 7158 1 -2 3 4 5 6 7 8 9 10 -11 -12 13 14 15 -16 -17 18 19 20 0
uf20-0463.mwcnf 2873 1 2 -3 -4 5 6 7 -8 9 10 11 12 13 14 15 16 17 18 -19 20 0
uf20-073.mwcnf 4217 1 2 -3 4 5 6 7 8 9 10 -11 12 13 -14 -15 16 17 18 19 20 0
uf20-0504.mwcnf 2816 1 -2 -3 4 -5 6 7 8 9 -10 11 12 13 14 15 16 17 18 -19 20 0
uf20-0363.mwcnf 3670 1 2 -3 4 5 -6 7 8 9 10 11 12 13 14 15 16 17 -18 19 20 0
uf20-0378.mwcnf 3437 1 2 3 4 5 6 7 -8 -9 10 11 12 -13 14 -15 -16 17 18 19 20 0
uf20-0559.mwcnf 2757 -1 2 -3 -4 5 6 7 8 -9 10 11 -12 13 -14 15 -16 17 18 19 20 0
uf20-0896.mwcnf 2898 -1 -2 3 -4 5 6 7 8 9 10 11 12 -13 14 15 -16 17 -18 -19 20 0
uf20-0483.mwcnf 3300 -1 2 -3 4 5 -6 7 8 9 -10 11 12 13 14 15 16 17 18 19 20 0
uf20-011.mwcnf 7683 1 2 3 4 5 6 -7 -8 -9 10 -11 12 13 14 15 16 17 18 19 20 0
uf20-0596.mwcnf 3464 1 -2 -3 4 -5 6 -7 8 9 10 -11 12 13 14 15 16 17 18 19 20 0
uf20-0900.mwcnf 3112 1 -2 3 4 5 -6 -7 8 9 10 11 12 13 14 -15 16 17 18 -19 20 0
uf20-0967.mwcnf 3502 1 2 3 4 5 6 -7 8 9 10 11 12 -13 14 -15 16 17 18 19 -20 0
uf20-0581.mwcnf 3822 -1 -2 3 -4 5 6 7 8 9 10 11 -12 13 14 15 -16 17 18 19 20 0
uf20-0763.mwcnf 4372 1 2 -3 4 5 6 -7 8 9 10 11 12 13 14 -15 16 17 18 19 20 0
uf20-0530.mwcnf 3279 1 2 3 -4 5 6 7 -8 9 -10 11 12 13 14 15 16 17 -18 19 20 0
uf20-0931.mwcnf 3130 1 2 3 4 -5 6 7 -8 9 10 11 12 13 -14 -15 16 -17 18 19 20 0
uf20-0905.mwcnf 2531 1 -2 3 -4 5 -6 7 -8 9 -10 11 12 13 14 15 -16 17 18 19 20 0
uf20-0535.mwcnf 2399 -1 -2 3 4 5 6 7 -8 -9 10 -11 12 13 14 -15 16 17 18 19 -20 0
uf20-0610.mwcnf 4029 1 2 3 4 5 6 7 8 9 -10 11 12 13 -14 -15 16 17 -18 19 20 0
uf20-0219.mwcnf 6094 1 2 3 4 5 6 7 -8 9 10 11 -12 -13 14 15 -16 17 18 -19 20 0
uf20-0595.mwcnf 3743 -1 2 3 4 5 6 7 8 9 -10 11 12 13 14 -15 16 17 18 19 -20 0
uf20-0659.mwcnf 3525 1 2 3 4 5 6 7 8 9 10 11 -12 13 -14 -15 16 -17 -18 19 20 0
uf20-0249.mwcnf 6524 -1 -2 -3 4 -5 6 7 8 9 -10 11 12 13 14 15 16 17 18 19 20 0
uf20-0412.mwcnf 3101 -1 2 3 4 5 -6 7 8 9 10 11 12 -13 14 15 -16 17 18 19 -20 0
uf20-016.mwcnf 6936 1 2 -3 4 5 -6 -7 8 9 10 11 12 13 14 15 -16 -17 18 19 20 0
uf20-0298.mwcnf 7361 1 2 -3 4 5 6 7 8 9 10 -11 -12 -13 14 15 16 17 18 19 20 0
uf20-0289.mwcnf 6005 1 2 -3 4 5 -6 -7 8 -9 10 -11 12 13 14 15 16 17 18 19 20 0
uf20-0263.mwcnf 6913 -1 2 3 -4 5 6 -7 8 9 10 11 12 -13 14 15 16 17 18 19 20 0
uf20-0405.mwcnf 2484 -1 2 3 4 5 6 7 -8 9 10 -11 -12 -13 14 15 16 17 18 19 -20 0
uf20-0814.mwcnf 3857 1 2 3 4 5 6 7 8 9 -10 11 12 13 14 15 16 -17 -18 19 -20 0
uf20-0410.mwcnf 2969 1 2 3 4 5 6 7 -8 9 -10 11 12 13 -14 15 16 17 -18 19 -20 0
uf20-0183.mwcnf 5207 1 2 3 -4 5 6 7 8 -9 10 -11 12 -13 14 15 -16 -17 18 -19 -20 0
uf20-0387.mwcnf 2676 -1 2 -3 4 5 6 -7 8 9 -10 11 -12 13 14 15 16 17 18 -19 20 0
uf20-0275.mwcnf 4882 1 -2 3 -4 5 6 -7 8 -9 10 11 12 13 14 15 16 17 18 -19 -20 0
uf20-0794.mwcnf 2366 1 -2 3 -4 -5 -6 7 -8 -9 10 11 12 -13 14 -15 16 -17 18 -19 -20 0
uf20-0997.mwcnf 3125 1 2 3 -4 5 6 7 8 9 10 11 12 13 14 15 16 -17 18 -19 -20 0
uf20-0791.mwcnf 3752 1 2 -3 4 -5 6 -7 -8 9 10 11 12 13 -14 15 16 17 18 19 20 0
uf20-0309.mwcnf 2725 1 2 3 -4 5 6 7 8 9 -10 11 12 13 -14 15 16 17 -18 -19 -20 0
uf20-0627.mwcnf 3632 1 -2 3 4 5 6 7 8 -9 -10 11 12 13 14 -15 16 -17 18 19 20 0
uf20-01.mwcnf 6403 1 2 3 4 -5 6 7 8 9 10 11 12 -13 14 -15 16 17 18 19 20 0
uf20-0827.mwcnf 2769 1 -2 -3 4 5 6 7 -8 9 -10 11 -12 13 14 -15 16 -17 18 19 -20 0
uf20-0248.mwcnf 6897 1 2 -3 -4 -5 6 7 8 9 -10 11 12 13 14 15 16 17 18 19 20 0
uf20-0676.mwcnf 3082 1 2 -3 4 5 6 7 -8 -9 10 11 12 13 -14 -15 16 17 -18 19 20 0
uf20-0317.mwcnf 2640 1 -2 3 -4 5 -6 7 -8 9 10 11 -12 13 14 15 -16 17 18 19 -20 0
uf20-0448.mwcnf 4084 1 2 -3 4 5 -6 7 8 9 10 11 12 13 14 15 16 17 18 19 -20 0
uf20-0744.mwcnf 3553 1 2 -3 4 5 6 7 8 9 10 11 -12 -13 14 15 -16 -17 18 19 20 0
uf20-0515.mwcnf 3085 1 2 3 4 -5 -6 7 8 9 10 -11 12 -13 14 -15 16 17 18 19 20 0
uf20-0941.mwcnf 1883 1 2 3 -4 -5 -6 -7 8 -9 10 11 -12 13 14 15 16 17 18 -19 -20 0
uf20-072.mwcnf 3013 1 -2 -3 4 5 6 7 -8 9 -10 11 12 -13 14 15 -16 -17 18 19 20 0
uf20-0283.mwcnf 7832 1 2 3 4 5 6 7 -8 9 10 11 12 13 14 15 16 17 18 -19 20 0
uf20-0214.mwcnf 7136 1 2 3 4 5 6 -7 8 9 10 11 -12 -13 14 15 -16 17 -18 19 20 0
uf20-0831.mwcnf 4086 -1 2 3 4 5 6 7 8 9 10 11 12 13 -14 15 16 17 -18 19 20 0
uf20-0679.mwcnf 3720 -1 2 3 4 5 6 7 8 -9 -10 -11 12 13 14 15 16 17 18 19 20 0
uf20-058.mwcnf 3261 1 2 3 -4 5 -6 7 -8 -9 10 11 12 13 14 -15 -16 17 18 19 20 0
uf20-065.mwcnf 3786 1 2 3 4 -5 6 -7 8 -9 10 11 12 13 14 15 -16 17 18 19 -20 0
uf20-0312.mwcnf 2502 1 2 3 -4 5 6 -7 8 9 10 11 -12 13 -14 -15 -16 -17 -18 19 20 0
uf20-0419.mwcnf 2476 1 -2 3 4 -5 6 -7 8 9 10 11 -12 13 14 -15 16 -17 18 -19 20 0
uf20-0181.mwcnf 6702 1 2 3 4 5 6 -7 -8 9 10 -11 12 13 14 15 16 -17 -18 19 20 0
uf20-0637.mwcnf 2768 1 2 3 -4 5 6 7 -8 9 10 -11 12 13 -14 15 16 -17 18 -19 -20 0
uf20-0557.mwcnf 2399 1 2 -3 -4 5 -6 -7 8 -9 10 11 -12 13 14 15 16 -17 18 -19 20 0
uf20-0920.mwcnf 3958 1 2 3 4 5 6 7 8 -9 10 11 12 13 14 -15 16 17 18 19 20 0
uf20-0789.mwcnf 4325 1 2 3 4 -5 6 7 -8 9 10 11 12 -13 14 15 16 17 -18 19 20 0
uf20-0384.mwcnf 2840 -1 2 3 4 5 6 7 8 9 10 11 -12 13 -14 -15 16 17 18 19 20 0
uf20-0607.mwcnf 4156 1 2 3 4 5 6 7 8 -9 10 11 12 13 -14 15 16 -17 18 19 20 0
uf20-091.mwcnf 3367 -1 2 3 4 5 6 -7 8 9 10 -11 12 13 14 15 16 17 18 19 -20 0
uf20-0452.mwcnf 2866 -1 2 3 4 5 6 7 8 9 10 11 12 13 -14 -15 -16 -17 18 19 -20 0
uf20-0322.mwcnf 3439 1 -2 3 -4 5 6 7 8 9 10 11 12 13 -14 -15 16 17 18 19 -20 0
uf20-0529.mwcnf 3407 1 2 -3 4 5 6 7 8 9 10 11 12 -13 14 15 -16 17 -18 19 20 0
uf20-0502.mwcnf 3168 1 -2 3 4 5 6 7 8 9 10 11 -12 13 14 15 16 17 18 -19 20 0
uf20-0507.mwcnf 2743 1 2 3 4 5 6 7 8 9 -10 -11 12 -13 14 15 -16 17 -18 -19 20 0
uf20-0994.mwcnf 2741 -1 -2 3 -4 5 -6 7 8 9 10 11 12 13 -14 15 16 17 18 19 -20 0
uf20-0782.mwcnf 2986 -1 -2 3 -4 5 6 7 -8 9 10 11 12 13 14 15 16 -17 -18 -19 20 0
uf20-0437.mwcnf 2507 1 -2 3 4 5 6 -7 8 9 10 11 12 -13 -14 -15 16 17 18 19 -20 0
uf20-0620.mwcnf 2956 1 2 3 -4 5 6 -7 8 -9 10 11 12 13 14 15 -16 -17 18 19 -20 0
uf20-0195.mwcnf 7212 1 2 3 4 5 -6 7 8 9 10 11 12 13 -14 15 16 17 18 -19 20 0
uf20-0549.mwcnf 2604 -1 2 3 -4 -5 6 7 8 9 10 11 12 -13 14 15 -16 17 18 -19 20 0
uf20-0674.mwcnf 2750 1 -2 3 -4 5 6 7 -8 -9 -10 11 -12 13 14 15 16 17 18 -19 -20 0
uf20-015.mwcnf 5046 -1 2 3 4 5 6 7 8 9 10 11 -12 13 14 15 -16 -17 18 19 -20 0
uf20-0823.mwcnf 3350 1 -2 3 4 -5 6 7 8 -9 10 11 12 13 -14 -15 16 17 18 -19 20 0
uf20-0427.mwcnf 3049 1 2 3 4 5 -6 7 8 9 10 11 12 -13 14 15 16 17 -18 19 -20 0
uf20-0489.mwcnf 3640 1 2 3 4 5 6 -7 8 -9 10 11 12 13 14 -15 -16 17 18 19 20 0
uf20-0860.mwcnf 2998 1 -2 -3 4 5 6 7 8 9 10 11 12 -13 14 -15 16 -17 18 19 20 0
uf20-0832.mwcnf 2397 1 2 3 -4 5 -6 -7 -8 9 -10 11 -12 -13 -14 -15 16 17 18 19 20 0
uf20-0634.mwcnf 3052 1 2 -3 -4 5 -6 7 -8 9 10 11 12 13 -14 15 16 17 18 -19 20 0
uf20-0986.mwcnf 2164 -1 2 3 4 -5 6 -7 8 -9 10 11 -12 13 -14 15 16 -17 18 19 20 0
uf20-0873.mwcnf 4269 1 2 3 4 5 6 7 8 9 10 11 12 13 14 15 16 -17 -18 19 20 0
uf20-0809.mwcnf 3196 -1 -2 3 4 5 -6 7 8 -9 10 11 12 -13 14 -15 16 17 18 19 20 0
uf20-0970.mwcnf 2825 1 -2 3 -4 5 -6 7 8 9 10 -11 12 13 -14 15 16 -17 18 19 20 0
uf20-0982.mwcnf 2471 1 -2 3 4 -5 6 -7 -8 9 -10 11 12 -13 -14 15 16 17 18 -19 20 0
uf20-0995.mwcnf 3338 -1 2 3 4 5 6 7 8 9 10 11 -12 13 14 15 16 17 18 -19 -20 0
uf20-0672.mwcnf 3013 1 2 3 4 5 6 7 -8 9 -10 11 -12 13 14 15 -16 -17 18 -19 20 0
uf20-0185.mwcnf 6543 1 2 -3 4 5 6 7 8 9 -10 11 -12 -13 14 15 16 17 -18 19 20 0
uf20-0327.mwcnf 3070 1 2 3 4 5 6 7 8 9 10 -11 -12 13 14 15 16 -17 18 19 20 0
uf20-03.mwcnf 3118 1 2 3 4 5 6 -7 8 9 10 11 -12 13 14 15 -16 17 -18 19 20 0
uf20-0250.mwcnf 8373 1 2 3 4 -5 6 7 8 9 10 11 12 13 14 15 16 17 18 -19 20 0
uf20-0506.mwcnf 3888 1 2 3 4 5 6 7 8 9 -10 -11 12 13 14 15 16 17 18 19 20 0
uf20-0420.mwcnf 3285 1 2 -3 4 5 6 -7 8 9 10 11 -12 13 14 15 16 17 18 -19 20 0
uf20-0272.mwcnf 5480 1 2 -3 -4 -5 -6 7 8 9 10 -11 12 -13 14 15 16 17 18 -19 20 0
uf20-0124.mwcnf 7188 1 2 3 4 5 6 7 8 9 -10 11 12 13 14 -15 -16 17 -18 19 20 0
uf20-0512.mwcnf 2865 1 -2 3 4 5 6 7 -8 9 -10 11 -12 -13 14 15 16 17 18 -19 20 0
uf20-0171.mwcnf 8216 1 2 3 4 5 6 7 8 9 10 11 12 13 14 15 16 -17 18 -19 20 0
uf20-0743.mwcnf 3000 -1 2 -3 -4 5 -6 7 8 -9 -10 11 12 13 14 15 16 17 18 19 -20 0
uf20-0616.mwcnf 2246 1 -2 -3 4 5 6 -7 -8 9 -10 11 -12 13 -14 -15 -16 17 18 19 20 0
uf20-0509.mwcnf 2847 -1 2 3 4 5 6 7 8 9 10 -11 12 -13 14 15 16 -17 18 19 -20 0
uf20-0751.mwcnf 3113 -1 -2 3 4 5 6 7 8 -9 -10 11 12 -13 14 15 16 17 -18 19 20 0
uf20-035.mwcnf 3726 1 2 3 -4 5 6 -7 8 9 10 11 12 -13 14 -15 16 17 18 19 20 0
uf20-0868.mwcnf 2754 1 2 3 4 5 -6 -7 8 9 -10 11 12 13 -14 15 16 -17 18 -19 20 0
uf20-0342.mwcnf 2694 1 2 3 4 5 6 7 8 9 -10 11 12 -13 -14 15 16 17 -18 19 20 0
uf20-0307.mwcnf 3442 1 2 3 -4 5 -6 7 -8 9 10 11 12 13 14 15 16 -17 18 -19 20 0
uf20-0105.mwcnf 6790 -1 2 3 4 5 6 7 -8 9 10 11 12 -13 -14 15 -16 17 18 19 20 0
uf20-0855.mwcnf 3954 -1 2 -3 4 5 6 7 8 9 10 11 12 13 14 15 16 17 18 19 20 0
uf20-0813.mwcnf 3529 1 2 3 4 5 -6 7 -8 9 10 11 12 -13 14 -15 16 -17 18 19 20 0
uf20-0904.mwcnf 2713 1 -2 3 4 5 6 -7 8 9 10 -11 12 13 14 15 16 -17 18 19 -20 0
uf20-0660.mwcnf 3907 1 2 -3 4 5 6 -7 8 9 10 11 -12 13 -14 15 16 17 18 19 20 0
uf20-0683.mwcnf 2929 1 2 -3 -4 5 -6 7 -8 9 10 11 12 13 -14 15 16 -17 18 19 -20 0
uf20-0981.mwcnf 2376 -1 2 3 4 -5 -6 7 8 9 10 11 12 -13 14 15 16 17 18 -19 -20 0
uf20-0331.mwcnf 2938 1 2 -3 4 5 6 7 8 9 10 11 -12 13 -14 15 -16 17 -18 19 -20 0
uf20-0894.mwcnf 3592 1 2 3 4 -5 6 -7 8 9 10 11 12 -13 14 15 -16 17 18 19 20 0
uf20-0750.mwcnf 4951 1 2 3 4 5 6 7 8 9 -10 11 -12 13 14 15 16 17 18 19 20 0
uf20-0598.mwcnf 3665 1 2 3 -4 5 6 7 8 9 10 11 12 -13 14 15 16 17 -18 -19 20 0
uf20-0993.mwcnf 3528 1 2 3 4 5 6 -7 8 -9 10 11 12 -13 14 -15 16 17 18 19 20 0
uf20-0872.mwcnf 2181 1 2 3 4 -5 -6 -7 8 -9 -10 11 -12 13 14 15 -16 17 18 -19 20 0
uf20-0866.mwcnf 2566 1 -2 3 4 -5 6 -7 8 9 10 11 12 -13 14 -15 -16 17 18 -19 20 0
uf20-0399.mwcnf 2169 1 -2 -3 4 -5 -6 7 8 9 10 -11 12 -13 -14 15 16 -17 18 19 20 0
uf20-0838.mwcnf 2461 -1 2 -3 4 -5 -6 7 8 9 -10 11 12 13 14 15 -16 17 18 19 20 0
uf20-0477.mwcnf 3395 1 2 3 4 5 6 -7 8 9 -10 11 -12 13 14 -15 16 -17 18 19 20 0
uf20-0193.mwcnf 5675 1 2 3 4 -5 -6 7 8 -9 -10 11 12 -13 14 15 16 17 18 -19 20 0
uf20-0386.mwcnf 3847 1 -2 3 4 5 -6 7 8 9 10 11 12 13 14 15 16 17 -18 19 20 0
uf20-0244.mwcnf 6261 -1 2 3 4 5 6 7 8 9 10 11 12 -13 14 -15 16 17 18 -19 -20 0
uf20-0675.mwcnf 3950 1 2 -3 4 5 6 7 8 9 -10 -11 12 13 14 15 -16 17 18 19 20 0
uf20-07.mwcnf 3381 -1 2 3 4 -5 6 7 8 9 -10 11 12 13 14 15 -16 -17 18 19 20 0
uf20-0757.mwcnf 4411 1 2 3 4 5 6 -7 8 -9 10 11 12 13 14 15 16 17 18 19 20 0
uf20-0455.mwcnf 3199 1 2 3 -4 5 -6 -7 8 9 10 11 -12 13 14 15 16 -17 18 19 20 0
uf20-0755.mwcnf 3848 1 2 3 -4 5 -6 -7 8 9 10 11 -12 13 14 15 16 17 18 19 20 0
uf20-0302.mwcnf 7361 1 2 3 4 5 -6 7 8 9 10 11 12 -13 14 -15 16 17 18 -19 20 0
uf20-0858.mwcnf 2955 1 -2 3 4 5 6 -7 8 -9 10 -11 12 -13 -14 15 16 17 18 19 20 0
uf20-0957.mwcnf 3490 1 -2 3 4 -5 6 7 8 9 10 11 12 13 14 15 16 17 18 -19 20 0
uf20-0802.mwcnf 3531 1 -2 3 4 5 -6 7 8 9 -10 -11 12 13 14 -15 16 17 18 19 20 0
uf20-0649.mwcnf 3187 -1 2 3 4 5 -6 7 8 -9 -10 11 12 -13 -14 15 16 17 18 19 20 0
uf20-0274.mwcnf 7164 1 -2 3 -4 5 6 7 8 9 -10 11 12 13 14 15 -16 17 18 19 20 0
uf20-0417.mwcnf 3502 1 2 3 4 -5 6 7 8 9 10 -11 -12 13 14 15 16 17 18 19 20 0
uf20-0521.mwcnf 2881 1 2 3 -4 5 6 7 -8 -9 10 11 12 13 -14 15 -16 17 18 -19 20 0
uf20-0725.mwcnf 3433 1 -2 -3 4 5 6 7 8 9 10 11 12 13 14 -15 16 17 -18 -19 20 0
uf20-0689.mwcnf 3216 1 2 3 -4 5 6 -7 8 9 10 11 12 13 14 -15 16 -17 -18 19 -20 0
uf20-0932.mwcnf 3387 1 2 3 4 5 -6 7 8 -9 -10 11 12 13 14 -15 16 17 18 19 20 0
uf20-023.mwcnf 3943 -1 2 3 4 -5 6 7 -8 -9 10 -11 -12 13 -14 -15 16 -17 -18 19 20 0
uf20-0985.mwcnf 3370 1 2 3 4 5 6 -7 8 9 10 -11 12 13 14 -15 16 17 -18 19 20 0
uf20-0585.mwcnf 4094 1 2 3 4 -5 6 7 8 9 10 -11 -12 13 14 15 16 17 18 19 20 0
uf20-0325.mwcnf 4098 1 2 -3 4 5 6 7 8 9 -10 11 12 13 14 15 16 17 18 19 20 0
uf20-0611.mwcnf 2592 1 2 3 4 5 6 -7 8 -9 10 11 12 -13 -14 15 -16 17 -18 -19 -20 0
uf20-0608.mwcnf 3196 -1 2 3 4 5 6 7 8 -9 10 11 12 -13 14 15 16 17 -18 -19 -20 0
uf20-0926.mwcnf 3563 1 2 -3 4 5 6 7 8 9 10 11 12 13 14 15 -16 -17 18 19 20 0
uf20-0824.mwcnf 2900 1 -2 3 -4 5 -6 -7 -8 9 10 11 12 13 14 15 16 -17 -18 19 20 0
uf20-0197.mwcnf 5059 1 2 3 -4 5 -6 7 -8 -9 10 11 12 13 14 15 -16 -17 -18 19 20 0
uf20-0800.mwcnf 3666 1 2 3 4 5 6 7 8 9 -10 11 -12 13 14 -15 -16 17 18 19 -20 0
uf20-0457.mwcnf 3029 1 2 -3 4 -5 6 7 8 9 10 11 12 -13 14 15 16 17 18 -19 20 0
uf20-0130.mwcnf 5090 -1 -2 3 4 5 -6 7 8 9 10 11 12 13 -14 -15 16 -17 18 19 -20 0
uf20-0875.mwcnf 3480 -1 2 3 -4 5 6 -7 8 9 10 11 12 13 14 -15 16 17 18 19 20 0
uf20-0651.mwcnf 4018 1 -2 3 4 5 6 7 8 9 10 -11 -12 -13 14 15 16 17 18 19 20 0
uf20-0360.mwcnf 3197 1 2 3 4 -5 6 7 -8 9 10 11 12 -13 14 15 16 -17 -18 19 20 0
uf20-0206.mwcnf 8358 1 2 3 4 5 6 7 8 -9 10 11 12 13 14 15 -16 17 18 19 20 0
uf20-0367.mwcnf 2511 1 -2 3 4 -5 -6 7 8 9 -10 11 12 -13 14 15 16 17 18 -19 -20 0
uf20-0462.mwcnf 4251 -1 2 3 4 5 6 7 8 9 10 11 -12 13 14 15 16 17 18 19 20 0
uf20-0914.mwcnf 2949 1 -2 3 4 5 -6 7 -8 9 -10 -11 12 13 14 15 16 17 -18 19 20 0
uf20-0606.mwcnf 3880 -1 2 3 -4 5 6 7 8 9 -10 11 12 13 14 15 16 17 18 -19 20 0
uf20-0488.mwcnf 3563 1 2 3 4 5 6 -7 8 9 10 11 12 13 14 15 16 17 18 -19 -20 0
uf20-0511.mwcnf 3794 1 -2 3 4 5 6 7 8 9 10 11 -12 13 14 15 16 17 18 19 -20 0
uf20-0466.mwcnf 2375 1 2 -3 4 5 6 7 8 -9 10 -11 12 -13 14 15 -16 -17 18 -19 20 0
uf20-0458.mwcnf 1685 1 2 -3 4 -5 6 7 8 9 10 11 -12 13 -14 -15 16 17 -18 -19 -20 0
uf20-0740.mwcnf 4269 1 2 3 4 5 -6 7 8 -9 10 11 12 -13 14 15 16 17 18 19 20 0
uf20-0408.mwcnf 4028 1 2 3 4 5 6 7 8 9 -10 11 -12 13 14 15 16 17 18 19 20 0
uf20-0989.mwcnf 2884 -1 2 -3 4 5 6 7 8 9 10 -11 12 13 -14 15 -16 17 -18 19 20 0
uf20-0984.mwcnf 2837 1 2 3 -4 5 6 7 8 -9 -10 -11 -12 13 -14 -15 16 17 18 19 20 0
uf20-06.mwcnf 4669 1 2 -3 4 5 -6 7 8 9 10 11 12 13 14 15 16 17 18 19 20 0
uf20-0843.mwcnf 2322 1 -2 3 4 -5 -6 -7 8 9 -10 11 12 -13 14 15 16 17 18 19 20 0
uf20-044.mwcnf 2306 -1 -2 3 4 5 6 7 -8 9 -10 11 12 13 14 15 -16 -17 -18 19 20 0
uf20-090.mwcnf 3863 1 2 3 4 5 6 7 8 -9 10 11 12 13 14 15 16 17 18 19 20 0
uf20-0418.mwcnf 3729 -1 2 3 4 5 6 7 8 9 10 -11 12 13 14 15 -16 17 18 19 20 0
uf20-0133.mwcnf 8786 1 -2 3 4 5 6 7 -8 9 10 11 12 13 14 15 16 17 18 19 20 0
uf20-0852.mwcnf 2431 1 2 3 -4 5 -6 7 8 9 -10 11 12 -13 -14 -15 16 17 18 19 -20 0
uf20-0699.mwcnf 3712 1 2 3 4 -5 -6 -7 8 -9 10 11 12 13 14 15 16 17 -18 19 20 0
uf20-0785.mwcnf 3024 -1 2 3 -4 -5 6 7 -8 9 10 11 12 13 14 15 16 17 -18 -19 -20 0
uf20-0539.mwcnf 3188 1 2 3 -4 5 -6 7 8 9 10 11 12 13 -14 15 16 -17 18 -19 20 0
uf20-0820.mwcnf 3740 1 2 3 4 5 -6 7 8 -9 -10 11 12 13 14 15 16 17 -18 19 -20 0
uf20-0718.mwcnf 2923 1 2 3 4 -5 6 7 -8 9 10 11 12 -13 -14 -15 16 -17 -18 19 20 0
uf20-048.mwcnf 3513 1 2 3 -4 5 6 7 8 -9 10 11 12 13 14 15 16 -17 18 19 -20 0
uf20-0964.mwcnf 3458 1 2 -3 4 5 6 -7 8 9 10 11 12 -13 14 15 16 17 -18 19 20 0
uf20-0188.mwcnf 5547 1 2 3 4 5 -6 -7 8 9 -10 11 12 13 14 15 -16 17 -18 -19 -20 0
uf20-0990.mwcnf 3078 1 -2 3 4 5 6 7 8 -9 10 11 12 13 -14 -15 16 17 -18 19 20 0
uf20-0694.mwcnf 3203 1 2 -3 4 -5 6 -7 -8 9 -10 11 -12 13 14 15 16 17 18 19 20 0
uf20-062.mwcnf 2436 1 -2 3 -4 5 6 7 8 9 -10 -11 12 13 -14 -15 16 17 18 -19 20 0
uf20-0311.mwcnf 3524 1 2 3 4 5 6 7 -8 9 -10 11 12 13 14 15 -16 17 -18 19 20 0
uf20-0396.mwcnf 2595 1 2 3 4 5 6 7 -8 9 10 11 12 -13 14 -15 16 -17 -18 19 20 0
uf20-0380.mwcnf 2937 1 2 3 4 5 6 -7 8 9 10 11 12 13 -14 15 16 -17 18 -19 -20 0
uf20-0870.mwcnf 3379 1 2 3 4 5 -6 7 -8 -9 10 11 12 13 14 15 16 17 -18 19 20 0
uf20-0357.mwcnf 2990 1 2 3 4 5 -6 -7 -8 -9 10 11 12 13 14 15 -16 17 -18 19 20 0
uf20-0423.mwcnf 2293 1 2 -3 -4 5 6 7 8 9 -10 11 12 13 14 -15 -16 17 -18 -19 -20 0
uf20-0746.mwcnf 4401 1 2 3 4 5 6 7 8 9 10 -11 12 13 14 15 16 17 18 19 -20 0
uf20-0375.mwcnf 2301 1 2 -3 4 5 -6 7 -8 9 -10 11 12 13 -14 15 16 17 18 -19 -20 0
uf20-0459.mwcnf 2308 1 2 3 4 5 6 7 -8 -9 -10 -11 12 13 -14 -15 16 17 18 -19 -20 0
uf20-0825.mwcnf 2722 -1 2 -3 -4 5 6 -7 -8 9 -10 11 12 13 14 15 16 17 -18 19 20 0
uf20-0446.mwcnf 2904 1 2 -3 4 5 -6 -7 8 9 10 -11 12 13 14 15 16 17 18 19 20 0
uf20-0484.mwcnf 2881 1 2 3 4 5 6 7 8 -9 -10 11 -12 13 14 15 16 17 -18 -19 20 0
uf20-0333.mwcnf 3505 1 2 3 4 5 6 7 -8 9 -10 11 12 -13 14 15 16 17 18 -19 20 0
uf20-0834.mwcnf 2659 -1 2 -3 4 5 6 -7 8 9 10 11 -12 13 14 15 16 17 -18 -19 -20 0
uf20-0395.mwcnf 4023 1 2 3 4 5 -6 7 8 9 10 -11 12 13 14 15 16 17 18 19 20 0
uf20-0917.mwcnf 2218 1 2 -3 4 -5 -6 7 8 9 10 11 -12 13 -14 15 16 17 18 19 -20 0
uf20-0344.mwcnf 2969 1 2 -3 4 5 6 7 -8 9 10 11 -12 13 -14 15 -16 17 18 19 -20 0
uf20-0842.mwcnf 2440 1 -2 3 4 5 6 7 -8 9 10 11 -12 -13 14 -15 -16 17 18 -19 20 0
uf20-0955.mwcnf 3522 1 2 3 4 -5 6 7 8 9 10 11 -12 13 14 15 16 17 -18 19 20 0
uf20-0822.mwcnf 2304 1 2 3 -4 -5 -6 7 8 9 -10 11 12 13 14 15 -16 -17 -18 -19 20 0
uf20-0139.mwcnf 5633 -1 -2 3 -4 5 6 7 -8 9 10 11 12 13 -14 15 16 17 18 19 20 0
uf20-0385.mwcnf 3132 1 -2 3 4 5 6 7 8 9 10 -11 -12 13 -14 -15 16 17 18 19 20 0
uf20-0819.mwcnf 3818 1 2 -3 4 5 6 7 8 9 -10 11 -12 13 14 15 16 17 18 19 20 0
uf20-0867.mwcnf 3853 1 -2 3 4 5 6 7 8 9 10 11 12 13 14 15 16 17 -18 19 -20 0
uf20-051.mwcnf 3469 1 2 -3 4 5 6 -7 8 9 10 11 12 13 -14 15 -16 17 18 19 20 0
uf20-0586.mwcnf 3588 1 2 3 4 5 6 7 8 9 -10 11 -12 -13 14 15 16 -17 18 19 -20 0
uf20-0301.mwcnf 7295 1 2 -3 -4 5 6 7 -8 9 10 11 12 -13 14 15 16 17 18 19 20 0
uf20-0733.mwcnf 3662 1 2 3 4 5 6 7 8 9 -10 11 -12 13 14 15 16 17 -18 19 -20 0
uf20-0108.mwcnf 9424 1 2 3 4 5 6 7 8 9 10 11 -12 13 14 15 16 17 18 19 20 0
uf20-0972.mwcnf 3437 1 2 3 -4 5 6 7 8 9 10 11 12 13 14 15 16 -17 -18 19 20 0
uf20-0510.mwcnf 2578 1 2 -3 4 -5 6 7 8 -9 10 -11 12 -13 14 15 16 17 -18 19 20 0
uf20-0481.mwcnf 3241 1 2 -3 4 -5 6 7 8 -9 10 -11 12 13 14 15 -16 17 18 19 20 0
uf20-0828.mwcnf 3606 1 -2 3 4 5 6 7 8 9 10 11 12 13 14 15 -16 17 -18 19 20 0
uf20-0107.mwcnf 6019 1 2 3 4 -5 6 7 -8 9 10 -11 12 13 -14 15 -16 17 18 19 -20 0
uf20-0453.mwcnf 2524 1 2 -3 -4 5 6 7 -8 9 10 -11 12 13 14 -15 -16 17 -18 19 20 0
uf20-0163.mwcnf 8374 -1 2 3 4 5 6 7 8 9 -10 11 12 13 14 15 16 17 18 19 20 0
uf20-0209.mwcnf 8227 1 2 3 4 -5 6 7 8 9 10 11 12 -13 14 15 16 17 -18 19 20 0
uf20-055.mwcnf 2851 1 -2 3 4 -5 -6 -7 8 9 10 11 -12 13 14 15 16 -17 18 19 20 0
uf20-0180.mwcnf 6797 1 2 3 4 -5 6 7 8 -9 10 11 12 13 -14 15 16 17 -18 -19 20 0
uf20-057.mwcnf 3806 1 2 3 4 -5 -6 -7 8 9 10 11 -12 13 14 -15 16 17 18 19 20 0
uf20-0401.mwcnf 3910 1 2 -3 4 5 -6 7 8 9 10 11 12 13 14 15 16 17 18 19 20 0
uf20-038.mwcnf 2684 1 2 3 4 5 -6 7 8 -9 10 -11 12 -13 14 -15 -16 17 18 19 -20 0
uf20-0874.mwcnf 4019 1 2 3 4 5 6 7 8 -9 10 11 -12 13 14 15 16 17 18 19 20 0
uf20-0703.mwcnf 3402 1 2 -3 4 5 6 7 -8 9 -10 -11 12 13 14 -15 16 17 18 19 20 0
uf20-0132.mwcnf 6196 1 2 3 4 5 6 7 8 -9 10 -11 12 -13 14 -15 -16 17 18 19 20 0
uf20-0112.mwcnf 7483 -1 2 3 4 5 6 7 8 -9 10 11 12 13 14 15 16 17 18 -19 20 0
uf20-0411.mwcnf 3722 1 2 3 -4 5 6 7 8 9 10 11 12 -13 -14 15 16 17 -18 19 20 0
uf20-0619.mwcnf 3936 1 -2 3 4 5 6 7 8 -9 10 11 12 13 14 15 16 17 18 19 -20 0
uf20-0693.mwcnf 3454 -1 -2 -3 -4 5 6 7 8 9 10 11 -12 13 14 15 16 17 18 19 20 0
uf20-0722.mwcnf 3528 1 -2 -3 4 5 6 7 8 -9 10 11 12 -13 14 15 16 17 18 19 20 0
uf20-0174.mwcnf 6558 1 -2 3 4 5 6 7 8 -9 10 -11 12 -13 14 -15 -16 17 18 19 20 0
uf20-0864.mwcnf 3898 1 2 3 4 5 6 7 8 -9 10 11 12 13 14 15 16 -17 18 19 20 0
uf20-0656.mwcnf 2195 1 -2 -3 -4 5 -6 7 -8 9 10 -11 -12 -13 14 -15 16 -17 18 19 20 0
uf20-0721.mwcnf 4050 1 2 3 4 -5 -6 7 8 9 -10 11 12 13 14 -15 16 17 18 19 20 0
uf20-0285.mwcnf 5790 1 -2 3 4 5 -6 7 8 9 10 11 12 -13 14 15 16 -17 -18 19 -20 0
uf20-0454.mwcnf 2960 1 2 3 -4 5 -6 7 8 -9 -10 11 12 13 14 15 16 17 18 19 20 0
uf20-0264.mwcnf 5786 -1 -2 3 4 5 6 7 8 9 -10 -11 -12 13 14 -15 16 -17 18 19 20 0
uf20-039.mwcnf 2985 1 2 -3 -4 5 6 7 8 -9 -10 -11 12 13 14 15 16 17 18 -19 20 0
uf20-0496.mwcnf 3560 1 2 3 4 5 -6 -7 8 9 10 -11 12 -13 14 15 16 17 18 19 20 0
uf20-0732.mwcnf 3396 1 -2 -3 -4 5 6 7 8 9 10 11 12 13 14 15 16 17 -18 19 -20 0
uf20-0943.mwcnf 3232 -1 2 3 4 5 -6 7 8 -9 -10 11 12 13 14 15 16 17 18 19 20 0
uf20-0429.mwcnf 3894 1 2 3 4 -5 -6 7 8 9 10 11 12 13 14 15 16 -17 18 19 20 0
uf20-0160.mwcnf 8538 1 2 -3 4 5 6 7 8 9 10 11 12 13 14 15 16 17 18 19 20 0
uf20-0937.mwcnf 2470 1 2 -3 -4 5 -6 7 8 -9 10 -11 12 -13 14 15 16 17 18 -19 20 0
uf20-092.mwcnf 4206 1 2 3 4 5 6 7 8 9 -10 11 12 13 14 15 16 17 18 19 20 0
uf20-0499.mwcnf 4089 1 2 3 4 5 6 7 8 -9 10 11 12 13 14 15 16 17 18 19 20 0
uf20-0129.mwcnf 4382 1 -2 3 4 5 6 7 8 9 10 -11 12 -13 14 -15 -16 17 -18 19 20 0
uf20-0156.mwcnf 5044 1 2 -3 4 5 -6 7 8 9 10 11 -12 13 -14 -15 -16 17 -18 19 20 0
uf20-0951.mwcnf 3007 1 2 -3 4 -5 6 7 8 9 10 -11 12 13 -14 15 16 17 18 -19 20 0
uf20-0391.mwcnf 3208 1 -2 3 4 5 -6 7 8 9 10 11 12 13 -14 -15 16 17 18 -19 20 0
uf20-0538.mwcnf 3006 -1 2 3 4 5 6 7 8 9 -10 11 12 13 -14 -15 16 -17 18 19 -20 0
uf20-0878.mwcnf 2203 -1 -2 -3 4 -5 6 7 8 9 10 11 12 13 -14 15 16 -17 18 19 -20 0
uf20-013.mwcnf 5570 1 2 3 4 5 6 7 8 9 -10 -11 12 -13 14 15 -16 17 -18 -19 20 0
uf20-0258.mwcnf 6778 1 -2 3 4 5 -6 7 8 9 10 11 12 13 14 -15 16 17 -18 19 20 0
uf20-0550.mwcnf 3236 1 -2 3 4 5 6 -7 8 -9 10 11 12 13 -14 15 16 -17 18 19 20 0
uf20-0850.mwcnf 2092 1 -2 -3 -4 5 -6 -7 8 9 -10 11 -12 -13 14 15 16 17 18 19 20 0
uf20-0570.mwcnf 2722 -1 2 3 -4 5 6 7 8 9 10 -11 12 13 14 15 16 -17 18 -19 20 0
uf20-0927.mwcnf 2857 -1 -2 3 4 5 6 7 8 9 10 -11 12 -13 -14 15 16 17 18 19 -20 0
uf20-0480.mwcnf 3948 1 2 3 4 5 6 7 8 9 -10 11 12 13 14 15 16 17 18 -19 20 0
uf20-0695.mwcnf 4443 1 2 3 4 5 6 7 8 9 10 11 -12 13 14 15 16 -17 18 19 20 0
uf20-0354.mwcnf 2928 -1 2 3 -4 -5 6 7 8 9 -10 11 12 -13 14 -15 16 17 18 19 20 0
uf20-0172.mwcnf 5946 1 2 3 -4 -5 6 -7 -8 -9 10 11 12 13 14 15 16 -17 18 19 20 0
uf20-0799.mwcnf 3693 1 2 3 -4 5 6 -7 8 -9 10 11 12 13 14 15 16 17 18 19 -20 0
uf20-0940.mwcnf 3064 -1 2 3 4 5 6 7 -8 9 10 -11 12 -13 14 15 16 17 -18 19 20 0
uf20-0356.mwcnf 3936 1 2 3 4 5 6 7 8 9 -10 -11 -12 13 14 15 16 17 18 19 20 0
uf20-0390.mwcnf 3530 1 2 3 4 5 6 7 8 9 10 -11 -12 13 14 -15 16 17 18 -19 20 0
uf20-0759.mwcnf 3832 1 2 3 4 5 6 -7 -8 9 10 11 12 13 14 15 16 17 -18 -19 20 0
uf20-0658.mwcnf 2849 1 -2 3 4 5 6 -7 8 -9 10 11 -12 -13 -14 15 -16 17 18 19 20 0
uf20-0745.mwcnf 3375 1 2 3 4 5 6 7 8 9 -10 11 -12 13 14 15 -16 -17 -18 -19 20 0
uf20-0739.mwcnf 4265 1 2 3 4 5 6 7 8 9 10 11 12 -13 14 15 16 -17 -18 19 -20 0
uf20-0339.mwcnf 3995 -1 2 3 4 5 6 7 8 9 -10 11 12 13 14 15 16 17 18 19 20 0
uf20-0237.mwcnf 5677 1 -2 3 4 5 6 -7 8 -9 -10 11 12 13 14 15 -16 -17 18 -19 20 0
uf20-0493.mwcnf 3247 1 2 -3 4 5 6 7 8 9 -10 11 12 -13 14 15 16 17 -18 19 20 0
uf20-0176.mwcnf 4940 1 -2 -3 4 5 6 -7 -8 9 -10 -11 12 13 14 15 16 -17 18 19 20 0
uf20-076.mwcnf 3026 1 -2 3 -4 -5 6 7 -8 9 10 -11 12 13 14 15 16 -17 18 19 -20 0
uf20-0622.mwcnf 2497 -1 2 -3 4 5 6 -7 8 9 -10 11 -12 13 14 15 16 17 -18 -19 -20 0
uf20-05.mwcnf 3186 -1 2 -3 4 5 6 7 8 -9 10 -11 12 13 -14 15 16 -17 18 -19 20 0
uf20-0632.mwcnf 2850 -1 2 -3 4 -5 6 -7 -8 9 -10 11 12 13 -14 15 16 17 -18 19 20 0
uf20-022.mwcnf 6289 -1 2 -3 4 -5 -6 7 8 9 10 11 12 13 14 -15 16 17 18 19 20 0
uf20-0963.mwcnf 3019 1 -2 -3 4 5 6 7 8 9 -10 -11 -12 13 -14 15 16 17 18 19 20 0
uf20-0772.mwcnf 3729 1 2 -3 4 -5 6 7 8 9 10 11 12 13 14 15 16 17 18 -19 -20 0
uf20-071.mwcnf 2817 1 -2 3 4 -5 6 -7 -8 9 10 11 -12 13 14 -15 -16 17 -18 19 20 0
uf20-0662.mwcnf 4082 1 2 3 4 5 6 -7 8 9 -10 -11 12 13 14 15 16 17 18 19 20 0
uf20-0712.mwcnf 3063 1 -2 -3 4 5 -6 7 8 -9 -10 -11 12 13 14 15 16 -17 18 19 20 0
uf20-0330.mwcnf 1947 -1 2 -3 4 5 -6 7 -8 9 10 11 12 13 14 -15 -16 -17 18 -19 20 0
uf20-0747.mwcnf 3687 1 2 -3 4 -5 6 -7 8 9 10 -11 12 13 14 15 16 17 18 19 20 0
uf20-0765.mwcnf 4005 -1 -2 3 4 5 6 7 8 9 10 11 12 13 14 -15 16 17 18 19 -20 0
uf20-0979.mwcnf 3189 1 -2 -3 4 5 6 7 8 9 10 11 12 13 14 -15 16 17 -18 19 -20 0
uf20-0737.mwcnf 3035 1 2 3 -4 -5 6 7 -8 9 10 11 12 13 14 -15 16 17 -18 -19 -20 0
uf20-0945.mwcnf 2890 1 2 3 4 -5 6 7 8 9 10 11 12 -13 14 15 -16 -17 18 19 -20 0
uf20-0561.mwcnf 3827 -1 2 3 -4 5 6 7 8 9 10 11 -12 13 14 15 16 17 18 19 20 0
uf20-0478.mwcnf 3283 1 2 -3 -4 5 6 7 8 9 10 11 12 13 14 15 -16 -17 18 -19 20 0
uf20-0714.mwcnf 3497 -1 2 -3 4 5 -6 -7 8 9 10 11 12 13 14 15 16 17 18 19 20 0
uf20-0790.mwcnf 3900 -1 2 3 4 5 6 7 8 9 10 11 12 13 14 -15 16 -17 18 19 20 0
uf20-0895.mwcnf 2651 1 2 -3 4 5 6 -7 8 -9 10 -11 -12 -13 14 15 16 17 18 19 -20 0
uf20-0402.mwcnf 2407 1 -2 3 -4 5 -6 7 8 9 -10 -11 12 13 14 -15 16 -17 -18 19 20 0
uf20-0767.mwcnf 3680 1 2 3 4 -5 6 7 8 -9 10 11 12 13 14 -15 16 -17 18 19 20 0
uf20-0742.mwcnf 3851 1 2 3 4 5 -6 7 8 9 10 11 12 -13 14 15 16 17 18 -19 20 0
uf20-0869.mwcnf 3057 1 2 -3 4 5 -6 7 8 -9 10 11 12 -13 14 15 -16 17 18 19 20 0
uf20-0770.mwcnf 4024 1 2 3 4 5 6 7 8 9 -10 11 12 13 14 15 -16 -17 18 19 20 0
uf20-0533.mwcnf 3753 1 2 3 4 5 6 7 8 -9 10 11 12 13 -14 15 16 17 18 19 -20 0
uf20-0618.mwcnf 4296 -1 2 3 4 5 6 7 8 9 10 11 12 13 14 -15 -16 17 18 19 20 0
uf20-0544.mwcnf 3013 1 2 3 -4 5 6 7 8 9 10 11 12 -13 14 -15 -16 17 18 19 -20 0
uf20-0361.mwcnf 3362 1 2 3 4 5 6 7 8 9 -10 11 12 13 14 15 -16 -17 18 19 20 0
uf20-0805.mwcnf 4168 1 2 3 4 5 6 7 8 9 10 11 12 13 14 -15 16 17 -18 19 20 0
uf20-0687.mwcnf 3418 1 -2 3 4 -5 6 7 8 -9 10 11 12 13 14 -15 -16 -17 18 19 20 0
uf20-0998.mwcnf 3468 1 2 3 4 -5 6 7 8 9 10 11 12 13 -14 15 16 17 18 19 20 0
uf20-0434.mwcnf 3431 1 2 3 4 -5 6 7 8 -9 10 11 12 -13 14 15 16 17 18 -19 20 0
uf20-0781.mwcnf 3326 1 2 3 4 -5 -6 -7 8 9 10 11 -12 13 14 15 16 17 18 19 -20 0
uf20-0242.mwcnf 6512 -1 2 3 4 -5 6 7 8 -9 10 -11 12 13 14 15 16 17 18 19 -20 0
uf20-0444.mwcnf 2313 -1 2 -3 4 -5 6 7 8 -9 10 -11 12 -13 14 15 -16 -17 18 19 20 0
uf20-0513.mwcnf 2547 1 2 3 -4 5 -6 7 8 9 -10 -11 12 -13 -14 -15 16 17 18 19 20 0
uf20-0352.mwcnf 1822 1 -2 3 4 -5 -6 -7 -8 9 -10 -11 -12 13 -14 15 16 17 -18 -19 20 0
uf20-0681.mwcnf 3849 1 2 3 4 5 6 -7 8 9 10 -11 -12 13 14 15 16 -17 18 19 20 0
uf20-0701.mwcnf 3058 1 -2 3 4 -5 6 -7 -8 9 10 11 -12 13 14 15 16 17 -18 19 -20 0
uf20-021.mwcnf 6451 1 2 3 -4 -5 6 7 8 9 -10 11 12 13 14 15 16 -17 18 19 -20 0
uf20-0898.mwcnf 2551 -1 -2 -3 4 -5 6 7 8 -9 -10 11 12 13 -14 15 16 17 18 19 20 0
uf20-0844.mwcnf 3947 1 2 3 4 5 6 7 8 9 10 11 12 -13 14 15 16 17 18 19 20 0
uf20-014.mwcnf 4671 1 -2 3 4 -5 6 -7 8 9 -10 11 12 -13 -14 15 16 17 18 -19 -20 0
uf20-0164.mwcnf 5080 1 -2 3 4 5 6 7 8 9 -10 11 12 13 -14 15 -16 -17 -18 -19 20 0
uf20-0400.mwcnf 3194 -1 2 3 4 5 6 7 -8 9 10 -11 12 13 14 15 16 17 18 -19 20 0
uf20-0441.mwcnf 3205 1 2 3 -4 5 6 7 8 -9 10 11 12 -13 14 15 16 17 -18 19 20 0
uf20-0474.mwcnf 2959 1 -2 -3 4 5 6 -7 8 9 10 11 12 13 -14 15 16 17 -18 19 -20 0
uf20-0604.mwcnf 4116 1 2 3 4 5 6 7 8 -9 10 11 12 -13 -14 15 16 17 18 19 20 0
uf20-0587.mwcnf 2480 1 2 -3 4 5 6 -7 -8 -9 10 11 12 13 -14 15 16 -17 -18 -19 20 0
uf20-0589.mwcnf 4499 1 2 3 4 5 6 -7 8 9 10 -11 12 13 14 15 16 17 18 19 20 0
uf20-0987.mwcnf 3724 1 2 -3 4 5 6 7 8 9 10 11 -12 13 14 15 16 17 18 -19 20 0
uf20-0257.mwcnf 7144 1 -2 -3 4 5 6 7 8 9 10 11 12 13 14 15 -16 17 18 -19 20 0
uf20-0880.mwcnf 2573 -1 2 3 -4 5 6 -7 8 9 10 11 12 -13 14 -15 16 17 18 -19 -20 0
uf20-0684.mwcnf 3200 -1 2 -3 -4 -5 6 7 8 -9 10 -11 12 13 14 15 16 17 18 19 20 0
uf20-0540.mwcnf 3051 -1 -2 3 -4 5 6 7 -8 -9 10 11 12 13 14 15 16 -17 18 19 20 0
uf20-0565.mwcnf 2882 1 -2 3 4 5 -6 7 8 9 10 11 12 -13 14 -15 -16 17 18 19 20 0
uf20-037.mwcnf 3183 -1 2 -3 4 5 6 7 8 9 -10 11 12 13 14 -15 -16 17 18 19 20 0
uf20-024.mwcnf 4886 1 -2 3 -4 5 -6 -7 -8 9 10 11 -12 -13 14 15 -16 17 18 19 20 0
uf20-0235.mwcnf 7693 1 2 3 4 5 -6 7 8 9 10 11 12 13 14 15 -16 -17 18 19 20 0
uf20-054.mwcnf 2691 -1 -2 3 -4 5 6 -7 8 -9 10 11 12 13 -14 15 16 17 18 19 20 0
uf20-0546.mwcnf 2900 -1 2 3 4 5 6 7 -8 9 10 11 12 13 -14 15 16 -17 18 19 -20 0
uf20-0475.mwcnf 2897 1 2 3 -4 5 -6 7 8 -9 10 11 12 13 -14 15 16 17 -18 -19 20 0
uf20-0397.mwcnf 2734 1 -2 3 -4 5 6 -7 8 9 10 11 12 -13 -14 15 -16 17 18 19 20 0
uf20-0944.mwcnf 3165 1 2 -3 4 5 6 7 8 9 10 11 12 13 -14 15 16 17 -18 19 20 0
uf20-0667.mwcnf 3182 1 2 3 -4 5 6 -7 8 9 -10 11 12 13 14 -15 -16 17 18 19 20 0
uf20-029.mwcnf 5613 1 2 3 4 5 -6 -7 -8 9 10 11 12 13 -14 15 16 -17 -18 19 20 0
uf20-0520.mwcnf 3492 1 2 3 -4 5 6 7 -8 9 10 11 -12 13 14 15 16 17 18 19 -20 0
uf20-0673.mwcnf 2064 -1 -2 3 4 5 -6 -7 8 -9 -10 11 12 13 14 15 -16 17 -18 -19 20 0
uf20-0921.mwcnf 3384 1 -2 3 -4 5 -6 7 8 9 10 11 12 13 14 15 16 -17 18 19 20 0
uf20-0661.mwcnf 3914 -1 2 3 -4 -5 6 7 8 9 10 11 12 13 14 15 16 17 18 -19 20 0
uf20-0654.mwcnf 2676 -1 2 -3 4 5 -6 7 8 -9 10 -11 12 13 -14 -15 16 17 18 19 20 0
uf20-0215.mwcnf 7290 1 2 3 4 5 -6 7 -8 -9 10 11 12 13 14 15 16 17 18 19 20 0
uf20-0853.mwcnf 2923 1 2 -3 4 5 6 -7 -8 9 10 11 -12 13 14 -15 16 17 18 19 -20 0
uf20-0314.mwcnf 3700 1 2 3 4 5 6 -7 8 9 10 11 -12 13 14 15 16 17 18 -19 20 0
uf20-0580.mwcnf 3089 1 -2 -3 4 5 -6 7 8 9 10 11 -12 13 14 15 -16 17 18 -19 20 0
uf20-0147.mwcnf 5874 1 2 3 -4 5 -6 7 8 -9 10 11 -12 13 14 -15 16 17 18 19 -20 0
uf20-099.mwcnf 2270 1 2 3 -4 -5 -6 7 8 9 10 11 12 -13 14 -15 -16 17 18 -19 20 0
uf20-043.mwcnf 2536 -1 2 3 -4 5 6 7 8 9 10 11 12 13 -14 -15 -16 17 -18 19 -20 0
uf20-0922.mwcnf 3436 1 -2 -3 4 5 6 7 8 9 10 11 -12 13 14 15 16 17 18 19 20 0
uf20-0388.mwcnf 3148 1 -2 3 4 5 6 -7 8 9 10 -11 12 13 14 15 -16 -17 18 19 20 0
uf20-0569.mwcnf 2338 -1 2 3 4 5 -6 7 -8 9 10 11 -12 13 -14 15 16 -17 18 19 -20 0
uf20-0711.mwcnf 2638 -1 2 -3 4 -5 -6 -7 8 9 10 11 12 -13 14 15 16 17 18 19 20 0
uf20-0992.mwcnf 1381 -1 -2 -3 4 -5 6 -7 8 9 10 11 12 -13 14 15 -16 17 -18 -19 -20 0
uf20-0229.mwcnf 7855 1 2 3 4 5 6 7 8 9 10 -11 12 13 14 15 -16 -17 18 19 20 0
uf20-0753.mwcnf 3225 1 2 -3 4 5 6 -7 8 9 -10 11 12 13 14 -15 16 17 18 19 -20 0
uf20-0290.mwcnf 5824 1 2 -3 4 -5 6 -7 8 9 10 11 12 -13 -14 15 16 -17 18 19 20 0
uf20-0776.mwcnf 3053 1 2 -3 4 -5 6 -7 -8 -9 10 11 12 13 14 15 16 -17 18 19 20 0
uf20-0643.mwcnf 3740 1 2 3 4 5 -6 7 8 -9 10 11 -12 13 14 15 -16 17 18 19 20 0
uf20-042.mwcnf 2957 -1 2 3 4 -5 6 7 8 -9 10 11 12 13 -14 -15 16 17 -18 19 20 0
uf20-0167.mwcnf 6531 1 -2 3 4 -5 6 7 8 9 10 11 -12 13 14 15 16 -17 18 19 -20 0
uf20-0555.mwcnf 3023 1 2 3 -4 5 6 7 -8 -9 10 11 12 -13 14 15 16 17 18 -19 20 0
uf20-0220.mwcnf 4660 1 -2 3 4 5 6 7 8 -9 10 -11 -12 13 14 15 -16 17 -18 -19 20 0
uf20-0486.mwcnf 2188 -1 -2 3 -4 5 6 7 -8 9 -10 11 12 13 14 15 -16 17 -18 19 20 0
uf20-0808.mwcnf 3213 1 2 -3 -4 5 -6 -7 8 9 10 11 12 13 -14 15 16 17 -18 19 20 0
uf20-0861.mwcnf 2339 1 -2 -3 4 5 6 7 8 -9 10 11 -12 13 14 -15 -16 17 -18 -19 20 0
uf20-0109.mwcnf 4259 1 2 3 4 5 -6 7 -8 9 10 11 -12 -13 14 -15 -16 -17 -18 19 -20 0
uf20-0779.mwcnf 3581 1 2 -3 4 -5 6 7 8 9 10 11 12 13 -14 15 -16 17 18 -19 20 0
uf20-0942.mwcnf 2735 1 2 -3 4 5 -6 7 8 9 -10 11 12 13 -14 15 -16 17 18 19 20 0
uf20-0835.mwcnf 4007 1 2 3 4 5 6 7 8 9 -10 11 12 13 14 15 -16 17 18 19 -20 0
uf20-0877.mwcnf 2287 1 2 -3 -4 -5 -6 7 8 -9 10 11 12 -13 -14 15 16 17 18 19 20 0
uf20-0856.mwcnf 2148 -1 -2 3 -4 5 6 7 8 -9 10 11 12 13 14 15 16 -17 -18 19 -20 0
uf20-0449.mwcnf 3348 -1 2 3 4 5 -6 7 8 9 10 11 -12 13 -14 15 16 17 18 19 -20 0
uf20-0349.mwcnf 2352 1 -2 -3 4 -5 6 -7 -8 9 10 11 12 13 -14 15 -16 -17 18 19 20 0
uf20-0324.mwcnf 3199 1 2 3 4 5 -6 7 8 9 10 11 -12 13 -14 15 16 -17 18 19 -20 0
uf20-0666.mwcnf 3068 1 2 -3 4 5 6 7 8 -9 10 11 -12 -13 -14 15 16 17 -18 19 20 0
uf20-0947.mwcnf 2772 -1 -2 -3 4 -5 -6 7 8 9 10 11 -12 13 14 15 16 17 18 19 20 0
uf20-0786.mwcnf 3685 1 2 3 4 5 6 7 8 9 10 11 12 13 14 -15 -16 -17 -18 19 20 0
uf20-0123.mwcnf 8000 1 2 3 4 5 -6 7 8 9 10 -11 12 13 14 15 16 17 18 -19 20 0
uf20-0144.mwcnf 4605 -1 -2 3 -4 5 6 7 -8 9 10 -11 12 13 -14 -15 16 17 18 -19 20 0
uf20-09.mwcnf 3429 -1 2 3 4 5 6 7 -8 9 10 11 12 13 14 -15 16 17 -18 19 20 0
uf20-0915.mwcnf 2739 -1 2 -3 4 5 6 7 8 -9 10 11 12 13 14 15 16 -17 18 -19 -20 0
uf20-0239.mwcnf 6901 1 2 3 4 5 6 7 8 -9 10 11 12 -13 14 15 16 17 18 -19 20 0
uf20-0373.mwcnf 2344 1 2 3 4 -5 -6 7 8 9 10 -11 12 13 14 -15 -16 -17 -18 19 20 0
uf20-0450.mwcnf 2471 -1 2 3 -4 -5 -6 7 -8 9 10 11 12 13 -14 15 16 17 18 -19 20 0
uf20-0871.mwcnf 3042 1 2 -3 -4 5 6 7 8 9 10 11 -12 13 14 -15 16 17 18 -19 20 0
uf20-0590.mwcnf 2472 -1 -2 3 -4 -5 6 -7 8 9 10 -11 12 13 14 15 16 17 18 -19 -20 0
uf20-0726.mwcnf 3450 1 2 3 4 -5 6 7 8 9 10 11 12 -13 -14 15 -16 17 18 -19 20 0
uf20-0162.mwcnf 7251 1 2 -3 4 5 6 7 -8 9 10 11 12 -13 14 15 16 17 18 19 -20 0
uf20-0597.mwcnf 3527 1 2 3 4 -5 6 7 8 9 10 -11 12 13 14 -15 -16 17 18 19 20 0
uf20-0287.mwcnf 6089 -1 2 3 -4 5 6 7 8 -9 10 11 12 -13 14 -15 16 -17 18 19 20 0
uf20-0653.mwcnf 3035 1 2 3 -4 -5 6 7 -8 9 -10 11 12 13 14 15 -16 -17 18 19 20 0
uf20-0409.mwcnf 2508 1 2 3 -4 5 6 7 8 -9 -10 11 -12 -13 14 -15 -16 17 18 19 20 0
uf20-0464.mwcnf 2379 1 2 -3 -4 5 -6 -7 8 9 -10 11 12 -13 14 15 -16 17 -18 19 -20 0
uf20-0221.mwcnf 7849 -1 2 3 4 5 -6 7 8 9 -10 11 12 13 14 15 16 17 18 19 20 0
uf20-0199.mwcnf 8621 1 2 3 -4 5 6 7 8 9 10 11 12 13 14 15 16 17 -18 19 20 0
uf20-094.mwcnf 3046 1 2 3 -4 5 6 -7 8 9 10 11 12 13 -14 -15 16 17 -18 19 -20 0
uf20-0155.mwcnf 7280 1 2 3 4 5 -6 -7 8 9 10 11 12 13 14 15 16 -17 18 -19 20 0
uf20-0494.mwcnf 3666 1 2 -3 -4 5 6 7 8 9 -10 -11 12 13 14 15 16 17 18 19 20 0
uf20-0335.mwcnf 3038 -1 2 3 4 5 6 7 8 9 10 -11 -12 13 -14 15 16 17 -18 19 20 0
uf20-0624.mwcnf 2775 1 2 -3 4 5 6 7 -8 -9 10 -11 12 -13 14 -15 16 17 18 -19 -20 0
uf20-0612.mwcnf 2804 -1 2 3 4 -5 6 -7 8 9 10 -11 12 13 14 15 -16 17 -18 19 20 0
uf20-0723.mwcnf 3987 1 -2 3 4 5 6 -7 8 9 10 11 12 13 14 15 -16 17 -18 19 20 0
uf20-0953.mwcnf 2517 -1 -2 3 4 5 -6 7 8 9 10 -11 12 -13 -14 15 16 17 18 19 20 0
uf20-0983.mwcnf 2934 1 2 -3 -4 -5 6 7 -8 -9 10 11 12 13 14 15 16 17 18 19 20 0
uf20-0731.mwcnf 3602 -1 2 3 4 5 6 7 8 9 10 11 12 13 14 15 -16 -17 -18 19 -20 0
uf20-0578.mwcnf 4100 1 2 3 4 5 6 -7 8 9 -10 -11 12 13 14 15 16 17 -18 19 20 0
uf20-0729.mwcnf 2853 -1 -2 -3 4 5 -6 7 -8 9 10 -11 12 13 14 15 16 17 -18 19 20 0
uf20-0629.mwcnf 2340 -1 2 3 -4 5 -6 7 -8 -9 -10 11 -12 13 -14 15 16 -17 -18 19 -20 0
uf20-0431.mwcnf 3384 1 2 3 4 5 -6 7 8 -9 10 11 -12 13 14 -15 16 17 18 19 20 0
uf20-0127.mwcnf 5643 1 2 3 -4 -5 6 -7 8 9 10 11 12 13 14 15 16 -17 -18 -19 20 0
uf20-0469.mwcnf 3155 1 -2 -3 4 5 6 -7 -8 9 10 -11 12 13 14 15 -16 17 18 19 20 0
uf20-0532.mwcnf 2629 1 2 3 -4 5 6 7 -8 9 10 11 -12 -13 14 15 16 -17 -18 -19 20 0
uf20-0440.mwcnf 2337 1 2 3 -4 5 -6 7 8 -9 10 11 12 13 -14 15 -16 -17 -18 19 20 0
uf20-0798.mwcnf 4299 1 2 3 4 5 6 7 -8 -9 10 11 -12 13 14 15 16 17 18 -19 20 0
uf20-0394.mwcnf 1703 1 2 3 -4 -5 6 7 -8 -9 -10 11 12 -13 14 -15 16 -17 -18 -19 20 0
uf20-0473.mwcnf 3325 1 2 3 4 5 -6 -7 8 9 10 11 12 13 14 -15 -16 17 18 19 -20 0
uf20-0313.mwcnf 2502 1 2 3 -4 5 -6 7 -8 -9 -10 11 -12 13 14 15 16 17 18 19 -20 0
uf20-0933.mwcnf 2637 1 2 -3 -4 -5 6 -7 8 -9 -10 11 12 13 14 15 16 17 18 19 -20 0
uf20-0760.mwcnf 3012 1 2 3 4 5 6 -7 -8 -9 -10 -11 12 13 -14 -15 16 17 18 19 20 0
uf20-0365.mwcnf 2697 -1 2 -3 -4 5 6 7 8 -9 10 11 12 13 14 15 -16 -17 18 19 20 0
uf20-0916.mwcnf 3657 1 2 -3 4 5 -6 7 8 -9 10 11 12 13 14 15 16 17 18 19 20 0
uf20-0371.mwcnf 3384 -1 2 3 4 5 6 7 -8 9 10 -11 12 13 14 15 16 -17 -18 19 20 0
uf20-0467.mwcnf 2523 1 -2 3 4 5 -6 7 8 9 -10 11 12 -13 14 -15 -16 17 -18 19 20 0
uf20-0960.mwcnf 3231 1 2 3 4 5 6 7 8 9 10 -11 -12 13 14 15 16 -17 -18 19 -20 0
uf20-0792.mwcnf 2417 1 2 -3 4 -5 6 7 8 9 -10 11 -12 13 -14 15 16 17 -18 19 -20 0
uf20-0252.mwcnf 6290 1 2 3 -4 5 6 7 8 9 10 11 12 13 -14 -15 16 -17 18 -19 20 0
uf20-0788.mwcnf 4172 1 2 3 4 5 6 7 8 9 10 11 -12 -13 -14 15 16 17 18 19 20 0
uf20-0487.mwcnf 3738 1 2 3 4 5 6 -7 8 9 10 11 12 13 14 15 -16 17 18 19 20 0
uf20-04.mwcnf 3089 -1 -2 3 4 5 -6 7 8 -9 10 11 -12 13 14 -15 16 17 18 19 20 0
uf20-0690.mwcnf 3793 1 2 3 4 5 -6 7 -8 9 10 11 12 13 14 15 -16 -17 18 19 20 0
uf20-046.mwcnf 3150 1 2 -3 -4 5 6 7 -8 9 10 11 12 13 14 15 -16 17 18 19 20 0
uf20-0225.mwcnf 5366 1 -2 3 4 -5 6 -7 8 9 -10 11 -12 -13 14 15 16 17 18 19 20 0
uf20-0638.mwcnf 3385 1 2 3 4 5 6 7 -8 9 10 11 12 13 14 15 16 -17 18 -19 -20 0
uf20-0393.mwcnf 3488 1 2 3 4 5 6 7 8 9 10 11 12 13 14 15 16 -17 18 -19 -20 0
uf20-0190.mwcnf 7907 1 2 3 4 5 6 7 8 -9 10 11 12 13 14 15 16 17 18 19 -20 0
uf20-070.mwcnf 3551 1 2 3 4 5 6 -7 8 9 10 11 -12 -13 14 -15 16 17 18 19 -20 0
uf20-0741.mwcnf 2979 1 2 3 4 -5 6 7 8 9 10 -11 12 -13 -14 15 16 17 18 -19 20 0
uf20-0934.mwcnf 3514 1 2 3 4 5 -6 7 8 9 -10 11 -12 13 14 15 16 17 18 19 -20 0
uf20-020.mwcnf 6144 1 2 3 4 5 6 7 8 -9 -10 11 -12 13 -14 15 16 17 18 -19 20 0
uf20-0657.mwcnf 3179 1 2 -3 4 -5 6 7 -8 -9 10 11 12 13 14 -15 16 17 18 -19 20 0
uf20-0495.mwcnf 3053 1 -2 3 4 5 6 7 -8 -9 10 11 12 -13 -14 15 16 17 18 19 20 0
uf20-0748.mwcnf 2821 1 -2 3 4 -5 6 7 8 9 10 11 -12 13 -14 -15 16 -17 18 -19 20 0
uf20-0345.mwcnf 3584 1 2 3 4 -5 -6 7 8 9 10 11 -12 13 14 -15 16 17 18 19 20 0
uf20-0592.mwcnf 2911 1 -2 3 4 5 6 -7 -8 9 10 11 12 13 -14 -15 16 -17 -18 19 20 0
uf20-0168.mwcnf 6287 1 2 3 -4 5 6 -7 8 -9 10 11 12 -13 14 15 16 17 18 -19 -20 0
uf20-0208.mwcnf 7042 1 2 -3 4 5 6 -7 8 9 10 11 12 13 -14 -15 16 17 18 19 20 0
uf20-0886.mwcnf 3693 1 2 -3 -4 5 6 7 8 9 10 11 12 13 14 -15 16 17 18 -19 20 0
uf20-0150.mwcnf 5595 1 2 3 4 -5 -6 -7 8 -9 10 -11 12 -13 14 15 16 17 18 19 20 0
uf20-075.mwcnf 3137 1 -2 3 4 5 6 7 -8 9 10 11 12 13 -14 15 16 -17 -18 19 -20 0
uf20-0996.mwcnf 3213 1 2 -3 -4 5 6 7 -8 9 10 11 -12 13 14 15 16 17 18 19 20 0
uf20-0468.mwcnf 2568 1 -2 3 4 5 6 7 -8 9 -10 11 12 13 -14 15 -16 -17 -18 19 20 0
uf20-087.mwcnf 3022 1 -2 3 -4 5 6 -7 8 -9 10 11 12 13 14 15 -16 17 18 19 20 0
uf20-0756.mwcnf 2953 1 2 3 4 5 -6 7 8 9 -10 -11 12 -13 -14 15 -16 -17 18 19 20 0
uf20-0501.mwcnf 2964 1 2 3 -4 -5 6 -7 8 9 -10 11 12 13 14 15 16 -17 18 -19 20 0
uf20-050.mwcnf 2913 -1 2 3 4 5 6 7 8 9 10 -11 12 -13 14 15 -16 -17 18 -19 20 0
uf20-0192.mwcnf 5299 -1 2 -3 4 5 -6 7 8 9 -10 -11 12 13 -14 15 16 17 18 -19 20 0
uf20-0646.mwcnf 3263 1 -2 3 4 5 6 7 8 9 10 -11 12 -13 14 15 16 -17 18 19 -20 0
uf20-0665.mwcnf 3624 1 2 3 -4 5 6 -7 8 9 -10 11 12 -13 14 -15 16 17 18 19 20 0
uf20-0709.mwcnf 4304 1 2 3 -4 5 6 -7 8 9 10 11 -12 13 14 15 16 17 18 19 20 0
uf20-0862.mwcnf 2701 1 -2 3 4 5 6 7 -8 -9 -10 -11 12 13 14 15 16 17 18 19 20 0
uf20-0749.mwcnf 5384 1 2 3 4 5 6 -7 8 9 10 11 12 13 14 15 16 17 18 19 20 0
uf20-0465.mwcnf 3207 1 2 3 4 5 6 7 -8 9 -10 -11 12 13 14 15 16 17 -18 19 -20 0
uf20-0602.mwcnf 4088 -1 2 3 4 5 -6 7 8 -9 10 11 12 13 14 15 16 17 -18 19 20 0
uf20-069.mwcnf 3669 1 2 3 4 5 6 -7 -8 9 10 11 12 13 -14 15 -16 17 18 19 -20 0
uf20-0187.mwcnf 5015 -1 2 3 -4 -5 6 7 8 9 -10 11 12 -13 14 15 16 17 -18 19 20 0
uf20-0222.mwcnf 8786 1 2 3 4 5 6 7 8 -9 10 11 12 13 14 15 16 17 -18 19 20 0
uf20-0935.mwcnf 3618 1 2 3 4 5 6 7 8 9 10 -11 12 13 14 15 16 -17 18 19 20 0
uf20-0893.mwcnf 2779 1 2 3 4 -5 6 7 8 9 -10 11 12 13 14 -15 16 -17 -18 19 -20 0
uf20-0134.mwcnf 6323 1 2 -3 -4 5 6 7 8 9 10 11 12 13 14 -15 -16 17 18 -19 20 0
uf20-0671.mwcnf 3140 -1 2 3 4 5 6 7 8 -9 10 -11 12 13 -14 15 16 17 -18 19 20 0
uf20-0906.mwcnf 2868 -1 -2 3 4 5 6 7 8 -9 10 11 12 13 -14 15 -16 17 18 19 20 0
uf20-0351.mwcnf 3682 1 2 3 4 5 6 7 8 9 -10 -11 12 13 14 15 16 -17 18 19 20 0
uf20-0865.mwcnf 2461 1 2 -3 4 5 6 -7 8 9 -10 -11 12 13 14 15 16 -17 18 -19 -20 0
uf20-0425.mwcnf 3112 1 2 3 4 -5 6 -7 8 -9 10 11 12 13 14 15 16 17 -18 19 20 0
uf20-0625.mwcnf 3308 -1 2 3 4 -5 -6 7 8 9 10 11 12 13 -14 15 16 -17 18 -19 20 0
uf20-0505.mwcnf 2973 -1 2 3 4 5 6 -7 -8 9 10 11 12 -13 -14 15 16 -17 18 19 20 0
uf20-0738.mwcnf 3269 1 2 3 -4 -5 6 7 8 -9 10 11 12 13 -14 15 -16 -17 18 19 20 0
uf20-0343.mwcnf 2593 -1 -2 -3 4 5 6 -7 8 9 -10 -11 12 13 14 15 -16 17 18 19 20 0
uf20-0121.mwcnf 7821 1 -2 3 4 -5 6 7 8 9 10 11 12 13 14 15 16 17 18 -19 20 0
uf20-0234.mwcnf 6029 1 -2 3 4 5 6 -7 -8 9 10 11 12 -13 14 15 16 17 18 -19 20 0
uf20-0318.mwcnf 3829 1 2 3 4 5 6 -7 8 9 10 11 12 13 14 -15 16 17 -18 19 20 0
uf20-0265.mwcnf 8388 -1 2 3 4 5 6 7 8 9 -10 11 12 13 14 15 16 17 18 19 20 0
uf20-0562.mwcnf 2633 -1 2 -3 -4 5 -6 -7 8 9 10 11 12 13 14 15 -16 17 18 19 -20 0
uf20-060.mwcnf 4389 1 2 3 -4 5 6 7 8 9 -10 11 12 -13 14 15 16 17 18 19 20 0
uf20-0633.mwcnf 3990 1 2 3 4 -5 6 7 8 9 10 -11 12 -13 -14 15 16 17 18 19 20 0
uf20-0138.mwcnf 6280 -1 -2 -3 4 5 6 7 8 9 10 -11 12 13 -14 15 16 17 18 -19 20 0
uf20-032.mwcnf 3411 1 2 3 4 5 6 -7 -8 9 -10 11 12 13 14 -15 16 17 18 19 20 0
uf20-0968.mwcnf 2707 1 2 3 -4 5 6 -7 8 9 10 11 12 -13 14 -15 -16 -17 18 -19 20 0
uf20-0476.mwcnf 3162 1 2 -3 4 5 -6 7 -8 9 10 -11 12 13 14 -15 -16 17 18 19 20 0
uf20-034.mwcnf 3764 1 2 3 4 5 -6 7 8 9 10 11 12 13 -14 15 16 17 18 19 -20 0
uf20-0426.mwcnf 3197 1 -2 3 4 5 -6 7 -8 9 -10 11 12 13 -14 15 16 17 18 19 20 0
uf20-0159.mwcnf 7001 1 2 -3 -4 5 6 -7 8 9 10 11 -12 13 14 15 16 17 18 19 20 0
uf20-0170.mwcnf 6983 1 2 3 4 5 6 7 8 9 -10 11 12 13 14 -15 16 17 -18 19 -20 0
uf20-0355.mwcnf 4057 1 2 3 4 5 6 7 8 9 10 11 12 13 -14 15 16 17 -18 19 20 0
uf20-0326.mwcnf 2731 -1 2 3 4 5 -6 7 8 9 -10 -11 12 -13 14 -15 -16 17 18 19 20 0
uf20-0374.mwcnf 2320 -1 -2 3 -4 5 6 7 8 -9 10 11 -12 -13 -14 -15 16 -17 18 19 20 0
uf20-0885.mwcnf 3214 1 2 3 4 -5 6 -7 8 9 -10 11 12 13 14 -15 -16 17 18 19 20 0
uf20-0783.mwcnf 3777 1 2 3 4 5 6 7 8 9 10 11 -12 13 14 -15 -16 17 18 19 -20 0
uf20-0253.mwcnf 7177 1 2 -3 4 5 6 -7 8 9 -10 11 12 13 14 15 -16 17 18 19 20 0
uf20-0702.mwcnf 4249 1 2 3 -4 5 6 7 -8 9 10 -11 12 13 14 15 16 17 18 19 20 0
uf20-0806.mwcnf 3817 -1 2 -3 4 5 6 7 8 9 10 11 12 13 14 15 -16 17 -18 -19 20 0
uf20-0435.mwcnf 3030 1 2 3 4 5 6 7 -8 9 -10 11 12 13 14 15 16 -17 18 -19 -20 0
uf20-0647.mwcnf 3342 1 2 -3 4 5 6 -7 8 9 10 11 12 13 14 -15 16 -17 -18 19 20 0
uf20-0204.mwcnf 5102 -1 2 3 4 5 6 7 -8 9 10 -11 12 13 -14 15 16 -17 -18 19 -20 0
uf20-0655.mwcnf 2516 -1 2 3 4 5 6 -7 8 -9 10 11 -12 -13 14 -15 16 -17 18 19 20 0
uf20-0817.mwcnf 2548 1 -2 3 -4 -5 6 7 8 9 10 11 -12 -13 -14 15 -16 -17 18 19 20 0
uf20-0300.mwcnf 6709 1 2 3 4 5 6 7 8 9 10 -11 12 13 14 15 -16 17 -18 19 -20 0
uf20-0840.mwcnf 3284 1 2 3 4 5 6 -7 8 9 10 11 12 13 -14 -15 16 17 18 19 -20 0
uf20-0177.mwcnf 6963 -1 2 3 4 5 6 7 8 9 10 11 12 -13 14 15 16 17 -18 -19 20 0
uf20-0277.mwcnf 6052 1 2 3 4 -5 6 7 -8 -9 10 11 12 -13 -14 15 -16 17 18 19 20 0
uf20-0336.mwcnf 1818 1 -2 3 -4 -5 -6 7 -8 -9 10 -11 -12 13 -14 15 16 17 -18 19 20 0
uf20-0111.mwcnf 7509 1 2 3 4 5 6 7 8 9 -10 -11 12 -13 14 15 16 17 -18 19 20 0
uf20-0554.mwcnf 4167 1 2 3 -4 5 6 7 8 9 10 11 12 13 14 15 16 17 18 19 20 0
uf20-0438.mwcnf 3108 -1 -2 3 4 -5 6 7 8 9 10 11 12 13 14 15 16 17 18 -19 -20 0
uf20-0588.mwcnf 3547 1 -2 3 -4 5 6 7 8 9 10 11 -12 -13 14 15 16 17 18 19 20 0
uf20-0304.mwcnf 5946 1 -2 -3 4 -5 6 7 8 9 10 -11 12 13 14 15 16 17 18 -19 -20 0
uf20-066.mwcnf 4120 1 2 3 4 5 -6 7 -8 9 -10 11 12 13 14 15 16 17 -18 19 20 0
uf20-0948.mwcnf 3812 1 2 3 4 5 -6 7 8 -9 10 11 12 -13 14 15 16 17 18 19 20 0
uf20-0101.mwcnf 6072 1 2 3 4 -5 6 -7 8 -9 10 11 -12 -13 14 15 16 17 18 19 20 0
uf20-0907.mwcnf 2046 -1 2 3 -4 5 6 7 -8 -9 10 11 12 -13 14 -15 16 -17 18 -19 20 0
uf20-0157.mwcnf 4757 -1 2 3 -4 -5 6 7 8 9 10 11 12 -13 -14 15 16 17 -18 19 20 0
uf20-0485.mwcnf 2953 -1 2 3 -4 5 6 -7 8 9 -10 11 12 13 14 15 16 -17 18 19 20 0
uf20-0259.mwcnf 6966 -1 2 3 -4 5 6 7 8 9 10 11 12 13 -14 15 16 -17 18 -19 20 0
uf20-0640.mwcnf 3342 1 2 -3 -4 5 6 7 -8 9 10 -11 12 13 -14 15 16 17 18 19 20 0
uf20-0337.mwcnf 3091 1 2 3 -4 5 6 7 8 9 -10 -11 12 13 14 15 16 17 -18 19 20 0
uf20-0815.mwcnf 3530 1 2 3 4 5 6 7 8 -9 -10 11 12 13 14 15 16 17 -18 19 -20 0
uf20-0762.mwcnf 3543 1 2 3 -4 5 -6 -7 8 9 10 -11 12 13 14 15 16 -17 18 19 20 0
uf20-010.mwcnf 7843 -1 2 3 4 5 6 7 8 9 10 11 12 13 14 15 16 -17 -18 19 20 0
uf20-0523.mwcnf 3172 1 2 3 4 5 -6 7 -8 9 10 -11 12 -13 14 15 -16 17 18 19 20 0
uf20-0158.mwcnf 6179 1 2 3 4 5 6 -7 8 9 10 11 12 13 -14 -15 16 17 -18 19 -20 0
uf20-0978.mwcnf 4230 1 2 3 4 5 6 7 8 9 10 11 12 13 14 15 -16 17 18 19 20 0
uf20-0692.mwcnf 4347 1 2 -3 4 5 6 7 -8 9 10 11 12 13 14 15 16 17 18 19 20 0
uf20-0364.mwcnf 3115 1 2 3 4 5 6 7 8 9 10 -11 -12 13 -14 15 16 17 -18 19 -20 0
uf20-0818.mwcnf 3979 1 -2 3 -4 -5 6 7 8 9 10 11 12 -13 14 15 16 17 18 19 20 0
uf20-0548.mwcnf 2955 1 -2 -3 4 5 6 7 8 9 -10 -11 12 13 14 15 16 17 18 -19 20 0
uf20-0270.mwcnf 7630 1 -2 3 4 5 6 7 8 9 -10 11 -12 13 14 15 16 -17 18 19 20 0
uf20-0572.mwcnf 3699 -1 2 -3 4 5 6 7 8 9 10 -11 12 13 14 -15 16 17 18 -19 20 0
uf20-0556.mwcnf 3636 1 2 3 4 5 6 7 -8 -9 10 -11 12 13 14 15 16 17 18 19 20 0
uf20-0421.mwcnf 1991 -1 2 -3 -4 5 6 -7 8 9 10 11 12 -13 -14 -15 16 17 -18 19 20 0
uf20-0876.mwcnf 3224 1 2 3 -4 5 6 7 8 9 -10 -11 12 13 14 15 16 17 18 19 20 0
uf20-0153.mwcnf 5528 -1 2 3 -4 5 6 7 8 9 10 -11 -12 13 14 15 -16 17 18 19 -20 0
uf20-0845.mwcnf 2898 1 -2 3 4 5 -6 -7 8 9 10 11 12 -13 -14 15 16 17 18 19 20 0
uf20-0514.mwcnf 3440 1 2 3 -4 -5 6 7 -8 9 10 11 -12 13 14 15 16 17 18 19 20 0
uf20-0296.mwcnf 6096 -1 2 3 4 -5 6 7 -8 -9 10 11 12 13 -14 15 16 17 18 19 20 0
uf20-0700.mwcnf 2288 -1 2 -3 4 -5 -6 -7 8 -9 10 -11 12 -13 14 -15 16 17 -18 19 20 0
uf20-0623.mwcnf 3739 1 2 3 4 5 6 7 8 9 -10 -11 12 -13 14 15 16 17 -18 19 20 0
uf20-0648.mwcnf 3415 1 2 -3 -4 5 6 -7 8 9 10 -11 -12 13 14 15 16 17 18 19 20 0
uf20-0650.mwcnf 3041 -1 -2 3 -4 5 6 -7 8 -9 10 11 -12 13 14 15 16 17 -18 19 20 0
uf20-0563.mwcnf 3514 1 -2 3 4 5 6 -7 8 9 10 -11 12 13 14 15 16 17 18 19 -20 0
uf20-0212.mwcnf 7013 1 2 3 4 -5 6 7 8 -9 10 11 12 13 14 15 16 17 18 -19 -20 0
uf20-08.mwcnf 3039 1 2 3 4 -5 6 7 -8 9 10 11 12 13 14 15 16 -17 -18 -19 20 0
uf20-0319.mwcnf 4034 1 2 3 4 5 6 7 8 -9 10 -11 12 13 14 15 16 17 18 19 20 0
uf20-0404.mwcnf 2813 1 -2 -3 -4 5 6 7 8 -9 10 11 12 13 14 -15 -16 17 18 19 20 0
uf20-0524.mwcnf 3482 1 -2 3 4 -5 6 7 8 9 10 11 12 13 14 15 -16 -17 18 -19 20 0
uf20-086.mwcnf 2722 1 -2 3 -4 5 6 7 8 9 10 -11 12 13 14 15 16 -17 -18 -19 20 0
uf20-0621.mwcnf 3630 -1 2 3 4 5 -6 7 8 9 10 -11 12 13 14 15 16 17 -18 -19 20 0
uf20-0882.mwcnf 3982 1 2 3 4 -5 6 7 8 9 10 11 -12 13 14 15 16 17 18 19 20 0
uf20-0106.mwcnf 7577 -1 2 3 4 5 6 7 8 9 10 11 12 13 14 15 16 -17 18 -19 20 0
uf20-0278.mwcnf 4867 -1 -2 3 -4 -5 6 -7 8 9 10 11 12 13 -14 15 16 17 18 19 -20 0
uf20-074.mwcnf 4192 1 2 3 4 5 6 -7 8 9 10 11 12 -13 14 15 16 17 18 -19 20 0
uf20-0165.mwcnf 7730 1 2 3 4 5 6 -7 8 9 10 11 -12 13 14 15 16 -17 18 19 -20 0
uf20-056.mwcnf 3271 -1 2 -3 4 5 -6 -7 8 9 10 11 12 13 14 15 16 17 -18 19 20 0
uf20-0541.mwcnf 2692 -1 2 3 -4 5 6 7 8 9 10 -11 12 13 14 15 -16 -17 -18 19 20 0
uf20-0136.mwcnf 8130 1 2 3 -4 5 6 7 -8 9 10 11 12 13 14 15 16 17 -18 19 20 0
uf20-0308.mwcnf 3265 1 2 3 4 5 6 -7 -8 9 10 11 12 13 -14 15 16 -17 18 -19 20 0
uf20-0837.mwcnf 3205 1 2 3 -4 5 -6 7 8 9 -10 11 12 13 14 -15 -16 17 18 -19 20 0
uf20-0991.mwcnf 3221 1 -2 3 4 5 6 -7 8 9 10 11 12 13 14 -15 16 17 18 19 20 0
uf20-0912.mwcnf 2608 1 -2 3 4 -5 6 -7 8 9 10 11 12 -13 14 15 -16 -17 18 19 -20 0
uf20-0143.mwcnf 7228 1 2 3 4 5 6 7 -8 -9 10 11 12 13 14 15 16 17 18 19 -20 0
uf20-0528.mwcnf 2858 -1 2 3 4 5 -6 7 8 9 10 11 12 -13 -14 15 16 -17 18 19 20 0
uf20-0376.mwcnf 3208 1 2 -3 -4 5 6 7 8 9 10 11 12 13 -14 15 16 17 -18 19 -20 0
uf20-0564.mwcnf 2661 -1 2 3 4 5 -6 7 -8 9 10 -11 -12 13 14 -15 16 -17 18 19 20 0
uf20-0919.mwcnf 3397 1 2 3 4 5 6 7 -8 9 10 11 12 13 14 -15 -16 17 -18 19 20 0
uf20-0976.mwcnf 2947 1 2 3 4 5 -6 -7 8 9 -10 -11 12 13 14 15 16 17 -18 -19 20 0
uf20-018.mwcnf 6440 1 2 3 4 5 -6 -7 -8 9 10 11 12 -13 14 -15 16 17 18 -19 20 0
uf20-0246.mwcnf 6400 -1 2 3 4 -5 6 7 8 9 10 -11 12 13 -14 -15 16 17 18 19 20 0
uf20-0913.mwcnf 3129 1 2 3 4 5 -6 7 8 9 10 11 12 -13 14 15 16 -17 18 19 -20 0
uf20-0615.mwcnf 3325 1 -2 3 4 -5 6 7 8 -9 -10 11 12 13 -14 15 16 17 18 -19 20 0
uf20-0243.mwcnf 5992 1 2 -3 -4 -5 6 -7 8 9 10 11 -12 13 14 15 16 17 -18 19 20 0
uf20-0189.mwcnf 5989 -1 -2 3 4 5 -6 7 -8 9 10 11 -12 13 -14 15 16 17 18 19 -20 0
uf20-0973.mwcnf 3301 1 2 3 4 5 -6 7 -8 9 -10 11 -12 13 14 15 16 -17 18 19 20 0
uf20-0245.mwcnf 4183 1 2 3 -4 5 6 7 8 -9 -10 11 -12 13 14 -15 -16 -17 -18 19 -20 0
uf20-0924.mwcnf 3052 1 -2 3 4 5 6 7 8 9 -10 11 12 -13 14 -15 16 17 -18 -19 20 0
uf20-0451.mwcnf 3122 1 -2 -3 4 5 6 7 8 9 10 11 12 -13 14 15 16 17 18 19 -20 0
uf20-0389.mwcnf 2661 1 -2 3 4 5 6 -7 -8 -9 -10 11 12 -13 14 15 16 17 18 -19 20 0
uf20-0445.mwcnf 3067 1 2 3 4 -5 -6 7 8 -9 10 11 12 -13 -14 15 16 17 18 19 20 0
uf20-0110.mwcnf 5934 1 -2 3 4 5 6 7 8 9 -10 11 -12 13 14 15 16 17 18 19 -20 0
uf20-0115.mwcnf 5570 1 -2 3 4 5 -6 -7 -8 9 10 11 12 13 14 -15 16 17 18 -19 20 0
uf20-0415.mwcnf 2151 -1 -2 3 4 5 -6 7 -8 9 10 11 12 -13 -14 15 16 -17 -18 19 20 0
uf20-0836.mwcnf 3893 1 2 -3 4 5 6 7 -8 9 -10 11 12 13 -14 15 16 17 18 -19 20 0
uf20-0310.mwcnf 2471 1 2 -3 -4 5 -6 7 -8 9 -10 11 12 13 14 -15 16 17 -18 -19 20 0
uf20-0201.mwcnf 5876 1 2 3 4 5 6 7 -8 -9 10 -11 12 13 14 15 16 17 -18 -19 20 0
uf20-0833.mwcnf 3032 -1 2 3 -4 5 6 -7 8 -9 10 -11 12 13 14 15 16 17 18 19 -20 0
uf20-0537.mwcnf 3354 -1 2 3 4 -5 6 7 -8 9 10 11 12 13 14 15 16 17 18 -19 20 0
uf20-0811.mwcnf 3839 1 2 3 4 5 6 7 8 9 10 11 -12 -13 14 15 16 17 18 -19 -20 0
uf20-0114.mwcnf 7960 1 2 3 4 5 6 7 -8 9 -10 11 12 13 14 15 16 17 -18 19 20 0
uf20-0200.mwcnf 3235 1 2 3 -4 5 6 -7 8 -9 -10 -11 12 13 14 -15 -16 -17 -18 19 20 0
uf20-0719.mwcnf 3552 1 2 3 -4 5 6 7 -8 9 -10 11 12 -13 14 15 -16 17 18 19 20 0
uf20-0178.mwcnf 5355 1 -2 3 4 5 -6 7 8 9 10 11 12 -13 14 -15 -16 17 -18 19 20 0
uf20-0670.mwcnf 3084 1 -2 3 4 5 -6 -7 8 9 10 -11 12 13 14 -15 16 17 18 19 -20 0
uf20-0946.mwcnf 3023 1 -2 3 -4 5 6 7 -8 9 -10 11 12 13 14 -15 16 17 18 19 20 0
uf20-0503.mwcnf 2539 1 2 -3 4 5 6 -7 8 9 10 -11 -12 13 14 -15 -16 17 18 19 -20 0
uf20-0534.mwcnf 3647 1 -2 3 4 5 -6 7 8 9 10 11 12 13 14 15 16 17 -18 19 20 0
uf20-082.mwcnf 3540 1 2 3 4 5 -6 -7 -8 9 10 11 12 13 14 -15 16 17 18 -19 20 0
uf20-0145.mwcnf 6201 1 2 3 -4 5 6 -7 8 9 10 -11 12 13 -14 15 16 17 18 -19 -20 0
uf20-0847.mwcnf 2824 -1 2 3 4 5 6 -7 8 9 10 11 12 -13 14 -15 16 -17 18 19 -20 0
uf20-080.mwcnf 3694 1 2 3 -4 5 -6 7 8 9 -10 11 12 13 14 15 16 17 -18 19 20 0
uf20-0128.mwcnf 6665 1 -2 3 4 5 6 7 8 9 10 11 12 -13 14 15 -16 -17 18 19 -20 0
uf20-0603.mwcnf 3440 1 2 -3 4 5 6 7 8 -9 10 11 12 -13 14 -15 16 17 -18 19 20 0
uf20-0498.mwcnf 3405 1 2 3 -4 5 6 7 -8 9 10 11 12 13 14 15 16 17 -18 19 -20 0
uf20-0299.mwcnf 4862 1 -2 3 4 -5 6 -7 -8 -9 10 -11 12 13 14 15 16 -17 18 -19 20 0
uf20-0348.mwcnf 3997 1 2 3 4 5 6 7 8 9 10 -11 12 13 -14 15 16 17 18 19 20 0
uf20-0734.mwcnf 4676 1 2 -3 4 5 6 7 8 9 10 11 12 13 14 15 16 17 18 19 20 0
uf20-027.mwcnf 7084 1 2 -3 -4 5 6 7 -8 9 10 11 12 13 -14 15 16 17 18 19 20 0
uf20-0191.mwcnf 7249 1 2 3 4 -5 6 -7 8 9 10 11 -12 13 14 15 16 17 18 19 20 0
uf20-0678.mwcnf 3783 -1 2 3 4 5 6 7 -8 9 10 11 12 13 -14 -15 16 17 18 19 20 0
uf20-093.mwcnf 2402 -1 -2 3 -4 5 6 7 -8 9 10 -11 12 13 14 -15 16 17 -18 19 20 0
uf20-0795.mwcnf 3051 1 2 3 4 5 6 7 8 9 10 11 12 -13 -14 15 16 -17 18 -19 -20 0
uf20-0205.mwcnf 4889 -1 2 3 4 -5 6 -7 -8 9 -10 11 12 13 14 15 16 17 18 -19 -20 0
uf20-0442.mwcnf 2196 -1 -2 3 -4 5 6 -7 8 9 10 11 12 13 -14 15 -16 17 -18 19 -20 0
uf20-0816.mwcnf 3258 1 -2 3 -4 5 -6 7 -8 -9 10 11 12 13 14 15 -16 17 18 19 20 0
uf20-0516.mwcnf 3471 1 2 3 4 5 6 7 -8 9 10 11 -12 -13 14 15 16 17 18 19 -20 0
uf20-0169.mwcnf 5790 -1 2 3 4 5 6 7 8 9 10 11 -12 13 -14 15 -16 17 18 -19 -20 0
uf20-0166.mwcnf 5471 -1 2 3 4 -5 6 7 -8 9 10 11 12 -13 -14 -15 16 17 18 19 -20 0
uf20-0519.mwcnf 3189 1 -2 -3 4 -5 -6 7 8 9 10 -11 12 13 14 15 16 -17 18 19 20 0
uf20-0241.mwcnf 6120 -1 -2 3 4 5 6 -7 8 9 10 11 12 -13 14 15 16 17 18 19 20 0
uf20-0969.mwcnf 2331 -1 2 3 4 5 -6 7 8 -9 -10 11 12 -13 -14 -15 -16 17 18 19 20 0
uf20-0999.mwcnf 3202 1 2 -3 4 5 -6 7 8 9 10 -11 12 -13 14 15 -16 17 18 19 20 0
uf20-0710.mwcnf 3018 -1 2 3 -4 -5 6 7 8 -9 -10 11 12 13 -14 15 16 17 18 19 20 0
uf20-0137.mwcnf 4081 -1 2 -3 4 -5 6 -7 8 9 -10 -11 -12 13 14 -15 16 17 18 19 -20 0
uf20-0149.mwcnf 5398 1 2 -3 4 5 6 -7 8 9 -10 -11 12 13 14 15 16 17 18 -19 20 0
uf20-0230.mwcnf 5298 1 2 -3 4 5 6 7 8 9 10 -11 -12 13 14 15 16 -17 -18 -19 20 0
uf20-0899.mwcnf 1733 -1 2 3 4 -5 -6 7 -8 9 -10 -11 12 -13 14 -15 -16 -17 18 -19 -20 0
uf20-0636.mwcnf 3207 1 2 3 4 -5 6 7 8 9 10 11 -12 -13 -14 -15 16 -17 18 19 20 0
uf20-0295.mwcnf 5699 1 2 3 -4 5 -6 7 -8 -9 10 11 12 13 14 15 -16 17 -18 19 -20 0
uf20-0966.mwcnf 3604 -1 -2 3 4 5 6 7 8 9 10 11 12 13 14 -15 16 17 18 19 20 0
uf20-0179.mwcnf 8429 1 2 3 4 5 6 7 8 9 10 -11 12 13 -14 15 16 17 18 19 20 0
uf20-0810.mwcnf 2785 1 2 3 4 -5 6 7 8 -9 10 -11 -12 -13 14 15 -16 17 -18 19 -20 0
uf20-0492.mwcnf 3466 1 2 3 4 5 6 7 -8 9 -10 11 12 -13 -14 15 16 17 18 19 20 0
uf20-026.mwcnf 6140 1 2 3 4 5 6 7 -8 9 10 -11 -12 13 14 -15 16 17 18 -19 -20 0
uf20-078.mwcnf 3139 1 2 3 4 5 -6 7 -8 9 -10 11 12 -13 14 15 -16 17 18 19 20 0
uf20-0884.mwcnf 3175 1 2 -3 4 5 6 7 -8 9 -10 11 -12 13 14 15 16 17 -18 19 20 0
uf20-089.mwcnf 2261 1 2 -3 4 5 6 7 8 -9 10 11 12 -13 -14 -15 -16 17 18 19 20 0
uf20-0470.mwcnf 3146 1 2 3 4 5 6 7 8 9 -10 11 12 13 14 15 -16 17 18 -19 20 0
uf20-0320.mwcnf 3568 1 2 -3 4 5 6 7 -8 9 10 11 -12 -13 14 15 16 17 18 19 20 0
uf20-0736.mwcnf 3266 -1 2 3 4 5 6 7 -8 9 10 11 -12 -13 14 -15 16 -17 18 19 20 0
uf20-0122.mwcnf 7238 1 2 3 4 5 6 7 -8 9 10 11 12 -13 14 -15 16 17 18 19 -20 0
uf20-0260.mwcnf 5891 1 2 3 4 5 -6 7 8 9 10 11 12 13 14 15 -16 -17 -18 -19 -20 0
uf20-0194.mwcnf 7105 1 2 -3 4 5 6 7 -8 9 -10 -11 -12 13 14 15 16 17 18 19 20 0
uf20-0358.mwcnf 3474 1 2 3 4 5 6 -7 -8 9 10 11 12 13 14 -15 16 17 -18 19 20 0
uf20-0439.mwcnf 3469 1 2 3 -4 5 -6 7 -8 -9 10 11 12 13 14 15 16 17 18 19 20 0
uf20-0334.mwcnf 2277 -1 -2 -3 4 5 6 7 -8 9 -10 11 12 -13 14 -15 16 17 18 19 20 0
uf20-0527.mwcnf 3840 -1 2 3 4 5 6 7 8 -9 -10 11 12 13 14 15 16 17 18 19 20 0
uf20-0901.mwcnf 3527 1 2 3 -4 -5 6 -7 8 9 10 -11 12 13 14 15 16 17 18 19 20 0
uf20-0416.mwcnf 3893 1 -2 3 4 5 6 7 8 9 10 -11 12 13 14 -15 16 17 18 19 20 0
uf20-0284.mwcnf 6397 1 2 -3 4 5 6 7 8 -9 -10 11 12 13 14 15 -16 17 18 19 -20 0
uf20-0626.mwcnf 3178 -1 2 3 -4 -5 -6 -7 8 9 10 11 12 13 14 15 16 -17 18 19 20 0
uf20-0841.mwcnf 2843 1 2 3 4 5 -6 -7 8 9 -10 -11 12 13 14 15 16 17 18 -19 20 0
uf20-0575.mwcnf 2874 1 -2 -3 4 -5 6 -7 8 9 10 11 12 13 14 15 16 -17 -18 -19 20 0
uf20-0119.mwcnf 7538 1 2 3 4 5 6 7 8 -9 10 11 -12 13 14 15 16 17 -18 19 -20 0
uf20-0773.mwcnf 3396 1 -2 3 4 5 6 7 8 -9 10 -11 -12 -13 14 15 16 17 18 19 20 0
uf20-0682.mwcnf 3048 -1 2 -3 -4 -5 6 -7 8 9 10 11 -12 13 14 15 16 17 18 19 20 0
uf20-0413.mwcnf 4312 1 2 3 4 5 6 7 8 9 10 11 -12 13 -14 15 16 17 18 19 20 0
uf20-0461.mwcnf 3353 1 2 -3 4 5 6 7 8 -9 -10 -11 -12 13 14 15 16 17 18 19 20 0
uf20-0518.mwcnf 2379 1 -2 3 -4 5 -6 -7 8 9 10 11 12 -13 14 15 -16 -17 18 -19 -20 0
uf20-0282.mwcnf 5135 -1 2 3 4 5 6 -7 8 9 -10 -11 12 13 -14 15 -16 17 18 -19 -20 0
uf20-0956.mwcnf 2459 -1 2 3 -4 -5 6 7 -8 9 10 -11 -12 -13 14 -15 16 17 18 19 20 0
uf20-0508.mwcnf 2249 -1 2 3 -4 -5 -6 -7 8 9 10 11 -12 13 -14 15 16 17 18 19 20 0
uf20-0338.mwcnf 2545 1 2 3 4 5 -6 7 -8 9 10 11 12 -13 -14 -15 16 17 18 -19 -20 0
uf20-0583.mwcnf 3424 1 2 -3 4 5 -6 7 -8 9 -10 11 12 13 -14 15 -16 17 18 19 20 0
uf20-0669.mwcnf 3335 1 2 3 4 5 -6 7 -8 9 10 11 -12 13 -14 15 16 -17 18 19 20 0
uf20-0381.mwcnf 3542 1 2 -3 4 5 -6 7 8 9 10 11 12 13 14 15 16 17 -18 19 20 0
uf20-061.mwcnf 3752 1 2 3 4 5 -6 -7 8 -9 10 11 12 13 14 15 16 17 18 -19 20 0
uf20-0236.mwcnf 8351 1 2 3 4 -5 6 7 8 9 -10 11 12 13 14 -15 16 17 18 19 20 0
uf20-041.mwcnf 3764 -1 2 -3 -4 5 6 7 8 9 10 11 12 13 14 15 16 17 18 19 20 0
uf20-0238.mwcnf 7534 1 2 3 4 -5 6 -7 8 9 10 11 12 13 -14 15 16 17 18 19 20 0
uf20-095.mwcnf 3391 1 2 3 4 5 -6 -7 8 -9 10 11 12 13 14 15 16 17 18 -19 20 0
uf20-0936.mwcnf 2821 1 -2 3 4 5 6 7 8 9 10 11 12 -13 14 15 16 17 -18 19 -20 0
uf20-0369.mwcnf 3138 -1 2 3 4 -5 -6 7 8 9 10 -11 12 13 14 15 16 17 18 -19 20 0
uf20-0698.mwcnf 3889 -1 2 3 4 5 6 7 -8 9 10 11 12 13 14 15 16 17 -18 19 -20 0
uf20-0601.mwcnf 3142 1 2 -3 -4 5 -6 7 8 9 10 -11 12 13 -14 15 -16 17 18 19 20 0
uf20-0118.mwcnf 6605 1 -2 -3 4 5 -6 7 8 -9 10 11 -12 13 14 15 16 17 18 19 20 0
uf20-0577.mwcnf 2636 1 -2 3 4 5 -6 -7 -8 9 10 11 12 13 -14 -15 16 17 -18 19 -20 0
uf20-0262.mwcnf 5942 1 2 3 4 -5 6 7 -8 9 10 -11 12 13 -14 15 -16 17 -18 19 20 0
uf20-0456.mwcnf 3581 -1 2 3 4 5 6 7 8 9 -10 11 12 13 14 15 16 -17 -18 19 20 0
uf20-0303.mwcnf 5780 1 -2 -3 4 5 -6 -7 -8 9 10 11 12 13 -14 15 -16 17 18 19 20 0
uf20-0141.mwcnf 5866 1 2 3 -4 5 6 7 -8 9 10 11 12 -13 14 15 16 17 -18 -19 20 0
uf20-0372.mwcnf 2907 1 -2 -3 4 5 6 7 -8 9 -10 11 12 13 14 15 -16 17 18 19 20 0
uf20-052.mwcnf 3731 -1 2 3 4 5 6 -7 8 -9 -10 11 12 13 14 15 16 17 18 19 20 0
uf20-0928.mwcnf 2958 1 2 -3 4 5 -6 -7 8 9 10 11 12 -13 -14 15 16 17 18 19 20 0
uf20-031.mwcnf 2314 1 -2 3 4 5 6 -7 8 9 10 11 -12 13 -14 15 16 -17 18 -19 -20 0
uf20-0685.mwcnf 3424 -1 2 3 4 5 6 -7 8 9 10 11 -12 -13 14 -15 16 17 -18 19 20 0
uf20-0482.mwcnf 2797 -1 -2 3 4 -5 6 7 8 -9 10 -11 12 13 14 -15 16 17 18 19 20 0
uf20-0939.mwcnf 2338 -1 2 3 -4 5 -6 7 8 9 10 11 12 -13 14 -15 16 17 18 19 20 0
uf20-0430.mwcnf 2165 1 -2 -3 4 5 6 7 8 9 10 11 12 13 -14 -15 -16 17 18 -19 20 0
uf20-0377.mwcnf 4068 1 2 3 4 5 6 7 -8 9 10 11 12 13 -14 15 16 17 18 19 20 0
uf20-0761.mwcnf 4094 1 2 3 4 5 -6 7 8 9 10 11 -12 13 14 15 16 17 18 19 20 0
uf20-0131.mwcnf 8047 1 2 3 4 5 -6 7 -8 9 10 -11 12 13 14 15 16 17 18 19 20 0
uf20-064.mwcnf 3282 1 2 3 -4 5 -6 -7 8 9 10 11 12 -13 14 15 16 17 -18 19 20 0
uf20-0531.mwcnf 3074 1 2 3 4 -5 6 -7 8 9 10 -11 12 13 14 15 16 -17 18 19 -20 0
uf20-0801.mwcnf 4216 1 2 -3 4 -5 6 7 8 9 -10 11 12 -13 14 15 16 17 18 19 20 0
uf20-079.mwcnf 2919 1 -2 3 4 5 6 -7 -8 9 10 11 12 -13 -14 15 -16 17 18 -19 20 0
uf20-059.mwcnf 4144 1 2 3 4 5 6 7 -8 9 -10 11 12 13 14 15 16 -17 18 19 -20 0
uf20-0288.mwcnf 6196 1 2 -3 4 -5 6 -7 8 9 -10 11 12 13 -14 15 16 17 18 19 20 0
uf20-081.mwcnf 4032 1 2 3 4 5 6 7 8 9 10 11 12 13 -14 15 16 17 18 -19 -20 0
uf20-0471.mwcnf 2767 1 2 3 -4 5 6 7 -8 9 10 11 -12 13 -14 15 16 -17 18 -19 20 0
uf20-0366.mwcnf 3177 1 2 3 4 -5 6 7 8 9 10 -11 -12 -13 14 15 16 17 18 19 -20 0
uf20-098.mwcnf 3163 1 2 3 -4 5 -6 7 8 9 10 -11 12 13 14 -15 16 17 18 19 20 0
uf20-0728.mwcnf 2769 1 -2 3 4 5 6 7 8 -9 10 -11 12 -13 -14 15 -16 17 18 19 -20 0
uf20-0152.mwcnf 4206 1 2 -3 -4 5 6 7 -8 -9 10 -11 12 13 14 -15 16 17 -18 -19 -20 0
uf20-0407.mwcnf 3578 1 -2 3 4 5 6 7 8 9 10 11 12 13 -14 15 -16 17 18 19 20 0
uf20-0432.mwcnf 3220 1 2 3 4 -5 6 7 8 9 -10 11 12 -13 14 15 16 17 18 -19 -20 0
uf20-0730.mwcnf 3352 1 2 3 4 5 -6 -7 8 9 10 -11 -12 13 -14 15 16 -17 18 19 20 0
uf20-0854.mwcnf 2460 1 -2 3 -4 -5 6 7 8 9 -10 -11 12 -13 14 -15 16 17 18 19 20 0
uf20-0849.mwcnf 3684 1 2 3 4 5 6 7 8 9 -10 11 -12 13 14 15 16 17 18 -19 20 0
uf20-0558.mwcnf 2046 1 -2 3 -4 -5 -6 7 -8 9 -10 11 12 13 14 15 16 -17 18 19 -20 0
uf20-0436.mwcnf 3531 -1 2 3 4 -5 6 7 8 9 10 11 12 13 -14 15 16 17 18 -19 20 0
uf20-0642.mwcnf 2765 -1 2 3 4 5 6 -7 8 -9 -10 -11 12 13 14 15 16 -17 -18 19 20 0
uf20-0617.mwcnf 3052 1 -2 3 4 5 -6 7 8 9 10 -11 12 13 14 15 16 17 -18 -19 -20 0
uf20-0975.mwcnf 3667 1 2 3 4 5 6 -7 -8 9 10 11 12 13 14 15 16 17 -18 19 20 0
uf20-097.mwcnf 2615 1 2 3 4 -5 -6 7 -8 9 10 -11 -12 13 14 -15 16 17 18 -19 20 0
uf20-0321.mwcnf 2984 1 2 3 4 5 6 -7 -8 9 10 11 12 13 -14 15 16 -17 18 19 -20 0
uf20-0706.mwcnf 3631 1 -2 -3 4 5 6 7 8 9 10 11 -12 13 -14 15 16 17 18 19 20 0
uf20-028.mwcnf 5256 1 2 -3 4 5 6 -7 8 9 10 -11 12 13 -14 -15 -16 17 -18 19 20 0
uf20-0891.mwcnf 2684 -1 -2 -3 4 5 6 7 -8 9 10 11 12 13 14 15 16 17 18 19 -20 0
uf20-0202.mwcnf 7052 1 2 3 4 5 6 -7 -8 9 10 11 12 13 14 -15 16 17 18 19 20 0
uf20-0839.mwcnf 3050 1 2 -3 4 -5 6 7 8 -9 10 11 12 13 -14 15 16 17 -18 -19 20 0
uf20-0273.mwcnf 6230 1 2 3 -4 5 6 7 8 9 10 -11 12 -13 -14 15 -16 17 -18 19 20 0
uf20-0829.mwcnf 3507 1 2 3 4 5 6 -7 8 9 10 11 12 -13 -14 -15 16 17 18 19 20 0
uf20-0447.mwcnf 2637 1 2 3 4 -5 6 -7 8 9 10 -11 12 13 14 15 -16 17 -18 -19 20 0
uf20-0353.mwcnf 3364 1 2 3 -4 5 -6 -7 8 9 10 11 12 13 14 15 16 -17 -18 19 20 0
uf20-0977.mwcnf 3335 1 2 3 4 5 -6 7 -8 9 10 11 12 13 14 15 16 17 -18 19 20 0
uf20-0830.mwcnf 3030 1 -2 3 -4 5 6 -7 8 9 10 11 -12 -13 14 15 16 17 18 19 20 0
uf20-0688.mwcnf 4014 1 2 -3 -4 5 6 7 8 9 10 11 12 13 14 15 16 -17 18 19 20 0
uf20-0207.mwcnf 6560 1 2 3 4 5 -6 7 8 9 -10 11 12 13 14 15 -16 -17 -18 19 20 0
uf20-02.mwcnf 4409 1 2 3 -4 5 6 -7 8 -9 -10 -11 12 -13 14 15 16 -17 -18 19 -20 0
uf20-0958.mwcnf 2597 1 2 3 4 5 6 -7 8 -9 10 -11 12 -13 -14 15 16 -17 18 -19 20 0
uf20-0522.mwcnf 3467 1 2 3 4 5 6 7 -8 9 -10 11 12 -13 14 15 16 17 18 19 20 0
uf20-0613.mwcnf 3045 -1 2 3 -4 5 6 7 8 9 -10 11 12 13 14 -15 16 -17 18 19 -20 0
uf20-0233.mwcnf 6697 1 -2 3 4 5 -6 7 8 9 -10 11 -12 13 14 15 16 17 18 19 -20 0
uf20-0708.mwcnf 3594 1 2 3 4 5 6 7 -8 9 10 11 12 13 14 -15 -16 17 18 19 -20 0
uf20-0664.mwcnf 4173 1 2 3 4 5 6 -7 8 9 10 11 12 13 -14 -15 16 17 18 19 20 0
uf20-0315.mwcnf 3514 1 2 3 4 5 6 7 8 -9 10 11 12 13 14 -15 16 -17 18 -19 20 0
uf20-0392.mwcnf 3018 1 2 -3 4 5 6 7 -8 9 10 11 -12 13 14 -15 -16 17 18 19 20 0
uf20-0350.mwcnf 1878 1 -2 -3 4 -5 -6 -7 8 9 -10 -11 -12 13 14 15 -16 17 18 19 20 0
uf20-0526.mwcnf 2195 -1 2 3 -4 -5 6 7 8 -9 -10 -11 12 13 14 15 -16 -17 18 19 20 0
uf20-0379.mwcnf 3444 1 2 3 4 -5 6 7 8 9 10 -11 12 13 14 -15 16 17 -18 19 20 0
uf20-0240.mwcnf 6010 1 2 3 4 5 6 -7 8 -9 10 11 -12 -13 14 -15 16 17 18 19 20 0
uf20-0645.mwcnf 3870 1 2 -3 4 5 6 -7 8 9 10 -11 12 13 14 15 16 17 18 19 20 0
uf20-0599.mwcnf 2697 1 -2 3 -4 -5 -6 7 -8 9 10 11 -12 13 14 15 16 17 18 19 -20 0
uf20-0547.mwcnf 3932 1 2 3 4 -5 -6 7 8 9 10 11 12 13 14 15 16 17 18 19 20 0
uf20-0362.mwcnf 2559 1 2 3 -4 5 6 7 -8 9 10 -11 12 13 14 -15 -16 17 -18 19 20 0
uf20-0686.mwcnf 3024 1 2 3 4 5 6 -7 8 9 -10 -11 -12 -13 14 15 -16 17 18 19 -20 0
uf20-0443.mwcnf 2377 1 2 -3 -4 5 -6 7 8 -9 10 -11 12 13 14 -15 -16 17 18 19 20 0
uf20-0286.mwcnf 6028 -1 -2 3 4 5 6 7 8 9 -10 11 12 -13 14 15 -16 17 -18 19 20 0
uf20-0717.mwcnf 2284 -1 -2 3 4 5 6 7 8 -9 -10 11 12 13 -14 15 16 -17 -18 -19 -20 0
uf20-0293.mwcnf 7442 -1 2 -3 4 5 6 7 8 9 10 11 12 13 14 15 16 17 -18 19 20 0
uf20-0247.mwcnf 7910 1 2 -3 4 -5 6 7 8 9 10 11 12 13 14 15 16 17 -18 19 20 0
uf20-0929.mwcnf 2795 1 2 -3 4 5 6 7 -8 9 -10 11 12 -13 -14 15 16 17 18 19 -20 0
uf20-0784.mwcnf 1976 1 -2 -3 -4 -5 6 7 8 -9 -10 -11 12 13 14 -15 16 -17 18 -19 20 0
uf20-0605.mwcnf 3085 1 -2 3 4 -5 6 -7 8 9 -10 11 12 -13 -14 15 16 17 18 19 20 0
uf20-012.mwcnf 5375 1 -2 3 -4 -5 6 7 8 9 -10 -11 12 13 14 15 -16 17 18 19 -20 0
uf20-0677.mwcnf 3236 -1 -2 3 4 5 6 7 8 9 10 11 -12 -13 14 15 16 -17 18 19 20 0
uf20-0148.mwcnf 7276 1 2 -3 4 5 6 7 -8 -9 10 11 12 13 -14 15 -16 17 18 19 20 0
uf20-0100.mwcnf 6375 1 2 3 4 5 -6 -7 8 9 -10 11 12 13 14 15 16 -17 -18 19 20 0
uf20-0764.mwcnf 4360 1 2 3 4 5 6 7 8 -9 10 11 12 13 14 -15 -16 17 18 19 20 0
uf20-0398.mwcnf 3668 1 2 3 4 -5 6 7 8 9 10 11 12 13 -14 15 -16 17 18 19 20 0
uf20-0930.mwcnf 1779 -1 -2 3 4 -5 6 7 8 9 10 -11 -12 -13 14 -15 16 -17 18 -19 -20 0
uf20-0116.mwcnf 6192 1 2 3 4 -5 6 7 8 9 -10 11 12 13 14 -15 16 17 -18 -19 -20 0
uf20-0903.mwcnf 3052 1 -2 3 4 5 -6 7 8 9 10 11 12 13 -14 -15 16 -17 18 19 20 0
uf20-0568.mwcnf 3035 1 -2 3 4 -5 6 -7 8 9 10 11 -12 13 14 -15 16 17 -18 19 20 0
uf20-047.mwcnf 3119 -1 -2 3 4 -5 6 7 -8 9 10 11 12 13 -14 15 -16 17 18 19 20 0
uf20-0691.mwcnf 3795 1 2 -3 4 5 6 7 8 9 10 -11 12 -13 -14 15 16 17 -18 19 20 0
uf20-0291.mwcnf 9295 1 2 3 4 5 6 7 8 9 10 11 12 -13 14 15 16 17 18 19 20 0
uf20-0406.mwcnf 2845 1 2 3 4 -5 6 7 -8 -9 10 -11 12 -13 14 -15 16 17 18 19 20 0
uf20-0154.mwcnf 8111 1 -2 3 4 5 6 7 8 9 10 -11 12 13 14 15 -16 17 18 19 20 0
uf20-0715.mwcnf 3054 1 2 -3 4 5 6 -7 8 9 -10 11 -12 13 14 15 -16 17 -18 19 -20 0
uf20-0102.mwcnf 4484 -1 2 3 4 -5 6 7 -8 9 -10 11 12 13 14 -15 16 17 -18 -19 -20 0
uf20-0582.mwcnf 3919 1 -2 3 4 5 -6 7 8 9 10 11 12 13 14 15 -16 -17 18 19 20 0
uf20-0370.mwcnf 2177 1 -2 3 4 -5 6 7 -8 9 10 -11 12 -13 14 15 16 17 18 -19 -20 0
uf20-0196.mwcnf 6404 1 2 3 4 5 -6 7 -8 -9 10 11 12 13 14 15 16 -17 -18 19 20 0
uf20-0266.mwcnf 6871 1 2 3 4 5 6 7 8 9 -10 11 12 13 -14 15 -16 17 -18 19 20 0
uf20-0713.mwcnf 3884 1 2 -3 4 5 6 -7 8 9 10 11 -12 13 14 15 16 17 18 19 20 0
uf20-0368.mwcnf 3626 -1 -2 3 -4 5 6 7 8 9 10 11 12 13 14 15 16 17 18 19 20 0
uf20-0472.mwcnf 3829 -1 2 3 -4 5 6 7 8 9 10 11 12 13 14 15 16 -17 18 19 20 0
uf20-0668.mwcnf 4225 1 -2 3 4 5 6 7 -8 -9 10 11 12 13 14 15 16 17 18 19 20 0
uf20-0644.mwcnf 3621 -1 2 3 4 5 -6 7 -8 9 10 11 12 13 14 -15 -16 17 18 19 20 0
uf20-0146.mwcnf 6179 1 2 -3 -4 5 6 7 8 -9 10 -11 12 13 -14 15 16 -17 18 19 20 0
uf20-0980.mwcnf 2134 -1 -2 3 -4 -5 6 7 8 9 10 11 12 13 14 -15 16 17 -18 19 20 0
uf20-0525.mwcnf 2957 -1 2 3 4 5 6 7 8 -9 10 11 12 -13 14 -15 16 17 18 19 20 0
uf20-0614.mwcnf 2759 -1 2 3 4 5 6 7 -8 9 10 11 -12 -13 14 15 16 -17 -18 -19 20 0
uf20-0428.mwcnf 2395 1 2 3 -4 5 -6 -7 8 9 10 11 -12 -13 -14 15 16 -17 18 19 20 0
uf20-0949.mwcnf 2877 1 2 -3 4 -5 6 -7 -8 9 10 11 12 13 -14 15 16 17 -18 19 20 0
uf20-0280.mwcnf 6995 1 2 3 -4 5 6 7 8 -9 10 -11 12 13 -14 15 16 17 18 19 20 0
uf20-0962.mwcnf 2703 1 2 -3 4 -5 6 7 -8 9 -10 -11 -12 13 14 15 16 17 18 19 20 0
uf20-0517.mwcnf 3627 1 2 3 4 -5 6 7 8 9 10 11 12 13 14 -15 16 -17 -18 19 20 0
uf20-0889.mwcnf 3138 1 -2 3 4 5 -6 -7 8 -9 10 11 12 -13 14 15 16 17 18 19 20 0
uf20-0104.mwcnf 6132 1 2 3 4 5 -6 7 8 9 -10 11 12 13 -14 15 16 17 -18 -19 20 0
uf20-0778.mwcnf 3152 1 -2 3 4 5 -6 -7 8 -9 10 11 12 13 14 -15 16 -17 18 -19 20 0
uf20-025.mwcnf 6830 1 2 3 4 5 6 7 -8 9 10 11 12 -13 14 15 -16 17 18 -19 20 0
uf20-019.mwcnf 5562 -1 -2 3 4 5 6 7 -8 9 10 11 12 13 -14 -15 16 17 -18 19 -20 0
uf20-0491.mwcnf 3620 1 2 3 -4 5 6 7 8 9 -10 11 12 13 14 15 16 17 18 19 20 0
uf20-0346.mwcnf 2593 1 2 -3 4 5 6 -7 -8 9 -10 -11 12 13 -14 15 16 17 18 -19 20 0
uf20-0635.mwcnf 4437 1 2 3 4 5 6 -7 8 9 10 11 12 13 14 15 16 -17 18 19 -20 0
uf20-0758.mwcnf 4369 1 2 3 4 5 -6 7 8 9 10 11 12 13 14 15 16 17 -18 -19 20 0
uf20-0117.mwcnf 6407 -1 -2 -3 4 5 6 7 8 -9 10 11 12 13 14 15 16 17 18 19 -20 0
uf20-0213.mwcnf 5583 1 2 3 -4 5 6 -7 8 9 -10 11 12 13 -14 15 16 17 18 -19 -20 0
uf20-0543.mwcnf 3702 1 2 3 4 5 6 7 -8 -9 10 11 12 13 14 15 16 17 18 19 -20 0
uf20-0497.mwcnf 2450 1 2 -3 4 -5 6 7 8 -9 -10 11 12 13 -14 15 16 17 -18 19 -20 0
uf20-0652.mwcnf 3451 -1 -2 3 4 5 6 7 8 -9 10 11 12 -13 14 -15 16 17 18 19 20 0
uf20-0142.mwcnf 6483 1 2 3 -4 -5 -6 7 8 -9 -10 11 12 13 14 15 16 17 18 19 20 0
uf20-0812.mwcnf 3608 1 -2 -3 4 5 6 7 8 9 -10 11 12 -13 14 15 16 17 -18 19 -20 0
uf20-0594.mwcnf 3925 1 2 -3 4 5 6 7 8 9 -10 11 -12 13 14 15 16 17 18 19 -20 0
uf20-0175.mwcnf 6529 1 2 3 -4 -5 6 -7 8 9 10 11 12 13 14 -15 16 -17 18 19 20 0
uf20-0704.mwcnf 2768 -1 2 3 -4 -5 6 7 -8 9 10 -11 12 13 -14 15 16 17 18 -19 20 0
uf20-0859.mwcnf 3641 1 2 -3 -4 5 6 7 8 9 10 11 12 -13 14 15 16 17 18 -19 20 0
uf20-0433.mwcnf 2844 -1 2 3 4 5 6 7 8 9 10 -11 -12 13 -14 15 -16 17 18 19 -20 0
uf20-0696.mwcnf 2912 1 2 -3 4 5 -6 7 -8 9 10 -11 12 13 -14 15 -16 -17 18 19 -20 0
uf20-0267.mwcnf 6585 1 2 3 -4 5 -6 7 -8 9 -10 11 12 13 14 -15 16 17 18 19 20 0
uf20-0965.mwcnf 2798 1 2 3 4 5 6 -7 -8 9 10 11 12 13 14 15 16 -17 -18 -19 20 0
uf20-0184.mwcnf 6451 -1 2 3 -4 5 6 7 -8 9 10 11 12 -13 14 15 16 17 -18 19 -20 0
uf20-0573.mwcnf 3467 -1 2 -3 -4 5 6 7 8 9 10 11 12 13 14 -15 -16 17 18 19 20 0
uf20-0821.mwcnf 2781 1 2 -3 4 -5 6 7 8 -9 10 -11 12 -13 -14 15 16 17 18 19 -20 0
uf20-0911.mwcnf 3024 -1 2 -3 -4 5 6 7 8 9 10 11 12 13 14 15 16 17 -18 19 20 0
uf20-0735.mwcnf 3045 1 2 -3 4 -5 -6 -7 8 -9 10 11 12 13 14 15 -16 17 -18 19 20 0
uf20-0545.mwcnf 3611 1 2 3 4 5 -6 7 -8 9 10 11 12 13 14 -15 16 17 18 19 -20 0
uf20-0797.mwcnf 3707 1 2 3 -4 5 6 7 8 9 -10 11 12 -13 14 15 -16 17 18 19 20 0
uf20-0766.mwcnf 3497 1 2 -3 4 5 6 7 8 -9 10 11 12 -13 14 15 16 -17 -18 19 20 0
uf20-0952.mwcnf 2971 -1 -2 3 4 5 6 7 8 9 10 11 -12 13 -14 15 16 17 18 -19 20 0
uf20-0382.mwcnf 2542 -1 2 -3 4 5 6 7 -8 9 -10 -11 12 -13 14 15 16 17 18 19 20 0
uf20-0281.mwcnf 7099 1 2 3 4 -5 6 7 8 9 10 11 -12 13 14 15 16 17 18 19 -20 0
uf20-0910.mwcnf 3016 1 -2 3 -4 5 -6 7 8 9 10 11 12 13 14 15 -16 17 18 -19 20 0
uf20-0961.mwcnf 1804 1 2 -3 -4 -5 -6 7 8 9 10 11 -12 -13 -14 15 -16 17 18 -19 -20 0
uf20-0754.mwcnf 4279 1 2 3 4 5 6 7 8 9 10 -11 12 -13 14 -15 16 17 18 19 20 0
uf20-096.mwcnf 3386 -1 2 3 4 5 6 7 8 9 10 11 -12 13 14 -15 16 17 18 19 20 0
uf20-0271.mwcnf 5870 -1 -2 3 4 -5 -6 7 8 9 10 11 12 13 14 15 -16 17 18 19 20 0
uf20-053.mwcnf 4194 1 2 3 -4 5 6 7 8 9 10 11 12 13 14 15 16 17 -18 19 20 0
uf20-049.mwcnf 2909 -1 -2 -3 4 -5 6 7 8 -9 10 11 12 13 14 15 16 -17 18 -19 20 0
uf20-0414.mwcnf 3909 1 2 -3 4 5 6 7 -8 9 10 11 12 13 14 15 16 -17 18 19 20 0
uf20-084.mwcnf 3532 1 -2 3 4 -5 6 7 8 9 10 11 -12 13 14 15 -16 17 18 19 20 0
uf20-0223.mwcnf 8047 -1 2 3 4 5 6 7 8 9 -10 -11 12 13 14 15 16 17 18 19 20 0
uf20-0479.mwcnf 2830 -1 2 3 -4 -5 6 -7 8 -9 10 11 -12 13 14 15 16 17 18 19 20 0
uf20-0255.mwcnf 6484 1 -2 3 4 5 6 -7 8 -9 -10 -11 12 13 14 15 16 17 18 19 -20 0
uf20-0630.mwcnf 3173 -1 -2 3 4 5 6 7 8 -9 -10 -11 12 13 14 15 -16 17 18 19 -20 0
uf20-0777.mwcnf 3594 1 -2 3 -4 5 6 7 8 9 10 -11 -12 13 14 15 16 17 18 19 -20 0
uf20-0103.mwcnf 6887 -1 2 3 4 5 6 -7 8 9 10 11 12 13 -14 15 16 -17 18 19 -20 0
uf20-0316.mwcnf 2498 1 2 3 -4 -5 -6 -7 8 9 10 11 12 13 14 -15 16 17 -18 -19 20 0
uf20-0716.mwcnf 2819 -1 2 -3 4 5 6 -7 8 -9 10 -11 -12 -13 14 15 16 17 -18 19 20 0
uf20-0383.mwcnf 2550 -1 -2 3 4 5 6 7 -8 9 -10 11 -12 13 14 15 -16 17 18 -19 20 0
uf20-0140.mwcnf 8816 1 2 3 -4 5 6 7 8 9 10 11 12 13 14 15 -16 17 18 19 20 0
uf20-068.mwcnf 3387 -1 2 3 4 5 6 7 8 -9 -10 11 -12 13 14 15 -16 -17 18 19 20 0
uf20-0268.mwcnf 8014 1 2 3 4 5 6 7 8 9 -10 11 12 -13 14 15 16 17 -18 19 20 0
uf20-0551.mwcnf 2952 1 -2 3 4 -5 -6 7 8 9 10 -11 12 13 14 15 16 -17 18 19 20 0
uf20-0269.mwcnf 5479 1 -2 3 4 5 -6 7 8 9 10 -11 12 13 -14 -15 16 17 18 19 20 0
uf20-0422.mwcnf 4098 1 2 3 4 5 6 7 8 9 10 -11 12 13 -14 15 16 17 -18 19 20 0
uf20-0135.mwcnf 5550 1 2 3 4 -5 6 7 -8 -9 10 -11 12 13 -14 -15 16 -17 18 19 20 0
uf20-0151.mwcnf 7707 1 2 -3 4 5 6 7 8 9 10 11 12 13 14 15 16 -17 18 -19 20 0
uf20-0347.mwcnf 3682 1 2 3 4 -5 6 7 8 9 10 11 12 13 14 15 16 -17 18 -19 20 0
uf20-0593.mwcnf 3319 -1 2 3 4 5 6 -7 8 9 10 -11 12 13 14 -15 16 17 -18 19 20 0
uf20-0902.mwcnf 3184 1 2 3 4 5 -6 7 8 9 -10 11 12 13 14 15 16 17 -18 -19 -20 0
uf20-036.mwcnf 3403 -1 2 3 4 5 6 -7 8 9 10 11 -12 13 14 15 16 17 18 19 -20 0
uf20-017.mwcnf 7948 1 2 3 4 5 6 7 8 9 10 11 12 -13 14 15 16 -17 18 19 20 0
uf20-0571.mwcnf 3659 1 -2 -3 -4 5 6 7 8 9 10 11 12 13 14 -15 16 -17 18 19 20 0
uf20-0787.mwcnf 2697 -1 2 3 -4 -5 -6 -7 -8 9 10 11 12 13 14 15 -16 17 18 19 20 0
uf20-045.mwcnf 2794 1 2 -3 4 -5 6 7 8 -9 10 11 -12 -13 14 15 16 17 18 19 20 0
uf20-0294.mwcnf 7644 1 2 3 4 5 6 7 8 9 10 -11 12 -13 14 15 16 17 -18 -19 20 0