0.09175705909729004
0.1336650848388672
0.17412018775939941
0.15942025184631348
0.1997842788696289
0.17034459114074707
0.16951918601989746
0.11993598937988281
0.1896040439605713
0.12804126739501953
0.09057021141052246
0.09834623336791992
0.1405031681060791
0.10015273094177246
0.13365864753723145
0.12651872634887695
0.10454130172729492
0.1110379695892334
0.1260831356048584
0.13470911979675293
0.15628790855407715
0.09671807289123535
0.15965008735656738
0.13514924049377441
0.11470270156860352
0.16413450241088867
0.16257643699645996
0.11220645904541016
0.13267993927001953
0.1218411922454834
0.11906123161315918
0.13469147682189941
0.13049674034118652
0.1445918083190918
0.1207125186920166
0.10324978828430176
0.13179373741149902
0.09360861778259277
0.10299277305603027
0.10316181182861328
0.09276843070983887
0.10104990005493164
0.07934808731079102
0.07503128051757812
0.1041879653930664
0.0774846076965332
0.08172607421875
0.0964040756225586
0.0972282886505127
0.09783744812011719
0.10767245292663574
0.1085665225982666
0.1360759735107422
0.1293478012084961
0.09244489669799805
0.08981966972351074
0.12063932418823242
0.15969133377075195
0.15713858604431152
0.14062929153442383
0.09904694557189941
0.1413886547088623
0.12918996810913086
0.12867069244384766
0.12465929985046387
0.09873127937316895
0.09714865684509277
0.15061593055725098
0.10125279426574707
0.10883903503417969
0.08671259880065918
0.10454154014587402
0.10138463973999023
0.0926051139831543
0.11987519264221191
0.1430952548980713
0.11560630798339844
0.15587973594665527
0.12460088729858398
0.13184642791748047
0.13295602798461914
0.16269707679748535
0.08722758293151855
0.11209535598754883
0.11138629913330078
0.11655640602111816
0.1049659252166748
0.12251615524291992
0.08706116676330566
0.06429743766784668
0.11865401268005371
0.10647344589233398
0.10925126075744629
0.09299254417419434
0.0817708969116211
0.1323108673095703
0.09697175025939941
0.10734987258911133
0.10040497779846191
0.08456587791442871