2.09808349609375e-05
1.5974044799804688e-05
1.5020370483398438e-05
1.5020370483398438e-05
3.5762786865234375e-05
1.4781951904296875e-05
1.4781951904296875e-05
1.430511474609375e-05
1.430511474609375e-05
1.430511474609375e-05
3.528594970703125e-05
1.4781951904296875e-05
3.170967102050781e-05
3.314018249511719e-05
1.5974044799804688e-05
1.5020370483398438e-05
1.5020370483398438e-05
3.5762786865234375e-05
3.0994415283203125e-05
1.4543533325195312e-05
1.430511474609375e-05
3.5762786865234375e-05
3.600120544433594e-05
3.5762786865234375e-05
3.62396240234375e-05
1.4781951904296875e-05
1.4543533325195312e-05
1.4781951904296875e-05
1.430511474609375e-05
1.4066696166992188e-05
1.430511474609375e-05
1.3828277587890625e-05
1.33514404296875e-05
1.33514404296875e-05
1.33514404296875e-05
1.3589859008789062e-05
1.3113021850585938e-05
1.3113021850585938e-05
1.3113021850585938e-05
1.3113021850585938e-05
1.3113021850585938e-05
1.33514404296875e-05
1.33514404296875e-05
1.3113021850585938e-05
1.3589859008789062e-05
1.33514404296875e-05
1.33514404296875e-05
1.3113021850585938e-05
1.2874603271484375e-05
1.3113021850585938e-05
1.3113021850585938e-05
1.33514404296875e-05
1.33514404296875e-05
1.33514404296875e-05
1.3589859008789062e-05
1.3113021850585938e-05
1.3589859008789062e-05
1.33514404296875e-05
1.2874603271484375e-05
1.3113021850585938e-05
1.2874603271484375e-05
1.3113021850585938e-05
1.3113021850585938e-05
1.3113021850585938e-05
1.3113021850585938e-05
1.33514404296875e-05
1.3113021850585938e-05
1.2874603271484375e-05
3.7670135498046875e-05
2.9325485229492188e-05
1.4066696166992188e-05
1.4066696166992188e-05
1.4543533325195312e-05
1.4066696166992188e-05
1.4543533325195312e-05
1.4543533325195312e-05
1.430511474609375e-05
1.430511474609375e-05
1.4066696166992188e-05
1.4066696166992188e-05
1.3589859008789062e-05
1.4066696166992188e-05
1.4066696166992188e-05
1.4066696166992188e-05
1.4066696166992188e-05
1.4066696166992188e-05
1.4066696166992188e-05
1.4066696166992188e-05
1.4066696166992188e-05
1.3828277587890625e-05
1.430511474609375e-05
1.4066696166992188e-05
1.3828277587890625e-05
1.430511474609375e-05
1.3828277587890625e-05
1.3828277587890625e-05
1.3828277587890625e-05
1.4066696166992188e-05
1.3828277587890625e-05
1.4066696166992188e-05