2.956390380859375e-05
2.5033950805664062e-05
2.3603439331054688e-05
2.288818359375e-05
2.288818359375e-05
2.288818359375e-05
2.2411346435546875e-05
2.2649765014648438e-05
2.2411346435546875e-05
2.2411346435546875e-05
2.2649765014648438e-05
2.2172927856445312e-05
2.2411346435546875e-05
3.3855438232421875e-05
2.1219253540039062e-05
2.1219253540039062e-05
2.1219253540039062e-05
2.09808349609375e-05
2.09808349609375e-05
2.09808349609375e-05
2.1219253540039062e-05
2.09808349609375e-05
2.09808349609375e-05
2.1457672119140625e-05
2.1219253540039062e-05
2.09808349609375e-05
2.0742416381835938e-05
2.1219253540039062e-05
2.09808349609375e-05
2.1219253540039062e-05
2.09808349609375e-05
2.09808349609375e-05
2.0742416381835938e-05
2.0742416381835938e-05
2.1219253540039062e-05
2.1457672119140625e-05
2.09808349609375e-05
2.1219253540039062e-05
2.1219253540039062e-05
2.1219253540039062e-05
2.1219253540039062e-05
2.09808349609375e-05
2.1219253540039062e-05
2.1457672119140625e-05
2.09808349609375e-05
2.09808349609375e-05
2.09808349609375e-05
2.09808349609375e-05
2.09808349609375e-05
2.09808349609375e-05
2.1219253540039062e-05
2.09808349609375e-05
2.1219253540039062e-05
2.09808349609375e-05
2.09808349609375e-05
2.09808349609375e-05
2.09808349609375e-05
2.09808349609375e-05
2.1219253540039062e-05
2.1219253540039062e-05
2.1457672119140625e-05
2.09808349609375e-05
2.09808349609375e-05
4.673004150390625e-05
3.457069396972656e-05
2.09808349609375e-05
2.1457672119140625e-05
2.09808349609375e-05
2.1219253540039062e-05
2.1219253540039062e-05
2.09808349609375e-05
2.09808349609375e-05
2.1219253540039062e-05
2.09808349609375e-05
2.1219253540039062e-05
2.0742416381835938e-05
2.09808349609375e-05
2.1219253540039062e-05
2.09808349609375e-05
2.1457672119140625e-05
2.09808349609375e-05
2.0742416381835938e-05
2.0742416381835938e-05
2.1219253540039062e-05
2.1219253540039062e-05
2.0742416381835938e-05
3.981590270996094e-05
3.552436828613281e-05
2.2172927856445312e-05
3.409385681152344e-05
2.09808349609375e-05
2.09808349609375e-05
2.09808349609375e-05
2.1457672119140625e-05
2.1219253540039062e-05
2.1219253540039062e-05
2.1457672119140625e-05
2.09808349609375e-05
2.1219253540039062e-05
2.1219253540039062e-05