0.007478475570678711
0.009465456008911133
0.014535903930664062
0.010362863540649414
0.011641502380371094
0.012387514114379883
0.014822006225585938
0.01750469207763672
0.015323162078857422
0.012968063354492188
0.012949466705322266
0.016648292541503906
0.022004127502441406
0.018035173416137695
0.016057968139648438
0.01899862289428711
0.01057124137878418
0.013097286224365234
0.020895957946777344
0.014060497283935547
0.0071446895599365234
0.011617898941040039
0.024674415588378906
0.004922628402709961
0.02024698257446289
0.02254652976989746
0.020149707794189453
0.02533268928527832
0.027747154235839844
0.012995481491088867
0.005266904830932617
0.01652073860168457
0.02349257469177246
0.015212059020996094
0.01578354835510254
0.013533830642700195
0.015107393264770508
0.017454862594604492
0.007144451141357422
0.014934778213500977
0.02084803581237793
0.01277613639831543
0.005730867385864258
0.011075019836425781
0.012895345687866211
0.01976633071899414
0.016741037368774414
0.025693178176879883
0.0074923038482666016
0.03429889678955078
0.015799283981323242
0.01803731918334961
0.021645307540893555
0.02218151092529297
0.014555692672729492
0.013270139694213867
0.015093326568603516
0.025867700576782227
0.014448881149291992
0.01711726188659668
0.011430501937866211
0.029685258865356445
0.019479751586914062
0.010685205459594727
0.02153635025024414
0.022696256637573242
0.021390914916992188
0.01659250259399414
0.017570972442626953
0.01258087158203125
0.016870737075805664
0.013143777847290039
0.0173032283782959
0.010659456253051758
0.018254995346069336
0.009771108627319336
0.018276214599609375
0.009788751602172852
0.01790904998779297
0.01825571060180664
0.010758161544799805
0.016461849212646484
0.020304203033447266
0.020049095153808594
0.02786397933959961
0.010401725769042969
0.014627218246459961
0.007650852203369141
0.01682257652282715
0.018734455108642578
0.00910639762878418
0.019764423370361328
0.010645389556884766
0.009992122650146484
0.015210866928100586
0.012091398239135742
0.0070230960845947266
0.01976156234741211
0.013708114624023438
0.010710000991821289