0.0
0.068
0.04275092936802974
0.0
0.0
0.0
0.0
0.12730870712401055
0.0
0.0
0.1362088535754824
0.03619909502262444
0.07760532150776053
0.038334434897554524
0.0
0.0
0.0
0.0
0.0
0.0
0.0
0.0
0.0
0.0
0.0
0.0
0.06593406593406594
0.0
0.0006238303181534623
0.0
0.0
0.13519163763066203
0.05059203444564048
0.005567928730512249
0.00535475234270415
0.0029655990510083037
0.0
0.0
0.0
0.0930053804765565
0.0
0.0
0.0
0.0
0.2292817679558011
0.016144349477682812
0.04474708171206226
0.0
0.0
0.04836415362731152
0.17330538085255065
0.032175032175032175
0.08447937131630648
0.0
0.06701030927835051
0.034408602150537634
0.19503105590062111
0.24734982332155478
0.0
0.0
0.051255230125523014
0.0
0.0
0.09826589595375723
0.0
0.0
0.0
0.07961783439490445
0.0
0.05100956429330499
0.0
0.0
0.10240963855421686
0.0
0.0
0.0
0.009269988412514484
0.0
0.0
0.031037827352085354
0.0
0.0
0.03329065300896287
0.0
0.0029702970297029703
0.0
0.0
0.0
0.0
0.0
0.0
0.0
0.0
0.03740157480314961
0.0
0.0
0.15477386934673368
0.0
0.0
0.0