0.021920668058455117
0.0
0.043326039387308536
0.0
0.0
0.0
0.0
0.0
0.0
0.0
0.059233449477351915
0.0
0.044577796828118306
0.0
0.0
0.06461195692536205
0.0055762081784386614
0.003930131004366812
0.0
0.014159969383849981
0.01851015801354402
0.07619766125990192
0.0984540276647681
0.06831318970047294
0.0
0.022954091816367265
0.0
0.010471204188481676
0.03646503646503647
0.061946902654867256
0.06096393233322694
0.013683634373289545
0.0
0.030547305897327112
0.0
0.0
0.0
0.0
0.0
0.0411522633744856
0.00047664442326024784
0.0
0.02233502538071066
0.0
0.025915996425379804
0.0
0.018170805572380374
0.037169042769857434
0.04604486422668241
0.004522840343735866
0.0
0.0
0.0
0.0636717368234878
0.03679245283018868
0.0
0.008771929824561403
0.0033025099075297227
0.044993662864385296
0.13106444605358436
0.0
0.0014738393515106854
0.017458100558659217
0.0
0.0
0.00812407680945347
0.004137931034482759
0.08290946083418108
0.006756756756756757
0.0
0.037303370786516854
0.03388278388278388
0.008771929824561403
0.0
0.06259600614439324
0.01912811387900356
0.03147953830010493
0.0
0.01810657009829281
0.03953798311861395
0.0036845983787767134
0.05669481302774427
0.0
0.0
0.030799801291604572
0.04891041162227603
0.0
0.06506364922206506
0.05662235352043329
0.07228260869565217
0.017569546120058566
0.0
0.0
0.03438948995363215
0.0
0.0
0.0
0.0
0.00682261208576998
0.0