0.0003561973571777344
0.0005524158477783203
0.003419637680053711
0.0030503273010253906
0.0008032321929931641
0.0011403560638427734
0.002531290054321289
0.0006873607635498047
0.0014748573303222656
0.004314422607421875
0.004136085510253906
0.0034525394439697266
0.0033266544342041016
0.00040435791015625
0.0037789344787597656
0.0008676052093505859
0.0009090900421142578
0.0023887157440185547
0.003489971160888672
0.00419926643371582
0.0008702278137207031
0.0008399486541748047
0.0035409927368164062
0.0008709430694580078
0.0015869140625
0.001984119415283203
0.00045418739318847656
0.0021533966064453125
0.0036389827728271484
0.0038039684295654297
0.002195119857788086
0.002327442169189453
0.0014653205871582031
0.0019352436065673828
0.004288434982299805
0.0030210018157958984
0.002378702163696289
0.0021848678588867188
0.0015017986297607422
0.0006117820739746094
0.0029206275939941406
0.0025556087493896484
0.003336668014526367
0.0011434555053710938
0.002810239791870117
0.0008666515350341797
0.0025200843811035156
0.0022542476654052734
0.002124309539794922
0.004319429397583008
0.0004742145538330078
0.00020503997802734375
0.003100156784057617
8.034706115722656e-05
0.00472569465637207
0.0032782554626464844
0.001177072525024414
0.00315093994140625
0.001851797103881836
0.0016117095947265625
0.0042340755462646484
0.0013301372528076172
0.0027191638946533203
0.002749919891357422
0.004275321960449219
0.0010297298431396484
0.003626108169555664
0.001592397689819336
0.0007777214050292969
0.0003559589385986328
4.649162292480469e-05
0.0018606185913085938
0.0013756752014160156
0.0021419525146484375
0.0018715858459472656
0.003591775894165039
0.0025217533111572266
0.0004901885986328125
0.0017714500427246094
0.0027496814727783203
0.0008790493011474609
0.00039958953857421875
0.002251863479614258
0.0014781951904296875
0.0034492015838623047
0.0031347274780273438
0.0003654956817626953
0.0016238689422607422
0.0005204677581787109
0.002379179000854492
0.0012140274047851562
0.0006043910980224609
0.0011322498321533203
0.0015001296997070312
0.00412750244140625
0.0006272792816162109
0.0026891231536865234
0.0017278194427490234
0.003396272659301758
0.00026607513427734375