0.00037407875061035156
0.0005235671997070312
0.0031604766845703125
0.00373077392578125
0.0007929801940917969
0.0012812614440917969
0.002644777297973633
0.0007102489471435547
0.001470327377319336
0.004252433776855469
0.003205537796020508
0.0039463043212890625
0.0032491683959960938
0.00044226646423339844
0.0033485889434814453
0.0007567405700683594
0.0009806156158447266
0.002329587936401367
0.0036630630493164062
0.004482746124267578
0.0009729862213134766
0.0007839202880859375
0.0027773380279541016
0.0006797313690185547
0.001096963882446289
0.0020012855529785156
0.0003986358642578125
0.001978158950805664
0.003318309783935547
0.004391908645629883
0.0031621456146240234
0.0021660327911376953
0.0017349720001220703
0.0018093585968017578
0.004396200180053711
0.002780437469482422
0.0023696422576904297
0.0017359256744384766
0.0013666152954101562
0.0007135868072509766
0.002912282943725586
0.0025174617767333984
0.0038840770721435547
0.0013790130615234375
0.0029113292694091797
0.000919342041015625
0.002594470977783203
0.0024352073669433594
0.0023458003997802734
0.00323486328125
0.00043010711669921875
0.00015091896057128906
0.0024318695068359375
8.082389831542969e-05
0.0035619735717773438
0.002991199493408203
0.001287221908569336
0.0027692317962646484
0.0017261505126953125
0.001280069351196289
0.00511622428894043
0.0011861324310302734
0.002766847610473633
0.0030558109283447266
0.005048513412475586
0.0010120868682861328
0.002830982208251953
0.0010461807250976562
0.0007238388061523438
0.00038242340087890625
4.9591064453125e-05
0.0016176700592041016
0.0010311603546142578
0.0031609535217285156
0.0018138885498046875
0.0033457279205322266
0.0022161006927490234
0.00034880638122558594
0.002019643783569336
0.003203153610229492
0.0007224082946777344
0.0004265308380126953
0.002282381057739258
0.0014829635620117188
0.003624439239501953
0.0031156539916992188
0.0003006458282470703
0.0019252300262451172
0.0005049705505371094
0.002700328826904297
0.0010533332824707031
0.0006070137023925781
0.0011277198791503906
0.0017042160034179688
0.003660917282104492
0.0006535053253173828
0.002919912338256836
0.0012865066528320312
0.003454923629760742
0.0002319812774658203