1.9788742065429688e-05
6.341934204101562e-05
2.4318695068359375e-05
1.7881393432617188e-05
6.818771362304688e-05
4.601478576660156e-05
6.771087646484375e-05
4.1961669921875e-05
5.8650970458984375e-05
4.00543212890625e-05
4.410743713378906e-05
3.528594970703125e-05
7.62939453125e-05
3.457069396972656e-05
1.811981201171875e-05
2.2649765014648438e-05
3.457069396972656e-05
1.9073486328125e-05
7.581710815429688e-05
7.891654968261719e-05
2.0742416381835938e-05
4.38690185546875e-05
2.7179718017578125e-05
1.7404556274414062e-05
4.839897155761719e-05
4.38690185546875e-05
5.4836273193359375e-05
3.504753112792969e-05
3.719329833984375e-05
4.673004150390625e-05
1.5974044799804688e-05
4.172325134277344e-05
4.267692565917969e-05
3.266334533691406e-05
4.410743713378906e-05
1.8358230590820312e-05
6.008148193359375e-05
2.9802322387695312e-05
2.574920654296875e-05
3.814697265625e-05
6.079673767089844e-05
3.4332275390625e-05
8.96453857421875e-05
2.765655517578125e-05
3.981590270996094e-05
3.5762786865234375e-05
5.054473876953125e-05
6.818771362304688e-05
1.3828277587890625e-05
3.266334533691406e-05
5.7697296142578125e-05
2.4557113647460938e-05
6.365776062011719e-05
4.649162292480469e-05
4.2438507080078125e-05
9.226799011230469e-05
3.409385681152344e-05
4.57763671875e-05
5.745887756347656e-05
4.8160552978515625e-05
2.9087066650390625e-05
7.295608520507812e-05
1.6927719116210938e-05
6.008148193359375e-05
6.961822509765625e-05
3.0994415283203125e-05
5.7697296142578125e-05
5.888938903808594e-05
4.792213439941406e-05
6.532669067382812e-05
3.0517578125e-05
1.7642974853515625e-05
7.128715515136719e-05
3.600120544433594e-05
2.5510787963867188e-05
8.368492126464844e-05
7.486343383789062e-05
4.00543212890625e-05
2.1219253540039062e-05
4.673004150390625e-05
0.0001709461212158203
5.555152893066406e-05
4.744529724121094e-05
2.8371810913085938e-05
0.00011134147644042969
2.7418136596679688e-05
2.956390380859375e-05
2.7418136596679688e-05
5.078315734863281e-05
7.748603820800781e-05
4.076957702636719e-05
3.361701965332031e-05
3.695487976074219e-05
2.5510787963867188e-05
6.890296936035156e-05
4.076957702636719e-05
4.5299530029296875e-05
2.8848648071289062e-05
2.2172927856445312e-05
3.600120544433594e-05