0.00016117095947265625
0.0003485679626464844
0.0006365776062011719
0.000530242919921875
0.0018451213836669922
0.0006165504455566406
0.0004794597625732422
0.0016605854034423828
0.002683401107788086
0.0006911754608154297
0.0001556873321533203
0.0017240047454833984
0.001417398452758789
0.0004990100860595703
0.00010538101196289062
0.0007750988006591797
0.0005059242248535156
0.0008413791656494141
0.00047206878662109375
0.0008904933929443359
0.0007457733154296875
0.0008528232574462891
0.0006201267242431641
0.0009829998016357422
0.00042819976806640625
0.0002684593200683594
0.00033783912658691406
0.0005021095275878906
0.00030541419982910156
0.0016188621520996094
0.0021424293518066406
0.0005395412445068359
0.0008339881896972656
0.0010662078857421875
0.0007333755493164062
0.000997304916381836
0.00017333030700683594
0.0005364418029785156
0.001661539077758789
0.0011050701141357422
0.0005645751953125
0.00016069412231445312
0.0008432865142822266
0.0010194778442382812
0.0007047653198242188
0.0004932880401611328
0.0004711151123046875
0.0006475448608398438
0.0011050701141357422
0.003907680511474609
0.0010857582092285156
0.00011706352233886719
0.0011336803436279297
0.000560760498046875
0.0010635852813720703
0.0017619132995605469
0.00035762786865234375
0.0017704963684082031
0.0012514591217041016
0.0007395744323730469
0.0004115104675292969
0.0003190040588378906
0.0002498626708984375
0.0004069805145263672
0.0003249645233154297
0.0004913806915283203
0.000762939453125
0.0012903213500976562
0.001129150390625
0.00029778480529785156
0.0012514591217041016
0.0001742839813232422
0.00015926361083984375
0.0006816387176513672
0.0008320808410644531
0.0015888214111328125
0.003940105438232422
0.0023910999298095703
0.0015459060668945312
0.000324249267578125
0.0005049705505371094
0.0013909339904785156
0.0011789798736572266
0.0006542205810546875
0.0003991127014160156
0.00013875961303710938
0.0008077621459960938
0.0014262199401855469
0.0007190704345703125
0.00047206878662109375
0.0010406970977783203
0.0010471343994140625
0.0003266334533691406
0.0007987022399902344
0.0002396106719970703
0.0005586147308349609
0.0005190372467041016
0.000286102294921875
0.0009891986846923828
0.0006914138793945312