4.363059997558594e-05
3.790855407714844e-05
1.3113021850585938e-05
1.2636184692382812e-05
2.9325485229492188e-05
1.1682510375976562e-05
1.239776611328125e-05
1.2159347534179688e-05
1.239776611328125e-05
1.1920928955078125e-05
1.2159347534179688e-05
1.1920928955078125e-05
1.239776611328125e-05
1.1920928955078125e-05
2.7894973754882812e-05
1.1444091796875e-05
3.24249267578125e-05
1.2159347534179688e-05
1.1920928955078125e-05
1.1682510375976562e-05
1.2159347534179688e-05
1.1920928955078125e-05
1.1682510375976562e-05
1.1920928955078125e-05
1.1920928955078125e-05
1.1444091796875e-05
1.1682510375976562e-05
1.1205673217773438e-05
1.2159347534179688e-05
2.9802322387695312e-05
1.239776611328125e-05
1.1920928955078125e-05
1.1920928955078125e-05
1.1682510375976562e-05
1.2159347534179688e-05
1.2159347534179688e-05
1.1444091796875e-05
1.1444091796875e-05
1.1444091796875e-05
1.1682510375976562e-05
1.1682510375976562e-05
3.2901763916015625e-05
1.1444091796875e-05
1.0967254638671875e-05
1.0967254638671875e-05
1.0967254638671875e-05
1.0967254638671875e-05
1.0967254638671875e-05
1.1444091796875e-05
1.0967254638671875e-05
1.1205673217773438e-05
1.0728836059570312e-05
1.1205673217773438e-05
1.1205673217773438e-05
1.0967254638671875e-05
1.1205673217773438e-05
1.0967254638671875e-05
1.1444091796875e-05
1.1205673217773438e-05
1.1205673217773438e-05
1.0967254638671875e-05
1.0967254638671875e-05
1.0967254638671875e-05
1.1205673217773438e-05
1.1444091796875e-05
1.1444091796875e-05
1.1682510375976562e-05
1.1444091796875e-05
2.765655517578125e-05
1.1205673217773438e-05
1.1205673217773438e-05
1.1205673217773438e-05
1.0967254638671875e-05
1.0967254638671875e-05
1.1205673217773438e-05
1.1205673217773438e-05
1.0967254638671875e-05
1.1205673217773438e-05
1.0967254638671875e-05
1.1205673217773438e-05
1.0967254638671875e-05
1.0967254638671875e-05
1.0967254638671875e-05
1.1444091796875e-05
1.1444091796875e-05
1.0967254638671875e-05
1.0967254638671875e-05
1.0967254638671875e-05
1.1205673217773438e-05
1.0967254638671875e-05
1.1205673217773438e-05
1.1682510375976562e-05
1.0967254638671875e-05
1.1682510375976562e-05
1.1444091796875e-05
1.1444091796875e-05
1.0967254638671875e-05
1.0967254638671875e-05
1.1205673217773438e-05
1.0967254638671875e-05