4.172325134277344e-05
3.361701965332031e-05
1.52587890625e-05
1.4781951904296875e-05
1.4543533325195312e-05
1.430511474609375e-05
1.430511474609375e-05
1.430511474609375e-05
1.4066696166992188e-05
1.5020370483398438e-05
1.4543533325195312e-05
1.4543533325195312e-05
1.430511474609375e-05
1.430511474609375e-05
1.4066696166992188e-05
1.430511474609375e-05
1.4543533325195312e-05
1.3828277587890625e-05
1.4066696166992188e-05
1.4066696166992188e-05
1.4066696166992188e-05
1.430511474609375e-05
1.430511474609375e-05
1.3828277587890625e-05
1.430511474609375e-05
1.430511474609375e-05
1.3828277587890625e-05
1.430511474609375e-05
1.3828277587890625e-05
1.4066696166992188e-05
1.4066696166992188e-05
1.4543533325195312e-05
1.4543533325195312e-05
1.4543533325195312e-05
1.430511474609375e-05
1.4066696166992188e-05
1.3828277587890625e-05
1.3828277587890625e-05
1.9788742065429688e-05
3.1948089599609375e-05
1.4543533325195312e-05
1.4543533325195312e-05
1.4066696166992188e-05
1.4066696166992188e-05
1.430511474609375e-05
1.4066696166992188e-05
1.3828277587890625e-05
1.4066696166992188e-05
1.4066696166992188e-05
1.4066696166992188e-05
1.430511474609375e-05
1.4066696166992188e-05
1.4781951904296875e-05
1.430511474609375e-05
1.430511474609375e-05
1.4543533325195312e-05
1.430511474609375e-05
1.4543533325195312e-05
1.3828277587890625e-05
1.4066696166992188e-05
1.4066696166992188e-05
1.4543533325195312e-05
1.4781951904296875e-05
1.430511474609375e-05
1.3828277587890625e-05
1.430511474609375e-05
1.4066696166992188e-05
1.3828277587890625e-05
1.430511474609375e-05
1.430511474609375e-05
1.4066696166992188e-05
1.430511474609375e-05
1.4066696166992188e-05
1.430511474609375e-05
1.4543533325195312e-05
1.4066696166992188e-05
1.4066696166992188e-05
1.430511474609375e-05
1.430511474609375e-05
1.3828277587890625e-05
1.4066696166992188e-05
1.4066696166992188e-05
1.4066696166992188e-05
1.430511474609375e-05
1.4066696166992188e-05
1.4066696166992188e-05
1.4066696166992188e-05
1.4066696166992188e-05
1.4066696166992188e-05
1.430511474609375e-05
3.24249267578125e-05
1.5020370483398438e-05
2.86102294921875e-05
1.52587890625e-05
1.52587890625e-05
1.5020370483398438e-05
1.5020370483398438e-05
1.4781951904296875e-05
1.4781951904296875e-05
1.5020370483398438e-05