0.06376910209655762
0.07693004608154297
0.06475615501403809
0.07344698905944824
0.07376337051391602
0.06977272033691406
0.07221531867980957
0.06672382354736328
0.06682181358337402
0.07329106330871582
0.0632164478302002
0.06157326698303223
0.0615239143371582
0.06738901138305664
0.07517218589782715
0.07186675071716309
0.07474493980407715
0.06685876846313477
0.06843781471252441
0.07105827331542969
0.06545805931091309
0.07048964500427246
0.06555962562561035
0.07128548622131348
0.07195377349853516
0.060281991958618164
0.07296180725097656
0.07183456420898438
0.05802440643310547
0.0684056282043457
0.0671389102935791
0.06711149215698242
0.06527113914489746
0.06385135650634766
0.07356023788452148
0.05782461166381836
0.07008004188537598
0.07288312911987305
0.07171893119812012
0.07034826278686523
0.0663003921508789
0.058950185775756836
0.07041788101196289
0.06454229354858398
0.06045675277709961
0.06211066246032715
0.07957863807678223
0.07447171211242676
0.07825660705566406
0.07365083694458008
0.0667266845703125
0.08057832717895508
0.059560537338256836
0.06171011924743652
0.06889724731445312
0.07160758972167969
0.07475543022155762
0.06011819839477539
0.07249808311462402
0.06563687324523926
0.06819844245910645
0.06981229782104492
0.06860589981079102
0.07537055015563965
0.07025289535522461
0.08123111724853516
0.07086014747619629
0.07535791397094727
0.07566571235656738
0.07270956039428711
0.06068229675292969
0.06838369369506836
0.06733059883117676
0.0648043155670166
0.06775283813476562
0.07011198997497559
0.06584525108337402
0.07695126533508301
0.07143497467041016
0.05913519859313965
0.0709223747253418
0.07115483283996582
0.07090139389038086
0.06912374496459961
0.06572484970092773
0.07255768775939941
0.06486797332763672
0.07391119003295898
0.06879162788391113
0.07782840728759766
0.07243990898132324
0.06689453125
0.06442975997924805
0.07923531532287598
0.07129311561584473
0.06750774383544922
0.0747685432434082
0.0732719898223877
0.06414365768432617
0.07333016395568848