0.21065926551818848
0.28307557106018066
0.2288510799407959
0.20693254470825195
0.24100995063781738
0.1853773593902588
0.21982383728027344
0.2866628170013428
0.1978473663330078
0.19559454917907715
0.16189050674438477
0.17564845085144043
0.21058988571166992
0.19565606117248535
0.21738386154174805
0.22807598114013672
0.21065449714660645
0.22135710716247559
0.21182489395141602
0.19478297233581543
0.18925690650939941
0.21376633644104004
0.23171663284301758
0.23600316047668457
0.3021872043609619
0.23516035079956055
0.22460675239562988
0.2193155288696289
0.2337050437927246
0.2273557186126709
0.18410277366638184
0.18910574913024902
0.2286837100982666
0.22487640380859375
0.21147823333740234
0.22264432907104492
0.23305082321166992
0.2539072036743164
0.2336580753326416
0.2170414924621582
0.2675662040710449
0.19118952751159668
0.21870684623718262
0.23705816268920898
0.24410367012023926
0.18756508827209473
0.22196388244628906
0.1934826374053955
0.21896767616271973
0.19800972938537598
0.18935751914978027
0.18236088752746582
0.21621990203857422
0.24007153511047363
0.20105624198913574
0.2588667869567871
0.24328041076660156
0.2097008228302002
0.23296785354614258
0.1784815788269043
0.17461204528808594
0.2002556324005127
0.19374442100524902
0.20351266860961914
0.2239847183227539
0.1927800178527832
0.24183368682861328
0.20601272583007812
0.17540812492370605
0.1890881061553955
0.19752097129821777
0.22823476791381836
0.22739338874816895
0.22998404502868652
0.1804676055908203
0.2033858299255371
0.18066716194152832
0.2207186222076416
0.20532798767089844
0.21679186820983887
0.18974018096923828
0.17543435096740723
0.19800496101379395
0.17139482498168945
0.19603991508483887
0.17847204208374023
0.19537782669067383
0.18282794952392578
0.22463154792785645
0.1827545166015625
0.20760416984558105
0.1927642822265625
0.2412722110748291
0.24419522285461426
0.19715356826782227
0.17420220375061035
0.23010897636413574
0.24561047554016113
0.2937326431274414
0.15652155876159668