2.9325485229492188e-05
2.1696090698242188e-05
2.1219253540039062e-05
2.0265579223632812e-05
1.9788742065429688e-05
2.002716064453125e-05
1.9788742065429688e-05
2.002716064453125e-05
2.0503997802734375e-05
1.9550323486328125e-05
1.9788742065429688e-05
2.0265579223632812e-05
2.0265579223632812e-05
2.002716064453125e-05
2.0742416381835938e-05
2.002716064453125e-05
2.002716064453125e-05
2.0265579223632812e-05
1.9550323486328125e-05
2.1696090698242188e-05
2.002716064453125e-05
2.002716064453125e-05
2.09808349609375e-05
2.0742416381835938e-05
2.0265579223632812e-05
1.9550323486328125e-05
1.9788742065429688e-05
2.002716064453125e-05
1.9550323486328125e-05
2.002716064453125e-05
1.9550323486328125e-05
2.0265579223632812e-05
1.9788742065429688e-05
2.002716064453125e-05
2.0742416381835938e-05
2.0503997802734375e-05
2.09808349609375e-05
2.09808349609375e-05
1.9788742065429688e-05
1.9788742065429688e-05
1.9788742065429688e-05
2.002716064453125e-05
1.9788742065429688e-05
1.9550323486328125e-05
1.9550323486328125e-05
2.0265579223632812e-05
2.002716064453125e-05
2.002716064453125e-05
2.002716064453125e-05
2.0265579223632812e-05
2.0503997802734375e-05
1.9550323486328125e-05
2.002716064453125e-05
1.9550323486328125e-05
1.9311904907226562e-05
2.002716064453125e-05
1.9788742065429688e-05
1.9788742065429688e-05
1.9788742065429688e-05
2.002716064453125e-05
2.4080276489257812e-05
2.0742416381835938e-05
2.0503997802734375e-05
2.0742416381835938e-05
2.0265579223632812e-05
2.002716064453125e-05
1.9788742065429688e-05
1.9550323486328125e-05
1.9073486328125e-05
1.9550323486328125e-05
1.9788742065429688e-05
2.002716064453125e-05
1.9788742065429688e-05
5.14984130859375e-05
2.4318695068359375e-05
2.288818359375e-05
2.2172927856445312e-05
2.2411346435546875e-05
2.1457672119140625e-05
2.193450927734375e-05
2.1696090698242188e-05
2.1696090698242188e-05
2.193450927734375e-05
2.2172927856445312e-05
2.09808349609375e-05
2.09808349609375e-05
2.0742416381835938e-05
2.0742416381835938e-05
2.1457672119140625e-05
2.0503997802734375e-05
2.0503997802734375e-05
2.4080276489257812e-05
2.0742416381835938e-05
2.0503997802734375e-05
2.002716064453125e-05
2.002716064453125e-05
1.9788742065429688e-05
2.002716064453125e-05
1.9550323486328125e-05
1.9788742065429688e-05