0.0001475811004638672
0.00024390220642089844
0.0002865791320800781
0.000537872314453125
0.0003399848937988281
0.0003066062927246094
0.0011339187622070312
0.0002536773681640625
0.0007572174072265625
0.0033750534057617188
0.00014901161193847656
0.0009503364562988281
0.0011663436889648438
0.0011742115020751953
0.00019812583923339844
0.00026869773864746094
0.00036716461181640625
0.0005979537963867188
0.00034165382385253906
0.0005271434783935547
0.0003829002380371094
0.0002696514129638672
0.0012707710266113281
0.00039315223693847656
0.0002827644348144531
7.605552673339844e-05
0.00033354759216308594
0.0003190040588378906
0.00016617774963378906
0.00021457672119140625
0.00022721290588378906
0.0017478466033935547
0.0001270771026611328
0.0009083747863769531
0.00028061866760253906
0.00010609626770019531
0.0006744861602783203
0.0003509521484375
0.00023937225341796875
0.00014781951904296875
0.00023412704467773438
0.0009243488311767578
0.0006167888641357422
0.0008437633514404297
0.0006048679351806641
0.0007574558258056641
0.0004916191101074219
0.0002713203430175781
0.0003654956817626953
0.0002193450927734375
0.00037407875061035156
0.00032210350036621094
0.0006091594696044922
0.0009436607360839844
9.226799011230469e-05
0.00045418739318847656
6.175041198730469e-05
0.0002415180206298828
0.0019621849060058594
0.0008828639984130859
0.0010213851928710938
0.0005619525909423828
0.0003428459167480469
0.0009598731994628906
0.0020923614501953125
0.00022029876708984375
0.00048041343688964844
0.0002734661102294922
0.0002980232238769531
0.0002956390380859375
0.0004322528839111328
0.0018181800842285156
0.00011014938354492188
0.0006024837493896484
0.0006666183471679688
0.0007414817810058594
0.00032067298889160156
0.00022935867309570312
0.0006361007690429688
0.0005631446838378906
0.00036144256591796875
0.0007793903350830078
0.00012445449829101562
0.00040078163146972656
0.0009446144104003906
0.0006172657012939453
0.0004088878631591797
0.0005705356597900391
0.00011277198791503906
0.00017714500427246094
0.0008208751678466797
0.00010776519775390625
0.0002872943878173828
0.00015926361083984375
0.0013308525085449219
0.00046896934509277344
0.00020575523376464844
0.00019979476928710938
0.0002315044403076172
7.295608520507812e-05