0.0
0.00019105846388995032
0.0
0.0
0.0
0.0
0.007391763463569166
0.0033537186821858355
0.0
0.0
0.0
0.0033687483804094327
0.0
0.0
0.0
0.0
0.007045797684952189
0.0009109542245502164
0.0
0.0
0.0
0.0
0.0
0.0017683465959328027
0.0
0.0
0.004315239609357257
0.0019038553069966682
0.0
0.0
0.0
0.0
0.0015527950310559005
0.006521739130434782
0.0
0.0
0.0
0.0
0.0
0.0
0.0
0.0
0.0
0.0
0.0
0.0
0.0
0.0012671594508975714
0.002301790281329923
0.0
0.0039548022598870055
0.0
0.0
0.0
0.0
0.0
0.0
0.0
0.004041693256753882
0.003816793893129771
0.0
0.0
0.016228070175438595
0.010584250635055038
0.0
0.010536779324055666
0.0
0.0
0.0
0.0030137502354492373
0.0
0.00438512869399428
0.026221905101676775
0.0
0.001904036557501904
0.0
0.0
0.0
0.0
0.0
0.0
0.0
0.0
0.0
0.0
0.002030972328002031
0.0
0.0
0.0
0.0025184385680877856
0.0
0.0
0.01540084388185654
0.0
0.005940141649531642
0.0
0.005568210579600101
0.0
0.007318446237568024
0.0