1.2159347534179688e-05
7.867813110351562e-06
6.9141387939453125e-06
6.198883056640625e-06
5.9604644775390625e-06
6.198883056640625e-06
6.198883056640625e-06
5.9604644775390625e-06
5.9604644775390625e-06
5.9604644775390625e-06
5.9604644775390625e-06
5.9604644775390625e-06
5.9604644775390625e-06
6.198883056640625e-06
5.9604644775390625e-06
5.9604644775390625e-06
5.7220458984375e-06
6.198883056640625e-06
5.9604644775390625e-06
5.7220458984375e-06
5.7220458984375e-06
5.9604644775390625e-06
6.198883056640625e-06
5.9604644775390625e-06
5.9604644775390625e-06
5.7220458984375e-06
5.4836273193359375e-06
5.4836273193359375e-06
5.9604644775390625e-06
5.9604644775390625e-06
5.9604644775390625e-06
5.7220458984375e-06
5.9604644775390625e-06
6.198883056640625e-06
5.9604644775390625e-06
6.198883056640625e-06
5.7220458984375e-06
5.7220458984375e-06
5.4836273193359375e-06
5.7220458984375e-06
5.9604644775390625e-06
5.9604644775390625e-06
5.9604644775390625e-06
5.9604644775390625e-06
5.9604644775390625e-06
5.9604644775390625e-06
5.9604644775390625e-06
5.7220458984375e-06
5.7220458984375e-06
5.7220458984375e-06
5.7220458984375e-06
5.9604644775390625e-06
5.7220458984375e-06
6.198883056640625e-06
5.9604644775390625e-06
5.9604644775390625e-06
5.7220458984375e-06
5.7220458984375e-06
5.4836273193359375e-06
5.4836273193359375e-06
5.4836273193359375e-06
5.9604644775390625e-06
6.198883056640625e-06
5.9604644775390625e-06
5.9604644775390625e-06
5.7220458984375e-06
5.7220458984375e-06
5.4836273193359375e-06
5.7220458984375e-06
5.7220458984375e-06
6.198883056640625e-06
5.9604644775390625e-06
6.198883056640625e-06
5.9604644775390625e-06
5.9604644775390625e-06
5.9604644775390625e-06
5.9604644775390625e-06
5.7220458984375e-06
5.4836273193359375e-06
5.4836273193359375e-06
5.7220458984375e-06
5.9604644775390625e-06
6.198883056640625e-06
5.7220458984375e-06
5.9604644775390625e-06
5.9604644775390625e-06
5.7220458984375e-06
5.9604644775390625e-06
5.9604644775390625e-06
6.198883056640625e-06
5.7220458984375e-06
5.7220458984375e-06
5.7220458984375e-06
5.9604644775390625e-06
5.7220458984375e-06
5.4836273193359375e-06
5.7220458984375e-06
5.4836273193359375e-06
5.9604644775390625e-06
5.7220458984375e-06