1.9788742065429688e-05
1.6450881958007812e-05
1.52587890625e-05
1.52587890625e-05
1.52587890625e-05
1.5497207641601562e-05
1.4781951904296875e-05
1.4781951904296875e-05
1.52587890625e-05
1.5020370483398438e-05
1.5497207641601562e-05
1.5020370483398438e-05
1.5020370483398438e-05
1.5020370483398438e-05
1.5020370483398438e-05
1.5020370483398438e-05
1.5020370483398438e-05
1.5020370483398438e-05
1.5020370483398438e-05
1.4543533325195312e-05
1.5020370483398438e-05
1.621246337890625e-05
2.8848648071289062e-05
1.52587890625e-05
1.4781951904296875e-05
1.4543533325195312e-05
1.52587890625e-05
1.4781951904296875e-05
1.4781951904296875e-05
1.4781951904296875e-05
1.4543533325195312e-05
1.5020370483398438e-05
1.4781951904296875e-05
1.5020370483398438e-05
1.4781951904296875e-05
1.4781951904296875e-05
1.4781951904296875e-05
1.5020370483398438e-05
1.4781951904296875e-05
1.5020370483398438e-05
1.4781951904296875e-05
1.5020370483398438e-05
3.6716461181640625e-05
1.4781951904296875e-05
1.4543533325195312e-05
1.4781951904296875e-05
1.4781951904296875e-05
1.5020370483398438e-05
1.4543533325195312e-05
1.4781951904296875e-05
1.4781951904296875e-05
1.4781951904296875e-05
1.52587890625e-05
1.5020370483398438e-05
3.337860107421875e-05
1.621246337890625e-05
1.5974044799804688e-05
1.5735626220703125e-05
2.7418136596679688e-05
1.4781951904296875e-05
1.4781951904296875e-05
1.4781951904296875e-05
1.52587890625e-05
1.5020370483398438e-05
1.52587890625e-05
1.4543533325195312e-05
1.4781951904296875e-05
1.5020370483398438e-05
1.4781951904296875e-05
1.4781951904296875e-05
1.5020370483398438e-05
1.4781951904296875e-05
1.5020370483398438e-05
1.4781951904296875e-05
1.4781951904296875e-05
1.52587890625e-05
1.4781951904296875e-05
1.5020370483398438e-05
1.4781951904296875e-05
1.4781951904296875e-05
1.5020370483398438e-05
1.5020370483398438e-05
1.4781951904296875e-05
1.4781951904296875e-05
1.5020370483398438e-05
1.4781951904296875e-05
1.5020370483398438e-05
1.4781951904296875e-05
1.4781951904296875e-05
1.4781951904296875e-05
3.361701965332031e-05
1.5497207641601562e-05
2.8133392333984375e-05
1.52587890625e-05
1.5020370483398438e-05
1.4781951904296875e-05
1.4781951904296875e-05
1.4543533325195312e-05
1.4781951904296875e-05
1.5020370483398438e-05