2.1457672119140625e-05
1.9073486328125e-05
1.7642974853515625e-05
1.7404556274414062e-05
1.7404556274414062e-05
1.8358230590820312e-05
1.811981201171875e-05
3.075599670410156e-05
1.71661376953125e-05
1.6927719116210938e-05
1.6927719116210938e-05
1.71661376953125e-05
1.71661376953125e-05
1.6450881958007812e-05
1.6927719116210938e-05
1.7404556274414062e-05
1.6450881958007812e-05
1.6689300537109375e-05
1.6689300537109375e-05
1.71661376953125e-05
1.6927719116210938e-05
1.6927719116210938e-05
1.6450881958007812e-05
1.6927719116210938e-05
1.6927719116210938e-05
1.7404556274414062e-05
1.6689300537109375e-05
1.6927719116210938e-05
1.6927719116210938e-05
1.6927719116210938e-05
1.71661376953125e-05
1.6927719116210938e-05
1.71661376953125e-05
1.71661376953125e-05
1.6927719116210938e-05
1.6689300537109375e-05
3.5762786865234375e-05
4.482269287109375e-05
1.71661376953125e-05
1.71661376953125e-05
1.71661376953125e-05
1.6927719116210938e-05
1.6927719116210938e-05
2.1457672119140625e-05
1.811981201171875e-05
3.457069396972656e-05
2.9325485229492188e-05
1.6927719116210938e-05
1.6689300537109375e-05
1.6927719116210938e-05
1.71661376953125e-05
1.6689300537109375e-05
1.71661376953125e-05
1.6450881958007812e-05
1.71661376953125e-05
1.6450881958007812e-05
1.6927719116210938e-05
1.6689300537109375e-05
1.6689300537109375e-05
1.6927719116210938e-05
1.6927719116210938e-05
1.6689300537109375e-05
1.6927719116210938e-05
1.6927719116210938e-05
3.504753112792969e-05
1.811981201171875e-05
1.811981201171875e-05
1.71661376953125e-05
1.71661376953125e-05
1.6689300537109375e-05
1.6689300537109375e-05
1.71661376953125e-05
1.71661376953125e-05
1.71661376953125e-05
1.6927719116210938e-05
1.71661376953125e-05
1.6927719116210938e-05
1.6927719116210938e-05
1.71661376953125e-05
1.811981201171875e-05
1.7642974853515625e-05
1.6689300537109375e-05
1.6927719116210938e-05
1.6927719116210938e-05
1.6927719116210938e-05
1.71661376953125e-05
1.6927719116210938e-05
1.6927719116210938e-05
1.6927719116210938e-05
1.6689300537109375e-05
1.71661376953125e-05
1.6927719116210938e-05
1.6689300537109375e-05
1.6927719116210938e-05
1.7404556274414062e-05
1.8835067749023438e-05
3.0279159545898438e-05
1.6689300537109375e-05
1.6927719116210938e-05
1.6689300537109375e-05