0.0027582645416259766
0.004335641860961914
0.0039806365966796875
0.005307435989379883
0.007998228073120117
0.002419710159301758
0.0062999725341796875
0.0037593841552734375
0.006727933883666992
0.00470280647277832
0.00228118896484375
0.005434274673461914
0.007635354995727539
0.005865812301635742
0.0048253536224365234
0.005255460739135742
0.006349325180053711
0.010018110275268555
0.00690460205078125
0.006569385528564453
0.004155397415161133
0.00428462028503418
0.0066564083099365234
0.0070497989654541016
0.003797292709350586
0.006598711013793945
0.004189491271972656
0.004153251647949219
0.0033566951751708984
0.008210897445678711
0.004382133483886719
0.003785848617553711
0.006983280181884766
0.0062351226806640625
0.007155418395996094
0.008157491683959961
0.004704475402832031
0.005399227142333984
0.0069048404693603516
0.00423431396484375
0.006018161773681641
0.007602214813232422
0.002765655517578125
0.007432699203491211
0.005177497863769531
0.0042035579681396484
0.0048618316650390625
0.0058689117431640625
0.008068084716796875
0.0067138671875
0.005304574966430664
0.0036933422088623047
0.008880138397216797
0.0056610107421875
0.004907131195068359
0.006514072418212891
0.006102323532104492
0.008339643478393555
0.006913423538208008
0.003206014633178711
0.005223512649536133
0.004133462905883789
0.007677316665649414
0.005263566970825195
0.004879951477050781
0.006810665130615234
0.0037016868591308594
0.003767728805541992
0.004152059555053711
0.00600433349609375
0.00521087646484375
0.005372285842895508
0.006621599197387695
0.005664348602294922
0.006828784942626953
0.00469517707824707
0.008715629577636719
0.0027763843536376953
0.00391697883605957
0.00625157356262207
0.005648374557495117
0.0038480758666992188
0.004139423370361328
0.005593776702880859
0.007409811019897461
0.004950284957885742
0.004946231842041016
0.006112813949584961
0.005784749984741211
0.00400233268737793
0.006680488586425781
0.002796173095703125
0.006042957305908203
0.006636619567871094
0.006116151809692383
0.003701448440551758
0.006118297576904297
0.005805492401123047
0.0043752193450927734
0.0030243396759033203