1.9311904907226562e-05
1.7881393432617188e-05
1.52587890625e-05
1.430511474609375e-05
1.4066696166992188e-05
1.430511474609375e-05
1.430511474609375e-05
1.4066696166992188e-05
1.4066696166992188e-05
1.3589859008789062e-05
1.4066696166992188e-05
1.3828277587890625e-05
1.4066696166992188e-05
1.3828277587890625e-05
1.3828277587890625e-05
1.4066696166992188e-05
1.3589859008789062e-05
1.3828277587890625e-05
1.3828277587890625e-05
1.4066696166992188e-05
1.3828277587890625e-05
1.3589859008789062e-05
1.3828277587890625e-05
1.3828277587890625e-05
1.4066696166992188e-05
1.3828277587890625e-05
1.3589859008789062e-05
1.3828277587890625e-05
1.3828277587890625e-05
1.3828277587890625e-05
1.4066696166992188e-05
1.3828277587890625e-05
1.3828277587890625e-05
1.4066696166992188e-05
1.4543533325195312e-05
1.3828277587890625e-05
1.3589859008789062e-05
1.3828277587890625e-05
1.5020370483398438e-05
2.956390380859375e-05
1.3828277587890625e-05
1.3828277587890625e-05
1.3828277587890625e-05
1.430511474609375e-05
1.4066696166992188e-05
1.4066696166992188e-05
1.3589859008789062e-05
1.3828277587890625e-05
1.3828277587890625e-05
3.218650817871094e-05
3.0040740966796875e-05
1.4781951904296875e-05
1.3828277587890625e-05
1.3828277587890625e-05
1.4066696166992188e-05
1.4066696166992188e-05
1.4066696166992188e-05
1.3828277587890625e-05
1.3828277587890625e-05
1.3589859008789062e-05
1.3828277587890625e-05
1.4066696166992188e-05
1.3589859008789062e-05
1.33514404296875e-05
1.4066696166992188e-05
1.3828277587890625e-05
1.3828277587890625e-05
1.33514404296875e-05
1.4543533325195312e-05
1.4066696166992188e-05
2.8133392333984375e-05
1.4781951904296875e-05
1.4781951904296875e-05
1.4066696166992188e-05
1.3828277587890625e-05
1.4066696166992188e-05
1.3589859008789062e-05
1.430511474609375e-05
3.981590270996094e-05
2.7418136596679688e-05
1.3828277587890625e-05
1.3828277587890625e-05
1.430511474609375e-05
1.3828277587890625e-05
1.3589859008789062e-05
1.4066696166992188e-05
1.4066696166992188e-05
1.3828277587890625e-05
1.3828277587890625e-05
1.3828277587890625e-05
1.3589859008789062e-05
1.4066696166992188e-05
1.3828277587890625e-05
1.4066696166992188e-05
1.4066696166992188e-05
1.4066696166992188e-05
1.4066696166992188e-05
1.3828277587890625e-05
1.3828277587890625e-05
1.430511474609375e-05