3.0040740966796875e-05
2.6226043701171875e-05
2.574920654296875e-05
2.6226043701171875e-05
2.574920654296875e-05
2.5510787963867188e-05
2.6226043701171875e-05
2.5510787963867188e-05
2.5272369384765625e-05
2.5033950805664062e-05
2.5272369384765625e-05
2.5272369384765625e-05
2.5510787963867188e-05
2.574920654296875e-05
2.5272369384765625e-05
2.5033950805664062e-05
2.5510787963867188e-05
2.4557113647460938e-05
2.5510787963867188e-05
2.5510787963867188e-05
2.574920654296875e-05
2.5510787963867188e-05
2.5272369384765625e-05
2.5510787963867188e-05
2.5510787963867188e-05
2.5033950805664062e-05
2.5033950805664062e-05
2.5033950805664062e-05
2.5272369384765625e-05
2.5033950805664062e-05
2.574920654296875e-05
2.5510787963867188e-05
2.5510787963867188e-05
2.5272369384765625e-05
2.5272369384765625e-05
2.5510787963867188e-05
2.5033950805664062e-05
2.5510787963867188e-05
4.315376281738281e-05
5.984306335449219e-05
2.7894973754882812e-05
2.7179718017578125e-05
2.5510787963867188e-05
2.5510787963867188e-05
2.5272369384765625e-05
2.5272369384765625e-05
2.5510787963867188e-05
2.47955322265625e-05
2.5033950805664062e-05
2.5033950805664062e-05
2.5272369384765625e-05
2.574920654296875e-05
2.5033950805664062e-05
2.574920654296875e-05
2.5033950805664062e-05
2.5033950805664062e-05
2.5510787963867188e-05
2.47955322265625e-05
2.5033950805664062e-05
2.5510787963867188e-05
2.5033950805664062e-05
2.5987625122070312e-05
2.5272369384765625e-05
2.5987625122070312e-05
2.5510787963867188e-05
6.4849853515625e-05
2.765655517578125e-05
2.5510787963867188e-05
2.5510787963867188e-05
2.5033950805664062e-05
2.5272369384765625e-05
2.5033950805664062e-05
2.4557113647460938e-05
2.5272369384765625e-05
2.5272369384765625e-05
2.5272369384765625e-05
2.5272369384765625e-05
2.5033950805664062e-05
2.5272369384765625e-05
2.5033950805664062e-05
2.5272369384765625e-05
2.5510787963867188e-05
2.5510787963867188e-05
2.5272369384765625e-05
2.5033950805664062e-05
2.5510787963867188e-05
2.5510787963867188e-05
2.5033950805664062e-05
2.47955322265625e-05
2.5272369384765625e-05
2.47955322265625e-05
2.5033950805664062e-05
2.5272369384765625e-05
2.5033950805664062e-05
2.47955322265625e-05
2.5272369384765625e-05
2.574920654296875e-05
2.5033950805664062e-05
2.5510787963867188e-05
2.5272369384765625e-05