0.007172822952270508
0.005681514739990234
0.008115053176879883
0.011832952499389648
0.006387948989868164
0.005975961685180664
0.0064411163330078125
0.00805044174194336
0.006240367889404297
0.00626683235168457
0.007636547088623047
0.0073893070220947266
0.005959033966064453
0.005665779113769531
0.007447719573974609
0.007596015930175781
0.006505489349365234
0.007058620452880859
0.006061553955078125
0.006492137908935547
0.0059888362884521484
0.007812738418579102
0.0060880184173583984
0.006656646728515625
0.006644248962402344
0.008402824401855469
0.008016347885131836
0.006405830383300781
0.0062563419342041016
0.007203340530395508
0.007921934127807617
0.007788419723510742
0.005942821502685547
0.006822824478149414
0.006268739700317383
0.00621342658996582
0.009317636489868164
0.005773782730102539
0.007158994674682617
0.007886171340942383
0.007773637771606445
0.0065424442291259766
0.00740504264831543
0.00764155387878418
0.006118297576904297
0.005780696868896484
0.006777763366699219
0.006415128707885742
0.00623631477355957
0.007115840911865234
0.006436824798583984
0.005755186080932617
0.007042407989501953
0.007657527923583984
0.006978273391723633
0.006380796432495117
0.006985902786254883
0.0059566497802734375
0.006691694259643555
0.006649971008300781
0.005874156951904297
0.007349729537963867
0.006822824478149414
0.007787466049194336
0.009020328521728516
0.00580596923828125
0.0069026947021484375
0.00640559196472168
0.0057964324951171875
0.007531881332397461
0.00708770751953125
0.008159160614013672
0.005671262741088867
0.009792566299438477
0.008937358856201172
0.0059430599212646484
0.007622718811035156
0.008214712142944336
0.00664210319519043
0.0072519779205322266
0.007367610931396484
0.006361484527587891
0.006230592727661133
0.0055866241455078125
0.0055866241455078125
0.007806539535522461
0.006830930709838867
0.006350994110107422
0.007803678512573242
0.007706642150878906
0.007612943649291992
0.007082939147949219
0.00639033317565918
0.006069660186767578
0.0059087276458740234
0.007708549499511719
0.008775472640991211
0.008340120315551758
0.008123397827148438
0.006054401397705078