0.09335923194885254
0.09570193290710449
0.0969088077545166
0.09405970573425293
0.06921982765197754
0.08275198936462402
0.08850455284118652
0.08130931854248047
0.0954890251159668
0.08957123756408691
0.08054852485656738
0.10588693618774414
0.08684134483337402
0.08096432685852051
0.09271526336669922
0.08901095390319824
0.07813048362731934
0.09608078002929688
0.09247136116027832
0.08950400352478027
0.10167264938354492
0.09644579887390137
0.09739303588867188
0.10524868965148926
0.09678459167480469
0.08613729476928711
0.08957290649414062
0.09591507911682129
0.0839395523071289
0.09337854385375977
0.0713033676147461
0.08643341064453125
0.09004426002502441
0.08584809303283691
0.07627511024475098
0.09754180908203125
0.0672445297241211
0.08683276176452637
0.09547924995422363
0.07912898063659668
0.07706809043884277
0.08537745475769043
0.09545564651489258
0.09851598739624023
0.09212613105773926
0.07440614700317383
0.08749818801879883
0.09566068649291992
0.09470415115356445
0.08648085594177246
0.0837087631225586
0.07211637496948242
0.09591913223266602
0.09258317947387695
0.08446812629699707
0.08558487892150879
0.08834624290466309
0.09783315658569336
0.07750320434570312
0.09248828887939453
0.09789657592773438
0.10458111763000488
0.08613705635070801
0.08327460289001465
0.08444094657897949
0.09448838233947754
0.09233450889587402
0.08523058891296387
0.09425902366638184
0.08375310897827148
0.07687139511108398
0.08145284652709961
0.07883262634277344
0.0834493637084961
0.0952141284942627
0.08694672584533691
0.07934093475341797
0.09844613075256348
0.0934913158416748
0.08577561378479004
0.08566021919250488
0.1022799015045166
0.0799417495727539
0.09283709526062012
0.08839774131774902
0.0752096176147461
0.09392714500427246
0.09211158752441406
0.07852983474731445
0.08904242515563965
0.09139633178710938
0.08876419067382812
0.0890662670135498
0.09187769889831543
0.09531712532043457
0.09554004669189453
0.09241509437561035
0.09317684173583984
0.09733438491821289
0.09376049041748047