0.0004229545593261719
0.00022792816162109375
0.00031876564025878906
0.0004093647003173828
0.00022935867309570312
0.0002567768096923828
0.0003008842468261719
0.0002453327178955078
0.00030732154846191406
0.00031375885009765625
0.0002257823944091797
0.0003132820129394531
0.0004000663757324219
0.0002503395080566406
0.0002224445343017578
0.0002994537353515625
0.00025582313537597656
0.0002498626708984375
0.0002434253692626953
0.0004010200500488281
0.00039839744567871094
0.0002608299255371094
0.00021910667419433594
0.0003974437713623047
0.0002224445343017578
0.00029778480529785156
0.0002925395965576172
0.000396728515625
0.0002295970916748047
0.0004010200500488281
0.0002186298370361328
0.0003952980041503906
0.00024819374084472656
0.00029540061950683594
0.00040078163146972656
0.00024509429931640625
0.0002503395080566406
0.0003981590270996094
0.000308990478515625
0.00039768218994140625
0.0004055500030517578
0.0004024505615234375
0.00024771690368652344
0.00023293495178222656
0.0002512931823730469
0.0002617835998535156
0.0002589225769042969
0.0002484321594238281
0.0004031658172607422
0.00029206275939941406
0.00025582313537597656
0.00024271011352539062
0.00025343894958496094
0.0004038810729980469
0.00021839141845703125
0.0003962516784667969
0.0002505779266357422
0.0002505779266357422
0.0002961158752441406
0.00024437904357910156
0.000247955322265625
0.0003960132598876953
0.000293731689453125
0.00024271011352539062
0.00022172927856445312
0.00022912025451660156
0.00021839141845703125
0.0002598762512207031
0.00029540061950683594
0.00026869773864746094
0.00025343894958496094
0.0002503395080566406
0.0004036426544189453
0.00027823448181152344
0.0005123615264892578
0.00023794174194335938
0.00032019615173339844
0.00024580955505371094
0.00025582313537597656
0.0002753734588623047
0.0004024505615234375
0.0003039836883544922
0.00023412704467773438
0.00023412704467773438
0.00026702880859375
0.00040411949157714844
0.0004343986511230469
0.00030493736267089844
0.0002665519714355469
0.00023174285888671875
0.00023293495178222656
0.0003154277801513672
0.0003085136413574219
0.0002560615539550781
0.00029659271240234375
0.0002574920654296875
0.0002548694610595703
0.0002315044403076172
0.0002219676971435547
0.0002219676971435547