1 10 1434
2 10 1714
3 10 1588
4 10 2429
5 10 2230
6 10 1909
7 10 1879
8 10 2345
9 10 2212
10 10 1717
11 10 1464
12 10 2151
13 10 2033
14 10 2225
15 10 2025
16 10 1874
17 10 2110
18 10 1822
19 10 1719
20 10 1594
21 10 1872
22 10 2272
23 10 2582
24 10 2018
25 10 1692
26 10 1774
27 10 2198
28 10 1979
29 10 2176
30 10 2056
31 10 2172
32 10 1973
33 10 2048
34 10 1331
35 10 1572
36 10 1883
37 10 2054
38 10 2005
39 10 1230
40 10 1469
41 10 1829
42 10 1591
43 10 1946
44 10 2097
45 10 2232
46 10 2309
47 10 1896
48 10 2031
49 10 2228
50 10 2708
51 10 1793
52 10 1991
53 10 2363
54 10 1693
55 10 2373
56 10 1847
57 10 1851
58 10 2274
59 10 1974
60 10 1786
61 10 1339
62 10 1917
63 10 2022
64 10 1497
65 10 1733
66 10 1761
67 10 1645
68 10 1403
69 10 2092
70 10 2047
71 10 1602
72 10 1827
73 10 2008
74 10 1783
75 10 2452
76 10 1280
77 10 2053
78 10 1948
79 10 1542
80 10 2067
81 10 1930
82 10 1866
83 10 1795
84 10 1723
85 10 2638
86 10 1253
87 10 2071
88 10 1433
89 10 1665
90 10 1788
91 10 1608
92 10 2346
93 10 1439
94 10 1528
95 10 1962
96 10 1594
97 10 1564
98 10 2301
99 10 1636
100 10 2130