0.002363443374633789
0.0025839805603027344
0.004794120788574219
0.0030884742736816406
0.004207611083984375
0.004998445510864258
0.0055637359619140625
0.005934953689575195
0.005773305892944336
0.00395655632019043
0.007687807083129883
0.0022652149200439453
0.00852060317993164
0.0026938915252685547
0.004091024398803711
0.012145519256591797
0.007147073745727539
0.010003805160522461
0.0042378902435302734
0.0061304569244384766
0.003240346908569336
0.0031309127807617188
0.0020112991333007812
0.002751588821411133
0.004492282867431641
0.0038955211639404297
0.004107475280761719
0.004553318023681641
0.005493640899658203
0.003882884979248047
0.0070552825927734375
0.0034477710723876953
0.0025742053985595703
0.003522157669067383
0.0026845932006835938
0.0023069381713867188
0.006560802459716797
0.00414276123046875
0.006334781646728516
0.0039005279541015625
0.004342079162597656
0.004865884780883789
0.004336833953857422
0.006838798522949219
0.010267496109008789
0.003534078598022461
0.006269693374633789
0.00669407844543457
0.0040090084075927734
0.010496854782104492
0.0034503936767578125
0.002748250961303711
0.0024628639221191406
0.004889726638793945
0.004352569580078125
0.002921581268310547
0.005067586898803711
0.006268978118896484
0.011004209518432617
0.0038008689880371094
0.005136966705322266
0.010711908340454102
0.006170749664306641
0.0065577030181884766
0.0040662288665771484
0.0038144588470458984
0.008000373840332031
0.006574153900146484
0.007206439971923828
0.004519939422607422
0.006781339645385742
0.005343437194824219
0.002068758010864258
0.007187366485595703
0.010161876678466797
0.008361577987670898
0.005494832992553711
0.0038650035858154297
0.0016775131225585938
0.011676311492919922
0.004038572311401367
0.007735013961791992
0.01001596450805664
0.004746437072753906
0.003626108169555664
0.006880283355712891
0.011361837387084961
0.0036661624908447266
0.0028076171875
0.0038869380950927734
0.0077555179595947266
0.0038704872131347656
0.004196643829345703
0.007278919219970703
0.0024802684783935547
0.005598783493041992
0.0042400360107421875
0.0039730072021484375
0.0037708282470703125
0.003437042236328125