0.0023343563079833984
0.005259037017822266
0.011457681655883789
0.011508941650390625
0.010190010070800781
0.008476018905639648
0.011689424514770508
0.011889934539794922
0.010606050491333008
0.007930278778076172
0.006001472473144531
0.012369155883789062
0.007370710372924805
0.010772228240966797
0.011818170547485352
0.012501716613769531
0.0044748783111572266
0.006220102310180664
0.010093212127685547
0.009921789169311523
0.006203413009643555
0.008888721466064453
0.005990743637084961
0.0074045658111572266
0.011005640029907227
0.009658575057983398
0.007491588592529297
0.008040666580200195
0.004305124282836914
0.0029311180114746094
0.005912065505981445
0.0050771236419677734
0.013312578201293945
0.01248931884765625
0.010045766830444336
0.01277923583984375
0.006596088409423828
0.004369020462036133
0.00846242904663086
0.010754823684692383
0.006352424621582031
0.0055882930755615234
0.006913185119628906
0.005503654479980469
0.009347677230834961
0.011760234832763672
0.013867616653442383
0.004015207290649414
0.011901617050170898
0.006455421447753906
0.005063533782958984
0.005914449691772461
0.007839679718017578
0.004984140396118164
0.005540370941162109
0.005740165710449219
0.004192829132080078
0.008786201477050781
0.007148265838623047
0.007990121841430664
0.009967327117919922
0.007851600646972656
0.0070648193359375
0.011906862258911133
0.011654853820800781
0.010716438293457031
0.011377811431884766
0.006474971771240234
0.010205984115600586
0.007297039031982422
0.010423660278320312
0.005762338638305664
0.01210474967956543
0.013938188552856445
0.009004831314086914
0.00862574577331543
0.008754968643188477
0.010551929473876953
0.009546518325805664
0.0037925243377685547
0.0024509429931640625
0.009144306182861328
0.012580394744873047
0.004755258560180664
0.004585742950439453
0.01528310775756836
0.00988316535949707
0.013229131698608398
0.007233619689941406
0.008466005325317383
0.004836320877075195
0.011593103408813477
0.011757135391235352
0.0112457275390625
0.00663304328918457
0.01088094711303711
0.011695623397827148
0.009891986846923828
0.010663747787475586
0.004278898239135742