1.0967254638671875e-05
7.867813110351562e-06
1.049041748046875e-05
8.344650268554688e-06
7.62939453125e-06
1.4066696166992188e-05
1.049041748046875e-05
9.059906005859375e-06
8.106231689453125e-06
9.775161743164062e-06
1.1682510375976562e-05
1.0251998901367188e-05
6.9141387939453125e-06
9.775161743164062e-06
6.67572021484375e-06
8.344650268554688e-06
1.0251998901367188e-05
8.106231689453125e-06
9.5367431640625e-06
7.867813110351562e-06
7.867813110351562e-06
1.0728836059570312e-05
8.821487426757812e-06
1.0728836059570312e-05
5.7220458984375e-06
8.58306884765625e-06
1.0967254638671875e-05
3.4332275390625e-05
2.765655517578125e-05
7.62939453125e-06
1.1205673217773438e-05
7.867813110351562e-06
7.3909759521484375e-06
1.0967254638671875e-05
9.5367431640625e-06
8.106231689453125e-06
8.106231689453125e-06
9.5367431640625e-06
9.775161743164062e-06
9.059906005859375e-06
9.298324584960938e-06
8.106231689453125e-06
5.4836273193359375e-06
8.106231689453125e-06
1.0728836059570312e-05
1.049041748046875e-05
7.62939453125e-06
1.0013580322265625e-05
9.5367431640625e-06
9.775161743164062e-06
1.0013580322265625e-05
1.1205673217773438e-05
7.152557373046875e-06
1.0728836059570312e-05
1.1205673217773438e-05
7.867813110351562e-06
1.0967254638671875e-05
9.5367431640625e-06
9.059906005859375e-06
6.9141387939453125e-06
5.4836273193359375e-06
5.7220458984375e-06
6.9141387939453125e-06
6.4373016357421875e-06
7.867813110351562e-06
6.4373016357421875e-06
1.3113021850585938e-05
8.344650268554688e-06
8.58306884765625e-06
7.3909759521484375e-06
1.0251998901367188e-05
9.5367431640625e-06
6.9141387939453125e-06
9.5367431640625e-06
8.106231689453125e-06
7.867813110351562e-06
5.7220458984375e-06
1.1682510375976562e-05
9.775161743164062e-06
1.1205673217773438e-05
8.344650268554688e-06
6.9141387939453125e-06
9.059906005859375e-06
7.3909759521484375e-06
7.62939453125e-06
4.76837158203125e-06
6.4373016357421875e-06
5.4836273193359375e-06
5.4836273193359375e-06
7.3909759521484375e-06
9.5367431640625e-06
1.33514404296875e-05
1.1444091796875e-05
7.62939453125e-06
1.049041748046875e-05
1.1920928955078125e-05
7.867813110351562e-06
8.58306884765625e-06
1.0728836059570312e-05
1.0728836059570312e-05