4.506111145019531e-05
3.314018249511719e-05
3.457069396972656e-05
3.123283386230469e-05
5.0067901611328125e-05
5.221366882324219e-05
3.0279159545898438e-05
3.0279159545898438e-05
2.9802322387695312e-05
3.0517578125e-05
3.0517578125e-05
3.0517578125e-05
7.05718994140625e-05
3.0994415283203125e-05
4.57763671875e-05
3.075599670410156e-05
3.0040740966796875e-05
3.0279159545898438e-05
4.839897155761719e-05
3.0517578125e-05
3.0040740966796875e-05
3.0279159545898438e-05
3.0040740966796875e-05
2.9802322387695312e-05
3.123283386230469e-05
3.123283386230469e-05
3.147125244140625e-05
3.075599670410156e-05
3.0994415283203125e-05
3.0994415283203125e-05
3.075599670410156e-05
3.0994415283203125e-05
3.123283386230469e-05
3.170967102050781e-05
3.123283386230469e-05
3.1948089599609375e-05
3.075599670410156e-05
3.123283386230469e-05
3.123283386230469e-05
3.123283386230469e-05
3.075599670410156e-05
3.147125244140625e-05
3.123283386230469e-05
3.123283386230469e-05
3.0994415283203125e-05
3.0517578125e-05
3.0517578125e-05
3.075599670410156e-05
3.075599670410156e-05
3.0517578125e-05
3.075599670410156e-05
3.0517578125e-05
3.0279159545898438e-05
3.075599670410156e-05
3.0279159545898438e-05
3.0994415283203125e-05
3.0994415283203125e-05
3.0517578125e-05
3.0517578125e-05
3.075599670410156e-05
3.0994415283203125e-05
3.123283386230469e-05
3.0994415283203125e-05
3.0994415283203125e-05
3.075599670410156e-05
4.696846008300781e-05
2.9325485229492188e-05
2.9802322387695312e-05
2.9802322387695312e-05
2.956390380859375e-05
3.0040740966796875e-05
3.0040740966796875e-05
3.0040740966796875e-05
3.0040740966796875e-05
2.956390380859375e-05
3.0040740966796875e-05
2.956390380859375e-05
3.0040740966796875e-05
2.956390380859375e-05
2.956390380859375e-05
2.9802322387695312e-05
2.956390380859375e-05
2.956390380859375e-05
4.696846008300781e-05
2.956390380859375e-05
2.9802322387695312e-05
2.9802322387695312e-05
2.956390380859375e-05
2.956390380859375e-05
2.9087066650390625e-05
2.9325485229492188e-05
2.956390380859375e-05
2.9802322387695312e-05
2.9802322387695312e-05
2.956390380859375e-05
2.956390380859375e-05
2.956390380859375e-05
2.9802322387695312e-05
3.0040740966796875e-05
2.9802322387695312e-05