1 20 3570 404 19 86 226 108 148 330 235 135 451 72 1 243 305 293 60 31 284 428 229 274 257 476 309 298 417 15 45 45 201 55 130 489 283 14 388 301 121 366 100
2 20 3284 175 95 301 489 99 338 468 260 320 395 15 426 81 439 336 85 45 400 286 274 149 345 167 65 327 371 177 147 83 469 16 329 415 35 265 118 351 253 30 417
3 20 4316 294 431 391 376 351 124 317 354 23 224 268 417 100 108 296 34 315 477 173 36 478 107 476 214 275 472 43 481 239 304 372 227 346 154 149 427 354 407 135 325
4 20 3615 434 361 161 491 131 467 409 370 270 166 390 233 272 347 165 69 158 88 110 50 236 286 175 453 322 196 51 475 76 69 190 398 153 341 99 310 333 24 384 54
5 20 3761 464 258 387 453 277 92 242 51 320 205 81 314 387 366 401 385 130 206 483 104 319 472 34 420 81 377 157 464 69 443 114 309 219 336 388 387 101 288 48 433
6 20 3788 22 445 200 385 32 192 63 319 227 132 396 398 317 346 385 293 191 444 238 436 460 116 279 392 50 238 474 133 66 367 94 452 218 338 303 33 323 264 398 142
7 20 4288 293 155 321 427 467 97 133 259 199 252 288 289 57 300 330 86 251 432 162 28 323 439 84 290 141 425 121 172 215 171 349 413 236 188 490 376 495 353 405 329
8 20 4276 355 256 472 38 49 92 190 316 490 229 455 160 456 438 232 112 113 150 277 212 141 413 217 472 40 151 496 93 430 83 204 123 109 389 332 459 194 351 93 116
9 20 3723 421 230 181 267 26 405 463 177 395 42 84 245 411 201 148 265 144 225 316 79 280 166 36 240 5 34 234 227 429 423 62 393 112 224 401 412 102 491 404 52
10 20 3970 435 163 495 356 308 222 60 222 128 119 203 122 395 220 474 335 202 407 87 31 183 149 249 156 351 401 464 445 249 212 75 60 113 192 193 360 255 403 44 137
11 20 3844 193 481 321 160 170 159 150 287 135 165 455 148 302 201 55 132 71 142 467 85 473 284 250 21 129 497 117 440 330 4 174 339 464 122 49 2 189 470 311 231
12 20 4356 300 8 157 196 387 158 127 488 449 190 166 215 29 17 373 401 27 145 330 4 162 3 138 96 130 105 394 215 316 49 409 47 162 491 482 178 459 426 448 500
13 20 4396 161 383 245 36 1 104 75 267 279 76 420 279 482 301 193 139 60 387 71 323 316 448 438 236 251 111 434 487 418 236 353 391 365 97 464 269 296 441 174 34
14 20 4443 500 298 146 105 76 442 329 42 237 77 262 86 193 456 479 94 327 452 337 384 114 125 210 83 478 188 220 60 296 224 237 151 318 241 247 481 295 82 253 297
15 20 4412 399 2 368 413 197 75 376 399 461 349 317 448 181 390 58 452 449 362 208 204 211 384 82 480 268 439 449 26 208 433 348 220 50 188 400 85 426 395 60 408
16 20 3600 390 100 38 458 207 470 6 430 149 81 298 20 100 167 410 158 468 420 452 394 84 99 344 434 117 149 329 225 356 28 391 463 159 119 118 206 83 197 2 188
17 20 4067 206 149 431 288 205 208 313 435 478 96 19 67 140 377 71 68 432 158 399 490 397 455 257 233 215 137 369 179 282 8 175 307 17 230 272 484 376 150 30 395
18 20 4248 226 10 17 362 265 59 137 463 358 264 284 22 338 226 315 247 344 231 46 310 261 206 447 309 101 91 489 284 429 436 94 390 53 263 467 201 384 121 256 454
19 20 3813 38 297 263 67 369 417 115 160 410 229 258 442 331 463 253 131 235 425 20 435 229 154 457 71 183 256 142 108 466 159 88 65 71 311 72 253 375 178 392 347
20 20 3023 251 134 360 118 93 386 188 182 2 236 253 233 29 191 186 453 330 440 131 218 22 438 10 80 18 264 457 182 115 33 114 279 379 285 303 215 473 406 65 333
21 20 3896 59 419 498 344 29 337 265 347 39 326 155 83 475 300 140 285 123 270 62 232 34 124 243 166 286 449 408 474 306 61 210 434 119 79 487 131 495 328 437 372
22 20 4592 483 265 450 298 276 12 358 458 162 216 484 115 10 410 423 130 344 40 367 36 186 147 319 2 338 28 231 41 10 388 406 441 128 260 379 179 172 326 214 247
23 20 3716 284 354 59 134 368 435 229 463 38 16 4 327 324 248 41 184 304 47 188 470 50 450 287 496 485 125 320 484 357 245 5 258 377 496 472 141 144 368 310 242
24 20 4042 361 294 56 315 316 466 289 446 384 67 150 204 438 454 338 371 312 193 269 247 263 61 265 158 12 205 408 488 68 203 67 235 386 65 357 490 248 163 66 388
25 20 4168 374 156 397 60 19 50 196 266 185 101 160 462 341 276 10 270 213 467 149 84 429 119 225 165 499 7 414 377 483 199 240 281 271 485 191 420 144 70 270 276
26 20 3772 396 121 433 486 42 410 381 62 496 67 109 19 414 392 78 500 152 224 195 467 45 432 489 226 395 442 41 233 256 455 321 168 182 185 224 195 8 399 58 419
27 20 3612 82 329 83 128 358 462 194 360 383 436 230 174 71 455 206 229 383 492 290 237 79 466 429 7 229 12 199 107 450 496 337 378 9 197 145 318 90 392 268 250
28 20 3524 339 476 28 27 32 424 163 150 99 252 369 100 210 147 395 360 169 445 41 353 457 234 42 175 45 450 220 215 337 109 78 248 171 203 455 242 426 65 329 319
29 20 4344 436 39 151 458 42 479 87 260 425 333 151 432 460 483 63 178 111 368 448 56 227 70 201 420 420 192 254 418 473 265 464 327 289 51 457 352 4 337 267 69
30 20 4016 173 79 213 38 274 179 466 54 183 394 495 195 364 136 111 241 270 348 227 461 251 244 158 353 313 474 241 254 64 252 428 229 261 302 167 386 75 214 287 149
31 20 4160 403 323 299 376 57 496 91 368 195 420 278 292 150 211 473 308 235 320 339 322 362 55 57 58 238 484 94 11 428 113 71 137 402 250 350 167 488 59 191 180
32 20 3768 112 26 126 392 329 348 318 78 377 303 186 497 258 281 464 376 18 278 201 6 16 1 290 299 173 161 292 390 395 413 79 297 3 191 500 384 220 338 353 460
33 20 3501 404 375 109 122 456 62 448 269 13 323 48 257 199 84 90 378 100 380 152 274 488 335 365 353 50 490 45 419 124 132 293 245 136 392 324 94 216 23 317 460
34 20 3542 196 497 19 341 258 41 77 94 499 233 302 475 296 279 173 272 91 90 343 236 111 55 364 453 98 379 127 186 26 176 360 425 242 484 158 440 448 258 240 237
35 20 2875 185 299 213 63 40 255 284 362 183 334 42 105 269 397 158 27 173 417 129 495 338 27 122 319 232 90 4 230 63 197 123 489 386 440 94 266 158 198 398 355
36 20 4385 412 182 153 124 130 293 189 185 400 33 274 2 458 73 105 104 339 396 489 485 278 163 139 369 180 234 188 335 487 11 290 474 224 322 378 357 82 459 287 20
37 20 3336 94 224 323 371 231 318 85 375 110 352 54 128 263 314 352 247 185 120 40 99 274 369 437 329 472 412 192 115 327 28 234 473 245 123 8 302 94 453 150 67
38 20 5091 307 78 266 440 303 9 482 352 488 479 400 82 487 88 423 321 5 178 421 284 451 498 469 8 245 406 211 27 270 407 186 35 315 375 152 85 275 116 208 52
39 20 3350 200 151 297 425 434 17 21 74 390 262 146 128 361 316 90 184 21 247 59 353 30 206 138 480 481 175 206 401 183 19 457 214 135 322 103 79 273 476 163 313
40 20 3947 274 405 26 320 174 138 99 206 363 11 250 395 467 459 470 196 199 244 169 442 92 331 242 164 369 43 233 346 256 271 1 277 420 19 184 114 436 440 210 459
41 20 4059 162 338 90 285 367 70 217 319 66 97 401 218 443 187 106 359 492 70 227 107 76 316 344 109 25 130 69 249 259 308 356 167 458 491 204 277 312 316 400 190
42 20 4355 491 229 342 108 285 303 463 273 325 115 126 208 309 440 199 155 51 443 403 29 8 133 476 407 343 152 331 128 490 188 402 361 101 115 101 318 193 280 5 279
43 20 4589 499 232 239 225 175 255 481 388 471 373 433 204 6 191 371 106 377 190 250 291 468 171 292 412 10 185 25 246 363 23 214 77 58 202 237 16 457 372 311 90
44 20 5259 471 157 420 205 186 407 193 235 200 90 35 359 269 245 421 109 489 31 449 197 66 101 427 42 462 226 454 282 380 308 269 127 383 76 352 16 298 331 350 386
45 20 3824 166 461 81 215 22 432 382 95 499 353 3 426 128 71 425 213 184 100 214 442 470 107 385 438 12 400 166 233 202 184 402 464 414 80 25 25 300 324 301 304
46 20 3595 327 23 130 140 238 399 161 317 136 4 187 141 158 258 320 217 408 5 224 198 170 145 171 35 295 302 253 305 199 449 270 123 62 11 189 396 293 412 303 326
47 20 4776 163 50 185 49 423 3 412 332 163 222 131 389 277 308 31 482 453 78 452 61 185 33 486 210 351 363 395 357 374 413 413 20 310 169 194 134 433 231 140 282
48 20 3467 26 308 364 5 23 47 279 108 496 218 251 256 57 448 349 486 97 420 187 65 50 464 314 80 371 160 422 96 75 495 80 289 105 319 289 135 326 380 173 333
49 20 3355 228 161 435 254 331 383 172 271 458 316 42 41 6 237 48 479 147 351 313 70 92 54 261 93 447 299 87 358 225 90 456 265 108 422 4 258 151 279 183 390
50 20 3129 401 267 357 36 359 232 204 356 432 215 326 275 109 267 373 440 84 349 73 143 38 174 5 272 28 6 63 425 343 224 204 332 217 26 91 237 81 253 124 30
51 20 4495 496 109 269 37 469 60 481 369 480 324 406 151 46 355 199 368 147 106 48 129 100 16 180 381 19 420 129 304 433 405 327 337 403 492 195 445 324 294 468 372
52 20 3969 168 422 303 313 321 147 399 113 465 100 417 405 282 237 208 402 350 477 245 117 173 204 39 403 241 426 121 207 320 180 36 336 53 100 199 171 278 367 344 354
53 20 3846 282 431 289 130 491 445 334 334 331 334 5 228 181 62 408 283 165 421 376 292 140 221 215 293 275 415 61 271 87 231 384 17 2 467 412 422 191 283 179 290
54 20 3985 338 349 75 252 420 408 5 101 467 356 355 156 285 81 362 137 193 407 9 500 372 336 160 388 72 273 158 213 386 439 71 103 341 233 180 407 293 201 440 280
55 20 4007 472 240 279 258 70 89 105 373 197 353 365 273 378 247 398 59 273 259 360 348 66 299 275 476 1 429 204 44 310 196 175 29 473 264 144 75 445 64 19 338
56 20 4090 73 53 285 10 166 312 79 309 148 124 487 126 347 345 424 194 430 299 75 359 93 169 63 25 398 156 444 47 182 169 187 212 432 125 257 493 442 32 101 2
57 20 3299 47 56 89 326 203 430 311 199 223 477 76 181 33 158 87 221 334 335 256 143 239 253 242 194 372 88 167 1 75 170 248 180 165 153 439 78 251 138 267 429
58 20 3801 428 189 91 460 247 180 224 406 109 149 182 285 19 422 265 371 195 414 357 286 382 325 182 140 272 487 110 498 189 1 427 355 188 355 459 10 78 397 348 293
59 20 3756 207 452 468 469 126 376 498 311 306 146 228 215 448 247 358 210 88 324 51 61 250 69 236 337 290 425 314 335 221 453 82 162 172 61 249 444 42 111 62 159
60 20 3766 429 302 108 382 498 496 149 261 173 123 231 119 154 447 371 350 328 239 218 482 179 116 181 452 397 216 259 387 12 125 103 79 244 71 422 151 217 107 35 411
61 20 4099 359 125 268 20 123 92 300 4 155 293 379 139 202 168 453 319 217 319 152 325 127 413 119 161 491 369 213 145 462 492 272 444 152 322 1 45 444 37 235 235
62 20 3228 430 82 80 215 368 322 28 90 15 61 41 390 239 213 175 473 131 198 180 173 327 187 345 385 488 378 190 356 177 445 16 466 412 429 63 61 198 116 133 286
63 20 4315 144 495 333 426 223 499 409 212 268 363 354 321 404 117 333 55 21 479 142 497 325 129 82 91 261 116 490 115 9 39 454 120 440 294 431 381 89 111 182 123
64 20 3767 309 368 134 243 330 387 276 92 6 285 386 10 371 196 211 347 242 324 468 138 316 290 92 73 165 453 303 58 67 223 133 210 280 238 325 191 281 257 14 446
65 20 3325 338 254 92 145 296 347 462 451 110 79 238 289 195 478 272 180 439 390 268 464 63 229 77 296 178 232 6 274 299 100 222 447 156 341 61 37 273 169 112 236
66 20 3948 51 180 379 62 412 62 116 251 416 156 78 153 217 26 218 107 424 343 419 113 227 405 17 338 49 205 425 244 392 331 315 138 212 309 451 75 67 458 50 167
67 20 4553 343 33 398 317 401 191 396 321 409 472 62 296 93 467 117 339 408 464 74 139 487 459 315 5 185 315 369 82 230 457 374 386 189 48 365 42 442 15 35 216
68 20 3824 225 412 28 473 249 176 338 297 78 355 362 361 246 472 495 187 402 450 88 133 49 418 165 196 308 42 380 416 69 379 235 497 429 50 240 177 324 383 71 201
69 20 3392 136 238 298 168 433 131 486 218 148 213 51 401 37 66 242 29 52 399 158 50 177 454 251 117 312 205 242 90 102 480 75 310 404 408 481 83 6 378 149 399
70 20 4228 94 134 455 475 498 31 331 279 133 106 318 499 46 221 33 29 476 461 438 45 52 413 489 42 148 437 425 255 160 381 186 374 35 450 478 408 433 67 57 23
71 20 3388 292 188 128 446 410 119 30 382 194 467 170 53 323 24 313 333 144 270 176 164 206 197 74 244 116 126 348 334 261 318 3 359 345 67 98 279 172 445 432 169
72 20 4518 486 301 117 141 100 256 329 443 174 288 205 269 384 212 28 140 360 335 401 25 211 490 78 190 485 481 427 417 416 352 371 4 158 68 396 477 372 251 150 139
73 20 4534 227 20 291 73 183 9 254 453 387 483 296 336 475 335 385 472 428 251 226 243 268 386 275 298 197 121 145 81 490 471 38 329 141 319 37 68 488 52 437 324
74 20 3745 432 321 142 105 117 118 393 405 138 75 481 235 35 20 58 274 356 79 347 429 395 105 251 121 299 483 243 66 197 16 3 203 105 169 489 377 108 407 93 121
75 20 3312 468 210 202 73 184 310 89 191 20 298 227 438 7 270 314 457 308 400 244 64 388 394 67 471 260 467 107 148 94 354 270 269 412 148 353 452 78 67 48 445
76 20 4285 67 285 245 453 164 354 324 350 78 474 182 347 230 405 314 404 498 337 362 465 309 144 380 240 197 91 303 289 349 93 445 48 310 62 282 452 34 175 284 296
77 20 5296 315 224 346 62 351 124 393 307 256 408 390 205 260 283 209 40 180 285 253 174 359 477 405 283 222 446 453 104 399 66 452 273 442 319 264 12 455 204 216 8
78 20 2640 104 221 74 192 332 83 21 466 253 405 262 150 113 22 485 242 51 348 40 324 191 470 385 485 216 393 74 380 150 82 140 275 2 279 59 368 180 355 169 391
79 20 3647 194 117 7 200 280 273 156 441 442 363 350 215 67 230 412 77 230 279 282 239 200 116 130 233 301 327 279 136 308 390 155 229 306 212 58 99 201 408 201 49
80 20 3816 293 34 162 159 201 48 142 151 453 201 437 129 70 476 260 346 451 433 384 362 401 231 64 395 177 478 480 226 40 42 80 57 324 96 12 42 338 285 1 311
81 20 4068 237 318 171 245 365 109 205 322 349 436 394 320 243 192 35 198 332 343 401 238 164 213 328 126 341 356 236 160 374 86 177 478 479 143 16 230 116 139 123 139
82 20 4344 72 235 456 156 380 62 347 124 496 348 155 308 95 490 184 60 335 305 332 65 487 433 143 387 364 266 286 453 116 475 398 400 369 318 2 300 393 253 21 420
83 20 3218 184 57 180 415 389 4 119 175 120 493 395 206 22 154 380 365 2 63 396 43 329 335 57 89 22 374 247 90 112 230 304 478 71 398 500 41 137 30 57 132
84 20 4238 130 19 153 289 199 433 297 119 355 154 339 411 289 142 374 78 403 464 383 482 32 392 243 213 500 25 144 399 24 61 349 304 217 333 302 470 405 390 160 109
85 20 4121 81 103 458 383 135 124 476 498 126 275 325 345 259 275 163 192 347 45 430 458 377 200 97 25 17 286 139 160 389 158 220 488 252 22 429 365 330 477 102 82
86 20 4595 383 172 96 311 185 307 350 487 412 224 451 451 263 401 283 364 99 5 465 118 257 176 284 154 390 203 379 380 145 410 379 363 223 357 492 47 40 102 168 88
87 20 4648 233 404 491 460 460 391 357 437 55 73 338 108 484 348 163 43 337 165 102 420 318 456 261 408 292 440 52 228 80 447 399 29 429 38 141 483 479 318 340 55
88 20 4450 351 299 431 360 30 383 254 434 249 437 286 433 146 189 402 228 289 366 382 278 469 217 42 329 368 78 216 53 265 409 55 255 319 322 269 253 268 89 472 295
89 20 3412 450 294 414 42 455 476 185 52 100 129 128 24 322 139 39 267 313 369 231 210 384 85 84 3 13 374 2 342 79 419 339 24 16 416 124 255 228 211 360 426
90 20 3603 272 323 202 188 102 238 403 309 56 415 120 253 83 158 480 120 69 218 27 27 128 207 237 92 376 312 457 131 34 243 120 80 334 161 353 109 474 47 177 101
91 20 4443 430 77 183 400 303 424 267 43 115 316 448 438 149 190 300 331 413 357 451 356 469 348 401 231 150 450 453 414 77 394 165 30 106 68 146 74 474 302 54 407
92 20 4348 283 375 421 73 424 367 205 93 221 442 102 481 70 111 76 400 242 393 273 197 298 236 337 374 327 216 221 213 96 285 435 230 471 204 485 40 305 464 144 350
93 20 4677 442 137 95 334 189 360 5 2 316 311 353 487 436 216 423 118 100 255 372 487 455 129 189 498 332 33 475 481 162 308 386 405 137 195 470 200 74 197 436 465
94 20 4424 423 118 224 228 441 10 402 326 458 490 331 489 76 306 110 477 285 58 267 450 93 401 399 5 357 12 119 186 136 405 471 450 281 400 259 350 366 375 32 307
95 20 4164 435 467 24 78 374 232 143 457 152 26 471 136 236 300 132 68 43 161 311 353 159 92 256 345 113 90 294 299 223 318 418 244 304 164 385 37 333 25 400 256
96 20 4055 115 84 386 110 247 294 158 79 403 408 266 206 217 499 117 50 17 132 141 392 379 229 9 439 289 499 152 173 391 467 409 185 335 211 136 447 419 298 483 212
97 20 3898 126 451 259 374 43 263 367 86 280 342 465 303 351 39 445 202 350 391 52 383 398 91 137 386 131 139 23 299 441 267 44 305 177 62 239 460 356 180 189 452
98 20 3171 51 268 272 494 39 238 370 26 171 342 30 431 438 397 149 38 39 317 487 114 124 453 127 64 324 409 232 237 51 307 53 318 312 411 128 149 223 334 344 423
99 20 4274 347 180 330 366 21 63 424 477 201 493 355 404 27 272 11 456 360 440 95 66 426 147 84 211 401 146 251 316 115 406 231 413 435 367 448 331 475 1 306 275
100 20 3941 488 347 50 247 219 362 134 286 198 310 217 305 474 410 462 61 186 375 187 267 403 391 228 24 173 27 412 60 252 91 126 500 92 314 6 250 190 78 430 224
