1 4 663
2 4 733
3 4 1272
4 4 984
5 4 902
6 4 999
7 4 1098
8 4 1316
9 4 772
10 4 1217
11 4 1170
12 4 976
13 4 1388
14 4 818
15 4 1193
16 4 664
17 4 946
18 4 1135
19 4 1310
20 4 1372
21 4 1167
22 4 1032
23 4 1088
24 4 1121
25 4 821
26 4 937
27 4 961
28 4 931
29 4 1090
30 4 1453
31 4 1074
32 4 1312
33 4 1322
34 4 1123
35 4 1689
36 4 850
37 4 867
38 4 977
39 4 1060
40 4 583
41 4 1256
42 4 1104
43 4 1390
44 4 686
45 4 1188
46 4 564
47 4 1592
48 4 1179
49 4 1143
50 4 1332
51 4 924
52 4 788
53 4 1453
54 4 336
55 4 1081
56 4 1093
57 4 798
58 4 1300
59 4 1290
60 4 1206
61 4 1625
62 4 685
63 4 914
64 4 1069
65 4 1595
66 4 1133
67 4 1070
68 4 915
69 4 986
70 4 1077
71 4 469
72 4 674
73 4 638
74 4 995
75 4 1072
76 4 1399
77 4 1179
78 4 939
79 4 1132
80 4 989
81 4 719
82 4 1150
83 4 979
84 4 868
85 4 1552
86 4 1217
87 4 1071
88 4 842
89 4 394
90 4 1089
91 4 684
92 4 790
93 4 1216
94 4 567
95 4 1123
96 4 629
97 4 1373
98 4 719
99 4 1163
100 4 839