2.288818359375e-05
1.8835067749023438e-05
1.811981201171875e-05
1.7881393432617188e-05
1.7404556274414062e-05
1.7642974853515625e-05
1.7404556274414062e-05
1.6927719116210938e-05
1.7404556274414062e-05
1.7404556274414062e-05
1.71661376953125e-05
1.71661376953125e-05
1.7881393432617188e-05
1.71661376953125e-05
1.7404556274414062e-05
1.71661376953125e-05
1.7404556274414062e-05
1.71661376953125e-05
1.71661376953125e-05
1.7404556274414062e-05
1.7404556274414062e-05
1.71661376953125e-05
1.71661376953125e-05
1.6927719116210938e-05
1.71661376953125e-05
1.71661376953125e-05
1.7404556274414062e-05
1.71661376953125e-05
3.170967102050781e-05
1.811981201171875e-05
2.9802322387695312e-05
1.71661376953125e-05
1.7881393432617188e-05
1.71661376953125e-05
1.71661376953125e-05
1.6927719116210938e-05
1.71661376953125e-05
1.6927719116210938e-05
1.7404556274414062e-05
1.6927719116210938e-05
1.6927719116210938e-05
1.71661376953125e-05
1.6927719116210938e-05
1.71661376953125e-05
1.621246337890625e-05
1.6927719116210938e-05
1.71661376953125e-05
1.6927719116210938e-05
1.6927719116210938e-05
1.71661376953125e-05
1.6927719116210938e-05
1.7404556274414062e-05
1.7404556274414062e-05
1.71661376953125e-05
3.5762786865234375e-05
3.075599670410156e-05
1.6927719116210938e-05
1.71661376953125e-05
1.6927719116210938e-05
1.6927719116210938e-05
1.6927719116210938e-05
1.6927719116210938e-05
1.6927719116210938e-05
1.6689300537109375e-05
1.6927719116210938e-05
1.6927719116210938e-05
1.6927719116210938e-05
1.6927719116210938e-05
1.6927719116210938e-05
1.71661376953125e-05
1.6927719116210938e-05
1.71661376953125e-05
1.6689300537109375e-05
1.6689300537109375e-05
1.6927719116210938e-05
1.6927719116210938e-05
1.6927719116210938e-05
1.6927719116210938e-05
1.6450881958007812e-05
1.71661376953125e-05
1.71661376953125e-05
1.6927719116210938e-05
1.7404556274414062e-05
1.7404556274414062e-05
1.6689300537109375e-05
1.6927719116210938e-05
1.71661376953125e-05
1.6689300537109375e-05
1.6927719116210938e-05
1.7404556274414062e-05
1.6927719116210938e-05
1.6689300537109375e-05
1.6927719116210938e-05
4.8160552978515625e-05
1.7881393432617188e-05
1.8596649169921875e-05
1.7881393432617188e-05
3.4332275390625e-05
1.811981201171875e-05
4.4345855712890625e-05