1 22 3747
2 22 5066
3 22 4523
4 22 4646
5 22 4534
6 22 4447
7 22 4919
8 22 4394
9 22 4445
10 22 4241
11 22 5044
12 22 4487
13 22 5252
14 22 5183
15 22 4114
16 22 4114
17 22 4521
18 22 4615
19 22 4396
20 22 3490
21 22 5177
22 22 4831
23 22 4781
24 22 5098
25 22 4704
26 22 5238
27 22 3984
28 22 4414
29 22 3703
30 22 3930
31 22 3651
32 22 3053
33 22 4441
34 22 4101
35 22 5559
36 22 4004
37 22 3963
38 22 4477
39 22 3896
40 22 3922
41 22 5083
42 22 3651
43 22 3822
44 22 4378
45 22 4043
46 22 5213
47 22 4521
48 22 4061
49 22 4467
50 22 4251
51 22 4594
52 22 3967
53 22 4410
54 22 3753
55 22 4249
56 22 4326
57 22 3899
58 22 4311
59 22 4561
60 22 3107
61 22 4641
62 22 5284
63 22 5030
64 22 4340
65 22 4445
66 22 4092
67 22 3867
68 22 3444
69 22 3686
70 22 5196
71 22 3219
72 22 4337
73 22 4910
74 22 4312
75 22 4293
76 22 3811
77 22 3604
78 22 4277
79 22 5111
80 22 4751
81 22 4430
82 22 3524
83 22 4542
84 22 5162
85 22 4988
86 22 4684
87 22 3647
88 22 4774
89 22 3823
90 22 4623
91 22 4144
92 22 4063
93 22 4143
94 22 4024
95 22 4615
96 22 3830
97 22 4368
98 22 4941
99 22 3839
100 22 3957