1 4 643
2 4 594
3 4 760
4 4 380
5 4 506
6 4 739
7 4 587
8 4 886
9 4 426
10 4 627
11 4 848
12 4 351
13 4 785
14 4 726
15 4 533
16 4 541
17 4 562
18 4 889
19 4 800
20 4 502
21 4 729
22 4 664
23 4 691
24 4 690
25 4 555
26 4 511
27 4 616
28 4 653
29 4 472
30 4 839
31 4 715
32 4 980
33 4 952
34 4 861
35 4 1259
36 4 594
37 4 500
38 4 865
39 4 756
40 4 463
41 4 828
42 4 526
43 4 667
44 4 403
45 4 746
46 4 414
47 4 921
48 4 929
49 4 836
50 4 1011
51 4 868
52 4 684
53 4 843
54 4 283
55 4 653
56 4 428
57 4 463
58 4 669
59 4 706
60 4 894
61 4 978
62 4 509
63 4 677
64 4 561
65 4 798
66 4 925
67 4 488
68 4 775
69 4 789
70 4 637
71 4 461
72 4 493
73 4 509
74 4 760
75 4 490
76 4 745
77 4 714
78 4 719
79 4 584
80 4 516
81 4 437
82 4 844
83 4 820
84 4 638
85 4 860
86 4 507
87 4 899
88 4 439
89 4 251
90 4 856
91 4 423
92 4 487
93 4 681
94 4 383
95 4 451
96 4 512
97 4 781
98 4 339
99 4 819
100 4 648