1 20 4295
2 20 5286
3 20 5992
4 20 4579
5 20 4032
6 20 4038
7 20 5711
8 20 4594
9 20 4366
10 20 5401
11 20 5422
12 20 5171
13 20 4480
14 20 4572
15 20 3618
16 20 4712
17 20 3824
18 20 4522
19 20 3329
20 20 4689
21 20 4090
22 20 4986
23 20 4924
24 20 5028
25 20 4652
26 20 4803
27 20 5174
28 20 5164
29 20 5376
30 20 3975
31 20 4051
32 20 4206
33 20 5317
34 20 4402
35 20 5805
36 20 4461
37 20 4996
38 20 4843
39 20 4334
40 20 5517
41 20 4292
42 20 4099
43 20 4010
44 20 5167
45 20 4923
46 20 4861
47 20 5681
48 20 3924
49 20 5534
50 20 4717
51 20 5241
52 20 4787
53 20 5469
54 20 4508
55 20 4816
56 20 3927
57 20 4743
58 20 5826
59 20 4858
60 20 3915
61 20 4923
62 20 4970
63 20 4935
64 20 5298
65 20 5605
66 20 5116
67 20 2786
68 20 5299
69 20 4823
70 20 4505
71 20 4011
72 20 4447
73 20 4317
74 20 4066
75 20 4590
76 20 5115
77 20 3945
78 20 4261
79 20 4620
80 20 5654
81 20 4787
82 20 4779
83 20 5188
84 20 4044
85 20 3932
86 20 5054
87 20 4860
88 20 4374
89 20 4762
90 20 4846
91 20 5227
92 20 4095
93 20 5134
94 20 4156
95 20 5557
96 20 5046
97 20 3830
98 20 4853
99 20 5043
100 20 4787