4.482269287109375e-05
2.6702880859375e-05
2.574920654296875e-05
5.53131103515625e-05
2.5510787963867188e-05
2.5033950805664062e-05
2.4557113647460938e-05
2.47955322265625e-05
2.5272369384765625e-05
2.5272369384765625e-05
2.47955322265625e-05
2.4318695068359375e-05
3.7670135498046875e-05
2.4080276489257812e-05
2.4318695068359375e-05
2.4318695068359375e-05
2.4080276489257812e-05
2.5987625122070312e-05
2.47955322265625e-05
3.7670135498046875e-05
2.4318695068359375e-05
2.4557113647460938e-05
2.5510787963867188e-05
2.5033950805664062e-05
2.47955322265625e-05
2.5033950805664062e-05
2.47955322265625e-05
2.4318695068359375e-05
3.814697265625e-05
2.4557113647460938e-05
2.4318695068359375e-05
2.4318695068359375e-05
2.4557113647460938e-05
4.57763671875e-05
2.4318695068359375e-05
2.4557113647460938e-05
2.4318695068359375e-05
3.981590270996094e-05
2.47955322265625e-05
3.886222839355469e-05
2.5272369384765625e-05
3.743171691894531e-05
2.574920654296875e-05
3.814697265625e-05
3.814697265625e-05
2.4318695068359375e-05
2.4318695068359375e-05
2.4557113647460938e-05
2.4557113647460938e-05
2.47955322265625e-05
4.076957702636719e-05
2.4557113647460938e-05
3.814697265625e-05
2.4318695068359375e-05
3.790855407714844e-05
4.57763671875e-05
4.1484832763671875e-05
3.719329833984375e-05
2.3603439331054688e-05
2.4318695068359375e-05
2.47955322265625e-05
2.47955322265625e-05
2.4557113647460938e-05
2.4318695068359375e-05
3.361701965332031e-05
2.7179718017578125e-05
2.6464462280273438e-05
3.9577484130859375e-05
2.574920654296875e-05
2.574920654296875e-05
2.574920654296875e-05
2.574920654296875e-05
4.553794860839844e-05
4.0531158447265625e-05
2.574920654296875e-05
2.5510787963867188e-05
2.5272369384765625e-05
2.5510787963867188e-05
2.5033950805664062e-05
2.5033950805664062e-05
2.5033950805664062e-05
3.814697265625e-05
2.5510787963867188e-05
2.47955322265625e-05
3.8623809814453125e-05
2.5272369384765625e-05
2.5033950805664062e-05
3.814697265625e-05
2.5272369384765625e-05
2.4557113647460938e-05
2.5272369384765625e-05
2.47955322265625e-05
2.47955322265625e-05
3.2901763916015625e-05
2.7418136596679688e-05
2.6702880859375e-05
2.574920654296875e-05
2.5272369384765625e-05
2.6464462280273438e-05
2.47955322265625e-05