0.0
0.0
0.0
0.0
0.0
0.0004462293618920125
0.0
0.0
0.0
0.0
0.0
0.0
0.0
0.0012172854534388314
0.0
0.0
0.0021424745581146223
0.0
0.00583864118895966
0.0
0.025874460948730235
0.0
0.0
0.0
0.007860752386299831
0.0
0.007919049714034315
0.0
0.0
0.0
0.0
0.010736944851146901
0.0
0.013816102906145784
0.0
0.0
0.0005099439061703213
0.0023767082590612004
0.0
0.0
0.000572737686139748
0.012650948821161587
0.0030978934324659233
0.0
0.004396678065461651
0.0
0.0
0.0030257186081694403
0.02764736567553469
0.0017341040462427746
0.0
0.005808325266214908
0.0
0.0
0.0
0.0
0.0
0.0
0.0
0.008130081300813009
0.002890173410404624
0.010978043912175649
0.0005302226935312832
0.009620523784072688
0.0
0.0
0.0
0.001718213058419244
0.011194029850746268
0.0
0.0026028110359187923
0.0
0.0
0.0
0.0
0.0
0.0
0.012307692307692308
0.009860788863109048
0.0017584994138335288
0.003908431044109436
0.0
0.0
0.0
0.0
0.015889287544848796
0.0
0.0
0.0
0.0
0.016294227188081937
0.020570359981299673
0.0
0.0
0.0
0.020895522388059702
0.0
0.0
0.0
0.0