0.00012040138244628906
3.0517578125e-05
4.315376281738281e-05
2.6702880859375e-05
2.6702880859375e-05
2.6226043701171875e-05
2.6226043701171875e-05
2.5987625122070312e-05
2.6226043701171875e-05
2.6226043701171875e-05
2.6226043701171875e-05
2.6226043701171875e-05
2.574920654296875e-05
2.5987625122070312e-05
2.6702880859375e-05
2.6226043701171875e-05
2.574920654296875e-05
2.5987625122070312e-05
2.5987625122070312e-05
2.6226043701171875e-05
2.5987625122070312e-05
2.6226043701171875e-05
2.6226043701171875e-05
2.6464462280273438e-05
2.5987625122070312e-05
2.5987625122070312e-05
2.5987625122070312e-05
2.574920654296875e-05
2.6226043701171875e-05
2.6226043701171875e-05
2.6941299438476562e-05
2.6226043701171875e-05
2.5987625122070312e-05
2.5987625122070312e-05
2.6464462280273438e-05
2.6464462280273438e-05
2.6702880859375e-05
2.6464462280273438e-05
2.6226043701171875e-05
4.601478576660156e-05
2.8133392333984375e-05
2.8133392333984375e-05
2.765655517578125e-05
2.6702880859375e-05
4.076957702636719e-05
2.6226043701171875e-05
2.6702880859375e-05
2.5987625122070312e-05
2.6464462280273438e-05
2.6226043701171875e-05
2.6226043701171875e-05
2.5987625122070312e-05
2.6226043701171875e-05
2.6226043701171875e-05
2.6464462280273438e-05
2.6226043701171875e-05
2.6226043701171875e-05
2.6226043701171875e-05
2.5987625122070312e-05
2.6226043701171875e-05
6.866455078125e-05
2.6464462280273438e-05
2.6464462280273438e-05
2.6226043701171875e-05
2.6464462280273438e-05
2.6464462280273438e-05
2.6226043701171875e-05
2.574920654296875e-05
2.5987625122070312e-05
2.5987625122070312e-05
2.6226043701171875e-05
2.5987625122070312e-05
2.6226043701171875e-05
2.6226043701171875e-05
2.6226043701171875e-05
2.574920654296875e-05
2.5987625122070312e-05
2.5987625122070312e-05
2.6702880859375e-05
2.5987625122070312e-05
2.6702880859375e-05
2.6464462280273438e-05
2.5987625122070312e-05
2.5987625122070312e-05
4.506111145019531e-05
2.765655517578125e-05
3.933906555175781e-05
2.5987625122070312e-05
2.5987625122070312e-05
2.5987625122070312e-05
2.6464462280273438e-05
2.5987625122070312e-05
2.6226043701171875e-05
2.6464462280273438e-05
2.6464462280273438e-05
2.5987625122070312e-05
2.574920654296875e-05
2.5987625122070312e-05
2.6226043701171875e-05
2.5987625122070312e-05