1 30 616
2 30 840
3 30 759
4 30 775
5 30 797
6 30 666
7 30 785
8 30 647
9 30 774
10 30 707
11 30 713
12 30 760
13 30 792
14 30 742
15 30 845
16 30 762
17 30 714
18 30 801
19 30 720
20 30 695
21 30 695
22 30 717
23 30 697
24 30 602
25 30 747
26 30 654
27 30 677
28 30 762
29 30 712
30 30 586
31 30 644
32 30 856
33 30 750
34 30 768
35 30 742
36 30 805
37 30 745
38 30 559
39 30 706
40 30 717
41 30 664
42 30 746
43 30 683
44 30 602
45 30 776
46 30 844
47 30 807
48 30 721
49 30 793
50 30 597
51 30 756
52 30 899
53 30 593
54 30 699
55 30 727
56 30 615
57 30 736
58 30 751
59 30 844
60 30 661
61 30 760
62 30 842
63 30 790
64 30 770
65 30 778
66 30 881
67 30 739
68 30 664
69 30 650
70 30 696
71 30 778
72 30 595
73 30 629
74 30 776
75 30 770
76 30 638
77 30 800
78 30 732
79 30 703
80 30 715
81 30 754
82 30 768
83 30 785
84 30 796
85 30 810
86 30 728
87 30 683
88 30 679
89 30 706
90 30 720
91 30 574
92 30 725
93 30 744
94 30 659
95 30 736
96 30 849
97 30 746
98 30 749
99 30 667
100 30 715