1 35 732
2 35 890
3 35 934
4 35 956
5 35 836
6 35 760
7 35 822
8 35 813
9 35 924
10 35 827
11 35 826
12 35 811
13 35 1026
14 35 922
15 35 861
16 35 855
17 35 880
18 35 932
19 35 873
20 35 840
21 35 895
22 35 757
23 35 818
24 35 850
25 35 861
26 35 747
27 35 751
28 35 853
29 35 776
30 35 911
31 35 920
32 35 824
33 35 770
34 35 898
35 35 799
36 35 892
37 35 797
38 35 632
39 35 830
40 35 833
41 35 860
42 35 915
43 35 937
44 35 909
45 35 657
46 35 818
47 35 843
48 35 831
49 35 881
50 35 900
51 35 935
52 35 665
53 35 944
54 35 990
55 35 793
56 35 919
57 35 877
58 35 893
59 35 847
60 35 745
61 35 921
62 35 742
63 35 778
64 35 937
65 35 834
66 35 750
67 35 942
68 35 841
69 35 835
70 35 736
71 35 912
72 35 884
73 35 891
74 35 895
75 35 779
76 35 835
77 35 856
78 35 910
79 35 931
80 35 801
81 35 783
82 35 885
83 35 932
84 35 871
85 35 836
86 35 801
87 35 835
88 35 838
89 35 822
90 35 849
91 35 735
92 35 934
93 35 853
94 35 881
95 35 847
96 35 806
97 35 924
98 35 862
99 35 946
100 35 897