0.05345916748046875
0.0659935474395752
0.07392430305480957
0.05687379837036133
0.08599472045898438
0.06786179542541504
0.07449817657470703
0.06135392189025879
0.06061410903930664
0.06924629211425781
0.0518341064453125
0.04913806915283203
0.06801223754882812
0.05638265609741211
0.07352256774902344
0.05234789848327637
0.06567597389221191
0.06604957580566406
0.059187889099121094
0.06843304634094238
0.0679314136505127
0.04714250564575195
0.07421588897705078
0.06539034843444824
0.060079097747802734
0.07388424873352051
0.0704495906829834
0.06026458740234375
0.06192731857299805
0.06788134574890137
0.049680471420288086
0.07640886306762695
0.06976675987243652
0.07713651657104492
0.06821680068969727
0.054488182067871094
0.06425118446350098
0.04776167869567871
0.06317543983459473
0.05840015411376953
0.06182527542114258
0.06173419952392578
0.04857611656188965
0.0473017692565918
0.06256389617919922
0.048836708068847656
0.05127525329589844
0.06757473945617676
0.06739091873168945
0.05437016487121582
0.07825756072998047
0.0699164867401123
0.07580041885375977
0.07320332527160645
0.05270957946777344
0.04054689407348633
0.04664969444274902
0.07267189025878906
0.06447410583496094
0.06431698799133301
0.06014132499694824
0.07478070259094238
0.05205869674682617
0.05791497230529785
0.07030892372131348
0.05594229698181152
0.055368661880493164
0.0695798397064209
0.06217670440673828
0.06129646301269531
0.06092214584350586
0.07081437110900879
0.06767106056213379
0.05977129936218262
0.08544111251831055
0.062461137771606445
0.049903154373168945
0.07759380340576172
0.06036090850830078
0.05649399757385254
0.059411048889160156
0.08072447776794434
0.046431779861450195
0.06973075866699219
0.060807228088378906
0.057437896728515625
0.06122398376464844
0.06869816780090332
0.05635428428649902
0.03684496879577637
0.06994009017944336
0.06631612777709961
0.07382607460021973
0.06008195877075195
0.0467679500579834
0.07832789421081543
0.06741833686828613
0.07081294059753418
0.06915545463562012
0.05429410934448242