0.00022482872009277344
0.004213094711303711
0.0012962818145751953
0.0005674362182617188
0.00028967857360839844
0.0007750988006591797
0.0019998550415039062
0.0010712146759033203
0.00026679039001464844
0.0008516311645507812
0.00047397613525390625
0.0004947185516357422
0.0009698867797851562
0.00019931793212890625
0.00115966796875
0.0004856586456298828
0.00037741661071777344
0.0006215572357177734
0.0007481575012207031
7.009506225585938e-05
0.0002989768981933594
0.00041103363037109375
7.271766662597656e-05
0.0001647472381591797
0.0010080337524414062
0.0017538070678710938
0.0010540485382080078
0.004679203033447266
0.0010285377502441406
0.0017516613006591797
9.393692016601562e-05
0.0007536411285400391
0.0005376338958740234
0.00014591217041015625
0.0005257129669189453
0.00017404556274414062
0.0017521381378173828
0.0004467964172363281
0.00032973289489746094
0.0002200603485107422
0.00043272972106933594
0.0011861324310302734
0.0007855892181396484
0.00025177001953125
0.00039649009704589844
0.0008609294891357422
0.0006315708160400391
0.0008075237274169922
0.001580953598022461
0.0001513957977294922
0.00019621849060058594
0.00022649765014648438
0.0005521774291992188
0.00035762786865234375
0.0002410411834716797
0.001070261001586914
0.0006210803985595703
7.772445678710938e-05
0.0022211074829101562
8.606910705566406e-05
0.00016450881958007812
0.0003159046173095703
0.0007243156433105469
0.0005645751953125
0.0005333423614501953
0.00022530555725097656
0.000415802001953125
0.0014433860778808594
0.0002338886260986328
0.0019276142120361328
9.465217590332031e-05
0.0005164146423339844
0.000980377197265625
0.0006215572357177734
9.965896606445312e-05
0.0002460479736328125
0.0004930496215820312
0.00043845176696777344
0.001382589340209961
0.0003223419189453125
0.0014495849609375
6.031990051269531e-05
0.0006704330444335938
0.0009338855743408203
0.0001583099365234375
0.0002377033233642578
0.00025200843811035156
0.0003452301025390625
0.001531362533569336
0.0006659030914306641
0.0019850730895996094
0.0011379718780517578
0.00046372413635253906
0.001735687255859375
0.00046563148498535156
0.0007121562957763672
0.00031113624572753906
0.0015976428985595703
0.0009233951568603516
0.0006568431854248047