0.001180410385131836
0.0077245235443115234
0.0014514923095703125
0.0023605823516845703
0.017140865325927734
0.0010845661163330078
0.0012936592102050781
0.005709171295166016
0.002279996871948242
0.002640962600708008
0.0043125152587890625
0.002726316452026367
0.004521369934082031
0.0017669200897216797
0.0017979145050048828
0.0018281936645507812
0.0005052089691162109
0.003305196762084961
0.003794431686401367
0.005558967590332031
0.026582956314086914
0.0022869110107421875
0.004316091537475586
0.015236854553222656
0.0017054080963134766
0.002385377883911133
0.014208316802978516
0.00145721435546875
0.0005829334259033203
0.0007483959197998047
0.012378931045532227
0.000415802001953125
0.002767324447631836
0.013995885848999023
0.004248619079589844
0.0021631717681884766
0.0007941722869873047
0.005083560943603516
0.002733945846557617
0.0011112689971923828
0.009199857711791992
0.003048419952392578
0.00877690315246582
0.0011990070343017578
0.0010166168212890625
0.0027549266815185547
0.021365642547607422
0.0028142929077148438
0.002490520477294922
0.011378049850463867
0.0027894973754882812
0.0015859603881835938
0.006972312927246094
0.003011941909790039
0.0012395381927490234
0.0025861263275146484
0.0062863826751708984
0.0034139156341552734
0.0015711784362792969
0.0017473697662353516
0.004426240921020508
0.005804300308227539
0.0031447410583496094
0.002984762191772461
0.0006618499755859375
0.003398418426513672
0.007894277572631836
0.0028815269470214844
0.0020706653594970703
0.0017571449279785156
0.002226591110229492
0.00853276252746582
0.007538795471191406
0.0008733272552490234
0.0008461475372314453
0.0070607662200927734
0.0010154247283935547
0.000850677490234375
0.013035058975219727
0.016640901565551758
0.0038297176361083984
0.004155397415161133
0.0036144256591796875
0.00110626220703125
0.004273176193237305
0.003976583480834961
0.009099245071411133
0.0071294307708740234
0.0008237361907958984
0.0018320083618164062
0.0005705356597900391
0.0026998519897460938
0.002048969268798828
0.004095792770385742
0.002176523208618164
0.003459453582763672
0.00083160400390625
0.003081798553466797
0.0007817745208740234
0.004218578338623047