0.00010180473327636719
0.0001354217529296875
0.00013184547424316406
0.0001418590545654297
0.0002257823944091797
0.00037741661071777344
0.0005710124969482422
0.00023484230041503906
9.179115295410156e-05
0.00015807151794433594
0.00025653839111328125
0.0002703666687011719
0.0003933906555175781
0.00011992454528808594
0.00014925003051757812
0.0003104209899902344
0.00024819374084472656
0.00038433074951171875
0.00023055076599121094
0.00012230873107910156
8.845329284667969e-05
0.00011920928955078125
0.00011706352233886719
0.00019669532775878906
0.00019288063049316406
0.00018334388732910156
0.0001556873321533203
0.0003185272216796875
0.0003237724304199219
9.632110595703125e-05
0.00015234947204589844
0.00023984909057617188
0.00029158592224121094
4.38690185546875e-05
7.510185241699219e-05
0.0001666545867919922
0.0001323223114013672
0.0002536773681640625
0.00017261505126953125
0.00011229515075683594
0.00048089027404785156
0.0007135868072509766
0.00023293495178222656
0.00010275840759277344
0.00023055076599121094
7.987022399902344e-05
8.249282836914062e-05
6.556510925292969e-05
0.0001888275146484375
0.00021028518676757812
0.0002415180206298828
0.0001614093780517578
0.000217437744140625
8.368492126464844e-05
0.0003178119659423828
0.0001671314239501953
0.0001327991485595703
0.00017571449279785156
0.00012421607971191406
0.0002105236053466797
0.0003039836883544922
0.0005729198455810547
0.0001430511474609375
0.0001735687255859375
0.00017452239990234375
0.00018286705017089844
0.00029087066650390625
0.00011348724365234375
0.0002219676971435547
0.00013971328735351562
0.00025773048400878906
0.0004489421844482422
5.9604644775390625e-05
0.00014209747314453125
0.00013518333435058594
0.000156402587890625
0.0002951622009277344
0.0002434253692626953
0.00021076202392578125
0.00020194053649902344
0.00026535987854003906
0.0002346038818359375
0.00019741058349609375
0.00039267539978027344
0.00020265579223632812
0.00036406517028808594
0.0001285076141357422
9.632110595703125e-05
0.00022268295288085938
6.437301635742188e-05
0.0002455711364746094
4.5299530029296875e-05
7.867813110351562e-05
5.555152893066406e-05
0.0003590583801269531
0.00023937225341796875
0.00011157989501953125
0.00022792816162109375
0.00022029876708984375
0.00020551681518554688