0.00018906593322753906
0.00038313865661621094
0.0005636215209960938
0.0003333091735839844
0.002042531967163086
0.0005793571472167969
0.0005016326904296875
0.0017130374908447266
0.0033195018768310547
0.0007724761962890625
0.00020837783813476562
0.002473592758178711
0.0018415451049804688
0.0006339550018310547
0.00013208389282226562
0.001100778579711914
0.0007328987121582031
0.0008375644683837891
0.0005133152008056641
0.0010564327239990234
0.0010335445404052734
0.001308441162109375
0.0008668899536132812
0.0014576911926269531
0.0005774497985839844
0.0003478527069091797
0.00048041343688964844
0.0007109642028808594
0.00041937828063964844
0.0022535324096679688
0.0026941299438476562
0.0006377696990966797
0.0006947517395019531
0.0014600753784179688
0.0010516643524169922
0.0014657974243164062
0.0002810955047607422
0.0008707046508789062
0.0020203590393066406
0.0013568401336669922
0.0007047653198242188
0.000141143798828125
0.0009882450103759766
0.0015003681182861328
0.0009257793426513672
0.0007240772247314453
0.0007543563842773438
0.0009226799011230469
0.0015556812286376953
0.0046198368072509766
0.0014445781707763672
0.00019025802612304688
0.0016400814056396484
0.0008265972137451172
0.0014758110046386719
0.0019528865814208984
0.0004885196685791016
0.0020117759704589844
0.0018162727355957031
0.0010766983032226562
0.0005829334259033203
0.0004353523254394531
0.0003612041473388672
0.0005919933319091797
0.0004112720489501953
0.00069427490234375
0.0010013580322265625
0.001214742660522461
0.001466989517211914
0.0003731250762939453
0.0013637542724609375
0.00024819374084472656
0.0001652240753173828
0.0009071826934814453
0.0011792182922363281
0.0019860267639160156
0.003187894821166992
0.0017197132110595703
0.0013172626495361328
0.0003352165222167969
0.0005173683166503906
0.0013980865478515625
0.0008826255798339844
0.0005981922149658203
0.0004177093505859375
0.00014638900756835938
0.0006916522979736328
0.001337289810180664
0.0007290840148925781
0.0004870891571044922
0.0014448165893554688
0.0011851787567138672
0.0005068778991699219
0.0011739730834960938
0.00034618377685546875
0.0007436275482177734
0.0008306503295898438
0.0004107952117919922
0.0014777183532714844
0.0010364055633544922