0.0032939910888671875
0.004610300064086914
0.006345033645629883
0.004966020584106445
0.005337238311767578
0.005549907684326172
0.006371498107910156
0.008454561233520508
0.007178544998168945
0.0062255859375
0.0058400630950927734
0.007443904876708984
0.009595632553100586
0.0077555179595947266
0.007683753967285156
0.008182048797607422
0.004760265350341797
0.0061473846435546875
0.007816076278686523
0.0052487850189208984
0.00310516357421875
0.005007505416870117
0.00879669189453125
0.0024428367614746094
0.007055997848510742
0.007958412170410156
0.006963968276977539
0.009099960327148438
0.009624242782592773
0.004609823226928711
0.0022563934326171875
0.005658388137817383
0.007263660430908203
0.004912853240966797
0.005705118179321289
0.004573822021484375
0.005963325500488281
0.007277965545654297
0.003026723861694336
0.005724668502807617
0.009094715118408203
0.005386829376220703
0.0023763179779052734
0.004721403121948242
0.00531768798828125
0.008545637130737305
0.0059468746185302734
0.007959127426147461
0.002549886703491211
0.010704755783081055
0.005528450012207031
0.00605463981628418
0.007233381271362305
0.0071811676025390625
0.004738569259643555
0.004479408264160156
0.004900217056274414
0.008446693420410156
0.004790067672729492
0.0058858394622802734
0.004026651382446289
0.009571313858032227
0.006674528121948242
0.0039484500885009766
0.00690007209777832
0.0077571868896484375
0.007856369018554688
0.005940437316894531
0.006028652191162109
0.005042314529418945
0.006325960159301758
0.005034446716308594
0.006987571716308594
0.004578351974487305
0.0071258544921875
0.003960132598876953
0.007628679275512695
0.0039751529693603516
0.007063388824462891
0.007184267044067383
0.004411220550537109
0.006531238555908203
0.006902217864990234
0.00778508186340332
0.01138615608215332
0.004206418991088867
0.00597691535949707
0.0030596256256103516
0.007172346115112305
0.007843732833862305
0.0036160945892333984
0.008021116256713867
0.004365682601928711
0.00426793098449707
0.005583047866821289
0.005147457122802734
0.0029315948486328125
0.008210897445678711
0.005804777145385742
0.004136323928833008