0.023426055908203125
0.028332948684692383
0.02780771255493164
0.02770209312438965
0.030266284942626953
0.02784442901611328
0.028616666793823242
0.024409055709838867
0.028148412704467773
0.026683568954467773
0.01856827735900879
0.018924474716186523
0.028961896896362305
0.021083354949951172
0.026114463806152344
0.02285027503967285
0.025059938430786133
0.025167226791381836
0.0261688232421875
0.028153657913208008
0.029538631439208984
0.018351316452026367
0.029711008071899414
0.026888132095336914
0.02407050132751465
0.028087615966796875
0.0318603515625
0.023931264877319336
0.028419017791748047
0.02605891227722168
0.024057388305664062
0.02814340591430664
0.028087615966796875
0.030748844146728516
0.025765419006347656
0.0224912166595459
0.029106616973876953
0.020800352096557617
0.022391557693481445
0.0230867862701416
0.024008512496948242
0.026067495346069336
0.020322322845458984
0.01819586753845215
0.02681708335876465
0.02045416831970215
0.02086472511291504
0.024302959442138672
0.025548219680786133
0.02516007423400879
0.02741861343383789
0.025423049926757812
0.03015279769897461
0.028849124908447266
0.022359371185302734
0.016642093658447266
0.022073984146118164
0.02884221076965332
0.02980804443359375
0.030016422271728516
0.02297210693359375
0.02655506134033203
0.02378535270690918
0.0237729549407959
0.02683424949645996
0.022118806838989258
0.022631168365478516
0.032277584075927734
0.02557682991027832
0.025929927825927734
0.02160024642944336
0.0267789363861084
0.025821685791015625
0.022607088088989258
0.02714252471923828
0.02931046485900879
0.021730422973632812
0.02844977378845215
0.022199392318725586
0.022800922393798828
0.02469348907470703
0.030562162399291992
0.01921677589416504
0.02737259864807129
0.027748823165893555
0.028757333755493164
0.025903940200805664
0.030611753463745117
0.02212357521057129
0.015934228897094727
0.030141830444335938
0.0266268253326416
0.027393579483032227
0.023242950439453125
0.02036261558532715
0.03218841552734375
0.02456831932067871
0.028092622756958008
0.026126384735107422
0.021517038345336914