0.052808284759521484
0.06836175918579102
0.06943607330322266
0.07076764106750488
0.07203078269958496
0.05413246154785156
0.06628727912902832
0.04150390625
0.0722048282623291
0.05978202819824219
0.047319889068603516
0.057115793228149414
0.06115317344665527
0.059107065200805664
0.05762124061584473
0.06362271308898926
0.05475926399230957
0.05985760688781738
0.0505826473236084
0.05370378494262695
0.05114889144897461
0.052092552185058594
0.05894637107849121
0.0479435920715332
0.06579804420471191
0.05399799346923828
0.046938419342041016
0.06103348731994629
0.057708740234375
0.04460263252258301
0.04679727554321289
0.0719599723815918
0.05939793586730957
0.06854724884033203
0.05928945541381836
0.0699772834777832
0.06870770454406738
0.048381805419921875
0.060819387435913086
0.060828447341918945
0.05377674102783203
0.057866811752319336
0.06581568717956543
0.05050063133239746
0.06769394874572754
0.07448744773864746
0.06936168670654297
0.06800007820129395
0.07032012939453125
0.0519411563873291
0.07568216323852539
0.08511495590209961
0.054811716079711914
0.05879974365234375
0.07458353042602539
0.04741644859313965
0.07152175903320312
0.07364392280578613
0.09102797508239746
0.06298947334289551
0.07103395462036133
0.07255387306213379
0.05966997146606445
0.06277203559875488
0.0684504508972168
0.06989240646362305
0.05552482604980469
0.052390336990356445
0.04759502410888672
0.05852365493774414
0.062113285064697266
0.05224895477294922
0.05416393280029297
0.07580423355102539
0.06902956962585449
0.05077767372131348
0.07014966011047363
0.060504913330078125
0.05256247520446777
0.048462867736816406
0.0562443733215332
0.06375527381896973
0.060640573501586914
0.06099224090576172
0.07043838500976562
0.057497501373291016
0.05503344535827637
0.04829978942871094
0.054944515228271484
0.05318331718444824
0.04836606979370117
0.05958747863769531
0.05966997146606445
0.05076241493225098
0.06213092803955078
0.0644223690032959
0.05054187774658203
0.06042122840881348
0.05425286293029785
0.05937314033508301