0.060279130935668945
0.07078075408935547
0.08136844635009766
0.06828784942626953
0.0690011978149414
0.05593538284301758
0.05554842948913574
0.0634009838104248
0.0816497802734375
0.06148052215576172
0.07430696487426758
0.07089710235595703
0.06046247482299805
0.05449533462524414
0.06636619567871094
0.06643033027648926
0.0761408805847168
0.08002543449401855
0.06323504447937012
0.07496476173400879
0.06926512718200684
0.054964303970336914
0.06945037841796875
0.05778336524963379
0.06499052047729492
0.0651092529296875
0.06091761589050293
0.06037116050720215
0.06245541572570801
0.07992148399353027
0.06969237327575684
0.0775146484375
0.07416486740112305
0.08203721046447754
0.06833672523498535
0.058818817138671875
0.07216072082519531
0.07295823097229004
0.05797886848449707
0.06350111961364746
0.07204604148864746
0.0605015754699707
0.06602811813354492
0.06552910804748535
0.07118916511535645
0.07831120491027832
0.08263587951660156
0.0735330581665039
0.05168557167053223
0.06247401237487793
0.06631660461425781
0.0656733512878418
0.07342100143432617
0.08133459091186523
0.08620977401733398
0.06888365745544434
0.06980371475219727
0.07300400733947754
0.07388615608215332
0.07208991050720215
0.07420682907104492
0.07227754592895508
0.0606684684753418
0.06347537040710449
0.06589055061340332
0.06331110000610352
0.06363797187805176
0.06919741630554199
0.06290388107299805
0.07379698753356934
0.05944705009460449
0.06692957878112793
0.07804727554321289
0.05863070487976074
0.06402301788330078
0.05829787254333496
0.07854270935058594
0.07409811019897461
0.054648399353027344
0.06682658195495605
0.06694769859313965
0.058252573013305664
0.06370949745178223
0.06658220291137695
0.047969818115234375
0.06903982162475586
0.06279253959655762
0.06404829025268555
0.0688471794128418
0.0731363296508789
0.0594639778137207
0.06501388549804688
0.060349225997924805
0.06669902801513672
0.06125330924987793
0.062272071838378906
0.06195974349975586
0.06423449516296387
0.05442404747009277
0.06980633735656738