0.10205936431884766
0.12904047966003418
0.12531137466430664
0.12550020217895508
0.12688255310058594
0.09120035171508789
0.14026403427124023
0.12125682830810547
0.1080634593963623
0.11535906791687012
0.14069628715515137
0.12586069107055664
0.11270976066589355
0.11495280265808105
0.10563230514526367
0.12436723709106445
0.10123825073242188
0.08581852912902832
0.13097333908081055
0.10566592216491699
0.0990593433380127
0.09653925895690918
0.1024625301361084
0.11654138565063477
0.10737109184265137
0.1132974624633789
0.11190009117126465
0.09954500198364258
0.09302020072937012
0.10244226455688477
0.10745382308959961
0.10527849197387695
0.11015725135803223
0.11814713478088379
0.10951447486877441
0.09713315963745117
0.10599088668823242
0.08262848854064941
0.0966179370880127
0.10953807830810547
0.10376548767089844
0.09849238395690918
0.10960578918457031
0.11445069313049316
0.10010623931884766
0.0930793285369873
0.11901378631591797
0.10197710990905762
0.1125032901763916
0.1185002326965332
0.13206267356872559
0.10628628730773926
0.09644627571105957
0.0876462459564209
0.1033787727355957
0.14779400825500488
0.15593671798706055
0.1362621784210205
0.16269397735595703
0.12021923065185547
0.11338067054748535
0.1213526725769043
0.1066441535949707
0.10002923011779785
0.11709475517272949
0.1207742691040039
0.11241841316223145
0.11109709739685059
0.12732481956481934
0.11969256401062012
0.10832452774047852
0.12833809852600098
0.11011767387390137
0.11237955093383789
0.12069106101989746
0.13591217994689941
0.12856459617614746
0.11785435676574707
0.10384798049926758
0.09653401374816895
0.11122751235961914
0.12654542922973633
0.10645484924316406
0.10537242889404297
0.1450510025024414
0.14081692695617676
0.12796354293823242
0.11655902862548828
0.0973210334777832
0.10381054878234863
0.10495209693908691
0.11417961120605469
0.10608339309692383
0.1372206211090088
0.13297724723815918
0.11067652702331543
0.0805215835571289
0.1319878101348877
0.10818719863891602
0.12013816833496094