0.014860456687205509
0.0120652945351313
0.026782725142283227
0.013921113689095127
0.0
0.0006693440428380187
0.0036730945821854912
0.0
0.025725836089672913
0.009223128769067045
0.006309148264984227
0.041349954393432656
0.031643525992896354
0.014407334643091027
0.0022346368715083797
0.0003223726627981947
0.011394101876675604
0.016659359929855327
0.0
0.011899876897825195
0.01024279210925645
0.008771929824561403
0.025
0.02074124447466848
0.0037187288708586883
0.024129610479145122
0.004551820728291317
0.01099246231155779
0.015184381778741865
0.011129848229342328
0.01183206106870229
0.006512301013024602
0.024213075060532687
0.020745428973277073
0.004226840436773511
0.006568778979907265
0.010731052984574111
0.03164556962025317
0.0
0.00032133676092544985
0.0
0.0007803355442840422
0.0330550918196995
0.045158665581773796
0.021674140508221227
0.006001263423878711
0.02382528127068167
0.009916826615483045
0.008931761343336906
0.008812125484666901
0.014668901927912825
0.01483270093135564
0.0030653950953678476
0.007570543702684102
0.02338190443917316
0.01640625
0.017162872154115588
0.008368200836820083
0.013720109760878087
0.006487488415199258
0.004878048780487805
0.00903954802259887
0.0003636363636363636
0.021568627450980392
0.03504380475594493
0.0075878594249201275
0.006904487917146145
0.023732119635890767
0.017482517482517484
0.012575687005123428
0.0
0.0
0.0061394005055976884
0.027306967984934087
0.014095851792186871
0.0053655264922870555
0.002561639449247518
0.05048076923076923
0.021519400065210303
0.007870753935376968
0.005020538566864446
0.014715090795241076
0.028985507246376812
0.0022860875244937948
0.019345238095238096
0.0016118633139909735
0.021705426356589147
0.002769230769230769
0.043207957724588124
0.005700871898054996
0.028792134831460675
0.0
0.007748776508972268
0.01180327868852459
0.017051153460381142
0.0
0.009962640099626401
0.008027522935779817
0.024519549370444003
0.00684931506849315