23278 78 78 0.14 uf20-0768.mwcnf
35321 78 78 0.10 uf20-0218.mwcnf
24156 78 78 0.14 uf20-0881.mwcnf
33177 78 78 0.14 uf20-0216.mwcnf
42646 78 78 0.10 uf20-0254.mwcnf
24771 78 78 0.14 uf20-0974.mwcnf
30824 78 78 0.27 uf20-0888.mwcnf
28347 78 78 0.21 uf20-0879.mwcnf
99520 78 78 0.21 uf20-0576.mwcnf
124338 78 78 0.17 uf20-0490.mwcnf
23852 78 78 0.17 uf20-0883.mwcnf
45027 78 78 0.20 uf20-0232.mwcnf
18684 78 78 0.16 uf20-0775.mwcnf
91642 78 78 0.17 uf20-0591.mwcnf
49530 78 78 0.39 uf20-0251.mwcnf
22366 78 78 0.24 uf20-0857.mwcnf
130073 78 78 0.21 uf20-0552.mwcnf
106077 78 78 0.30 uf20-063.mwcnf
21663 78 78 0.04 uf20-0938.mwcnf
104657 78 78 0.14 uf20-067.mwcnf
92493 78 78 0.17 uf20-0567.mwcnf
38581 78 78 0.20 uf20-0186.mwcnf
119689 78 78 0.14 uf20-0542.mwcnf
24209 78 78 0.17 uf20-0892.mwcnf
36268 78 78 0.17 uf20-0329.mwcnf
86910 78 78 0.20 uf20-0600.mwcnf
28259 78 78 0.27 uf20-0210.mwcnf
85156 78 78 0.14 uf20-0500.mwcnf
36361 78 78 0.29 uf20-0724.mwcnf
34866 78 78 0.23 uf20-0332.mwcnf
34291 78 78 0.27 uf20-0359.mwcnf
36402 78 78 0.23 uf20-0297.mwcnf
34088 78 78 0.14 uf20-0846.mwcnf
47835 78 78 0.17 uf20-0276.mwcnf
37837 78 78 0.16 uf20-0203.mwcnf
23075 78 78 0.17 uf20-0925.mwcnf
25721 78 78 0.37 uf20-0807.mwcnf
37749 78 78 0.13 uf20-0120.mwcnf
22734 78 78 0.29 uf20-0796.mwcnf
50452 78 78 0.13 uf20-0125.mwcnf
26191 78 78 0.27 uf20-0950.mwcnf
83423 78 78 0.33 uf20-0536.mwcnf
114457 78 78 0.13 uf20-0560.mwcnf
30400 78 78 0.40 uf20-0923.mwcnf
22493 78 78 0.30 uf20-0887.mwcnf
54573 78 78 0.28 uf20-0227.mwcnf
95203 78 78 0.17 uf20-0663.mwcnf
21293 78 78 0.17 uf20-0971.mwcnf
42704 78 78 0.18 uf20-0198.mwcnf
29022 78 78 0.20 uf20-0727.mwcnf
80802 78 78 0.24 uf20-0584.mwcnf
109128 78 78 0.10 uf20-0641.mwcnf
32310 78 78 0.14 uf20-0826.mwcnf
41285 78 78 0.07 uf20-0226.mwcnf
50748 78 78 0.24 uf20-0279.mwcnf
89634 78 78 0.21 uf20-0566.mwcnf
23572 78 78 0.20 uf20-0988.mwcnf
37289 78 78 0.17 uf20-040.mwcnf
30555 78 78 0.26 uf20-0959.mwcnf
50731 78 78 0.33 uf20-0217.mwcnf
131905 78 78 0.16 uf20-0680.mwcnf
119292 78 78 0.13 uf20-0460.mwcnf
23755 78 78 0.24 uf20-0774.mwcnf
121790 78 78 0.14 uf20-0720.mwcnf
41545 78 78 0.16 uf20-0328.mwcnf
44272 78 78 0.20 uf20-0228.mwcnf
133074 78 78 0.40 uf20-0579.mwcnf
26914 78 78 0.17 uf20-0771.mwcnf
43711 78 78 0.24 uf20-0424.mwcnf
37587 78 78 0.17 uf20-0113.mwcnf
28830 78 78 0.14 uf20-0803.mwcnf
108216 78 78 0.13 uf20-0639.mwcnf
48432 78 78 0.29 uf20-0305.mwcnf
94140 78 78 0.58 uf20-0553.mwcnf
33166 78 78 0.17 uf20-01000.mwcnf
47790 78 78 0.33 uf20-0292.mwcnf
31983 78 78 0.20 uf20-0954.mwcnf
45619 78 78 0.36 uf20-0211.mwcnf
77918 78 78 0.07 uf20-0574.mwcnf
46997 78 78 0.20 uf20-0126.mwcnf
40948 78 78 0.13 uf20-0161.mwcnf
28528 78 78 0.26 uf20-0323.mwcnf
48440 78 78 0.18 uf20-0256.mwcnf
24181 78 78 0.36 uf20-0804.mwcnf
25205 78 78 0.14 uf20-0793.mwcnf
25186 78 78 0.13 uf20-0769.mwcnf
104688 78 78 0.17 uf20-0707.mwcnf
19574 78 78 0.14 uf20-0897.mwcnf
35535 78 78 0.13 uf20-0182.mwcnf
29248 78 78 0.23 uf20-0306.mwcnf
17315 78 78 0.14 uf20-0231.mwcnf
28206 78 78 0.14 uf20-0918.mwcnf
26588 78 78 0.17 uf20-083.mwcnf
28610 78 78 0.13 uf20-0848.mwcnf
52479 78 78 0.24 uf20-0403.mwcnf
30380 78 78 0.14 uf20-085.mwcnf
45552 78 78 0.23 uf20-0261.mwcnf
98680 78 78 0.21 uf20-0609.mwcnf
125614 78 78 0.21 uf20-0628.mwcnf
136921 78 78 0.14 uf20-0705.mwcnf
24889 78 78 0.14 uf20-0752.mwcnf
21675 78 78 0.43 uf20-0851.mwcnf
39145 78 78 0.14 uf20-0224.mwcnf
49820 78 78 0.36 uf20-030.mwcnf
113880 78 78 0.24 uf20-0697.mwcnf
26659 78 78 0.17 uf20-0863.mwcnf
111643 78 78 0.20 uf20-0631.mwcnf
41384 78 78 0.24 uf20-0173.mwcnf
98155 78 78 0.30 uf20-0463.mwcnf
32075 78 78 0.17 uf20-073.mwcnf
96241 78 78 0.16 uf20-0504.mwcnf
52332 78 78 0.14 uf20-0363.mwcnf
49041 78 78 0.14 uf20-0378.mwcnf
94220 78 78 0.28 uf20-0559.mwcnf
25279 78 78 0.43 uf20-0896.mwcnf
112826 78 78 0.17 uf20-0483.mwcnf
44424 78 78 0.27 uf20-011.mwcnf
105746 78 78 0.20 uf20-0596.mwcnf
27149 78 78 0.13 uf20-0900.mwcnf
30542 78 78 0.17 uf20-0967.mwcnf
118189 78 78 0.30 uf20-0581.mwcnf
33271 78 78 0.34 uf20-0763.mwcnf
112025 78 78 0.13 uf20-0530.mwcnf
27321 78 78 0.14 uf20-0931.mwcnf
22082 78 78 0.10 uf20-0905.mwcnf
81998 78 78 0.17 uf20-0535.mwcnf
123058 78 78 0.14 uf20-0610.mwcnf
42040 78 78 0.21 uf20-0219.mwcnf
114651 78 78 0.13 uf20-0595.mwcnf
107633 78 78 0.26 uf20-0659.mwcnf
44588 78 78 0.36 uf20-0249.mwcnf
44199 78 78 0.20 uf20-0412.mwcnf
40103 78 78 0.13 uf20-016.mwcnf
50324 78 78 0.23 uf20-0298.mwcnf
41039 78 78 0.30 uf20-0289.mwcnf
47249 78 78 0.14 uf20-0263.mwcnf
34810 78 78 0.20 uf20-0405.mwcnf
29335 78 78 0.13 uf20-0814.mwcnf
49087 78 78 0.17 uf20-0410.mwcnf
30100 78 78 0.21 uf20-0183.mwcnf
38133 78 78 0.14 uf20-0387.mwcnf
33365 78 78 0.20 uf20-0275.mwcnf
30742 78 78 0.17 uf20-0794.mwcnf
28230 78 78 0.14 uf20-0997.mwcnf
28543 78 78 0.24 uf20-0791.mwcnf
38866 78 78 0.17 uf20-0309.mwcnf
112777 78 78 0.40 uf20-0627.mwcnf
43759 78 78 0.33 uf20-01.mwcnf
21817 78 78 0.21 uf20-0827.mwcnf
47137 78 78 0.16 uf20-0248.mwcnf
94082 78 78 0.16 uf20-0676.mwcnf
37640 78 78 0.27 uf20-0317.mwcnf
58255 78 78 0.20 uf20-0448.mwcnf
27026 78 78 0.20 uf20-0744.mwcnf
103832 78 78 0.13 uf20-0515.mwcnf
13134 78 78 0.13 uf20-0941.mwcnf
22922 78 78 0.17 uf20-072.mwcnf
53523 78 78 0.14 uf20-0283.mwcnf
48755 78 78 0.20 uf20-0214.mwcnf
31078 78 78 0.17 uf20-0831.mwcnf
113595 78 78 0.13 uf20-0679.mwcnf
99534 78 78 0.27 uf20-058.mwcnf
113993 78 78 0.27 uf20-065.mwcnf
35663 78 78 0.14 uf20-0312.mwcnf
35286 78 78 0.20 uf20-0419.mwcnf
38749 78 78 0.36 uf20-0181.mwcnf
84538 78 78 0.34 uf20-0637.mwcnf
81938 78 78 0.14 uf20-0557.mwcnf
34540 78 78 0.17 uf20-0920.mwcnf
32882 78 78 0.20 uf20-0789.mwcnf
43494 78 78 0.27 uf20-0384.mwcnf
126895 78 78 0.13 uf20-0607.mwcnf
29381 78 78 0.20 uf20-091.mwcnf
40874 78 78 0.10 uf20-0452.mwcnf
36666 78 78 0.14 uf20-0322.mwcnf
116435 78 78 0.17 uf20-0529.mwcnf
108157 78 78 0.16 uf20-0502.mwcnf
93762 78 78 0.17 uf20-0507.mwcnf
24773 78 78 0.14 uf20-0994.mwcnf
22705 78 78 0.13 uf20-0782.mwcnf
34336 78 78 0.03 uf20-0437.mwcnf
90245 78 78 0.16 uf20-0620.mwcnf
49768 78 78 0.24 uf20-0195.mwcnf
95574 78 78 0.39 uf20-0549.mwcnf
84009 78 78 0.17 uf20-0674.mwcnf
29163 78 78 0.20 uf20-015.mwcnf
25466 78 78 0.14 uf20-0823.mwcnf
43466 78 78 0.14 uf20-0427.mwcnf
122996 78 78 0.03 uf20-0489.mwcnf
26158 78 78 0.23 uf20-0860.mwcnf
17984 78 78 0.20 uf20-0832.mwcnf
93229 78 78 0.20 uf20-0634.mwcnf
18301 78 78 0.20 uf20-0986.mwcnf
37231 78 78 0.24 uf20-0873.mwcnf
24314 78 78 0.13 uf20-0809.mwcnf
24640 78 78 0.14 uf20-0970.mwcnf
17878 77 78 0.20 uf20-0982.mwcnf
30141 78 78 0.20 uf20-0995.mwcnf
91972 78 78 0.24 uf20-0672.mwcnf
37819 78 78 0.14 uf20-0185.mwcnf
43761 78 78 0.25 uf20-0327.mwcnf
44424 78 78 0.17 uf20-03.mwcnf
57233 78 78 0.20 uf20-0250.mwcnf
79719 78 78 0.10 uf20-0506.mwcnf
46848 78 78 0.32 uf20-0420.mwcnf
36107 78 78 0.10 uf20-0272.mwcnf
41627 78 78 0.17 uf20-0124.mwcnf
97913 78 78 0.17 uf20-0512.mwcnf
47495 78 78 0.20 uf20-0171.mwcnf
22686 78 78 0.17 uf20-0743.mwcnf
69868 78 78 0.24 uf20-0616.mwcnf
97387 78 78 0.30 uf20-0509.mwcnf
23672 78 78 0.16 uf20-0751.mwcnf
53093 78 78 0.14 uf20-035.mwcnf
24027 78 78 0.20 uf20-0868.mwcnf
44824 78 78 0.13 uf20-0342.mwcnf
49074 78 78 0.30 uf20-0307.mwcnf
39244 78 78 0.20 uf20-0105.mwcnf
34491 78 78 0.20 uf20-0855.mwcnf
26844 78 78 0.23 uf20-0813.mwcnf
23655 78 78 0.17 uf20-0904.mwcnf
119364 78 78 0.46 uf20-0660.mwcnf
57949 78 78 0.07 uf20-0683.mwcnf
20732 78 78 0.17 uf20-0981.mwcnf
41888 78 78 0.10 uf20-0331.mwcnf
30227 78 78 0.10 uf20-0894.mwcnf
37652 78 78 0.20 uf20-0750.mwcnf
111847 78 78 0.20 uf20-0598.mwcnf
31863 78 78 0.17 uf20-0993.mwcnf
19171 78 78 0.10 uf20-0872.mwcnf
22157 78 78 0.20 uf20-0866.mwcnf
37860 78 78 0.17 uf20-0399.mwcnf
21096 78 78 0.17 uf20-0838.mwcnf
116058 78 78 0.14 uf20-0477.mwcnf
32805 78 78 0.20 uf20-0193.mwcnf
54859 78 78 0.20 uf20-0386.mwcnf
42793 78 78 0.10 uf20-0244.mwcnf
120666 78 78 0.21 uf20-0675.mwcnf
25703 78 78 0.29 uf20-07.mwcnf
33547 78 78 0.26 uf20-0757.mwcnf
45621 78 78 0.33 uf20-0455.mwcnf
29267 78 78 0.17 uf20-0755.mwcnf
50586 78 78 0.31 uf20-0302.mwcnf
25793 78 78 0.14 uf20-0858.mwcnf
30428 78 78 0.28 uf20-0957.mwcnf
26852 78 78 0.10 uf20-0802.mwcnf
97382 78 78 0.13 uf20-0649.mwcnf
48960 78 78 0.13 uf20-0274.mwcnf
49952 78 78 0.18 uf20-0417.mwcnf
98495 78 78 0.10 uf20-0521.mwcnf
26104 78 78 0.24 uf20-0725.mwcnf
98181 78 78 0.14 uf20-0689.mwcnf
29542 78 78 0.30 uf20-0932.mwcnf
39258 78 78 0.20 uf20-023.mwcnf
29406 78 78 0.10 uf20-0985.mwcnf
125075 78 78 0.14 uf20-0585.mwcnf
58467 78 78 0.25 uf20-0325.mwcnf
78795 78 78 0.11 uf20-0611.mwcnf
97574 78 78 0.27 uf20-0608.mwcnf
31085 78 78 0.20 uf20-0926.mwcnf
22060 78 78 0.14 uf20-0824.mwcnf
34683 78 78 0.36 uf20-0197.mwcnf
27885 78 78 0.14 uf20-0800.mwcnf
103432 78 78 0.24 uf20-0457.mwcnf
21903 78 78 0.29 uf20-0130.mwcnf
25363 77 78 0.17 uf20-0875.mwcnf
122746 78 78 0.20 uf20-0651.mwcnf
45550 78 78 0.17 uf20-0360.mwcnf
57131 78 78 0.20 uf20-0206.mwcnf
35797 78 78 0.13 uf20-0367.mwcnf
145199 78 78 0.27 uf20-0462.mwcnf
25737 78 78 0.17 uf20-0914.mwcnf
118462 78 78 0.24 uf20-0606.mwcnf
121771 78 78 0.17 uf20-0488.mwcnf
105052 78 78 0.10 uf20-0511.mwcnf
81111 78 78 0.17 uf20-0466.mwcnf
94841 78 78 0.14 uf20-0458.mwcnf
32481 78 78 0.13 uf20-0740.mwcnf
57431 78 78 0.17 uf20-0408.mwcnf
26055 78 78 0.14 uf20-0989.mwcnf
24750 78 78 0.17 uf20-0984.mwcnf
142661 78 78 0.13 uf20-06.mwcnf
20256 78 78 0.14 uf20-0843.mwcnf
32876 78 78 0.17 uf20-044.mwcnf
33693 78 78 0.13 uf20-090.mwcnf
53175 78 78 0.23 uf20-0418.mwcnf
50780 78 78 0.33 uf20-0133.mwcnf
21201 78 78 0.14 uf20-0852.mwcnf
113396 78 78 0.24 uf20-0699.mwcnf
22526 78 78 0.07 uf20-0785.mwcnf
109003 78 78 0.21 uf20-0539.mwcnf
28455 78 78 0.26 uf20-0820.mwcnf
89301 78 78 0.10 uf20-0718.mwcnf
120046 78 78 0.18 uf20-048.mwcnf
30174 78 78 0.29 uf20-0964.mwcnf
32062 78 78 0.10 uf20-0188.mwcnf
27806 78 78 0.29 uf20-0990.mwcnf
97827 78 78 0.10 uf20-0694.mwcnf
74377 78 78 0.14 uf20-062.mwcnf
50243 78 78 0.27 uf20-0311.mwcnf
36909 78 78 0.21 uf20-0396.mwcnf
41858 78 78 0.14 uf20-0380.mwcnf
29460 78 78 0.17 uf20-0870.mwcnf
42640 78 78 0.26 uf20-0357.mwcnf
34457 78 78 0.26 uf20-0423.mwcnf
33464 78 78 0.17 uf20-0746.mwcnf
32822 78 78 0.20 uf20-0375.mwcnf
73203 78 78 0.46 uf20-0459.mwcnf
22113 78 78 0.10 uf20-0825.mwcnf
41383 78 78 0.14 uf20-0446.mwcnf
98397 78 78 0.33 uf20-0484.mwcnf
50051 78 78 0.21 uf20-0333.mwcnf
20221 78 78 0.11 uf20-0834.mwcnf
57342 78 78 0.24 uf20-0395.mwcnf
18821 78 78 0.17 uf20-0917.mwcnf
42314 78 78 0.20 uf20-0344.mwcnf
21527 78 78 0.18 uf20-0842.mwcnf
30739 78 78 0.27 uf20-0955.mwcnf
17520 78 78 0.31 uf20-0822.mwcnf
32549 78 78 0.13 uf20-0139.mwcnf
44661 78 78 0.20 uf20-0385.mwcnf
29044 78 78 0.47 uf20-0819.mwcnf
33600 78 78 0.22 uf20-0867.mwcnf
118603 78 78 0.27 uf20-051.mwcnf
109585 78 78 0.14 uf20-0586.mwcnf
49054 78 78 0.14 uf20-0301.mwcnf
27847 78 78 0.17 uf20-0733.mwcnf
54473 78 78 0.23 uf20-0108.mwcnf
29988 78 78 0.17 uf20-0972.mwcnf
88059 78 78 0.13 uf20-0510.mwcnf
110777 78 78 0.17 uf20-0481.mwcnf
26999 78 78 0.20 uf20-0828.mwcnf
34799 78 78 0.13 uf20-0107.mwcnf
35991 78 78 0.07 uf20-0453.mwcnf
48404 78 78 0.17 uf20-0163.mwcnf
56237 78 78 0.23 uf20-0209.mwcnf
97431 78 78 0.30 uf20-055.mwcnf
39285 78 78 0.20 uf20-0180.mwcnf
116212 78 78 0.20 uf20-057.mwcnf
55724 78 78 0.26 uf20-0401.mwcnf
38287 78 78 0.49 uf20-038.mwcnf
35058 78 78 0.18 uf20-0874.mwcnf
103939 78 78 0.13 uf20-0703.mwcnf
35811 78 78 0.14 uf20-0132.mwcnf
43249 78 78 0.19 uf20-0112.mwcnf
53071 78 78 0.33 uf20-0411.mwcnf
120198 78 78 0.30 uf20-0619.mwcnf
105512 78 78 0.42 uf20-0693.mwcnf
26827 78 78 0.42 uf20-0722.mwcnf
37908 78 78 0.21 uf20-0174.mwcnf
33994 78 78 0.29 uf20-0864.mwcnf
69903 78 78 0.23 uf20-0656.mwcnf
30806 78 78 0.39 uf20-0721.mwcnf
39577 78 78 0.18 uf20-0285.mwcnf
42174 78 78 0.18 uf20-0454.mwcnf
39416 78 78 0.23 uf20-0264.mwcnf
42598 78 78 0.07 uf20-039.mwcnf
121724 78 78 0.17 uf20-0496.mwcnf
26326 78 78 0.20 uf20-0732.mwcnf
28173 78 78 0.24 uf20-0943.mwcnf
55501 78 78 0.21 uf20-0429.mwcnf
49336 78 78 0.20 uf20-0160.mwcnf
21539 78 78 0.17 uf20-0937.mwcnf
36697 78 78 0.17 uf20-092.mwcnf
139478 78 78 0.30 uf20-0499.mwcnf
25325 78 78 0.10 uf20-0129.mwcnf
29148 78 78 0.10 uf20-0156.mwcnf
26229 78 78 0.31 uf20-0951.mwcnf
45808 78 78 0.31 uf20-0391.mwcnf
102695 78 78 0.17 uf20-0538.mwcnf
16772 78 78 0.07 uf20-0878.mwcnf
32193 78 78 0.26 uf20-013.mwcnf
46325 78 78 0.29 uf20-0258.mwcnf
80813 78 78 0.23 uf20-0550.mwcnf
18243 78 78 0.14 uf20-0850.mwcnf
92971 78 78 0.26 uf20-0570.mwcnf
18807 78 78 0.10 uf20-0927.mwcnf
134973 78 78 0.17 uf20-0480.mwcnf
135686 78 78 0.30 uf20-0695.mwcnf
41738 78 78 0.27 uf20-0354.mwcnf
34373 78 78 0.29 uf20-0172.mwcnf
28097 78 78 0.13 uf20-0799.mwcnf
26725 78 78 0.17 uf20-0940.mwcnf
56798 78 78 0.17 uf20-0356.mwcnf
50322 78 78 0.14 uf20-0390.mwcnf
29147 78 78 0.17 uf20-0759.mwcnf
87032 78 78 0.20 uf20-0658.mwcnf
25441 78 78 0.10 uf20-0745.mwcnf
32430 78 78 0.17 uf20-0739.mwcnf
56979 78 78 0.31 uf20-0339.mwcnf
38813 78 78 0.33 uf20-0237.mwcnf
110996 78 78 0.14 uf20-0493.mwcnf
28541 78 78 0.20 uf20-0176.mwcnf
23737 78 78 0.14 uf20-076.mwcnf
76221 78 78 0.33 uf20-0622.mwcnf
97286 78 78 0.21 uf20-05.mwcnf
88445 78 78 0.14 uf20-0632.mwcnf
42978 78 78 0.15 uf20-022.mwcnf
26327 78 78 0.24 uf20-0963.mwcnf
28347 78 78 0.23 uf20-0772.mwcnf
89946 78 78 0.23 uf20-071.mwcnf
124607 78 78 0.26 uf20-0662.mwcnf
93551 78 78 0.17 uf20-0712.mwcnf
28071 78 78 0.23 uf20-0330.mwcnf
28779 78 78 0.14 uf20-0747.mwcnf
30466 78 78 0.20 uf20-0765.mwcnf
27813 78 78 0.24 uf20-0979.mwcnf
23101 78 78 0.10 uf20-0737.mwcnf
25201 78 78 0.14 uf20-0945.mwcnf
130794 78 78 0.10 uf20-0561.mwcnf
112187 78 78 0.20 uf20-0478.mwcnf
107856 78 78 0.14 uf20-0714.mwcnf
29319 78 78 0.17 uf20-0790.mwcnf
23124 78 78 0.14 uf20-0895.mwcnf
34314 78 78 0.56 uf20-0402.mwcnf
27990 78 78 0.27 uf20-0767.mwcnf
29286 78 78 0.23 uf20-0742.mwcnf
26669 78 78 0.13 uf20-0869.mwcnf
30600 78 78 0.36 uf20-0770.mwcnf
128258 78 78 0.23 uf20-0533.mwcnf
131216 78 78 0.17 uf20-0618.mwcnf
103062 78 78 0.24 uf20-0544.mwcnf
47914 78 78 0.13 uf20-0361.mwcnf
31686 78 78 0.17 uf20-0805.mwcnf
104346 78 78 0.17 uf20-0687.mwcnf
31319 78 78 0.18 uf20-0998.mwcnf
48908 78 78 0.22 uf20-0434.mwcnf
25301 78 78 0.15 uf20-0781.mwcnf
44507 78 78 0.13 uf20-0242.mwcnf
32983 78 78 0.10 uf20-0444.mwcnf
78625 78 78 0.11 uf20-0513.mwcnf
46029 78 78 0.17 uf20-0352.mwcnf
117564 78 78 0.21 uf20-0681.mwcnf
94215 78 78 0.10 uf20-0701.mwcnf
44090 78 78 0.21 uf20-021.mwcnf
22270 78 78 0.17 uf20-0898.mwcnf
34407 78 78 0.17 uf20-0844.mwcnf
40603 78 78 0.17 uf20-014.mwcnf
29359 78 78 0.20 uf20-0164.mwcnf
45535 78 78 0.26 uf20-0400.mwcnf
45683 78 78 0.24 uf20-0441.mwcnf
101821 78 78 0.33 uf20-0474.mwcnf
125786 78 78 0.17 uf20-0604.mwcnf
57985 78 78 0.10 uf20-0587.mwcnf
137480 78 78 0.42 uf20-0589.mwcnf
33632 78 78 0.29 uf20-0987.mwcnf
48834 78 78 0.14 uf20-0257.mwcnf
22827 78 78 0.17 uf20-0880.mwcnf
97762 78 78 0.20 uf20-0684.mwcnf
104245 78 78 0.13 uf20-0540.mwcnf
98420 78 78 0.07 uf20-0565.mwcnf
45376 78 78 0.14 uf20-037.mwcnf
33385 78 78 0.23 uf20-024.mwcnf
52591 78 78 0.17 uf20-0235.mwcnf
91912 78 78 0.10 uf20-054.mwcnf
99121 78 78 0.23 uf20-0546.mwcnf
97153 78 78 0.14 uf20-0475.mwcnf
38959 78 78 0.33 uf20-0397.mwcnf
27615 78 78 0.17 uf20-0944.mwcnf
97123 78 78 0.14 uf20-0667.mwcnf
38361 78 78 0.18 uf20-029.mwcnf
119407 78 78 0.39 uf20-0520.mwcnf
62897 78 78 0.10 uf20-0673.mwcnf
29550 78 78 0.13 uf20-0921.mwcnf
119544 78 78 0.21 uf20-0661.mwcnf
81702 78 78 0.35 uf20-0654.mwcnf
49825 78 78 0.29 uf20-0215.mwcnf
25515 78 78 0.17 uf20-0853.mwcnf
52773 78 78 0.17 uf20-0314.mwcnf
94355 78 78 0.21 uf20-0580.mwcnf
33952 78 78 0.07 uf20-0147.mwcnf
20517 78 78 0.10 uf20-099.mwcnf
36124 78 78 0.30 uf20-043.mwcnf
29945 78 78 0.28 uf20-0922.mwcnf
44879 78 78 0.21 uf20-0388.mwcnf
79823 78 78 0.20 uf20-0569.mwcnf
80538 78 78 0.33 uf20-0711.mwcnf
19830 78 78 0.13 uf20-0992.mwcnf
53689 78 78 0.49 uf20-0229.mwcnf
24518 78 78 0.17 uf20-0753.mwcnf
39799 78 78 0.20 uf20-0290.mwcnf
23229 78 78 0.30 uf20-0776.mwcnf
114180 78 78 0.20 uf20-0643.mwcnf
42581 78 78 0.33 uf20-042.mwcnf
36726 78 78 0.15 uf20-0167.mwcnf
103306 78 78 0.14 uf20-0555.mwcnf
32617 78 78 0.17 uf20-0220.mwcnf
74725 78 78 0.13 uf20-0486.mwcnf
24717 78 78 0.10 uf20-0808.mwcnf
20393 78 78 0.33 uf20-0861.mwcnf
24624 78 78 0.14 uf20-0109.mwcnf
27256 78 78 0.34 uf20-0779.mwcnf
23381 78 78 0.14 uf20-0942.mwcnf
30475 78 78 0.17 uf20-0835.mwcnf
19154 78 78 0.18 uf20-0877.mwcnf
18721 78 78 0.13 uf20-0856.mwcnf
47734 78 78 0.10 uf20-0449.mwcnf
33527 78 78 0.11 uf20-0349.mwcnf
45603 78 78 0.14 uf20-0324.mwcnf
93649 78 78 0.14 uf20-0666.mwcnf
24189 78 78 0.13 uf20-0947.mwcnf
28020 78 78 0.20 uf20-0786.mwcnf
46234 78 78 0.10 uf20-0123.mwcnf
26616 78 78 0.14 uf20-0144.mwcnf
30972 78 78 0.42 uf20-09.mwcnf
23893 78 78 0.13 uf20-0915.mwcnf
47168 78 78 0.20 uf20-0239.mwcnf
33438 78 78 0.13 uf20-0373.mwcnf
35219 78 78 0.13 uf20-0450.mwcnf
26523 78 78 0.17 uf20-0871.mwcnf
76548 78 78 0.10 uf20-0590.mwcnf
25885 78 78 0.10 uf20-0726.mwcnf
41918 78 78 0.20 uf20-0162.mwcnf
107674 78 78 0.13 uf20-0597.mwcnf
41606 78 78 0.17 uf20-0287.mwcnf
92944 78 78 0.33 uf20-0653.mwcnf
35760 78 78 0.18 uf20-0409.mwcnf
89071 78 78 0.07 uf20-0464.mwcnf
53639 78 78 0.17 uf20-0221.mwcnf
58917 78 78 0.23 uf20-0199.mwcnf
26564 78 78 0.23 uf20-094.mwcnf
41863 78 78 0.14 uf20-0155.mwcnf
126595 78 78 0.20 uf20-0494.mwcnf
43323 78 78 0.17 uf20-0335.mwcnf
81571 78 78 0.26 uf20-0624.mwcnf
85597 78 78 0.30 uf20-0612.mwcnf
30319 78 78 0.24 uf20-0723.mwcnf
21940 78 78 0.14 uf20-0953.mwcnf
25594 78 78 0.14 uf20-0983.mwcnf
27393 78 78 0.13 uf20-0731.mwcnf
125200 78 78 0.23 uf20-0578.mwcnf
21693 78 78 0.26 uf20-0729.mwcnf
130888 78 78 0.14 uf20-0629.mwcnf
48263 78 78 0.27 uf20-0431.mwcnf
32610 78 78 0.24 uf20-0127.mwcnf
107821 78 78 0.11 uf20-0469.mwcnf
89801 78 78 0.30 uf20-0532.mwcnf
33314 78 78 0.36 uf20-0440.mwcnf
32706 78 78 0.27 uf20-0798.mwcnf
38213 78 78 0.14 uf20-0394.mwcnf
113685 78 78 0.20 uf20-0473.mwcnf
35668 78 78 0.17 uf20-0313.mwcnf
22998 78 78 0.14 uf20-0933.mwcnf
22724 78 78 0.20 uf20-0760.mwcnf
38436 78 78 0.43 uf20-0365.mwcnf
31921 78 78 0.17 uf20-0916.mwcnf
48279 78 78 0.17 uf20-0371.mwcnf
86191 78 78 0.14 uf20-0467.mwcnf
28195 78 78 0.17 uf20-0960.mwcnf
18380 78 78 0.20 uf20-0792.mwcnf
42977 78 78 0.23 uf20-0252.mwcnf
31726 78 78 0.46 uf20-0788.mwcnf
127663 78 78 0.18 uf20-0487.mwcnf
105544 78 78 0.24 uf20-04.mwcnf
115887 78 78 0.20 uf20-0690.mwcnf
107675 78 78 0.21 uf20-046.mwcnf
36688 78 78 0.10 uf20-0225.mwcnf
103360 78 78 0.20 uf20-0638.mwcnf
49741 78 78 0.31 uf20-0393.mwcnf
42870 78 78 0.13 uf20-0190.mwcnf
108479 78 78 0.30 uf20-070.mwcnf
21428 78 78 0.49 uf20-0741.mwcnf
30664 78 78 0.17 uf20-0934.mwcnf
41995 78 78 0.20 uf20-020.mwcnf
97027 78 78 0.07 uf20-0657.mwcnf
104359 78 78 0.30 uf20-0495.mwcnf
21449 78 78 0.20 uf20-0748.mwcnf
51115 78 78 0.43 uf20-0345.mwcnf
88856 78 78 0.10 uf20-0592.mwcnf
36447 78 78 0.17 uf20-0168.mwcnf
48129 78 78 0.13 uf20-0208.mwcnf
32211 78 78 0.20 uf20-0886.mwcnf
32327 78 78 0.13 uf20-0150.mwcnf
23868 78 78 0.14 uf20-075.mwcnf
29022 78 78 0.17 uf20-0996.mwcnf
87749 78 78 0.21 uf20-0468.mwcnf
26374 78 78 0.24 uf20-087.mwcnf
22276 78 78 0.27 uf20-0756.mwcnf
113450 78 78 0.11 uf20-0501.mwcnf
99518 78 78 0.42 uf20-050.mwcnf
31152 78 78 0.30 uf20-0192.mwcnf
98593 78 78 0.17 uf20-0646.mwcnf
110688 78 78 0.34 uf20-0665.mwcnf
131457 78 78 0.17 uf20-0709.mwcnf
23555 78 78 0.23 uf20-0862.mwcnf
40954 78 78 0.17 uf20-0749.mwcnf
109609 78 78 0.17 uf20-0465.mwcnf
124844 78 78 0.13 uf20-0602.mwcnf
112057 78 78 0.10 uf20-069.mwcnf
28975 78 78 0.37 uf20-0187.mwcnf
60050 78 78 0.17 uf20-0222.mwcnf
30334 78 78 0.10 uf20-0935.mwcnf
24248 78 78 0.17 uf20-0893.mwcnf
36556 78 78 0.21 uf20-0134.mwcnf
95914 78 78 0.21 uf20-0671.mwcnf
25024 78 78 0.39 uf20-0906.mwcnf
52473 78 78 0.40 uf20-0351.mwcnf
21460 78 78 0.13 uf20-0865.mwcnf
44380 78 78 0.23 uf20-0425.mwcnf
71046 77 78 0.27 uf20-0625.mwcnf
101486 78 78 0.13 uf20-0505.mwcnf
24847 78 78 0.10 uf20-0738.mwcnf
36990 78 78 0.13 uf20-0343.mwcnf
45199 78 78 0.33 uf20-0121.mwcnf
41197 78 78 0.62 uf20-0234.mwcnf
54625 78 78 0.20 uf20-0318.mwcnf
57318 78 78 0.13 uf20-0265.mwcnf
83158 78 78 0.22 uf20-0562.mwcnf
134061 78 78 0.13 uf20-060.mwcnf
121779 78 78 0.20 uf20-0633.mwcnf
30910 78 78 0.11 uf20-0138.mwcnf
48620 78 78 0.17 uf20-032.mwcnf
23619 78 78 0.10 uf20-0968.mwcnf
108020 78 78 0.24 uf20-0476.mwcnf
53670 78 78 0.27 uf20-034.mwcnf
45563 78 78 0.26 uf20-0426.mwcnf
40469 78 78 0.10 uf20-0159.mwcnf
40368 78 78 0.17 uf20-0170.mwcnf
57852 78 78 0.14 uf20-0355.mwcnf
38926 78 78 0.30 uf20-0326.mwcnf
32780 78 78 0.26 uf20-0374.mwcnf
28024 78 78 0.07 uf20-0885.mwcnf
28728 78 78 0.10 uf20-0783.mwcnf
49037 78 78 0.18 uf20-0253.mwcnf
129756 78 78 0.14 uf20-0702.mwcnf
29058 78 78 0.17 uf20-0806.mwcnf
42474 78 78 0.14 uf20-0435.mwcnf
102099 78 78 0.20 uf20-0647.mwcnf
34874 78 78 0.20 uf20-0204.mwcnf
76794 78 78 0.32 uf20-0655.mwcnf
19371 78 78 0.14 uf20-0817.mwcnf
45856 78 78 0.18 uf20-0300.mwcnf
28370 78 78 0.49 uf20-0840.mwcnf
40263 78 78 0.19 uf20-0177.mwcnf
41221 78 78 0.14 uf20-0277.mwcnf
25927 78 78 0.10 uf20-0336.mwcnf
43415 78 78 0.33 uf20-0111.mwcnf
142394 78 78 0.20 uf20-0554.mwcnf
44282 78 78 0.27 uf20-0438.mwcnf
108302 78 78 0.14 uf20-0588.mwcnf
40640 78 78 0.20 uf20-0304.mwcnf
123440 78 78 0.23 uf20-066.mwcnf
33249 78 78 0.20 uf20-0948.mwcnf
35092 78 78 0.21 uf20-0101.mwcnf
17837 78 78 0.27 uf20-0907.mwcnf
27485 78 78 0.10 uf20-0157.mwcnf
100924 78 78 0.30 uf20-0485.mwcnf
47777 78 78 0.28 uf20-0259.mwcnf
102034 78 78 0.40 uf20-0640.mwcnf
44049 78 78 0.37 uf20-0337.mwcnf
26843 78 78 0.17 uf20-0815.mwcnf
26757 78 78 0.13 uf20-0762.mwcnf
45353 78 78 0.20 uf20-010.mwcnf
108340 78 78 0.31 uf20-0523.mwcnf
35715 78 78 0.20 uf20-0158.mwcnf
36928 78 78 0.22 uf20-0978.mwcnf
132830 78 78 0.26 uf20-0692.mwcnf
44426 78 78 0.21 uf20-0364.mwcnf
30277 78 78 0.20 uf20-0818.mwcnf
100877 78 78 0.24 uf20-0548.mwcnf
52374 78 78 0.20 uf20-0270.mwcnf
112933 78 78 0.27 uf20-0572.mwcnf
124348 78 78 0.31 uf20-0556.mwcnf
28376 78 78 0.17 uf20-0421.mwcnf
28104 78 78 0.37 uf20-0876.mwcnf
31951 78 78 0.30 uf20-0153.mwcnf
25285 78 78 0.24 uf20-0845.mwcnf
119307 78 78 0.20 uf20-0514.mwcnf
41671 78 78 0.45 uf20-0296.mwcnf
121966 78 78 0.23 uf20-0700.mwcnf
114195 78 78 0.13 uf20-0623.mwcnf
105656 78 78 0.61 uf20-0648.mwcnf
92907 78 78 0.33 uf20-0650.mwcnf
120101 78 78 0.26 uf20-0563.mwcnf
47924 78 78 0.24 uf20-0212.mwcnf
26507 78 78 0.20 uf20-08.mwcnf
57534 78 78 0.27 uf20-0319.mwcnf
40105 78 78 0.20 uf20-0404.mwcnf
112858 78 78 0.10 uf20-0524.mwcnf
23736 78 78 0.17 uf20-086.mwcnf
110885 78 78 0.20 uf20-0621.mwcnf
34722 78 78 0.33 uf20-0882.mwcnf
43807 78 78 0.37 uf20-0106.mwcnf
32826 78 78 0.27 uf20-0278.mwcnf
31877 78 78 0.10 uf20-074.mwcnf
44686 78 78 0.14 uf20-0165.mwcnf
111722 78 78 0.21 uf20-056.mwcnf
97845 78 78 0.20 uf20-0541.mwcnf
32936 78 78 0.10 uf20-0136.mwcnf
46565 78 78 0.20 uf20-0308.mwcnf
24385 78 78 0.27 uf20-0837.mwcnf
29084 78 78 0.24 uf20-0991.mwcnf
22759 78 78 0.14 uf20-0912.mwcnf
42394 78 78 0.17 uf20-0143.mwcnf
97834 78 78 0.29 uf20-0528.mwcnf
45740 78 78 0.23 uf20-0376.mwcnf
90876 78 78 0.19 uf20-0564.mwcnf
29638 78 78 0.13 uf20-0919.mwcnf
25684 78 78 0.21 uf20-0976.mwcnf
37707 78 78 0.25 uf20-018.mwcnf
43734 78 78 0.14 uf20-0246.mwcnf
27295 78 78 0.20 uf20-0913.mwcnf
101488 78 78 0.07 uf20-0615.mwcnf
40956 78 78 0.35 uf20-0243.mwcnf
34760 78 78 0.17 uf20-0189.mwcnf
29090 78 78 0.36 uf20-0973.mwcnf
28596 78 78 0.16 uf20-0245.mwcnf
26769 78 78 0.27 uf20-0924.mwcnf
44521 78 78 0.13 uf20-0451.mwcnf
37941 78 78 0.16 uf20-0389.mwcnf
43725 78 78 0.30 uf20-0445.mwcnf
33571 78 78 0.16 uf20-0110.mwcnf
32193 78 78 0.14 uf20-0115.mwcnf
30653 78 78 0.30 uf20-0415.mwcnf
29267 78 78 0.10 uf20-0836.mwcnf
46062 78 78 0.14 uf20-0310.mwcnf
40165 78 78 0.33 uf20-0201.mwcnf
23075 78 78 0.14 uf20-0833.mwcnf
114624 78 78 0.18 uf20-0537.mwcnf
29184 78 78 0.20 uf20-0811.mwcnf
46005 78 78 0.23 uf20-0114.mwcnf
22096 78 78 0.17 uf20-0200.mwcnf
108454 78 78 0.17 uf20-0719.mwcnf
30947 78 78 0.14 uf20-0178.mwcnf
94201 78 78 0.23 uf20-0670.mwcnf
26348 78 78 0.19 uf20-0946.mwcnf
86765 78 78 0.17 uf20-0503.mwcnf
124638 78 78 0.27 uf20-0534.mwcnf
26917 78 78 0.17 uf20-082.mwcnf
35837 78 78 0.27 uf20-0145.mwcnf
24628 78 78 0.20 uf20-0847.mwcnf
28113 78 78 0.17 uf20-080.mwcnf
38513 78 78 0.27 uf20-0128.mwcnf
105116 78 78 0.20 uf20-0603.mwcnf
116335 78 78 0.24 uf20-0498.mwcnf
33237 78 78 0.10 uf20-0299.mwcnf
56989 78 78 0.27 uf20-0348.mwcnf
35557 78 78 0.20 uf20-0734.mwcnf
49453 78 78 0.49 uf20-027.mwcnf
41903 78 78 0.17 uf20-0191.mwcnf
92632 78 78 0.13 uf20-0678.mwcnf
21211 78 78 0.10 uf20-093.mwcnf
23193 78 78 0.17 uf20-0795.mwcnf
33425 78 78 0.16 uf20-0205.mwcnf
31282 78 78 0.14 uf20-0442.mwcnf
24782 78 78 0.10 uf20-0816.mwcnf
119139 78 78 0.22 uf20-0516.mwcnf
33476 78 78 0.13 uf20-0169.mwcnf
31598 78 78 0.30 uf20-0166.mwcnf
108937 78 78 0.13 uf20-0519.mwcnf
41427 78 78 0.17 uf20-0241.mwcnf
22126 78 78 0.14 uf20-0969.mwcnf
28913 78 78 0.23 uf20-0999.mwcnf
92177 78 78 0.23 uf20-0710.mwcnf
23587 78 78 0.10 uf20-0137.mwcnf
31195 78 78 0.20 uf20-0149.mwcnf
36209 78 78 0.17 uf20-0230.mwcnf
32731 78 78 0.17 uf20-0899.mwcnf
97977 78 78 0.24 uf20-0636.mwcnf
38939 78 78 0.17 uf20-0295.mwcnf
31440 78 78 0.17 uf20-0966.mwcnf
48732 78 78 0.23 uf20-0179.mwcnf
21068 78 78 0.27 uf20-0810.mwcnf
118398 78 78 0.10 uf20-0492.mwcnf
41963 78 78 0.20 uf20-026.mwcnf
23863 78 78 0.24 uf20-078.mwcnf
27683 78 78 0.17 uf20-0884.mwcnf
19701 78 78 0.30 uf20-089.mwcnf
107458 78 78 0.27 uf20-0470.mwcnf
50874 78 78 0.17 uf20-0320.mwcnf
24856 78 78 0.10 uf20-0736.mwcnf
41847 78 78 0.20 uf20-0122.mwcnf
40267 78 78 0.39 uf20-0260.mwcnf
41074 78 78 0.14 uf20-0194.mwcnf
49624 78 78 0.30 uf20-0358.mwcnf
49462 78 78 0.10 uf20-0439.mwcnf
31241 78 78 0.17 uf20-0334.mwcnf
131744 78 78 0.20 uf20-0527.mwcnf
30763 78 78 0.17 uf20-0901.mwcnf
55494 78 78 0.20 uf20-0416.mwcnf
43733 78 78 0.27 uf20-0284.mwcnf
97061 78 78 0.34 uf20-0626.mwcnf
24798 78 78 0.23 uf20-0841.mwcnf
87737 78 78 0.13 uf20-0575.mwcnf
43583 78 78 0.13 uf20-0119.mwcnf
25808 78 78 0.13 uf20-0773.mwcnf
93009 78 78 0.11 uf20-0682.mwcnf
61527 78 78 0.30 uf20-0413.mwcnf
92649 78 78 0.13 uf20-0461.mwcnf
106065 78 78 0.14 uf20-0518.mwcnf
35097 78 78 0.17 uf20-0282.mwcnf
21442 78 78 0.11 uf20-0956.mwcnf
73175 78 78 0.22 uf20-0508.mwcnf
36297 78 78 0.14 uf20-0338.mwcnf
104596 78 78 0.13 uf20-0583.mwcnf
101785 78 78 0.10 uf20-0669.mwcnf
50518 78 78 0.19 uf20-0381.mwcnf
114530 78 78 0.37 uf20-061.mwcnf
43257 78 78 0.27 uf20-0236.mwcnf
53702 78 78 0.17 uf20-041.mwcnf
51506 78 78 0.27 uf20-0238.mwcnf
29141 78 78 0.13 uf20-095.mwcnf
24620 78 78 0.27 uf20-0936.mwcnf
44706 78 78 0.28 uf20-0369.mwcnf
83794 78 78 0.10 uf20-0698.mwcnf
95949 78 78 0.14 uf20-0601.mwcnf
38179 78 78 0.26 uf20-0118.mwcnf
80454 78 78 0.33 uf20-0577.mwcnf
42755 78 78 0.33 uf20-0262.mwcnf
51079 78 78 0.20 uf20-0456.mwcnf
39506 78 78 0.24 uf20-0303.mwcnf
33910 78 78 0.24 uf20-0141.mwcnf
41428 78 78 0.18 uf20-0372.mwcnf
127440 78 78 0.17 uf20-052.mwcnf
26274 78 78 0.21 uf20-0928.mwcnf
31759 78 78 0.13 uf20-031.mwcnf
104444 78 78 0.13 uf20-0685.mwcnf
95581 78 78 0.23 uf20-0482.mwcnf
21515 78 78 0.13 uf20-0939.mwcnf
30847 78 78 0.20 uf20-0430.mwcnf
58122 78 78 0.24 uf20-0377.mwcnf
31119 78 78 0.07 uf20-0761.mwcnf
46539 78 78 0.17 uf20-0131.mwcnf
100247 78 78 0.24 uf20-064.mwcnf
105096 78 78 0.27 uf20-0531.mwcnf
30856 78 78 0.17 uf20-0801.mwcnf
22197 78 78 0.17 uf20-079.mwcnf
126624 78 78 0.14 uf20-059.mwcnf
38673 78 78 0.17 uf20-0288.mwcnf
30654 78 78 0.17 uf20-081.mwcnf
94573 78 78 0.39 uf20-0471.mwcnf
45294 78 78 0.24 uf20-0366.mwcnf
28583 78 78 0.20 uf20-098.mwcnf
21057 78 78 0.23 uf20-0728.mwcnf
23946 78 78 0.10 uf20-0152.mwcnf
51011 78 78 0.20 uf20-0407.mwcnf
45900 78 78 0.31 uf20-0432.mwcnf
25482 78 78 0.36 uf20-0730.mwcnf
21457 78 78 0.20 uf20-0854.mwcnf
32123 78 78 0.17 uf20-0849.mwcnf
69870 78 78 0.11 uf20-0558.mwcnf
50325 78 78 0.16 uf20-0436.mwcnf
84557 78 78 0.30 uf20-0642.mwcnf
93185 78 78 0.17 uf20-0617.mwcnf
31969 78 78 0.29 uf20-0975.mwcnf
22813 78 78 0.17 uf20-097.mwcnf
42552 78 78 0.14 uf20-0321.mwcnf
110890 78 78 0.23 uf20-0706.mwcnf
32571 78 78 0.07 uf20-028.mwcnf
23412 78 78 0.17 uf20-0891.mwcnf
36797 78 78 0.10 uf20-0202.mwcnf
26622 78 78 0.10 uf20-0839.mwcnf
43835 78 78 0.17 uf20-0273.mwcnf
26674 78 78 0.20 uf20-0829.mwcnf
37599 78 78 0.15 uf20-0447.mwcnf
58717 78 78 0.13 uf20-0353.mwcnf
29097 78 78 0.13 uf20-0977.mwcnf
23038 78 78 0.43 uf20-0830.mwcnf
122637 78 78 0.24 uf20-0688.mwcnf
44831 78 78 0.30 uf20-0207.mwcnf
29546 78 78 0.10 uf20-02.mwcnf
22633 78 78 0.17 uf20-0958.mwcnf
118472 78 78 0.21 uf20-0522.mwcnf
92972 78 78 0.13 uf20-0613.mwcnf
45781 78 78 0.27 uf20-0233.mwcnf
109742 78 78 0.27 uf20-0708.mwcnf
127378 78 78 0.23 uf20-0664.mwcnf
52872 78 78 0.46 uf20-0315.mwcnf
42865 78 78 0.14 uf20-0392.mwcnf
26770 78 78 0.26 uf20-0350.mwcnf
97025 78 78 0.14 uf20-0526.mwcnf
49115 78 78 0.26 uf20-0379.mwcnf
41073 78 78 0.17 uf20-0240.mwcnf
118143 78 78 0.20 uf20-0645.mwcnf
82297 78 78 0.24 uf20-0599.mwcnf
134308 78 78 0.17 uf20-0547.mwcnf
36459 78 78 0.13 uf20-0362.mwcnf
92253 78 78 0.16 uf20-0686.mwcnf
33876 78 78 0.10 uf20-0443.mwcnf
39704 78 78 0.24 uf20-0286.mwcnf
72006 78 78 0.10 uf20-0717.mwcnf
50871 78 78 0.34 uf20-0293.mwcnf
54072 78 78 0.20 uf20-0247.mwcnf
23859 78 78 0.49 uf20-0929.mwcnf
23599 78 78 0.23 uf20-0784.mwcnf
94218 78 78 0.20 uf20-0605.mwcnf
31063 78 78 0.58 uf20-012.mwcnf
98790 78 78 0.11 uf20-0677.mwcnf
42068 78 78 0.24 uf20-0148.mwcnf
32332 78 78 0.17 uf20-0100.mwcnf
33180 78 78 0.13 uf20-0764.mwcnf
52284 78 78 0.17 uf20-0398.mwcnf
23613 78 78 0.16 uf20-0930.mwcnf
35791 78 78 0.07 uf20-0116.mwcnf
26626 78 78 0.18 uf20-0903.mwcnf
103690 78 78 0.20 uf20-0568.mwcnf
106615 78 78 0.14 uf20-047.mwcnf
115943 78 78 0.10 uf20-0691.mwcnf
63538 78 78 0.37 uf20-0291.mwcnf
41124 78 78 0.30 uf20-0406.mwcnf
46899 78 78 0.20 uf20-0154.mwcnf
93261 78 78 0.13 uf20-0715.mwcnf
26830 78 78 0.33 uf20-0102.mwcnf
119717 78 78 0.11 uf20-0582.mwcnf
31014 78 78 0.20 uf20-0370.mwcnf
43783 78 78 0.26 uf20-0196.mwcnf
46954 78 78 0.17 uf20-0266.mwcnf
118632 78 78 0.31 uf20-0713.mwcnf
51688 78 78 0.20 uf20-0368.mwcnf
130842 78 78 0.17 uf20-0472.mwcnf
129006 78 78 0.21 uf20-0668.mwcnf
117764 78 78 0.33 uf20-0644.mwcnf
35716 78 78 0.17 uf20-0146.mwcnf
20381 78 78 0.17 uf20-0980.mwcnf
101121 78 78 0.24 uf20-0525.mwcnf
93772 78 78 0.10 uf20-0614.mwcnf
34150 78 78 0.24 uf20-0428.mwcnf
25103 78 78 0.20 uf20-0949.mwcnf
47811 78 78 0.13 uf20-0280.mwcnf
23588 78 78 0.25 uf20-0962.mwcnf
123890 78 78 0.24 uf20-0517.mwcnf
27437 78 78 0.20 uf20-0889.mwcnf
35449 78 78 0.20 uf20-0104.mwcnf
23973 78 78 0.30 uf20-0778.mwcnf
46674 78 78 0.20 uf20-025.mwcnf
38324 78 78 0.20 uf20-019.mwcnf
122834 78 78 0.07 uf20-0491.mwcnf
36961 78 78 0.20 uf20-0346.mwcnf
132633 78 78 0.21 uf20-0635.mwcnf
33250 78 78 0.43 uf20-0758.mwcnf
37043 78 78 0.23 uf20-0117.mwcnf
38149 78 78 0.29 uf20-0213.mwcnf
126497 78 78 0.23 uf20-0543.mwcnf
83714 78 78 0.13 uf20-0497.mwcnf
105380 78 78 0.24 uf20-0652.mwcnf
37475 78 78 0.14 uf20-0142.mwcnf
27441 78 78 0.23 uf20-0812.mwcnf
119866 78 78 0.17 uf20-0594.mwcnf
37743 78 78 0.33 uf20-0175.mwcnf
84462 78 78 0.10 uf20-0704.mwcnf
31753 78 78 0.33 uf20-0859.mwcnf
38591 78 78 0.16 uf20-0433.mwcnf
88871 78 78 0.15 uf20-0696.mwcnf
44991 78 78 0.18 uf20-0267.mwcnf
24396 78 78 0.26 uf20-0965.mwcnf
37309 78 78 0.17 uf20-0184.mwcnf
105938 78 78 0.84 uf20-0573.mwcnf
21126 78 78 0.14 uf20-0821.mwcnf
26373 78 78 0.43 uf20-0911.mwcnf
23154 78 78 0.28 uf20-0735.mwcnf
123432 78 78 0.28 uf20-0545.mwcnf
27160 78 78 0.18 uf20-0797.mwcnf
26587 78 78 0.19 uf20-0766.mwcnf
25932 78 78 0.18 uf20-0952.mwcnf
34015 78 78 0.30 uf20-0382.mwcnf
48533 78 78 0.19 uf20-0281.mwcnf
26307 78 78 0.32 uf20-0910.mwcnf
13142 78 78 0.08 uf20-0961.mwcnf
32559 78 78 0.22 uf20-0754.mwcnf
29545 78 78 0.40 uf20-096.mwcnf
40126 78 78 0.21 uf20-0271.mwcnf
143419 78 78 0.24 uf20-053.mwcnf
99383 78 78 0.10 uf20-049.mwcnf
55729 78 78 0.20 uf20-0414.mwcnf
30794 78 78 0.17 uf20-084.mwcnf
50322 77 78 0.13 uf20-0223.mwcnf
96673 78 78 0.10 uf20-0479.mwcnf
44315 78 78 0.17 uf20-0255.mwcnf
108841 78 78 0.17 uf20-0630.mwcnf
27326 78 78 0.20 uf20-0777.mwcnf
39820 78 78 0.20 uf20-0103.mwcnf
35633 78 78 0.17 uf20-0316.mwcnf
107811 78 78 0.14 uf20-0716.mwcnf
36347 78 78 0.17 uf20-0383.mwcnf
50971 78 78 0.29 uf20-0140.mwcnf
107341 78 78 0.14 uf20-068.mwcnf
54781 78 78 0.10 uf20-0268.mwcnf
100937 78 78 0.20 uf20-0551.mwcnf
38280 78 78 0.13 uf20-0269.mwcnf
58426 78 78 0.20 uf20-0422.mwcnf
32081 78 78 0.18 uf20-0135.mwcnf
44563 78 78 0.30 uf20-0151.mwcnf
52489 78 78 0.14 uf20-0347.mwcnf
101422 78 78 0.13 uf20-0593.mwcnf
27764 78 78 0.33 uf20-0902.mwcnf
48541 78 78 0.34 uf20-036.mwcnf
45963 78 78 0.21 uf20-017.mwcnf
111667 78 78 0.43 uf20-0571.mwcnf
20502 78 78 0.21 uf20-0787.mwcnf
95429 78 78 0.17 uf20-045.mwcnf
52249 78 78 0.14 uf20-0294.mwcnf