1.239776611328125e-05
8.821487426757812e-06
7.867813110351562e-06
7.867813110351562e-06
7.62939453125e-06
7.867813110351562e-06
7.3909759521484375e-06
7.3909759521484375e-06
7.62939453125e-06
7.3909759521484375e-06
7.3909759521484375e-06
7.152557373046875e-06
7.152557373046875e-06
7.3909759521484375e-06
7.152557373046875e-06
7.152557373046875e-06
7.152557373046875e-06
7.3909759521484375e-06
7.62939453125e-06
7.3909759521484375e-06
7.152557373046875e-06
7.152557373046875e-06
7.3909759521484375e-06
7.152557373046875e-06
7.3909759521484375e-06
7.152557373046875e-06
7.3909759521484375e-06
7.3909759521484375e-06
7.3909759521484375e-06
7.3909759521484375e-06
7.3909759521484375e-06
7.3909759521484375e-06
7.3909759521484375e-06
7.3909759521484375e-06
7.152557373046875e-06
7.3909759521484375e-06
7.152557373046875e-06
7.3909759521484375e-06
7.62939453125e-06
7.62939453125e-06
7.62939453125e-06
7.152557373046875e-06
7.3909759521484375e-06
7.152557373046875e-06
7.152557373046875e-06
7.152557373046875e-06
7.152557373046875e-06
7.152557373046875e-06
7.152557373046875e-06
7.152557373046875e-06
7.152557373046875e-06
7.152557373046875e-06
7.3909759521484375e-06
7.62939453125e-06
7.152557373046875e-06
7.152557373046875e-06
2.6226043701171875e-05
7.62939453125e-06
7.867813110351562e-06
7.867813110351562e-06
2.002716064453125e-05
7.152557373046875e-06
7.152557373046875e-06
7.152557373046875e-06
7.152557373046875e-06
7.62939453125e-06
7.152557373046875e-06
7.152557373046875e-06
7.152557373046875e-06
2.5272369384765625e-05
7.62939453125e-06
7.152557373046875e-06
7.152557373046875e-06
7.3909759521484375e-06
7.152557373046875e-06
7.3909759521484375e-06
7.152557373046875e-06
7.62939453125e-06
7.3909759521484375e-06
7.152557373046875e-06
7.3909759521484375e-06
7.152557373046875e-06
7.3909759521484375e-06
7.152557373046875e-06
7.3909759521484375e-06
7.152557373046875e-06
7.152557373046875e-06
6.9141387939453125e-06
7.152557373046875e-06
7.152557373046875e-06
7.152557373046875e-06
7.152557373046875e-06
7.152557373046875e-06
7.3909759521484375e-06
7.152557373046875e-06
7.3909759521484375e-06
7.152557373046875e-06
7.3909759521484375e-06
7.152557373046875e-06
7.152557373046875e-06