2.193450927734375e-05
1.9073486328125e-05
1.7642974853515625e-05
1.7404556274414062e-05
1.71661376953125e-05
1.7404556274414062e-05
1.6927719116210938e-05
1.7404556274414062e-05
1.6927719116210938e-05
1.7404556274414062e-05
1.71661376953125e-05
1.6689300537109375e-05
1.71661376953125e-05
1.6927719116210938e-05
1.6689300537109375e-05
1.6927719116210938e-05
1.7642974853515625e-05
1.6927719116210938e-05
1.6927719116210938e-05
1.6927719116210938e-05
1.6927719116210938e-05
1.71661376953125e-05
1.71661376953125e-05
1.6927719116210938e-05
1.6927719116210938e-05
1.6927719116210938e-05
1.71661376953125e-05
1.6927719116210938e-05
1.6927719116210938e-05
1.6927719116210938e-05
1.6689300537109375e-05
1.6927719116210938e-05
1.6450881958007812e-05
1.6689300537109375e-05
1.6450881958007812e-05
1.6689300537109375e-05
1.6450881958007812e-05
1.6927719116210938e-05
1.6927719116210938e-05
1.6689300537109375e-05
1.71661376953125e-05
1.6689300537109375e-05
1.6927719116210938e-05
1.6450881958007812e-05
1.6689300537109375e-05
1.6927719116210938e-05
1.6927719116210938e-05
1.6689300537109375e-05
1.71661376953125e-05
1.6927719116210938e-05
1.6927719116210938e-05
1.71661376953125e-05
1.6689300537109375e-05
1.71661376953125e-05
1.6927719116210938e-05
1.6689300537109375e-05
1.71661376953125e-05
1.6927719116210938e-05
1.6927719116210938e-05
1.6927719116210938e-05
1.6927719116210938e-05
1.6927719116210938e-05
1.6927719116210938e-05
1.6927719116210938e-05
1.6450881958007812e-05
1.6927719116210938e-05
1.6927719116210938e-05
1.6927719116210938e-05
1.6689300537109375e-05
1.6927719116210938e-05
1.6689300537109375e-05
1.6927719116210938e-05
1.6927719116210938e-05
1.6927719116210938e-05
1.6927719116210938e-05
1.6927719116210938e-05
1.6689300537109375e-05
1.6689300537109375e-05
1.6927719116210938e-05
1.71661376953125e-05
1.71661376953125e-05
1.6689300537109375e-05
1.6927719116210938e-05
1.6689300537109375e-05
1.6689300537109375e-05
1.6927719116210938e-05
1.6927719116210938e-05
1.6689300537109375e-05
1.71661376953125e-05
1.6927719116210938e-05
1.6927719116210938e-05
3.528594970703125e-05
3.6716461181640625e-05
5.030632019042969e-05
3.647804260253906e-05
3.4809112548828125e-05
1.8835067749023438e-05
1.8835067749023438e-05
1.8835067749023438e-05
5.316734313964844e-05