2.3603439331054688e-05
2.002716064453125e-05
1.9550323486328125e-05
1.8835067749023438e-05
1.9073486328125e-05
1.811981201171875e-05
1.8358230590820312e-05
1.8358230590820312e-05
1.8835067749023438e-05
1.8596649169921875e-05
1.8835067749023438e-05
1.8358230590820312e-05
1.811981201171875e-05
1.811981201171875e-05
1.8596649169921875e-05
1.811981201171875e-05
1.8358230590820312e-05
1.811981201171875e-05
1.811981201171875e-05
1.811981201171875e-05
1.811981201171875e-05
1.8358230590820312e-05
1.8358230590820312e-05
1.8358230590820312e-05
1.8835067749023438e-05
1.8358230590820312e-05
1.811981201171875e-05
1.811981201171875e-05
1.8358230590820312e-05
1.811981201171875e-05
1.811981201171875e-05
1.811981201171875e-05
1.811981201171875e-05
1.8358230590820312e-05
1.7881393432617188e-05
1.8358230590820312e-05
1.811981201171875e-05
1.811981201171875e-05
1.8358230590820312e-05
1.8358230590820312e-05
1.8596649169921875e-05
1.811981201171875e-05
1.8358230590820312e-05
1.8596649169921875e-05
1.8596649169921875e-05
1.8358230590820312e-05
1.811981201171875e-05
1.811981201171875e-05
1.8596649169921875e-05
1.8358230590820312e-05
1.7881393432617188e-05
1.8358230590820312e-05
1.8358230590820312e-05
1.8358230590820312e-05
1.8596649169921875e-05
1.8596649169921875e-05
1.8835067749023438e-05
1.8358230590820312e-05
1.811981201171875e-05
1.811981201171875e-05
1.811981201171875e-05
1.811981201171875e-05
1.8596649169921875e-05
1.811981201171875e-05
1.8596649169921875e-05
1.8358230590820312e-05
1.811981201171875e-05
1.8835067749023438e-05
1.8358230590820312e-05
1.8358230590820312e-05
1.8358230590820312e-05
1.8358230590820312e-05
1.8358230590820312e-05
1.8596649169921875e-05
1.8358230590820312e-05
1.811981201171875e-05
1.811981201171875e-05
1.8358230590820312e-05
1.8596649169921875e-05
1.8358230590820312e-05
1.8358230590820312e-05
1.8358230590820312e-05
1.8596649169921875e-05
1.8358230590820312e-05
1.8358230590820312e-05
1.8358230590820312e-05
1.8596649169921875e-05
1.811981201171875e-05
1.8358230590820312e-05
1.8358230590820312e-05
1.811981201171875e-05
1.8358230590820312e-05
1.8835067749023438e-05
1.8358230590820312e-05
1.8358230590820312e-05
6.270408630371094e-05
2.0265579223632812e-05
3.147125244140625e-05
1.8596649169921875e-05
1.811981201171875e-05