3.552436828613281e-05
3.552436828613281e-05
2.4318695068359375e-05
2.384185791015625e-05
2.384185791015625e-05
2.3603439331054688e-05
2.3365020751953125e-05
2.3126602172851562e-05
2.3603439331054688e-05
2.3126602172851562e-05
2.3603439331054688e-05
2.3365020751953125e-05
2.3365020751953125e-05
2.3603439331054688e-05
2.384185791015625e-05
2.3126602172851562e-05
2.3126602172851562e-05
2.3603439331054688e-05
2.384185791015625e-05
2.288818359375e-05
2.3126602172851562e-05
2.3365020751953125e-05
2.3365020751953125e-05
2.384185791015625e-05
2.288818359375e-05
3.910064697265625e-05
2.3603439331054688e-05
2.2649765014648438e-05
2.3365020751953125e-05
2.3126602172851562e-05
2.3603439331054688e-05
2.3365020751953125e-05
2.384185791015625e-05
2.3126602172851562e-05
2.3603439331054688e-05
2.3603439331054688e-05
2.3603439331054688e-05
2.3603439331054688e-05
2.3126602172851562e-05
6.29425048828125e-05
4.100799560546875e-05
4.482269287109375e-05
2.7894973754882812e-05
2.765655517578125e-05
5.984306335449219e-05
2.574920654296875e-05
6.365776062011719e-05
6.580352783203125e-05
4.267692565917969e-05
4.124641418457031e-05
2.3365020751953125e-05
4.0531158447265625e-05
2.4080276489257812e-05
2.3126602172851562e-05
2.3365020751953125e-05
2.2649765014648438e-05
2.3126602172851562e-05
2.3365020751953125e-05
2.2649765014648438e-05
2.288818359375e-05
2.3365020751953125e-05
2.288818359375e-05
2.3126602172851562e-05
2.3126602172851562e-05
2.288818359375e-05
2.288818359375e-05
2.3365020751953125e-05
2.288818359375e-05
2.3126602172851562e-05
2.2649765014648438e-05
2.3365020751953125e-05
2.3126602172851562e-05
2.3126602172851562e-05
2.3126602172851562e-05
2.288818359375e-05
3.170967102050781e-05
5.602836608886719e-05
2.3126602172851562e-05
2.3126602172851562e-05
2.3126602172851562e-05
2.3126602172851562e-05
2.3126602172851562e-05
2.3603439331054688e-05
2.288818359375e-05
2.288818359375e-05
2.3126602172851562e-05
2.3126602172851562e-05
2.3126602172851562e-05
2.3365020751953125e-05
2.3365020751953125e-05
2.288818359375e-05
2.3126602172851562e-05
2.288818359375e-05
2.3365020751953125e-05
2.288818359375e-05
2.288818359375e-05
2.3365020751953125e-05
2.288818359375e-05
2.3126602172851562e-05
2.2649765014648438e-05