1 25 5904
2 25 6239
3 25 6747
4 25 6896
5 25 6491
6 25 6657
7 25 7326
8 25 4811
9 25 4771
10 25 4563
11 25 5226
12 25 6645
13 25 4834
14 25 5732
15 25 6120
16 25 6479
17 25 6333
18 25 6112
19 25 5089
20 25 5773
21 25 6397
22 25 5607
23 25 5463
24 25 7132
25 25 5332
26 25 5778
27 25 5728
28 25 5675
29 25 5786
30 25 6084
31 25 5365
32 25 5787
33 25 6506
34 25 6788
35 25 5406
36 25 5088
37 25 5326
38 25 6852
39 25 5367
40 25 6118
41 25 5589
42 25 5825
43 25 5829
44 25 5948
45 25 5333
46 25 6048
47 25 6182
48 25 7094
49 25 5807
50 25 5044
51 25 6079
52 25 6166
53 25 5489
54 25 6135
55 25 5598
56 25 6717
57 25 5893
58 25 7018
59 25 5379
60 25 6026
61 25 5081
62 25 6046
63 25 6300
64 25 5659
65 25 6195
66 25 5112
67 25 6316
68 25 4161
69 25 6855
70 25 5875
71 25 6730
72 25 5638
73 25 5779
74 25 6168
75 25 5568
76 25 5508
77 25 5719
78 25 5651
79 25 7028
80 25 5751
81 25 6535
82 25 5963
83 25 5155
84 25 6105
85 25 6206
86 25 6291
87 25 6067
88 25 6709
89 25 6010
90 25 6251
91 25 7025
92 25 5938
93 25 5297
94 25 7465
95 25 5390
96 25 5745
97 25 5813
98 25 5083
99 25 4927
100 25 5938