1 20 5890 72 86 417 130 293 301 283 45 366 243 305 201 272 400 468 167 426 85 415 177 371 439 265 99 338 149 427 472 478 294 431 417 476 296 481 304 372 391 407 224
2 20 5618 390 434 310 453 384 165 286 341 333 161 491 398 322 131 467 157 366 420 242 388 387 443 277 130 206 314 398 33 385 32 338 445 460 318 162 330 329 172 490 321
3 20 6051 293 349 413 188 467 495 353 259 438 212 472 455 351 92 177 34 404 280 267 224 316 148 265 491 395 62 393 245 411 234 423 495 356 407 474 249 401 360 495 287
4 20 5936 440 470 250 330 497 159 49 473 409 29 488 196 300 138 500 3 394 449 491 1 301 387 279 316 487 441 224 442 478 500 481 77 210 220 297 105 384 408 461 317
5 20 6296 400 449 395 204 348 449 362 75 399 376 399 433 466 458 356 207 420 20 410 344 434 430 390 452 394 99 149 395 478 282 490 377 376 369 484 307 432 431 288 67
6 20 5808 467 429 436 231 447 101 226 310 265 384 121 362 284 489 466 38 297 65 375 142 435 425 410 369 457 115 218 333 425 124 487 210 474 449 306 62 166 337 498 119
7 20 6519 437 495 300 326 458 441 484 483 179 388 484 327 485 59 496 184 472 368 435 245 382 205 384 265 490 388 312 316 466 371 263 248 488 247 298 50 374 397 462 377
8 20 5902 467 84 483 185 420 165 486 419 321 42 410 455 489 182 185 432 381 224 195 399 109 471 229 268 378 197 429 383 492 229 417 424 337 210 248 252 426 339 476 27
9 20 5452 242 473 327 458 448 420 483 178 289 111 368 432 267 457 352 173 461 252 287 270 348 353 495 466 394 488 322 368 402 278 484 211 94 350 308 496 428 57 16 79
10 20 6025 500 3 390 26 201 318 460 392 269 122 324 456 378 23 488 48 257 490 312 90 499 158 440 279 448 26 453 272 258 98 475 158 440 198 213 129 495 362 232 398
11 20 6020 338 94 266 319 322 293 400 378 485 459 458 180 234 104 487 188 474 185 228 224 472 110 352 67 327 245 247 375 466 284 303 152 498 82 208 5 479 78 482 245
12 20 6231 186 469 375 116 211 423 481 21 480 316 457 273 476 19 390 200 353 184 434 21 247 79 440 346 470 210 459 271 420 92 331 244 369 99 442 138 363 274 405 204
13 20 6328 443 76 319 249 356 312 491 403 208 279 476 101 273 214 388 185 433 25 412 191 363 237 372 225 371 175 454 471 331 101 420 193 470 12 400 71 499 385 432 215
14 20 5948 304 426 382 425 136 327 412 326 408 224 399 123 357 389 413 163 332 33 452 374 413 134 433 31 482 3 452 256 371 23 319 448 289 26 308 289 279 422 495 380
15 20 5668 435 447 390 41 313 225 90 258 458 151 357 359 275 272 432 373 440 30 400 445 269 480 337 16 496 324 304 420 313 336 245 168 422 207 321 39 367 171 422 221
16 20 6239 334 293 289 2 445 421 408 384 431 62 408 101 285 355 439 137 373 353 398 1 429 259 378 472 348 29 445 19 338 44 473 70 476 432 345 25 398 75 359 169
17 20 6237 309 53 424 101 372 87 477 170 498 414 459 224 406 422 189 78 397 285 427 428 460 140 357 324 250 42 444 376 448 51 498 149 261 125 422 328 302 382 397 35
18 20 6077 244 218 482 107 409 235 444 300 319 325 359 453 319 161 268 152 139 45 491 390 488 345 385 356 327 133 473 116 474 495 404 223 499 120 333 21 479 91 261 440
19 20 5373 490 431 212 111 188 223 303 281 138 446 386 134 347 453 325 276 368 73 451 341 299 272 390 236 169 180 379 416 251 167 424 419 309 338 451 180 365 409 472 321
20 20 6395 464 216 442 189 296 339 401 487 459 82 315 374 429 69 379 472 495 71 176 418 308 235 497 450 392 117 486 148 480 90 242 312 408 310 437 221 438 425 450 381
21 20 6495 374 23 478 94 134 128 446 333 410 345 467 53 432 292 401 372 481 352 371 486 477 212 453 319 227 385 472 324 428 226 471 336 382 407 481 93 483 321 251 3
22 20 6336 243 489 429 118 395 105 468 67 471 452 202 388 394 67 412 308 400 269 244 20 310 349 474 350 498 314 404 289 380 445 465 405 419 40 442 390 477 12 393 368
23 20 5482 466 470 332 51 348 380 113 74 221 324 363 200 201 130 390 230 350 58 480 40 231 395 201 70 476 42 324 260 362 159 456 230 365 171 322 139 374 164 478 139
24 20 5268 320 198 401 372 347 2 308 475 184 335 305 490 487 21 420 453 496 143 318 71 365 89 396 500 132 154 137 329 478 4 247 120 493 206 184 119 175 63 392 470
25 20 6308 433 289 297 383 482 154 374 405 390 109 275 103 252 325 345 275 389 377 498 488 347 458 383 192 429 97 477 160 419 5 383 40 380 311 390 451 451 487 492 465
26 20 6426 299 420 337 460 456 73 340 233 404 483 399 357 437 408 484 479 318 228 338 429 447 43 491 38 469 351 299 329 431 249 437 53 472 146 409 89 382 289 384 339
27 20 5873 128 84 369 419 450 100 211 267 185 360 426 128 312 101 403 69 218 243 457 56 415 253 480 120 474 146 450 331 451 165 348 400 267 299 421 283 442 481 435 424
28 20 6812 485 221 285 111 471 273 464 350 487 137 436 436 465 2 470 162 481 118 455 137 285 458 490 12 423 110 477 5 441 471 450 400 467 164 152 132 457 161 374 471
29 20 6570 400 223 318 90 418 236 419 115 499 206 386 379 499 173 409 247 294 447 452 342 441 239 460 383 398 137 386 139 445 356 149 171 423 431 487 127 453 411 477 413
30 20 6012 404 493 448 330 366 211 475 95 146 456 426 307 474 134 347 500 228 462 224 322 490 363 418 469 243 278 265 437 380 413 483 153 442 366 480 38 328 185 448 98
31 20 6388 249 292 407 41 459 307 278 306 394 343 422 222 384 452 435 226 420 246 386 65 452 33 428 279 311 283 325 379 400 181 444 489 476 26 372 55 474 144 470 127
32 20 6062 483 183 318 285 444 56 410 467 268 45 418 498 377 345 425 262 460 149 290 416 308 189 498 230 280 212 451 302 311 217 401 223 444 433 105 213 473 5 414 35
33 20 6330 451 429 419 19 291 105 466 232 500 419 403 61 463 193 338 349 273 169 352 132 492 231 239 200 341 198 139 89 460 234 461 26 472 67 494 328 396 489 463 7
34 20 6377 364 41 166 86 479 341 444 394 391 416 365 134 423 423 357 474 333 457 491 126 374 162 421 261 485 164 228 202 439 314 408 217 489 73 487 266 443 266 385 157
35 20 5256 382 173 410 23 309 274 196 232 292 458 345 322 157 400 316 399 325 253 200 396 421 401 290 140 446 148 479 59 381 483 247 333 473 129 245 14 258 351 399 56
36 20 5971 458 30 475 339 489 309 217 436 433 20 428 197 335 405 427 101 366 34 310 276 333 162 189 80 462 361 324 97 245 356 429 417 354 204 264 258 481 32 445 327
37 20 6367 462 416 456 301 479 460 479 353 416 67 497 162 162 480 433 421 380 378 228 241 451 298 457 219 346 327 202 201 498 334 477 24 492 323 240 124 432 65 372 52
38 20 6217 493 148 294 56 316 143 499 301 446 210 446 231 482 405 468 383 460 483 423 391 446 133 379 430 245 371 239 225 244 9 331 494 259 199 471 306 479 60 352 152
39 20 6300 475 453 497 29 348 5 195 167 346 298 418 484 484 182 448 270 453 58 288 426 354 469 271 37 275 132 473 101 485 315 418 488 410 15 359 137 382 196 496 266
40 20 6133 468 255 289 466 330 283 447 266 345 479 448 313 382 198 359 387 387 136 322 398 483 15 295 103 437 55 496 61 206 310 442 297 310 168 261 80 485 166 475 190
41 20 6054 353 459 244 185 341 490 263 462 282 411 498 264 429 294 314 18 235 57 500 497 375 267 434 72 465 460 485 406 400 69 401 246 366 392 262 490 480 208 441 228
42 20 6357 360 93 343 225 446 382 388 218 484 22 448 82 418 294 497 387 404 119 318 389 282 210 424 118 274 67 491 233 369 315 435 352 479 398 336 201 271 366 480 488
43 20 6144 487 47 344 82 422 483 414 386 422 250 385 304 471 404 243 402 464 495 265 367 278 155 461 299 444 313 464 81 310 313 473 487 418 230 286 163 350 81 279 15
44 20 5830 329 493 237 354 490 368 448 190 270 409 323 392 343 87 463 96 464 307 377 86 466 143 382 60 491 32 297 370 393 228 396 71 342 14 195 330 388 124 194 101
45 20 6298 436 310 335 47 420 367 475 193 446 102 378 249 320 229 447 19 383 212 475 328 437 267 456 112 376 208 467 446 325 40 485 423 290 81 440 8 148 348 334 135
46 20 5616 245 289 337 216 91 344 286 316 382 414 481 93 495 417 404 317 481 129 331 88 401 17 401 140 60 223 273 500 458 301 355 221 333 435 465 174 497 172 245 321
47 20 6481 448 80 416 7 480 25 427 16 470 89 471 246 488 244 431 288 490 370 476 187 113 87 299 448 410 483 449 442 374 332 263 497 471 498 261 433 472 325 393 450
48 20 5624 381 339 411 77 484 254 378 489 351 71 450 303 207 15 484 382 437 49 481 294 390 466 422 70 68 138 287 215 135 498 384 326 215 115 306 317 360 289 400 233
49 20 5476 395 178 401 96 138 39 395 3 76 238 133 329 490 68 345 254 139 207 264 426 335 378 440 48 463 320 225 60 439 22 365 151 492 493 335 306 478 6 497 358
50 20 6134 488 415 460 433 410 255 436 194 358 495 480 233 335 82 315 31 268 229 84 138 403 292 500 76 316 49 344 387 412 459 451 180 485 205 284 222 445 399 394 35
51 20 6265 436 259 386 450 267 449 425 380 255 88 468 258 491 460 483 116 373 274 402 445 212 49 395 379 467 395 398 35 395 109 457 57 453 285 304 489 428 280 337 349
52 20 6709 500 170 466 8 280 93 283 71 465 269 373 54 473 60 422 419 453 165 387 391 462 321 425 354 492 115 417 108 480 495 311 9 446 6 443 171 330 34 479 56
53 20 6190 347 389 499 178 300 258 434 377 383 431 470 489 495 399 426 3 89 146 187 346 374 274 443 416 473 264 495 420 381 296 450 342 442 123 308 437 408 11 334 21
54 20 5664 236 70 376 127 499 474 206 162 350 186 447 304 269 367 387 312 389 461 149 259 407 177 431 231 380 368 220 326 488 106 488 305 332 289 375 129 403 493 249 37
55 20 5987 231 58 341 151 391 138 197 206 477 32 387 246 452 411 346 452 264 70 382 489 410 378 429 139 467 415 389 427 351 187 299 384 409 230 407 263 401 428 454 357
56 20 6470 318 206 460 412 459 38 437 150 423 170 337 247 234 409 467 291 417 353 500 311 324 72 387 66 322 198 462 38 466 105 399 335 496 298 278 269 418 389 484 20
57 20 5765 289 247 365 423 364 61 151 37 333 394 381 123 407 225 348 110 413 355 264 386 479 69 459 31 352 203 422 431 322 480 376 99 189 363 466 314 480 139 347 449
58 20 5871 231 170 460 186 301 54 491 217 494 229 270 451 452 362 211 309 444 38 229 24 388 222 344 499 429 321 235 142 483 182 494 468 442 412 408 59 129 244 404 306
59 20 6282 343 313 390 279 466 444 401 192 283 153 347 238 324 366 464 209 407 17 381 213 417 310 404 200 336 115 411 271 471 211 389 309 403 474 400 316 358 354 458 250
60 20 5633 471 494 178 214 481 462 471 153 413 498 492 427 193 477 405 127 227 179 468 411 414 129 328 332 277 131 233 369 410 169 429 118 479 475 50 419 222 485 401 200
61 20 6103 253 484 179 119 383 395 410 484 272 294 374 72 483 92 278 136 452 58 466 340 305 498 416 164 328 417 432 427 409 458 365 374 400 138 467 25 472 341 485 220
62 20 5623 320 13 489 107 351 42 415 134 277 465 339 15 346 306 250 86 293 207 269 86 327 476 413 338 227 8 436 3 395 21 430 30 281 25 229 461 493 497 449 32
63 20 5948 297 489 492 33 342 122 232 209 429 166 171 217 446 346 486 155 490 122 491 332 495 464 313 265 369 452 309 402 259 173 419 197 258 187 455 108 202 81 480 384
64 20 6124 455 159 369 314 479 372 498 94 450 420 156 425 290 90 374 416 437 392 454 103 428 126 308 206 283 374 277 145 346 406 415 132 374 230 405 337 455 140 403 256
65 20 5893 356 296 409 261 434 259 365 73 410 166 396 302 479 370 362 189 476 385 321 132 342 339 259 330 491 28 459 226 495 211 323 396 80 201 497 408 289 500 124 174
66 20 6082 456 387 364 312 321 493 452 26 337 144 216 383 478 187 321 199 466 386 498 251 471 337 416 341 415 178 287 37 273 306 492 14 174 342 309 134 428 329 429 455
67 20 5881 359 246 390 14 498 108 377 76 482 262 435 69 309 402 343 303 251 250 281 77 246 57 246 4 274 499 420 60 451 130 359 130 450 438 316 285 494 310 371 366
68 20 6154 371 414 473 185 397 122 377 440 313 381 333 357 455 198 456 281 270 322 468 86 486 457 462 352 375 22 345 499 488 264 188 155 496 49 443 368 381 305 116 197
69 20 5976 478 424 481 395 383 369 313 282 409 253 64 383 428 188 483 66 209 100 338 78 430 217 407 23 434 311 487 211 486 62 417 44 391 256 382 458 41 265 409 80
70 20 6178 470 219 361 465 308 495 232 137 320 453 275 412 469 257 401 22 386 338 497 96 377 153 417 234 294 151 413 408 420 470 469 246 447 32 254 402 420 393 493 213
71 20 5410 388 75 446 314 321 374 497 338 304 232 449 108 308 369 382 431 162 124 373 72 332 338 360 134 390 432 195 36 287 14 349 77 366 498 328 1 305 10 221 335
72 20 6466 307 368 456 498 404 254 391 235 486 288 305 85 436 144 327 266 495 187 364 369 480 491 442 346 468 207 426 282 259 487 411 164 241 255 405 475 492 237 488 37
73 20 5812 98 218 408 386 477 424 270 197 315 319 305 364 441 498 497 14 99 253 406 415 463 223 467 475 488 311 371 215 471 291 480 474 414 400 489 167 140 206 167 228
74 20 6689 426 434 474 91 471 22 476 289 438 173 238 238 370 412 491 121 402 295 489 121 434 41 440 79 356 488 486 411 349 21 334 409 426 287 348 35 461 20 453 334
75 20 6076 290 155 255 446 388 434 358 237 435 432 323 297 421 405 484 10 409 386 238 451 302 2 417 386 366 171 493 271 363 165 387 393 450 407 488 155 423 214 306 157
76 20 5580 439 183 463 189 485 52 406 284 138 243 494 1 302 493 460 204 433 227 399 49 253 43 292 42 188 19 448 14 94 226 414 414 256 338 450 230 217 372 344 115
77 20 5960 270 272 494 392 337 196 338 392 308 297 442 281 381 145 380 81 310 251 327 263 329 324 445 314 392 73 339 460 422 15 266 427 325 11 486 483 378 368 482 123
78 20 6259 235 490 489 367 196 247 434 54 449 294 387 286 353 469 188 497 464 131 374 430 417 43 490 204 415 30 414 289 435 263 333 421 449 486 447 132 492 119 363 331
79 20 6192 444 84 467 333 481 110 307 250 499 320 499 282 455 231 307 286 241 401 382 335 446 409 461 117 351 25 273 310 353 163 362 36 317 155 434 357 382 438 279 403
80 20 6317 371 486 468 285 271 420 446 94 345 396 466 409 493 286 265 133 342 176 401 493 476 298 401 196 414 398 466 292 473 137 148 384 491 387 321 216 433 114 406 19
81 20 5940 384 3 396 398 360 327 208 254 328 273 428 13 493 433 412 125 495 78 263 296 380 159 335 417 165 243 498 353 367 490 350 240 354 129 383 368 455 248 372 206
82 20 6549 462 346 355 447 418 325 481 301 479 422 254 324 381 81 466 114 417 228 445 119 440 57 206 106 460 324 297 270 471 225 443 287 403 395 497 483 386 478 426 227
83 20 6376 476 93 350 150 399 91 489 58 453 36 467 272 409 53 486 100 325 162 441 399 479 266 486 125 481 83 460 395 174 11 407 118 265 172 365 414 385 215 173 212
84 20 6058 178 170 398 282 286 4 484 495 381 242 463 368 451 172 489 129 499 57 475 257 431 7 411 414 489 478 358 396 302 335 80 346 327 454 294 331 461 10 316 105
85 20 5566 398 42 466 260 406 290 463 206 343 235 225 499 431 485 392 423 262 88 288 119 435 183 413 403 473 370 477 63 204 230 335 228 285 78 84 361 291 252 287 143
86 20 5376 114 22 479 211 462 364 145 73 387 40 456 296 449 144 472 156 306 141 204 30 468 12 346 400 243 191 252 212 358 330 370 274 420 458 417 296 272 268 101 239
87 20 6088 316 112 496 250 223 407 278 276 338 202 249 482 448 71 470 99 483 2 446 359 494 406 298 192 423 203 387 367 387 493 471 425 425 38 305 259 213 364 460 468
88 20 5653 359 32 164 393 413 457 395 420 383 295 451 383 464 54 300 99 421 205 482 108 476 321 140 357 336 72 367 19 431 245 155 183 439 19 308 379 500 491 83 487
89 20 5480 394 136 191 98 316 197 471 190 499 266 254 363 215 310 299 479 497 112 310 308 206 34 390 306 360 351 219 248 398 307 446 278 307 434 387 487 465 40 227 41
90 20 6018 472 290 397 283 361 418 429 461 348 334 421 465 390 34 216 366 428 164 382 236 154 413 430 338 486 327 372 215 152 467 494 257 469 479 497 149 177 196 448 229
91 20 6291 424 498 286 158 397 236 383 344 349 47 479 306 248 427 418 61 473 126 393 196 459 139 499 457 368 111 241 211 421 196 421 459 422 498 399 234 491 253 293 198
92 20 6531 395 322 283 123 402 262 489 427 338 476 366 343 480 244 361 232 479 41 492 146 300 233 490 154 468 42 371 367 303 300 448 29 444 264 367 37 468 335 420 239
93 20 6015 481 473 294 222 360 105 269 297 377 351 353 165 491 305 480 345 435 41 333 350 353 45 333 363 240 115 370 200 362 353 417 359 337 106 370 198 455 461 409 275
94 20 6244 361 121 445 455 407 84 473 121 476 353 255 496 419 325 478 180 368 218 231 287 478 293 463 388 337 279 400 226 350 225 447 224 359 66 164 223 485 11 409 311
95 20 6199 268 112 403 353 400 130 239 104 388 442 471 50 436 225 262 213 457 64 469 310 237 487 400 457 452 318 470 330 325 175 386 147 460 105 313 128 443 348 470 202
96 20 6604 478 103 489 175 425 181 408 83 436 195 454 341 370 164 460 341 378 146 292 412 427 25 387 396 467 205 363 230 466 120 498 120 423 497 455 471 330 398 249 149
97 20 6041 392 139 383 252 286 42 398 285 500 21 498 132 465 64 218 388 485 86 309 403 497 306 423 40 369 409 466 222 155 255 264 55 349 271 446 5 443 487 206 197
98 20 5468 376 415 317 175 293 408 356 187 142 77 480 331 369 293 313 200 222 92 268 51 471 439 240 228 414 227 393 284 106 260 486 170 493 334 455 411 356 112 286 52
99 20 6106 438 426 431 237 494 368 488 28 479 157 285 278 351 498 465 153 459 267 400 32 204 410 179 118 276 149 430 270 374 285 447 238 306 441 356 500 330 490 441 315
100 20 5936 217 247 313 85 153 238 383 46 488 353 314 61 344 15 204 377 268 315 433 436 480 240 434 266 473 460 359 480 423 57 500 89 200 100 486 490 462 495 487 424
