0.035210371017456055
0.044126033782958984
0.04119467735290527
0.03446698188781738
0.039113521575927734
0.04351806640625
0.03390955924987793
0.03877663612365723
0.029793977737426758
0.03277444839477539
0.05261540412902832
0.04670238494873047
0.03222393989562988
0.03806567192077637
0.04138541221618652
0.04388308525085449
0.04897952079772949
0.031865835189819336
0.03827166557312012
0.04554128646850586
0.038178205490112305
0.04358410835266113
0.04237508773803711
0.03839445114135742
0.03662896156311035
0.0446171760559082
0.03694772720336914
0.0342409610748291
0.04354739189147949
0.03992438316345215
0.0480196475982666
0.04049229621887207
0.04090738296508789
0.04552769660949707
0.04730367660522461
0.034955501556396484
0.03759646415710449
0.046288490295410156
0.04446578025817871
0.0349884033203125
0.043519020080566406
0.04204273223876953
0.03536248207092285
0.04394102096557617
0.04138779640197754
0.03914618492126465
0.04010605812072754
0.048368215560913086
0.035508155822753906
0.04599618911743164
0.03302955627441406
0.036774635314941406
0.03598809242248535
0.05279994010925293
0.03963518142700195
0.03608083724975586
0.03542733192443848
0.045314788818359375
0.03253579139709473
0.03014373779296875
0.047976016998291016
0.0600736141204834
0.03193807601928711
0.0356297492980957
0.037758827209472656
0.04733395576477051
0.0371699333190918
0.047698259353637695
0.044478654861450195
0.04308485984802246
0.046034812927246094
0.035013675689697266
0.04510998725891113
0.04691457748413086
0.04683423042297363
0.03439688682556152
0.04259228706359863
0.04018878936767578
0.04218769073486328
0.05081629753112793
0.044657230377197266
0.0414128303527832
0.03641223907470703
0.03709292411804199
0.0407867431640625
0.035112619400024414
0.03206610679626465
0.04165244102478027
0.04287290573120117
0.04351544380187988
0.03745555877685547
0.03514504432678223
0.04546666145324707
0.03879356384277344
0.03452157974243164
0.033502817153930664
0.041272640228271484
0.04590344429016113
0.043900489807128906
0.046019554138183594