1.1444091796875e-05
6.9141387939453125e-06
5.9604644775390625e-06
5.4836273193359375e-06
5.4836273193359375e-06
5.0067901611328125e-06
5.0067901611328125e-06
5.4836273193359375e-06
5.4836273193359375e-06
5.245208740234375e-06
5.0067901611328125e-06
5.245208740234375e-06
4.76837158203125e-06
5.0067901611328125e-06
4.76837158203125e-06
5.0067901611328125e-06
5.245208740234375e-06
4.5299530029296875e-06
5.0067901611328125e-06
5.245208740234375e-06
5.0067901611328125e-06
5.245208740234375e-06
5.0067901611328125e-06
5.0067901611328125e-06
5.0067901611328125e-06
5.4836273193359375e-06
4.76837158203125e-06
5.0067901611328125e-06
5.0067901611328125e-06
4.76837158203125e-06
5.245208740234375e-06
5.245208740234375e-06
5.0067901611328125e-06
4.76837158203125e-06
4.76837158203125e-06
5.245208740234375e-06
5.0067901611328125e-06
5.0067901611328125e-06
5.4836273193359375e-06
5.245208740234375e-06
5.245208740234375e-06
5.0067901611328125e-06
5.0067901611328125e-06
5.0067901611328125e-06
4.76837158203125e-06
5.245208740234375e-06
5.245208740234375e-06
5.0067901611328125e-06
5.4836273193359375e-06
4.76837158203125e-06
4.76837158203125e-06
5.0067901611328125e-06
5.0067901611328125e-06
5.245208740234375e-06
5.245208740234375e-06
4.76837158203125e-06
4.76837158203125e-06
5.0067901611328125e-06
5.0067901611328125e-06
5.245208740234375e-06
5.245208740234375e-06
4.76837158203125e-06
4.76837158203125e-06
5.0067901611328125e-06
4.76837158203125e-06
5.0067901611328125e-06
5.245208740234375e-06
4.76837158203125e-06
5.0067901611328125e-06
5.245208740234375e-06
5.0067901611328125e-06
5.0067901611328125e-06
4.76837158203125e-06
5.0067901611328125e-06
5.0067901611328125e-06
9.5367431640625e-06
5.7220458984375e-06
5.9604644775390625e-06
5.0067901611328125e-06
4.76837158203125e-06
4.76837158203125e-06
4.76837158203125e-06
5.245208740234375e-06
5.0067901611328125e-06
5.245208740234375e-06
4.76837158203125e-06
5.0067901611328125e-06
4.76837158203125e-06
5.0067901611328125e-06
5.0067901611328125e-06
5.0067901611328125e-06
5.4836273193359375e-06
5.245208740234375e-06
2.384185791015625e-05
1.9311904907226562e-05
5.4836273193359375e-06
5.7220458984375e-06
5.7220458984375e-06
5.4836273193359375e-06
5.4836273193359375e-06