1 32 6224
2 32 8994
3 32 8660
4 32 8591
5 32 7175
6 32 8687
7 32 7131
8 32 6874
9 32 8576
10 32 8406
11 32 7890
12 32 8428
13 32 7561
14 32 7091
15 32 7488
16 32 7164
17 32 6819
18 32 6696
19 32 8139
20 32 8005
21 32 8853
22 32 7282
23 32 7445
24 32 6615
25 32 7546
26 32 6719
27 32 6983
28 32 8716
29 32 7976
30 32 7964
31 32 6820
32 32 9504
33 32 5649
34 32 8102
35 32 6732
36 32 8241
37 32 7975
38 32 7857
39 32 8072
40 32 7454
41 32 7928
42 32 6502
43 32 8164
44 32 8517
45 32 6606
46 32 9049
47 32 6504
48 32 10066
49 32 8218
50 32 7759
51 32 6767
52 32 7318
53 32 7447
54 32 7124
55 32 7788
56 32 6549
57 32 8026
58 32 7423
59 32 8830
60 32 6603
61 32 7653
62 32 6839
63 32 7690
64 32 8275
65 32 8637
66 32 6720
67 32 8764
68 32 7968
69 32 6446
70 32 8340
71 32 8083
72 32 7598
73 32 7773
74 32 7095
75 32 8094
76 32 8376
77 32 8257
78 32 8347
79 32 7018
80 32 7256
81 32 6549
82 32 7202
83 32 6867
84 32 7670
85 32 7393
86 32 7389
87 32 8989
88 32 7618
89 32 6886
90 32 8087
91 32 7624
92 32 8459
93 32 9233
94 32 6340
95 32 8133
96 32 8103
97 32 7230
98 32 7823
99 32 6415
100 32 7527