4.649162292480469e-05
2.6464462280273438e-05
2.5272369384765625e-05
2.5033950805664062e-05
2.4080276489257812e-05
2.4080276489257812e-05
2.4557113647460938e-05
2.5033950805664062e-05
2.4080276489257812e-05
2.4080276489257812e-05
2.4557113647460938e-05
2.47955322265625e-05
2.5033950805664062e-05
2.4080276489257812e-05
2.384185791015625e-05
2.4080276489257812e-05
2.4080276489257812e-05
2.4080276489257812e-05
2.384185791015625e-05
2.4318695068359375e-05
2.384185791015625e-05
2.4318695068359375e-05
2.47955322265625e-05
2.4318695068359375e-05
2.4318695068359375e-05
2.4557113647460938e-05
2.3365020751953125e-05
2.765655517578125e-05
2.47955322265625e-05
2.47955322265625e-05
2.5987625122070312e-05
2.5272369384765625e-05
2.47955322265625e-05
2.4318695068359375e-05
2.574920654296875e-05
2.5033950805664062e-05
2.86102294921875e-05
2.4318695068359375e-05
2.4557113647460938e-05
2.4318695068359375e-05
2.5987625122070312e-05
2.4318695068359375e-05
2.4080276489257812e-05
2.3603439331054688e-05
2.384185791015625e-05
2.7179718017578125e-05
2.5033950805664062e-05
2.47955322265625e-05
2.4318695068359375e-05
2.4080276489257812e-05
2.4080276489257812e-05
2.4080276489257812e-05
2.47955322265625e-05
2.4080276489257812e-05
2.4557113647460938e-05
2.5033950805664062e-05
2.4557113647460938e-05
2.7418136596679688e-05
2.4080276489257812e-05
2.4080276489257812e-05
2.4318695068359375e-05
2.47955322265625e-05
2.5987625122070312e-05
2.4318695068359375e-05
2.47955322265625e-05
2.4557113647460938e-05
2.47955322265625e-05
2.4557113647460938e-05
2.384185791015625e-05
2.4318695068359375e-05
2.4318695068359375e-05
2.5510787963867188e-05
3.075599670410156e-05
2.5033950805664062e-05
2.47955322265625e-05
2.4318695068359375e-05
2.384185791015625e-05
2.4318695068359375e-05
2.3603439331054688e-05
2.384185791015625e-05
2.384185791015625e-05
2.384185791015625e-05
2.4080276489257812e-05
3.695487976074219e-05
2.3365020751953125e-05
5.650520324707031e-05
2.47955322265625e-05
2.574920654296875e-05
2.4557113647460938e-05
2.4080276489257812e-05
5.841255187988281e-05
2.288818359375e-05
2.4080276489257812e-05
2.4318695068359375e-05
4.029273986816406e-05
4.410743713378906e-05
2.3365020751953125e-05
5.841255187988281e-05
4.2438507080078125e-05
2.4080276489257812e-05