2.1219253540039062e-05
1.5735626220703125e-05
1.4781951904296875e-05
1.430511474609375e-05
1.3828277587890625e-05
1.3589859008789062e-05
1.3828277587890625e-05
1.33514404296875e-05
1.3589859008789062e-05
1.33514404296875e-05
1.3589859008789062e-05
1.3589859008789062e-05
3.1948089599609375e-05
1.3589859008789062e-05
3.1948089599609375e-05
2.7179718017578125e-05
1.3589859008789062e-05
1.3113021850585938e-05
1.3828277587890625e-05
1.33514404296875e-05
1.33514404296875e-05
1.33514404296875e-05
1.33514404296875e-05
1.33514404296875e-05
1.3589859008789062e-05
1.3113021850585938e-05
1.3589859008789062e-05
1.3589859008789062e-05
1.33514404296875e-05
1.3589859008789062e-05
4.124641418457031e-05
4.696846008300781e-05
1.3113021850585938e-05
1.33514404296875e-05
1.33514404296875e-05
1.33514404296875e-05
1.33514404296875e-05
1.3589859008789062e-05
1.3828277587890625e-05
1.3589859008789062e-05
2.765655517578125e-05
1.3828277587890625e-05
1.4066696166992188e-05
1.3589859008789062e-05
3.170967102050781e-05
1.4543533325195312e-05
1.430511474609375e-05
1.430511474609375e-05
1.4066696166992188e-05
1.4066696166992188e-05
1.4066696166992188e-05
2.6464462280273438e-05
3.24249267578125e-05
1.4543533325195312e-05
1.4066696166992188e-05
1.3589859008789062e-05
1.3828277587890625e-05
2.6702880859375e-05
2.7179718017578125e-05
1.4066696166992188e-05
1.430511474609375e-05
1.3589859008789062e-05
1.3828277587890625e-05
3.5762786865234375e-05
2.7418136596679688e-05
1.4066696166992188e-05
1.3828277587890625e-05
1.4066696166992188e-05
1.430511474609375e-05
1.430511474609375e-05
1.430511474609375e-05
1.4066696166992188e-05
1.4066696166992188e-05
1.3828277587890625e-05
1.3828277587890625e-05
1.4781951904296875e-05
1.3828277587890625e-05
1.3828277587890625e-05
1.3828277587890625e-05
1.3828277587890625e-05
1.3828277587890625e-05
1.430511474609375e-05
1.3589859008789062e-05
1.4066696166992188e-05
1.3828277587890625e-05
1.3828277587890625e-05
1.3828277587890625e-05
1.4066696166992188e-05
1.4066696166992188e-05
1.3828277587890625e-05
1.4066696166992188e-05
3.0279159545898438e-05
1.3589859008789062e-05
1.4066696166992188e-05
1.3828277587890625e-05
1.3589859008789062e-05
1.3828277587890625e-05
1.3828277587890625e-05
1.4066696166992188e-05
1.4066696166992188e-05