7.796287536621094e-05
3.504753112792969e-05
3.3855438232421875e-05
3.2901763916015625e-05
3.2901763916015625e-05
3.24249267578125e-05
3.24249267578125e-05
3.170967102050781e-05
3.1948089599609375e-05
3.266334533691406e-05
3.24249267578125e-05
3.218650817871094e-05
3.1948089599609375e-05
3.218650817871094e-05
3.218650817871094e-05
3.1948089599609375e-05
3.1948089599609375e-05
3.24249267578125e-05
3.24249267578125e-05
3.24249267578125e-05
3.218650817871094e-05
3.218650817871094e-05
3.218650817871094e-05
3.170967102050781e-05
3.170967102050781e-05
3.24249267578125e-05
6.198883056640625e-05
5.340576171875e-05
3.1948089599609375e-05
3.147125244140625e-05
3.170967102050781e-05
3.170967102050781e-05
3.1948089599609375e-05
3.170967102050781e-05
3.1948089599609375e-05
3.1948089599609375e-05
3.1948089599609375e-05
3.1948089599609375e-05
3.170967102050781e-05
3.170967102050781e-05
3.218650817871094e-05
3.170967102050781e-05
3.170967102050781e-05
3.1948089599609375e-05
3.1948089599609375e-05
3.1948089599609375e-05
3.170967102050781e-05
3.1948089599609375e-05
3.170967102050781e-05
3.1948089599609375e-05
3.1948089599609375e-05
3.218650817871094e-05
3.170967102050781e-05
3.218650817871094e-05
3.1948089599609375e-05
3.218650817871094e-05
3.218650817871094e-05
3.1948089599609375e-05
3.218650817871094e-05
3.1948089599609375e-05
3.1948089599609375e-05
3.1948089599609375e-05
3.1948089599609375e-05
3.218650817871094e-05
3.170967102050781e-05
4.982948303222656e-05
4.6253204345703125e-05
3.218650817871094e-05
3.218650817871094e-05
3.170967102050781e-05
3.1948089599609375e-05
3.1948089599609375e-05
3.1948089599609375e-05
3.1948089599609375e-05
3.1948089599609375e-05
3.170967102050781e-05
3.218650817871094e-05
3.1948089599609375e-05
3.170967102050781e-05
3.218650817871094e-05
3.170967102050781e-05
3.1948089599609375e-05
3.170967102050781e-05
3.1948089599609375e-05
3.1948089599609375e-05
3.24249267578125e-05
3.218650817871094e-05
3.1948089599609375e-05
3.1948089599609375e-05
3.170967102050781e-05
3.170967102050781e-05
3.1948089599609375e-05
3.1948089599609375e-05
3.1948089599609375e-05
3.1948089599609375e-05
8.7738037109375e-05
6.580352783203125e-05
0.00013256072998046875
3.337860107421875e-05
3.24249267578125e-05