1.71661376953125e-05
1.3113021850585938e-05
1.2874603271484375e-05
1.239776611328125e-05
1.2159347534179688e-05
1.1682510375976562e-05
1.1682510375976562e-05
1.1682510375976562e-05
1.1205673217773438e-05
1.1920928955078125e-05
1.1920928955078125e-05
1.1444091796875e-05
1.1682510375976562e-05
1.1920928955078125e-05
1.1920928955078125e-05
1.1682510375976562e-05
1.1920928955078125e-05
1.1682510375976562e-05
1.1444091796875e-05
1.1444091796875e-05
1.1444091796875e-05
1.1444091796875e-05
1.1444091796875e-05
1.1444091796875e-05
1.1444091796875e-05
1.1920928955078125e-05
1.1682510375976562e-05
1.1444091796875e-05
1.1444091796875e-05
1.1444091796875e-05
1.1444091796875e-05
1.1205673217773438e-05
1.1682510375976562e-05
1.1682510375976562e-05
1.1682510375976562e-05
1.1444091796875e-05
1.1682510375976562e-05
1.1682510375976562e-05
1.1682510375976562e-05
1.1444091796875e-05
1.1444091796875e-05
1.1920928955078125e-05
1.1205673217773438e-05
1.1205673217773438e-05
1.1444091796875e-05
1.1682510375976562e-05
1.1920928955078125e-05
1.1682510375976562e-05
1.1682510375976562e-05
1.1920928955078125e-05
1.1920928955078125e-05
1.1920928955078125e-05
1.2159347534179688e-05
1.2159347534179688e-05
1.1920928955078125e-05
1.1444091796875e-05
1.2159347534179688e-05
1.2159347534179688e-05
1.2159347534179688e-05
2.6702880859375e-05
1.2874603271484375e-05
2.6226043701171875e-05
1.1444091796875e-05
1.2159347534179688e-05
2.6702880859375e-05
1.2874603271484375e-05
2.5510787963867188e-05
1.2159347534179688e-05
1.1920928955078125e-05
1.2159347534179688e-05
1.239776611328125e-05
1.1920928955078125e-05
1.1920928955078125e-05
1.2159347534179688e-05
1.2636184692382812e-05
1.1920928955078125e-05
1.1682510375976562e-05
1.2159347534179688e-05
1.2159347534179688e-05
1.1682510375976562e-05
1.1682510375976562e-05
1.239776611328125e-05
1.2159347534179688e-05
1.1920928955078125e-05
1.2159347534179688e-05
1.33514404296875e-05
1.1920928955078125e-05
1.1920928955078125e-05
1.1682510375976562e-05
1.1920928955078125e-05
1.2159347534179688e-05
1.1682510375976562e-05
1.2159347534179688e-05
1.239776611328125e-05
2.86102294921875e-05
1.2159347534179688e-05
1.239776611328125e-05
1.1682510375976562e-05
1.239776611328125e-05
1.2636184692382812e-05