1 25 683
2 25 733
3 25 712
4 25 795
5 25 739
6 25 770
7 25 637
8 25 704
9 25 700
10 25 791
11 25 718
12 25 864
13 25 715
14 25 767
15 25 721
16 25 656
17 25 837
18 25 744
19 25 816
20 25 749
21 25 804
22 25 765
23 25 800
24 25 718
25 25 735
26 25 734
27 25 683
28 25 549
29 25 682
30 25 831
31 25 731
32 25 632
33 25 723
34 25 725
35 25 835
36 25 698
37 25 652
38 25 791
39 25 634
40 25 722
41 25 801
42 25 722
43 25 763
44 25 667
45 25 607
46 25 723
47 25 657
48 25 684
49 25 715
50 25 656
51 25 692
52 25 529
53 25 789
54 25 827
55 25 754
56 25 739
57 25 704
58 25 781
59 25 641
60 25 750
61 25 845
62 25 597
63 25 676
64 25 678
65 25 782
66 25 655
67 25 684
68 25 801
69 25 835
70 25 771
71 25 624
72 25 756
73 25 794
74 25 883
75 25 671
76 25 768
77 25 768
78 25 753
79 25 745
80 25 651
81 25 712
82 25 658
83 25 745
84 25 614
85 25 701
86 25 731
87 25 751
88 25 679
89 25 727
90 25 611
91 25 738
92 25 768
93 25 726
94 25 725
95 25 716
96 25 692
97 25 790
98 25 707
99 25 715
100 25 755