239383
1736373
927164
662635
528108
1626521
450752
515996
852829
1166645
534140
1021912
552004
851919
716133
800781
1065623
372614
531181
1047382
1238205
355591
616905
1051049
447923
764280
1077801
1277594
1139412
775224
1048978
796592
1141018
1115123
281496
725227
1213538
865683
1196889
438079
665489
601590
560309
393401
538177
414310
311010
1031196
475043
173770
1048088
735145
1149981
1679324
632348
413378
1000626
866721
392671
1121579
1259301
583525
504416
848538
967780
681696
472687
1280074
259141
472082
1284742
539137
1347846
896820
616006
1646694
677147
849399
462513
448382
1202640
963152
1053720
595183
291607
320546
561301
802338
314129
777851
596304
531604
462641
448655
433886
978340
382429
871009
1009707
1371375
728711
1144316
496102
944297
529126
546147
1154183
714969
1442830
812021
768966
410317
954827
758465
407634
1130299
481094
565884
154500
708480
1564800
849373
416844
1114923
1646101
918599
436460
811136
1112483
923207
430038
1000593
603446
792748
259572
993509
694722
1251105
1632252
639110
876491
1325758
685691
889416
698742
612709
456692
936174
297833
552060
534535
788038
944248
957130
383313
1147844
1222219
1149036
1488615
990293
515975
722031
863601
1342198
1231623
680390
901130
683175
252371
694226
205350
764135
383768
522346
826478
1155588
338033
506142
910586
344488
914687
175085
1349285
762265
621197
1072320
135566
748087
654951
825816
244742
379696
1612645
701795
885937
1613179
613106
1296157
1192763
844791
600195
593478
1545510
470127
1509152
1474855
719332
990497
118356
1024045
1239364
1369315
768328
547140
448961
1091189
475005
467455
611055
998256
404663
1080719
216790
892823
334026
620650
527600
1346654
815843
82655
675893
912972
1038263
966462
1046870
542732
974964
1204850
1214982
299087
627804
650074
740964
609512
1206725
683170
532817
755635
1192323
751994
416199
1573790
556042
563525
658003
769993
1646672
743019
1434663
336626
473329
156555
499014
317164
497447
518558
329050
1079885
436667
381669
1031581
1098337
699090
1131976
1089896
294663
1335532
1229329
157525
1474350
177726
305726
740396
479908
1165454
750017
456877
221196
730444
669350
804572
413696
986108
423391
1042714
1026019
900854
1297283
695553
255358
812403
602976
543770
851242
235884
583114
833769
158984
1374936
613517
775503
1254143
890681
678171
1169801
978722
733069
412561
635991
1446460
1239957
479429
707684
1355882
849585
547737
339208
536283
461189
968945
368294
596681
1591413
1062379
543600
949461
718098
1224982
310823
1008386
903507
867095
867516
1796648
867098
1198162
1160148
415675
1368402
408775
636092
682570
1434025
443169
686056
924798
771601
322602
712509
623363
1358978
649237
287556
493604
903489
831002
179006
154629
1119948
358970
510585
1118708
1017923
275615
285075
1467167
560099
1260893
276613
584691
856711
425485
168504
283515
796417
743179
557514
631204
1147414
733500
795435
1009796
865885
994943
613733
299098
817719
800120
1398932
399459
1065740
1381876
398618
518612
484492
1117109
581348
538833
940282
484045
1071071
873870
1440657
337672
452183
1329155
951647
298373
600835
570166
314649
316409
602938
578727
861092
1124460
609070
522139
511037
738224
951006
1112008
855166
493513
341946
835227
977859
984665
555491
880949
1569907
911390
551183
695036
837866
565986
241572
865290
1010473
1099818
707775
454742
660312
567455
1072285
592531
645011
1076515
1027183
1407071
368775
577138
449271
468161
1459876
491700
1287869
492699
452745
514207
517032
830699
1110801
748866
1248505
432225
598364
1107174
672018
624790
1227477
464485
544135
259315
1525653
361942
1036308
362261
836790
1159060
480059
688030
1059857
1462793
910971
866106
715771
1503983
969296
287755
