1649641
2735990
3280828
2593735
4014972
9567411
3473844
2208373
8563355
5115383
8512651
10416865
7742315
6103850
5028327
4106075
8399575
6868836
6768918
7067212
4626050
3662955
3319397
2487836
2775952
4395729
10359875
10003039
8158203
2584829
5491217
3270611
1962329
4391425
2047887
2832784
6971413
5167173
8698479
6552331
5678665
7741270
4088111
3962668
3164857
2423839
2906172
6740055
4357176
3323699
4940594
3416493
5034913
9448649
1354882
2345425
9062377
7703924
3641426
5162147
6977456
2730214
3502437
4804441
4431644
3655703
2569582
6014567
2736528
1875768
5342523
2886551
3485125
4678318
4042412
8100023
2635096
9791252
4809967
5919012
6039808
8099779
3719065
1827215
7529406
3731010
4879421
2831944
3343174
5805107
7064357
5468167
2755863
5827643
5942255
7321324
4192446
4789859
5384860
10311365
9623113
11186886
3517002
3364123
2694387
5613739
2360244
7718486
7926649
2561426
3716710
3231630
3379712
9287796
2264393
2716490
1018490
5218493
6513601
6312479
8434112
3404081
7929467
9521411
4723677
4367851
1644579
3042995
3362396
1870319
6955159
6330859
10420218
3943647
3908097
10482016
1905925
4278135
12803018
2324901
6985926
3841692
10227631
4968806
2897244
6020559
4584127
3179305
5703283
9029633
1321600
2705899
9614785
8623726
1888747
7991611
4304676
6015172
8508104
2897636
3826662
8475792
1853394
3257139
9677685
4061935
2975859
6194641
3358896
5145747
5579087
3105460
4787922
5588796
10578229
2821603
2117063
2052583
5466954
3130389
5070585
3220385
5778148
6795780
1078953
5408634
3778338
3091760
6046566
2176483
6016524
1845177
11252117
1063314
4365119
3578947
4834261
3764409
8423549
7175845
5392296
9087733
5804454
3189452
2149608
5163651
1038075
2830369
4192431
2501929
11479898
6321069
4708515
3762685
2350192
4488824
5140794
4247076
2861270
5347282
820831
5803209
6561350
11553249
2213726
2352041
1739302
6790947
6864629
3863330
5160795
4535819
4434061
3053737
7308807
3070695
4205485
5247209
4809199
8522622
1606658
1828751
5579819
4629623
3107773
5767414
3118911
4580497
2419692
9798134
6368947
4667101
3308105
3808549
6303090
8033524
5813528
4921493
5944776
7462827
3360633
3676045
2327956
2190836
3494773
2970505
4468515
6062371
2239718
1458356
3289593
3556053
2938467
9774210
5758311
1301326
8857066
6773344
3957447
2630029
1108901
4174111
2087705
3148388
4600749
8587177
2197331
2588983
2104411
3263949
2880980
4780049
3162662
3863956
2874444
10797681
6469251
7384761
9314248
1675706
10152952
5679642
4190341
4445891
3177623
6211726
3327612
4171401
7038316
4395231
10851489
2755905
3831595
3708191
8552143
9519061
3682977
5724636
6256115
11296381
7108926
3677506
6668671
9836146
4629537
10682516
6312842
2902226
4260597
8624701
2041634
3935171
10582726
9396642
483104
10531720
7525762
5523604
933251
6234772
4233711
5665648
5700672
8045010
3367415
4846294
8842484
3750236
4846616
6537355
6744671
4816607
11571274
2693831
2345775
992738
2689644
5550351
5631121
7997676
6676525
4713988
6126371
6546726
5670595
2697665
496906
5033085
6378284
2725338
7128994
6860213
4352476
1405226
7047433
8948655
5014619
8846693
1685733
5536619
5373240
4133663
1779643
3057243
1388408
2435232
5640900
10666596
10033435
3160608
3049368
6771363
3388137
5260264
2294104
1207024
5032060
6088632
5090787
1734628
3341440
2977562
1324270
2187613
3399504
7737607
8293858
2943750
7486828
3136203
6285787
5601064
9094459
9403867
3642880
5958261
3738056
4974415
5591768
3296489
6125249
3252086
3464995
7849217
3456358
9154922
3558477
7452726
5739353
5195312
9656223
7117952
4739402
6840608
3093152
8558778
8472354
5632921
4574420
8128156
6398184
8096719
5645502
5075452
3201152
2583872
2814857
7608521
11099310
9567646
1477579
4244287
3991284
13139603
1866518
1323238
7460425
6048658
3232192
2962576
522628
3625946
6233225
5438381
10330055
6362539
4257175
752360
1775496
5595841
4573747
5731365
7072065
3267629
5290821
882256
3887845
8610364
8692064
1823714
6741544
4703067
7322838
4981992
7217022
8537167
3205077
2539731
6310721
6019883
2773976
4213189
8663915
6110132
3541887
3725802
3776277
10623070
9183584
4135038
