0.0008347034454345703
0.0008687973022460938
0.0005245208740234375
0.0007617473602294922
0.004984378814697266
0.003179788589477539
0.0008497238159179688
0.0033304691314697266
0.0014903545379638672
0.00397801399230957
0.0013589859008789062
0.0002701282501220703
0.0011501312255859375
0.000606536865234375
0.0007641315460205078
0.0010986328125
0.002755403518676758
0.0008673667907714844
0.0008985996246337891
0.001287698745727539
0.0016143321990966797
0.0006606578826904297
0.0005800724029541016
0.0010008811950683594
0.00033020973205566406
0.0022916793823242188
0.0010800361633300781
0.0029234886169433594
0.0004801750183105469
0.0008702278137207031
0.0019459724426269531
0.0008540153503417969
0.002198457717895508
0.001222848892211914
0.003583192825317383
0.001054525375366211
0.01101231575012207
0.002420186996459961
0.0009725093841552734
0.003975629806518555
0.001672506332397461
0.004374265670776367
0.0007266998291015625
0.0005376338958740234
0.0015246868133544922
0.0029821395874023438
0.0013909339904785156
0.0016977787017822266
0.0006258487701416016
0.0005972385406494141
0.0029497146606445312
0.0026602745056152344
0.00041222572326660156
0.0016145706176757812
0.0034949779510498047
0.00141143798828125
0.0020627975463867188
0.0006313323974609375
0.0038101673126220703
0.004019021987915039
0.0014851093292236328
0.0003223419189453125
0.0009791851043701172
0.0021941661834716797
0.001245737075805664
0.0013420581817626953
0.0012369155883789062
0.0012905597686767578
0.0019588470458984375
0.0006246566772460938
0.0016436576843261719
0.0028061866760253906
0.0034799575805664062
0.001050710678100586
0.0009293556213378906
0.0017101764678955078
0.0016438961029052734
0.00030350685119628906
0.0007925033569335938
0.0015375614166259766
0.001964569091796875
0.0004642009735107422
0.0062520503997802734
0.002657651901245117
0.0014424324035644531
0.0013997554779052734
0.0008492469787597656
0.0013651847839355469
0.0030050277709960938
0.0017964839935302734
0.0005693435668945312
0.0011756420135498047
0.0008928775787353516
0.0012173652648925781
0.001996755599975586
0.001527547836303711
0.0014617443084716797
0.0010883808135986328
0.0013363361358642578
0.0013222694396972656