0.001295328140258789
0.0052907466888427734
0.0028734207153320312
0.00089263916015625
0.0070765018463134766
0.0016832351684570312
0.019182205200195312
0.008049488067626953
0.00902867317199707
0.0050618648529052734
0.0008997917175292969
0.0028543472290039062
0.0042989253997802734
0.009817123413085938
0.0076525211334228516
0.00046062469482421875
0.002505064010620117
0.0040051937103271484
0.002056121826171875
0.0024607181549072266
0.0034835338592529297
0.012173175811767578
0.012182950973510742
0.003639698028564453
0.009876251220703125
0.003496408462524414
0.0019440650939941406
0.004703998565673828
0.012864351272583008
0.0031709671020507812
0.011312007904052734
0.0035517215728759766
0.008584737777709961
0.007643938064575195
0.0031936168670654297
0.002172231674194336
0.005234956741333008
0.0018301010131835938
0.016275882720947266
0.011240482330322266
0.0019083023071289062
0.010329723358154297
0.008234262466430664
0.0029876232147216797
0.0019109249114990234
0.002301931381225586
0.0009968280792236328
0.0004642009735107422
0.009577274322509766
0.01048135757446289
0.009375572204589844
0.012133121490478516
0.0019276142120361328
0.005972385406494141
0.011154413223266602
0.004682779312133789
0.03140068054199219
0.0027201175689697266
0.0021555423736572266
0.0012717247009277344
0.0008406639099121094
0.0020270347595214844
0.004708528518676758
0.0017483234405517578
0.0016582012176513672
0.0012481212615966797
0.0058062076568603516
0.0017778873443603516
0.0009703636169433594
0.0021390914916992188
0.0009431838989257812
0.0012431144714355469
0.0054013729095458984
0.003836393356323242
0.008163928985595703
0.002119779586791992
0.003985166549682617
0.002728700637817383
0.008575677871704102
0.002726316452026367
0.0010418891906738281
0.002934694290161133
0.005173206329345703
0.026108980178833008
0.005054950714111328
0.0018014907836914062
0.0005300045013427734
0.0018939971923828125
0.0020999908447265625
0.01586604118347168
0.0010068416595458984
0.00512385368347168
0.002088785171508789
0.0036966800689697266
0.0036630630493164062
0.001699209213256836
0.004363298416137695
0.0025582313537597656
0.0025649070739746094
0.0001418590545654297