0.007117509841918945
0.005953788757324219
0.0075511932373046875
0.0065517425537109375
0.007757663726806641
0.006219148635864258
0.0068628787994384766
0.0081329345703125
0.006440401077270508
0.008621931076049805
0.008042573928833008
0.008135080337524414
0.006104469299316406
0.0063855648040771484
0.007425785064697266
0.007891178131103516
0.006356477737426758
0.007035017013549805
0.0061991214752197266
0.006488323211669922
0.0058863162994384766
0.007748842239379883
0.005903482437133789
0.006796360015869141
0.006546497344970703
0.007529258728027344
0.00639653205871582
0.0064771175384521484
0.0057773590087890625
0.008110523223876953
0.008761405944824219
0.007847309112548828
0.006350278854370117
0.006237983703613281
0.006262779235839844
0.005968332290649414
0.007389068603515625
0.005841732025146484
0.00724339485168457
0.007818222045898438
0.0074596405029296875
0.0076372623443603516
0.007256984710693359
0.008248090744018555
0.006391286849975586
0.005822420120239258
0.0069122314453125
0.00648188591003418
0.006284475326538086
0.00739598274230957
0.006545066833496094
0.005837440490722656
0.0068836212158203125
0.006868600845336914
0.00619816780090332
0.006293296813964844
0.0061969757080078125
0.005873203277587891
0.006688833236694336
0.006081819534301758
0.005949735641479492
0.008978605270385742
0.007080793380737305
0.007895231246948242
0.008128643035888672
0.005982160568237305
0.00691676139831543
0.006811857223510742
0.006072521209716797
0.007536649703979492
0.007634639739990234
0.008775949478149414
0.0057964324951171875
0.007184028625488281
0.006367206573486328
0.0054895877838134766
0.0073397159576416016
0.007930517196655273
0.006543159484863281
0.007248878479003906
0.007396221160888672
0.00616455078125
0.0061299800872802734
0.005351066589355469
0.005488157272338867
0.0074689388275146484
0.006594181060791016
0.006103515625
0.008181333541870117
0.007891178131103516
0.007673978805541992
0.006138801574707031
0.006777524948120117
0.005728721618652344
0.006766319274902344
0.007356882095336914
0.008816003799438477
0.007639408111572266
0.0074291229248046875
0.0056765079498291016