0.061209917068481445
0.0725555419921875
0.06597304344177246
0.07516598701477051
0.07334709167480469
0.07196164131164551
0.07209014892578125
0.06774187088012695
0.0628194808959961
0.07677817344665527
0.06179642677307129
0.06184506416320801
0.061834096908569336
0.06960439682006836
0.07314920425415039
0.07065272331237793
0.07337141036987305
0.06618523597717285
0.06694674491882324
0.07237434387207031
0.07373976707458496
0.06783175468444824
0.0641937255859375
0.06617379188537598
0.07119393348693848
0.05917096138000488
0.07729268074035645
0.07368278503417969
0.05402541160583496
0.0751345157623291
0.06363320350646973
0.0672295093536377
0.06321454048156738
0.06438493728637695
0.07341718673706055
0.06252217292785645
0.06409931182861328
0.0715799331665039
0.06619977951049805
0.06879043579101562
0.06590914726257324
0.060291290283203125
0.0727684497833252
0.06137490272521973
0.05976462364196777
0.058959245681762695
0.07777261734008789
0.06902313232421875
0.06653666496276855
0.07553863525390625
0.06379985809326172
0.07816696166992188
0.058637142181396484
0.061786651611328125
0.06741929054260254
0.06960940361022949
0.07458686828613281
0.0665428638458252
0.07211589813232422
0.06070852279663086
0.06714773178100586
0.07109236717224121
0.06805610656738281
0.0741734504699707
0.07679033279418945
0.07918572425842285
0.07291007041931152
0.07920289039611816
0.07703971862792969
0.0754702091217041
0.06071758270263672
0.07136249542236328
0.06649088859558105
0.06038522720336914
0.06718730926513672
0.06652021408081055
0.06641530990600586
0.07517218589782715
0.07202315330505371
0.05902671813964844
0.06854629516601562
0.06691908836364746
0.06949758529663086
0.0705416202545166
0.06350994110107422
0.07480573654174805
0.06449651718139648
0.07400918006896973
0.0657355785369873
0.07931351661682129
0.07199668884277344
0.06692075729370117
0.06157517433166504
0.08028221130371094
0.0699014663696289
0.06516551971435547
0.07192397117614746
0.07503795623779297
0.06526732444763184
0.07064294815063477