0.00015735626220703125
0.00032520294189453125
0.0004706382751464844
0.0002799034118652344
0.0017740726470947266
0.0004906654357910156
0.00042891502380371094
0.0014576911926269531
0.0023441314697265625
0.0005638599395751953
0.00014328956604003906
0.0015723705291748047
0.0012118816375732422
0.0005388259887695312
9.5367431640625e-05
0.0008327960968017578
0.0005955696105957031
0.0008499622344970703
0.00036454200744628906
0.001123666763305664
0.0008032321929931641
0.0008902549743652344
0.0007154941558837891
0.0009226799011230469
0.00037598609924316406
0.00022602081298828125
0.0003185272216796875
0.0004734992980957031
0.00028228759765625
0.0016796588897705078
0.0018835067749023438
0.0004901885986328125
0.00048732757568359375
0.0010118484497070312
0.0006597042083740234
0.0009260177612304688
0.00019621849060058594
0.0005304813385009766
0.0013763904571533203
0.0008721351623535156
0.00048351287841796875
8.726119995117188e-05
0.0006611347198486328
0.0009379386901855469
0.0006439685821533203
0.00046944618225097656
0.0005426406860351562
0.0005846023559570312
0.0009698867797851562
0.0030519962310791016
0.0009226799011230469
0.00010609626770019531
0.0010726451873779297
0.0006618499755859375
0.0009512901306152344
0.0014882087707519531
0.0003361701965332031
0.0013892650604248047
0.0010685920715332031
0.0006787776947021484
0.0003688335418701172
0.00034499168395996094
0.0002307891845703125
0.00047516822814941406
0.0003662109375
0.00046896934509277344
0.0006310939788818359
0.0007975101470947266
0.001074075698852539
0.00027561187744140625
0.0010516643524169922
0.00015997886657714844
0.00011491775512695312
0.0007455348968505859
0.0008032321929931641
0.0014567375183105469
0.0025682449340820312
0.001495361328125
0.0012333393096923828
0.0004258155822753906
0.0004372596740722656
0.001222372055053711
0.0008039474487304688
0.0005054473876953125
0.0003859996795654297
0.00016045570373535156
0.0005965232849121094
0.0011587142944335938
0.0006592273712158203
0.00041222572326660156
0.0009975433349609375
0.0006906986236572266
0.0003552436828613281
0.0008435249328613281
0.0002300739288330078
0.0005319118499755859
0.0005986690521240234
0.0002834796905517578
0.001142263412475586
0.0006866455078125