0.0009598731994628906
0.0012178421020507812
0.004400491714477539
0.0026030540466308594
0.0009138584136962891
0.0020132064819335938
0.0004742145538330078
0.002664327621459961
0.00044345855712890625
0.009043455123901367
0.0029599666595458984
0.0012080669403076172
0.0009024143218994141
0.0008857250213623047
0.0014715194702148438
0.008968353271484375
0.0005407333374023438
0.0036649703979492188
0.0015320777893066406
0.0018506050109863281
0.0018835067749023438
0.0019071102142333984
0.003540515899658203
0.017416715621948242
0.0011060237884521484
0.0028464794158935547
0.0018050670623779297
0.0033178329467773438
0.004887104034423828
0.0010724067687988281
0.0026569366455078125
0.0007708072662353516
0.0026099681854248047
0.0010297298431396484
0.001926422119140625
0.003480195999145508
0.004403114318847656
0.0038344860076904297
0.0033075809478759766
0.001211404800415039
0.0030257701873779297
0.0017101764678955078
0.0015933513641357422
0.006915569305419922
0.0015592575073242188
0.0031266212463378906
0.0008609294891357422
0.0008935928344726562
0.01055455207824707
0.0005066394805908203
0.00664210319519043
0.0012080669403076172
0.0009284019470214844
0.0023474693298339844
0.0028696060180664062
0.0006580352783203125
0.01618051528930664
0.002668619155883789
0.003584623336791992
0.0014142990112304688
0.004503011703491211
0.002697467803955078
0.0057849884033203125
0.0058138370513916016
0.0016734600067138672
0.0032355785369873047
0.004919528961181641
0.001894235610961914
0.0040531158447265625
0.0010044574737548828
0.0014410018920898438
0.003020048141479492
0.0015344619750976562
0.0013229846954345703
0.0018444061279296875
0.0006201267242431641
0.0014081001281738281
0.003337383270263672
0.0013954639434814453
0.00048470497131347656
0.006558418273925781
0.0018320083618164062
0.005759716033935547
0.0026693344116210938
0.0049021244049072266
0.0007603168487548828
0.004562854766845703
0.0014879703521728516
0.007124662399291992
0.00666356086730957
0.002101898193359375
0.004217624664306641
0.0053348541259765625
0.0008413791656494141
0.00568842887878418
0.0023572444915771484
0.0014431476593017578
0.0012295246124267578
0.008301734924316406
0.002145528793334961