0.015335798263549805
0.13013195991516113
0.1916828155517578
0.06331610679626465
0.028557300567626953
0.10007238388061523
0.06487226486206055
0.018347978591918945
0.023607969284057617
0.011457204818725586
0.01844930648803711
0.0014824867248535156
0.02756023406982422
0.005475759506225586
0.0036542415618896484
0.014809846878051758
0.05759429931640625
0.12294626235961914
0.215867280960083
0.0904078483581543
0.008873701095581055
0.02601909637451172
0.017563581466674805
0.1031637191772461
0.04645133018493652
0.034934282302856445
0.10235333442687988
0.2513899803161621
0.010446548461914062
0.13440489768981934
0.05207967758178711
0.032843828201293945
0.179917573928833
0.005923271179199219
0.04918646812438965
0.011921405792236328
0.2181406021118164
0.014061689376831055
0.36180543899536133
0.022114992141723633
0.0035572052001953125
0.0695352554321289
0.2998180389404297
0.026493310928344727
0.06315350532531738
0.05486750602722168
0.07963347434997559
0.0022673606872558594
0.0062978267669677734
0.03513765335083008
0.03989911079406738
0.12497782707214355
0.011653423309326172
0.5221507549285889
0.07338309288024902
0.041358232498168945
0.01795649528503418
0.025598764419555664
0.029181718826293945
0.010509967803955078
0.036093950271606445
0.030671358108520508
0.0641322135925293
0.01690983772277832
0.044878244400024414
0.0022573471069335938
0.029059171676635742
0.12897968292236328
0.017012834548950195
0.02638697624206543
0.07486224174499512
0.015230655670166016
0.027922630310058594
0.0543370246887207
0.0621647834777832
0.10211563110351562
0.00691533088684082
0.038980960845947266
0.005670070648193359
0.017728090286254883
0.010729789733886719
0.08753347396850586
0.01929163932800293
0.022752046585083008
0.1245121955871582
0.03051280975341797
0.016805648803710938
0.026681184768676758
0.09686970710754395
0.0259554386138916
0.006036520004272461
0.056524038314819336
0.32697629928588867
0.017993450164794922
0.004091501235961914
0.042072296142578125
0.13620996475219727
0.16303753852844238
0.1029500961303711
0.013072490692138672