1.3113021850585938e-05
8.821487426757812e-06
7.62939453125e-06
7.3909759521484375e-06
7.152557373046875e-06
7.3909759521484375e-06
6.9141387939453125e-06
6.9141387939453125e-06
6.9141387939453125e-06
7.152557373046875e-06
6.9141387939453125e-06
6.67572021484375e-06
6.9141387939453125e-06
6.9141387939453125e-06
6.198883056640625e-06
6.4373016357421875e-06
6.4373016357421875e-06
6.4373016357421875e-06
6.198883056640625e-06
6.4373016357421875e-06
6.67572021484375e-06
6.67572021484375e-06
6.4373016357421875e-06
6.67572021484375e-06
6.4373016357421875e-06
6.4373016357421875e-06
6.4373016357421875e-06
6.4373016357421875e-06
6.4373016357421875e-06
6.198883056640625e-06
6.4373016357421875e-06
6.4373016357421875e-06
6.67572021484375e-06
6.198883056640625e-06
3.2901763916015625e-05
8.106231689453125e-06
6.67572021484375e-06
6.4373016357421875e-06
6.4373016357421875e-06
6.198883056640625e-06
6.198883056640625e-06
6.4373016357421875e-06
6.198883056640625e-06
6.67572021484375e-06
6.4373016357421875e-06
6.4373016357421875e-06
6.4373016357421875e-06
6.4373016357421875e-06
6.4373016357421875e-06
6.9141387939453125e-06
6.67572021484375e-06
6.4373016357421875e-06
6.198883056640625e-06
6.67572021484375e-06
6.198883056640625e-06
6.67572021484375e-06
6.67572021484375e-06
6.67572021484375e-06
6.67572021484375e-06
6.4373016357421875e-06
6.198883056640625e-06
6.4373016357421875e-06
6.198883056640625e-06
6.4373016357421875e-06
6.4373016357421875e-06
6.4373016357421875e-06
6.198883056640625e-06
6.67572021484375e-06
6.67572021484375e-06
6.4373016357421875e-06
6.4373016357421875e-06
6.4373016357421875e-06
6.198883056640625e-06
6.4373016357421875e-06
8.58306884765625e-06
6.9141387939453125e-06
6.9141387939453125e-06
6.4373016357421875e-06
6.67572021484375e-06
6.4373016357421875e-06
6.4373016357421875e-06
6.4373016357421875e-06
6.198883056640625e-06
6.4373016357421875e-06
6.67572021484375e-06
6.9141387939453125e-06
6.198883056640625e-06
6.4373016357421875e-06
6.4373016357421875e-06
6.4373016357421875e-06
6.198883056640625e-06
6.198883056640625e-06
6.198883056640625e-06
6.4373016357421875e-06
6.198883056640625e-06
6.4373016357421875e-06
6.4373016357421875e-06
6.4373016357421875e-06
6.198883056640625e-06
6.198883056640625e-06