0.000843048095703125
0.0008578300476074219
0.0005762577056884766
0.000774383544921875
0.00456547737121582
0.002948760986328125
0.0008099079132080078
0.003104686737060547
0.0014638900756835938
0.0038483142852783203
0.0012965202331542969
0.00029277801513671875
0.0011293888092041016
0.0006194114685058594
0.0007259845733642578
0.0010867118835449219
0.0027887821197509766
0.0007832050323486328
0.0008258819580078125
0.0011806488037109375
0.0015304088592529297
0.0006148815155029297
0.0005774497985839844
0.0009129047393798828
0.0003504753112792969
0.0021250247955322266
0.000995635986328125
0.002631664276123047
0.0004458427429199219
0.0007867813110351562
0.0018794536590576172
0.0008332729339599609
0.002209901809692383
0.0011513233184814453
0.0035593509674072266
0.0009393692016601562
0.010521650314331055
0.0024514198303222656
0.0010895729064941406
0.004094123840332031
0.0016200542449951172
0.00536036491394043
0.0006353855133056641
0.0005097389221191406
0.001491546630859375
0.0030944347381591797
0.0013773441314697266
0.0016646385192871094
0.0005502700805664062
0.000606536865234375
0.0031194686889648438
0.002377748489379883
0.0003807544708251953
0.0017244815826416016
0.0033621788024902344
0.0012896060943603516
0.0017900466918945312
0.0005588531494140625
0.0033681392669677734
0.003614187240600586
0.0013306140899658203
0.0003020763397216797
0.000888824462890625
0.001995563507080078
0.0011570453643798828
0.0015387535095214844
0.0012252330780029297
0.0015897750854492188
0.0018749237060546875
0.0006582736968994141
0.0014576911926269531
0.0026242733001708984
0.0037109851837158203
0.0008916854858398438
0.0009605884552001953
0.0015826225280761719
0.0016138553619384766
0.00024390220642089844
0.0007121562957763672
0.0015401840209960938
0.001909017562866211
0.0004487037658691406
0.006308078765869141
0.002431631088256836
0.0013840198516845703
0.0012524127960205078
0.0008616447448730469
0.0012497901916503906
0.0028388500213623047
0.0017886161804199219
0.0005006790161132812
0.0010814666748046875
0.0009031295776367188
0.0011677742004394531
0.001905202865600586
0.0016241073608398438
0.0015749931335449219
0.0010676383972167969
0.0012502670288085938
0.0011436939239501953