4.57763671875e-05
1.9550323486328125e-05
1.8835067749023438e-05
1.8358230590820312e-05
1.7881393432617188e-05
1.621246337890625e-05
1.6927719116210938e-05
1.5735626220703125e-05
1.5735626220703125e-05
1.5735626220703125e-05
1.621246337890625e-05
1.5974044799804688e-05
1.621246337890625e-05
1.5974044799804688e-05
1.621246337890625e-05
1.5974044799804688e-05
1.6450881958007812e-05
1.5974044799804688e-05
1.5974044799804688e-05
1.5735626220703125e-05
1.5735626220703125e-05
1.5735626220703125e-05
1.5735626220703125e-05
1.5735626220703125e-05
1.5497207641601562e-05
1.6450881958007812e-05
1.5497207641601562e-05
1.5735626220703125e-05
1.5735626220703125e-05
1.5974044799804688e-05
1.5735626220703125e-05
1.621246337890625e-05
1.5735626220703125e-05
1.5735626220703125e-05
1.621246337890625e-05
1.5974044799804688e-05
1.5735626220703125e-05
1.5974044799804688e-05
1.5735626220703125e-05
1.5497207641601562e-05
1.5974044799804688e-05
1.6689300537109375e-05
1.5735626220703125e-05
1.6450881958007812e-05
1.621246337890625e-05
1.5735626220703125e-05
1.621246337890625e-05
1.5735626220703125e-05
1.5497207641601562e-05
1.5974044799804688e-05
1.6689300537109375e-05
1.5974044799804688e-05
1.5974044799804688e-05
1.621246337890625e-05
1.5735626220703125e-05
1.5020370483398438e-05
1.5974044799804688e-05
1.5974044799804688e-05
3.337860107421875e-05
1.5735626220703125e-05
1.5497207641601562e-05
1.5974044799804688e-05
1.5974044799804688e-05
1.6927719116210938e-05
1.621246337890625e-05
1.5974044799804688e-05
1.5735626220703125e-05
1.621246337890625e-05
1.5974044799804688e-05
1.621246337890625e-05
1.5497207641601562e-05
1.5735626220703125e-05
1.5974044799804688e-05
1.6450881958007812e-05
1.5497207641601562e-05
1.5735626220703125e-05
1.6689300537109375e-05
1.621246337890625e-05
1.5974044799804688e-05
1.621246337890625e-05
1.5735626220703125e-05
1.5497207641601562e-05
1.5735626220703125e-05
1.5974044799804688e-05
1.6689300537109375e-05
1.621246337890625e-05
1.5735626220703125e-05
1.5974044799804688e-05
1.621246337890625e-05
1.5735626220703125e-05
1.5497207641601562e-05
1.5735626220703125e-05
1.5735626220703125e-05
1.621246337890625e-05
1.5974044799804688e-05
1.5497207641601562e-05
1.5497207641601562e-05
1.52587890625e-05
1.5735626220703125e-05
1.5974044799804688e-05