2.7894973754882812e-05
2.2649765014648438e-05
2.193450927734375e-05
2.1696090698242188e-05
2.0742416381835938e-05
2.0503997802734375e-05
2.0742416381835938e-05
2.0742416381835938e-05
2.09808349609375e-05
2.0265579223632812e-05
2.0503997802734375e-05
2.0265579223632812e-05
2.0503997802734375e-05
2.4557113647460938e-05
2.002716064453125e-05
2.0503997802734375e-05
2.0503997802734375e-05
1.9788742065429688e-05
2.0503997802734375e-05
2.0503997802734375e-05
2.0265579223632812e-05
2.0503997802734375e-05
2.0503997802734375e-05
2.0265579223632812e-05
2.0742416381835938e-05
2.0503997802734375e-05
2.0503997802734375e-05
2.0265579223632812e-05
1.9788742065429688e-05
2.002716064453125e-05
2.0742416381835938e-05
2.002716064453125e-05
2.0265579223632812e-05
2.09808349609375e-05
2.0503997802734375e-05
2.0503997802734375e-05
2.0503997802734375e-05
2.002716064453125e-05
2.0742416381835938e-05
2.0742416381835938e-05
2.1696090698242188e-05
2.09808349609375e-05
2.0265579223632812e-05
2.0503997802734375e-05
2.1457672119140625e-05
2.0503997802734375e-05
2.0742416381835938e-05
2.0503997802734375e-05
2.0265579223632812e-05
2.0503997802734375e-05
2.0265579223632812e-05
2.09808349609375e-05
2.0265579223632812e-05
2.0503997802734375e-05
2.193450927734375e-05
2.0265579223632812e-05
2.0265579223632812e-05
1.9788742065429688e-05
2.0503997802734375e-05
1.9788742065429688e-05
2.002716064453125e-05
2.0265579223632812e-05
2.0265579223632812e-05
2.0742416381835938e-05
2.0503997802734375e-05
2.0265579223632812e-05
2.0265579223632812e-05
2.0503997802734375e-05
2.0265579223632812e-05
2.0265579223632812e-05
2.0265579223632812e-05
2.0265579223632812e-05
2.0265579223632812e-05
2.0742416381835938e-05
2.0503997802734375e-05
2.0265579223632812e-05
2.002716064453125e-05
2.0503997802734375e-05
2.002716064453125e-05
2.0265579223632812e-05
2.0503997802734375e-05
2.0265579223632812e-05
2.0265579223632812e-05
2.0265579223632812e-05
2.0503997802734375e-05
2.002716064453125e-05
2.0265579223632812e-05
2.0265579223632812e-05
2.0503997802734375e-05
2.0503997802734375e-05
2.0265579223632812e-05
2.0742416381835938e-05
2.0503997802734375e-05
2.0503997802734375e-05
2.002716064453125e-05
2.09808349609375e-05
2.0503997802734375e-05
2.0742416381835938e-05
2.2172927856445312e-05
2.0265579223632812e-05