2.384185791015625e-05
2.0265579223632812e-05
1.9550323486328125e-05
1.9073486328125e-05
1.9550323486328125e-05
1.8596649169921875e-05
1.8835067749023438e-05
1.8835067749023438e-05
1.8835067749023438e-05
1.8835067749023438e-05
1.8835067749023438e-05
1.9073486328125e-05
1.8596649169921875e-05
1.8835067749023438e-05
1.8835067749023438e-05
1.8358230590820312e-05
1.8835067749023438e-05
1.8835067749023438e-05
1.8835067749023438e-05
1.8835067749023438e-05
1.8835067749023438e-05
1.8596649169921875e-05
1.8835067749023438e-05
1.8358230590820312e-05
1.8596649169921875e-05
1.8596649169921875e-05
1.8596649169921875e-05
1.811981201171875e-05
1.8596649169921875e-05
1.8596649169921875e-05
1.8596649169921875e-05
1.8358230590820312e-05
1.8596649169921875e-05
3.6716461181640625e-05
4.649162292480469e-05
3.314018249511719e-05
2.002716064453125e-05
1.8358230590820312e-05
1.8358230590820312e-05
3.719329833984375e-05
1.9788742065429688e-05
4.553794860839844e-05
1.8596649169921875e-05
1.8596649169921875e-05
1.8596649169921875e-05
1.8596649169921875e-05
1.811981201171875e-05
1.8596649169921875e-05
1.8358230590820312e-05
1.8358230590820312e-05
1.811981201171875e-05
1.8358230590820312e-05
1.8596649169921875e-05
1.8835067749023438e-05
1.8358230590820312e-05
1.8596649169921875e-05
3.218650817871094e-05
1.8596649169921875e-05
1.8835067749023438e-05
1.8596649169921875e-05
1.8358230590820312e-05
1.8358230590820312e-05
1.8835067749023438e-05
1.8358230590820312e-05
1.8835067749023438e-05
1.8835067749023438e-05
1.8358230590820312e-05
1.8835067749023438e-05
1.8596649169921875e-05
1.8358230590820312e-05
1.8358230590820312e-05
1.8596649169921875e-05
1.8358230590820312e-05
1.8835067749023438e-05
1.8596649169921875e-05
1.8358230590820312e-05
1.8358230590820312e-05
4.410743713378906e-05
1.8358230590820312e-05
1.8596649169921875e-05
1.8596649169921875e-05
1.8596649169921875e-05
1.8596649169921875e-05
1.8596649169921875e-05
1.8835067749023438e-05
1.9073486328125e-05
1.8358230590820312e-05
1.8596649169921875e-05
1.8596649169921875e-05
1.8835067749023438e-05
1.8596649169921875e-05
1.8835067749023438e-05
1.8835067749023438e-05
3.743171691894531e-05
3.7670135498046875e-05
5.1975250244140625e-05
3.8623809814453125e-05
5.269050598144531e-05
2.0265579223632812e-05
2.0742416381835938e-05