0.1826188564300537
0.2637662887573242
0.2727208137512207
0.2081923484802246
0.25843286514282227
0.2254173755645752
0.22638726234436035
0.23240971565246582
0.2118055820465088
0.2682347297668457
0.22576546669006348
0.23006033897399902
0.21286845207214355
0.24710941314697266
0.1886131763458252
0.22611355781555176
0.2273421287536621
0.24687981605529785
0.2253246307373047
0.2266688346862793
0.1900801658630371
0.2142808437347412
0.22536921501159668
0.25188708305358887
0.25049710273742676
0.2473902702331543
0.209395170211792
0.3375585079193115
0.23544740676879883
0.2027745246887207
0.24657845497131348
0.24274706840515137
0.21648454666137695
0.22950124740600586
0.20014739036560059
0.20813202857971191
0.22365927696228027
0.21744704246520996
0.1935734748840332
0.24938011169433594
0.31897997856140137
0.20031261444091797
0.24625515937805176
0.20225191116333008
0.22255373001098633
0.24577069282531738
0.23593664169311523
0.2230548858642578
0.19639897346496582
0.24639296531677246
0.26639556884765625
0.2534823417663574
0.19559812545776367
0.200728178024292
0.2605757713317871
0.2771165370941162
0.2787313461303711
0.2779550552368164
0.2628602981567383
0.2279195785522461
0.267409086227417
0.24214959144592285
0.2711625099182129
0.31647706031799316
0.26514196395874023
0.29614686965942383
0.24582457542419434
0.22874879837036133
0.19096636772155762
0.23582911491394043
0.24005818367004395
0.23736071586608887
0.2649879455566406
0.20154094696044922
0.24972128868103027
0.2367568016052246
0.22408080101013184
0.21631264686584473
0.1932368278503418
0.2645680904388428
0.2009744644165039
0.21480011940002441
0.2596547603607178
0.19573354721069336
0.2005476951599121
0.20039796829223633
0.23026323318481445
0.24019956588745117
0.24614167213439941
0.23582124710083008
0.17988967895507812
0.21535634994506836
0.17885518074035645
0.22699427604675293
0.24494504928588867
0.24457287788391113
0.23537683486938477
0.19027256965637207
0.22327303886413574
0.19907402992248535