8.463859558105469e-05
5.3882598876953125e-05
1.7642974853515625e-05
1.7404556274414062e-05
1.6450881958007812e-05
1.5735626220703125e-05
1.5974044799804688e-05
1.5497207641601562e-05
1.5497207641601562e-05
1.5735626220703125e-05
1.71661376953125e-05
2.86102294921875e-05
1.5497207641601562e-05
1.5735626220703125e-05
1.5497207641601562e-05
1.5497207641601562e-05
1.52587890625e-05
1.5497207641601562e-05
1.5497207641601562e-05
1.52587890625e-05
1.5735626220703125e-05
1.5020370483398438e-05
1.52587890625e-05
1.5497207641601562e-05
1.5497207641601562e-05
1.5735626220703125e-05
1.5974044799804688e-05
1.5735626220703125e-05
1.5497207641601562e-05
1.5497207641601562e-05
1.5497207641601562e-05
1.5497207641601562e-05
1.5735626220703125e-05
1.5497207641601562e-05
1.5974044799804688e-05
1.5735626220703125e-05
1.5974044799804688e-05
1.5735626220703125e-05
1.52587890625e-05
1.5497207641601562e-05
1.52587890625e-05
1.5497207641601562e-05
1.52587890625e-05
1.52587890625e-05
1.6450881958007812e-05
1.5974044799804688e-05
2.3126602172851562e-05
4.076957702636719e-05
1.5974044799804688e-05
1.5735626220703125e-05
1.52587890625e-05
1.5735626220703125e-05
1.5497207641601562e-05
1.5735626220703125e-05
1.5735626220703125e-05
1.52587890625e-05
1.5497207641601562e-05
1.52587890625e-05
1.5497207641601562e-05
1.5497207641601562e-05
1.5497207641601562e-05
1.5497207641601562e-05
1.5974044799804688e-05
1.5497207641601562e-05
1.52587890625e-05
1.5497207641601562e-05
1.52587890625e-05
1.52587890625e-05
1.5735626220703125e-05
1.5735626220703125e-05
1.5497207641601562e-05
1.621246337890625e-05
1.5974044799804688e-05
1.5735626220703125e-05
1.52587890625e-05
1.5020370483398438e-05
1.6689300537109375e-05
1.5735626220703125e-05
1.52587890625e-05
1.5735626220703125e-05
1.5497207641601562e-05
1.5497207641601562e-05
1.5735626220703125e-05
1.5735626220703125e-05
1.5497207641601562e-05
1.52587890625e-05
1.5497207641601562e-05
1.5020370483398438e-05
1.52587890625e-05
1.5735626220703125e-05
1.5497207641601562e-05
1.6450881958007812e-05
1.5735626220703125e-05
1.5497207641601562e-05
1.5497207641601562e-05
1.5020370483398438e-05
1.52587890625e-05
1.5497207641601562e-05
1.5497207641601562e-05
1.5497207641601562e-05