3.2901763916015625e-05
2.8848648071289062e-05
2.7894973754882812e-05
2.86102294921875e-05
2.86102294921875e-05
2.765655517578125e-05
2.9087066650390625e-05
2.765655517578125e-05
2.765655517578125e-05
2.7418136596679688e-05
2.7418136596679688e-05
4.291534423828125e-05
4.267692565917969e-05
4.363059997558594e-05
2.9325485229492188e-05
2.765655517578125e-05
2.6702880859375e-05
2.7179718017578125e-05
2.7179718017578125e-05
2.765655517578125e-05
2.7418136596679688e-05
2.7418136596679688e-05
2.7179718017578125e-05
2.7418136596679688e-05
2.7418136596679688e-05
4.291534423828125e-05
2.8848648071289062e-05
4.00543212890625e-05
2.7418136596679688e-05
2.7894973754882812e-05
2.7179718017578125e-05
2.765655517578125e-05
2.7418136596679688e-05
2.7179718017578125e-05
2.6941299438476562e-05
2.6941299438476562e-05
2.7418136596679688e-05
2.7179718017578125e-05
2.6941299438476562e-05
2.7418136596679688e-05
2.765655517578125e-05
2.7418136596679688e-05
2.7418136596679688e-05
2.765655517578125e-05
2.7179718017578125e-05
4.57763671875e-05
2.9087066650390625e-05
2.7894973754882812e-05
2.7179718017578125e-05
2.7418136596679688e-05
2.7418136596679688e-05
2.765655517578125e-05
2.7418136596679688e-05
2.7179718017578125e-05
2.7418136596679688e-05
2.6941299438476562e-05
2.765655517578125e-05
2.7179718017578125e-05
2.7179718017578125e-05
2.7179718017578125e-05
2.7179718017578125e-05
2.7179718017578125e-05
2.7418136596679688e-05
2.7418136596679688e-05
8.559226989746094e-05
2.9802322387695312e-05
2.7179718017578125e-05
2.765655517578125e-05
2.7179718017578125e-05
2.7418136596679688e-05
2.765655517578125e-05
2.7179718017578125e-05
2.7179718017578125e-05
2.7179718017578125e-05
2.7179718017578125e-05
2.7179718017578125e-05
2.7418136596679688e-05
2.765655517578125e-05
4.744529724121094e-05
5.078315734863281e-05
3.218650817871094e-05
2.9802322387695312e-05
6.151199340820312e-05
3.0517578125e-05
2.8848648071289062e-05
2.765655517578125e-05
2.7894973754882812e-05
2.7179718017578125e-05
2.765655517578125e-05
2.7418136596679688e-05
2.8371810913085938e-05
2.7179718017578125e-05
2.7179718017578125e-05
2.7894973754882812e-05
2.7418136596679688e-05
2.765655517578125e-05
2.7179718017578125e-05
2.7418136596679688e-05
2.7179718017578125e-05
2.7179718017578125e-05