0.6912083625793457
0.7810821533203125
0.651181697845459
0.7119715213775635
0.7167086601257324
0.6901712417602539
0.647594690322876
0.6404478549957275
0.5906164646148682
0.560161828994751
0.6625559329986572
0.7543413639068604
0.7225723266601562
0.6803641319274902
0.750662088394165
0.756587028503418
0.7462151050567627
0.7547414302825928
0.7662692070007324
0.6791062355041504
0.5117692947387695
0.7049145698547363
0.625676155090332
0.574958324432373
0.577392578125
0.5817673206329346
0.5458869934082031
0.5852599143981934
0.6079175472259521
0.620079755783081
0.6405096054077148
0.6772558689117432
0.6198995113372803
0.6424579620361328
0.6513118743896484
0.5722329616546631
0.643538236618042
0.5585145950317383
0.6483042240142822
0.7040069103240967
0.6630687713623047
0.6180398464202881
0.5748021602630615
0.7012550830841064
0.6794593334197998
0.6443848609924316
0.7015466690063477
0.5917091369628906
0.5457255840301514
0.6281406879425049
0.6318526268005371
0.5439724922180176
0.6232960224151611
0.6426496505737305
0.5945851802825928
0.6001937389373779
0.6246085166931152
0.5642743110656738
0.6215448379516602
0.6057488918304443
0.6284134387969971
0.5201051235198975
0.6202423572540283
0.6248276233673096
0.58638596534729
0.6296517848968506
0.5817229747772217
0.5748839378356934
0.6277422904968262
0.6265726089477539
0.6518335342407227
0.6192073822021484
0.6133105754852295
0.6225020885467529
0.5870282649993896
0.6201374530792236
0.6128175258636475
0.6188926696777344
0.6020491123199463
0.6438462734222412
0.6181035041809082
0.6303544044494629
0.6146838665008545
0.5930118560791016
0.614048957824707
0.6210846900939941
0.6069660186767578
0.6537277698516846
0.6117963790893555
0.5929141044616699
0.5367989540100098
0.5788042545318604
0.5678911209106445
0.613276481628418
0.627741813659668
0.6152472496032715
0.6603806018829346
0.6242220401763916
0.6229856014251709
0.6263430118560791
0.5759601593017578
0.6170470714569092
0.5963089466094971
0.5343143939971924
0.5771534442901611
0.603611946105957
0.5993058681488037
0.6274204254150391
0.5982959270477295
0.5285642147064209
0.6288726329803467
0.6302950382232666
0.5535151958465576
0.6283390522003174
0.6399176120758057
0.6184117794036865
0.616591215133667
0.5812807083129883
0.5969305038452148
0.517805814743042
0.575430154800415
0.630018949508667
0.598109245300293
0.6150758266448975
0.6172966957092285
0.603679895401001
0.6279616355895996
0.6185121536254883
0.6200344562530518
0.5321180820465088
0.6310548782348633
0.6480271816253662
0.6299965381622314
0.6011331081390381
0.5979597568511963
0.6268651485443115
0.6295740604400635
0.6237809658050537
0.5717687606811523
0.6529886722564697
0.5990650653839111
0.5634458065032959
0.6195895671844482
0.5886325836181641
0.6035778522491455
0.6212632656097412
0.5810871124267578
0.5896413326263428
0.6287610530853271
0.6592452526092529
0.6265652179718018
0.6188144683837891
0.6195278167724609
0.6282222270965576
0.6221175193786621
0.5986111164093018
0.6166815757751465
0.6548163890838623
0.5981488227844238
0.6119756698608398
0.624582052230835
0.6273818016052246
0.6227092742919922
0.6042993068695068
0.5493099689483643
0.6109819412231445
0.5735635757446289
0.6246695518493652
0.6344845294952393
0.6323955059051514
0.5882642269134521
0.6311168670654297
0.5766370296478271
0.5759062767028809
0.6192855834960938
0.6673421859741211
0.5917489528656006
0.6098041534423828
0.6000051498413086
0.6236739158630371
0.6213116645812988
0.6147441864013672
0.611485481262207
0.6307287216186523
0.6243441104888916
0.588202714920044
0.5716476440429688
0.5628814697265625
0.6034255027770996
0.6001389026641846
0.5797336101531982
0.6025528907775879
0.6307568550109863
0.6239185333251953
0.6162409782409668
0.545163631439209
0.572035551071167
0.5878841876983643
0.5854134559631348
0.5840489864349365
0.6196000576019287
0.64520263671875
0.5573952198028564
0.5976645946502686
0.6241536140441895
0.6248555183410645
0.6233000755310059
0.6227457523345947
0.595818281173706
0.6251025199890137
0.6290597915649414
0.618452787399292
0.6196393966674805
0.5783712863922119
0.6006019115447998
0.6261303424835205
0.6138997077941895
0.6266140937805176
0.56984543800354
0.6169755458831787
0.6182069778442383
0.6046338081359863
0.6176602840423584
0.6268312931060791
0.5912301540374756
0.5355854034423828
0.5366008281707764
0.6401011943817139
0.5485169887542725
0.618023157119751
0.6246240139007568
0.6008210182189941
0.6211910247802734
0.6212751865386963
0.6032500267028809
0.5797467231750488
0.6364827156066895
0.590142011642456
0.6152215003967285
0.6247661113739014
0.6159501075744629
0.5705580711364746
0.5744774341583252
0.604820966720581
0.6446030139923096
0.6393847465515137
0.6162617206573486
0.606940507888794
0.6116542816162109
0.6040518283843994
0.5993010997772217
0.6267037391662598
0.5623331069946289
0.6222164630889893
0.6221985816955566
0.5393970012664795
0.6240501403808594
0.6216292381286621
0.6094315052032471
0.6195950508117676
0.6255812644958496
0.6243336200714111
0.6206591129302979
0.5963835716247559
0.5200746059417725
0.6288547515869141
0.5639147758483887
0.5721724033355713
0.5971391201019287
0.60807204246521
0.6267416477203369
0.6487934589385986
0.6093363761901855
0.5945847034454346
0.6196939945220947
0.5567104816436768
0.6318662166595459
0.574519157409668
0.5881648063659668
0.6208951473236084
0.6360344886779785
0.582467794418335
0.5259337425231934
0.6225321292877197
0.5533936023712158
0.6260280609130859
0.6056981086730957
0.605548620223999
0.6480615139007568
0.5979225635528564
0.5581619739532471
0.5323672294616699
0.5613865852355957
0.6166074275970459
0.5804493427276611
0.5619137287139893
0.5983119010925293
0.6521975994110107
0.6128396987915039
0.5747199058532715
0.616314172744751
0.6007156372070312
0.6168460845947266
0.5629715919494629
0.5248403549194336
0.6180634498596191
0.6211249828338623
0.6242995262145996
0.603304386138916
0.6116721630096436
0.5807173252105713
0.6166675090789795
0.605506181716919
0.6140780448913574
0.5922319889068604
0.6501069068908691
0.5707907676696777
0.6104862689971924
0.558565616607666
0.5711262226104736
0.5101981163024902
0.6223692893981934
0.620880126953125
0.5294704437255859
0.633589506149292
0.6263659000396729
0.5830614566802979
0.6153671741485596
0.5699584484100342
0.5870163440704346
0.6244854927062988
0.6217784881591797
0.6180102825164795
0.6373770236968994
0.595752477645874
0.6167135238647461
0.6132824420928955
0.6209800243377686
0.6133711338043213
0.6015255451202393
0.6293838024139404
0.6397848129272461
0.6230709552764893
0.5672469139099121
0.6169381141662598
0.5170142650604248
0.6298315525054932
0.6245782375335693
0.6164617538452148
0.6212646961212158
0.6511459350585938
0.5334303379058838
0.6286981105804443
0.6026809215545654
0.6293745040893555
0.6074976921081543
0.5705068111419678
0.6241471767425537
0.5997064113616943
0.6481001377105713
0.6076598167419434
0.6062138080596924
0.6229798793792725
0.6285550594329834
0.6267144680023193
0.6313979625701904
0.6159365177154541
0.653876781463623
0.5956370830535889
0.5995285511016846
0.6229462623596191
0.6361377239227295
0.6280574798583984
0.6320061683654785
0.6572518348693848
0.625434398651123
0.637192964553833
0.6176073551177979
0.6223499774932861
0.6329283714294434
0.6143996715545654
0.5924317836761475
0.5999298095703125
0.5945813655853271
0.6548202037811279
0.5552892684936523
0.5790808200836182
0.526843786239624
0.6144788265228271
0.6332271099090576
0.6280014514923096
0.5930721759796143
0.6269645690917969
0.641247034072876
0.5866889953613281
0.6026637554168701
0.5435833930969238
0.6067843437194824
0.6130716800689697
0.5451161861419678
0.6218712329864502
0.596710205078125
0.6513819694519043
0.6019666194915771
0.6353816986083984
0.6107628345489502
0.6196253299713135
0.6253867149353027
0.6185302734375
0.5229036808013916
0.640312671661377
0.6064355373382568
0.6193888187408447
0.598879337310791
0.5243129730224609
0.6211967468261719
0.6029026508331299
0.5688600540161133
0.6170022487640381
0.623560905456543
0.6330580711364746
0.613187313079834
0.5230922698974609
0.6259355545043945
0.5983719825744629
0.6062209606170654
0.5806865692138672
0.615020751953125
0.6505751609802246
0.5348448753356934
0.6148679256439209
0.5143096446990967
0.6207616329193115
0.548959493637085
0.6132440567016602
0.6225874423980713
0.6169586181640625
0.6523151397705078
0.6330785751342773
0.5913529396057129
0.5241425037384033
0.6223366260528564
0.6074023246765137
0.6406819820404053
0.607011079788208
0.6294810771942139
0.5716457366943359
0.6002533435821533
0.5828745365142822
0.572636604309082
0.5792462825775146
0.606189489364624
0.6018276214599609
0.5926816463470459
0.5533151626586914
0.5716185569763184
0.6128740310668945
0.5652475357055664
0.613980770111084
0.6281042098999023
0.6049075126647949
0.6112792491912842
0.6078686714172363
0.6187994480133057
0.6425619125366211
0.6258699893951416
0.6193122863769531
0.588632345199585
0.6278297901153564
0.6069185733795166
0.5797107219696045
0.6178545951843262
0.6223416328430176
0.6121435165405273
0.6184895038604736
0.6189608573913574
0.5983202457427979
0.5957248210906982
0.621624231338501
0.6156637668609619
0.5607552528381348
0.6461496353149414
0.6323726177215576
0.6009795665740967
0.6248922348022461
0.6178073883056641
0.628166913986206
0.6226115226745605
0.6096045970916748
0.5649116039276123
0.6262924671173096
0.6282851696014404
0.6098301410675049
0.5655791759490967
0.6187267303466797
0.574059009552002
0.5583889484405518
0.6207301616668701
0.5905919075012207
0.5686604976654053