0.11647343635559082
0.10266637802124023
0.10248947143554688
0.11866021156311035
0.10754799842834473
0.1237494945526123
0.13642668724060059
0.0771644115447998
0.06975722312927246
0.07683944702148438
0.07467317581176758
0.10552096366882324
0.0684971809387207
0.09158992767333984
0.1031184196472168
0.10095906257629395
0.10245347023010254
0.09207606315612793
0.08823347091674805
0.0904548168182373
0.09563374519348145
0.10718894004821777
0.10314178466796875
0.11337900161743164
0.07875728607177734
0.08262228965759277
0.10100197792053223
0.08855557441711426
0.09392499923706055
0.10294508934020996
0.08372926712036133
0.08321189880371094
0.09571480751037598
0.12869763374328613
0.07912206649780273
0.08899521827697754
0.0801546573638916
0.11637234687805176
0.08580827713012695
0.10703825950622559
0.08883976936340332
0.09918522834777832
0.0974280834197998
0.11252284049987793
0.08275747299194336
0.0979609489440918
0.11140704154968262
0.1237647533416748
0.07982110977172852
0.07602977752685547
0.10183000564575195
0.11292290687561035
0.07624936103820801
0.11123323440551758
0.08222103118896484
0.10867142677307129
0.09478306770324707
0.12704133987426758
0.0881032943725586
0.08007192611694336
0.08898758888244629
0.09577155113220215
0.11080813407897949
0.08990144729614258
0.0972754955291748
0.07788324356079102
0.10520601272583008
0.05863523483276367
0.10860347747802734
0.09623265266418457
0.11681389808654785
0.10301947593688965
0.09223413467407227
0.10371923446655273
0.09307479858398438
0.08978986740112305
0.09254217147827148
0.09084153175354004
0.11132383346557617
0.09245800971984863
0.11004090309143066
0.0986015796661377
0.08887481689453125
0.09798097610473633
0.11544108390808105
0.10436391830444336
0.11636948585510254
0.11313843727111816
0.10548162460327148
0.10870242118835449
0.1374514102935791
0.10776376724243164
0.08701205253601074
0.12484288215637207
0.08727908134460449
0.08884096145629883
0.0954446792602539
0.08156681060791016
0.08059191703796387
0.09376835823059082