0.15599584579467773
0.2091362476348877
0.18799901008605957
0.19331026077270508
0.21130752563476562
0.19984078407287598
0.2301311492919922
0.1930398941040039
0.21021747589111328
0.20535564422607422
0.2176508903503418
0.17480731010437012
0.2330174446105957
0.20067834854125977
0.1537461280822754
0.1936662197113037
0.2153632640838623
0.2069683074951172
0.1777036190032959
0.18449854850769043
0.1692218780517578
0.16872239112854004
0.209913969039917
0.22196435928344727
0.19150543212890625
0.1698007583618164
0.23239755630493164
0.1673288345336914
0.19083476066589355
0.158278226852417
0.19032692909240723
0.20442557334899902
0.2411055564880371
0.14601850509643555
0.1618809700012207
0.16043639183044434
0.16646504402160645
0.2136821746826172
0.21942448616027832
0.21022295951843262
0.17825818061828613
0.13510560989379883
0.17857813835144043
0.19952058792114258
0.16590309143066406
0.21769237518310547
0.17393994331359863
0.18417119979858398
0.21384382247924805
0.237335205078125
0.1906130313873291
0.18530511856079102
0.16676974296569824
0.21668267250061035
0.20205044746398926
0.1738567352294922
0.21370315551757812
0.26479291915893555
0.15633344650268555
0.1901237964630127
0.2222428321838379
0.14202880859375
0.1798384189605713
0.24550199508666992
0.2109522819519043
0.19405293464660645
0.17797589302062988
0.213897705078125
0.22048139572143555
0.19845318794250488
0.18085575103759766
0.21054768562316895
0.13920140266418457
0.2053830623626709
0.21166038513183594
0.19484519958496094
0.17873573303222656
0.1738271713256836
0.16998648643493652
0.19006919860839844
0.18564224243164062
0.229475736618042
0.23335576057434082
0.16959810256958008
0.20990777015686035
0.16013193130493164
0.17595195770263672
0.19631004333496094
0.19917011260986328
0.19149518013000488
0.20450925827026367
0.19777512550354004
0.15954256057739258
0.2083146572113037
0.1844637393951416
0.20407533645629883
0.13616394996643066
0.18851017951965332
0.17779779434204102
0.1724996566772461