0.016713091922005572
0.030970815961882073
0.004282655246252677
0.0209366391184573
0.02743022136669875
0.0
0.012418687167356593
0.0066857688634192934
0.018937644341801386
0.03152654867256637
0.017252820172528202
0.0011185682326621924
0.000513083632632119
0.026601520086862108
0.0028011204481792717
0.0038077106139933364
0.0
0.0
0.01746276322547509
0.0
0.09240506329113925
0.10419753086419753
0.02227488151658768
0.04852203011712214
0.005071461502996773
0.008673469387755102
0.018258426966292134
0.09060877772534215
0.01638504864311316
0.09155766944114149
0.12533572068039392
0.0025037556334501754
0.030226700251889168
0.011710794297352342
0.05872667398463227
0.0
0.029193899782135078
0.023957834211787255
0.05963302752293578
0.018056293149229952
0.06566416040100251
0.02170767004341534
0.0
0.016597510373443983
0.0
0.009551800146950772
0.008533333333333334
0.005964214711729622
0.01488833746898263
0.01782752902155887
0.011074918566775244
0.0048
0.015042117930204572
0.016244624940277116
0.016940451745379878
0.09044715447154472
0.03382663847780127
0.006937033084311633
0.02430379746835443
0.051673517322372284
0.006029285099052541
0.0
0.01216764308246958
0.0
0.024498886414253896
0.08563968668407311
0.017652671755725192
0.018967334035827187
0.002012072434607646
0.0
0.027224112785610113
0.045405982905982904
0.015776699029126214
0.0159846547314578
0.0139234211834908
0.042986425339366516
0.0
0.016114180478821363
0.0
0.011071967790639155
0.08072487644151564
0.027354024197790636
0.05399325084364454
0.0021493820526598604
0.016439909297052153
0.018443804034582133
0.0
0.029580573951434878
0.012364760432766615
0.028700056274620148
0.009813542688910697
0.02860858257477243
0.0
0.009876543209876543
0.027737226277372264
0.01337613697164259
0.007680491551459293
0.0024024024024024023
0.026350461133069828
0.009389671361502348