3.9577484130859375e-05
3.504753112792969e-05
3.337860107421875e-05
3.314018249511719e-05
3.2901763916015625e-05
3.266334533691406e-05
5.14984130859375e-05
4.935264587402344e-05
3.24249267578125e-05
3.266334533691406e-05
3.266334533691406e-05
3.2901763916015625e-05
5.340576171875e-05
4.935264587402344e-05
3.1948089599609375e-05
3.24249267578125e-05
3.1948089599609375e-05
3.24249267578125e-05
3.218650817871094e-05
3.1948089599609375e-05
6.4849853515625e-05
3.218650817871094e-05
3.218650817871094e-05
3.1948089599609375e-05
3.266334533691406e-05
5.078315734863281e-05
7.2479248046875e-05
3.4332275390625e-05
4.839897155761719e-05
3.504753112792969e-05
3.170967102050781e-05
3.2901763916015625e-05
3.24249267578125e-05
3.24249267578125e-05
3.24249267578125e-05
3.1948089599609375e-05
3.24249267578125e-05
3.266334533691406e-05
3.24249267578125e-05
3.24249267578125e-05
3.24249267578125e-05
3.24249267578125e-05
3.24249267578125e-05
3.266334533691406e-05
3.24249267578125e-05
3.266334533691406e-05
3.24249267578125e-05
3.24249267578125e-05
3.24249267578125e-05
3.409385681152344e-05
3.2901763916015625e-05
3.2901763916015625e-05
3.24249267578125e-05
3.24249267578125e-05
3.2901763916015625e-05
3.266334533691406e-05
3.266334533691406e-05
3.24249267578125e-05
3.218650817871094e-05
4.482269287109375e-05
3.4332275390625e-05
3.409385681152344e-05
3.361701965332031e-05
3.457069396972656e-05
3.457069396972656e-05
3.4809112548828125e-05
3.4332275390625e-05
3.4332275390625e-05
3.4332275390625e-05
3.457069396972656e-05
3.4332275390625e-05
3.409385681152344e-05
3.457069396972656e-05
3.457069396972656e-05
3.4332275390625e-05
3.457069396972656e-05
3.457069396972656e-05
3.4332275390625e-05
3.457069396972656e-05
3.457069396972656e-05
3.4332275390625e-05
3.4332275390625e-05
3.504753112792969e-05
3.4332275390625e-05
3.4332275390625e-05
3.4809112548828125e-05
3.409385681152344e-05
3.457069396972656e-05
3.457069396972656e-05
8.821487426757812e-05
3.504753112792969e-05
3.4332275390625e-05
3.409385681152344e-05
3.504753112792969e-05
3.457069396972656e-05
3.457069396972656e-05
3.457069396972656e-05
3.457069396972656e-05
3.409385681152344e-05
3.409385681152344e-05