1 27 8442
2 27 11197
3 27 9702
4 27 10746
5 27 10800
6 27 10611
7 27 10800
8 27 8917
9 27 10206
10 27 10840
11 27 10963
12 27 10145
13 27 11243
14 27 10584
15 27 8758
16 27 9846
17 27 11608
18 27 12264
19 27 10498
20 27 10574
21 27 9916
22 27 10053
23 27 11328
24 27 11796
25 27 10175
26 27 9364
27 27 10999
28 27 9234
29 27 10861
30 27 10049
31 27 10530
32 27 11414
33 27 13025
34 27 8744
35 27 8546
36 27 9968
37 27 8885
38 27 11324
39 27 10251
40 27 10852
41 27 10157
42 27 7433
43 27 9078
44 27 10733
45 27 9224
46 27 11082
47 27 9232
48 27 10073
49 27 10523
50 27 12177
51 27 9662
52 27 10007
53 27 9843
54 27 10692
55 27 10213
56 27 8841
57 27 10441
58 27 13123
59 27 8616
60 27 9135
61 27 10371
62 27 8673
63 27 9661
64 27 11145
65 27 12466
66 27 10708
67 27 9558
68 27 10873
69 27 10708
70 27 11056
71 27 8953
72 27 11421
73 27 8390
74 27 11450
75 27 10839
76 27 9862
77 27 9492
78 27 9740
79 27 9817
80 27 9730
81 27 9305
82 27 10491
83 27 11342
84 27 9513
85 27 10573
86 27 8907
87 27 9642
88 27 11077
89 27 10410
90 27 10280
91 27 11125
92 27 11115
93 27 10099
94 27 10725
95 27 9985
96 27 10866
97 27 8809
98 27 10232
99 27 9984
100 27 9890