2.1219253540039062e-05
1.71661376953125e-05
1.621246337890625e-05
1.5497207641601562e-05
1.5735626220703125e-05
1.5974044799804688e-05
1.5497207641601562e-05
1.5497207641601562e-05
1.5497207641601562e-05
1.5497207641601562e-05
1.5735626220703125e-05
1.5735626220703125e-05
1.5735626220703125e-05
1.5020370483398438e-05
1.52587890625e-05
1.5497207641601562e-05
1.5497207641601562e-05
1.5497207641601562e-05
1.52587890625e-05
1.52587890625e-05
1.5497207641601562e-05
1.5497207641601562e-05
1.52587890625e-05
1.5735626220703125e-05
1.5974044799804688e-05
1.52587890625e-05
1.52587890625e-05
1.5497207641601562e-05
1.52587890625e-05
1.5497207641601562e-05
1.5735626220703125e-05
1.5497207641601562e-05
3.0279159545898438e-05
4.315376281738281e-05
3.504753112792969e-05
3.314018249511719e-05
1.6689300537109375e-05
1.621246337890625e-05
1.6450881958007812e-05
1.621246337890625e-05
2.956390380859375e-05
4.696846008300781e-05
3.0517578125e-05
1.6450881958007812e-05
1.6450881958007812e-05
1.6450881958007812e-05
1.6450881958007812e-05
1.621246337890625e-05
5.2928924560546875e-05
1.6450881958007812e-05
1.5974044799804688e-05
1.6689300537109375e-05
1.6689300537109375e-05
3.361701965332031e-05
1.6927719116210938e-05
1.71661376953125e-05
1.6450881958007812e-05
3.1948089599609375e-05
1.5974044799804688e-05
1.5735626220703125e-05
1.5497207641601562e-05
1.5497207641601562e-05
1.5497207641601562e-05
1.5497207641601562e-05
1.5497207641601562e-05
1.5735626220703125e-05
1.5974044799804688e-05
1.5974044799804688e-05
1.5497207641601562e-05
1.52587890625e-05
1.5735626220703125e-05
1.5735626220703125e-05
1.52587890625e-05
1.52587890625e-05
1.5497207641601562e-05
1.5497207641601562e-05
1.5735626220703125e-05
1.5735626220703125e-05
1.5497207641601562e-05
1.5497207641601562e-05
1.52587890625e-05
1.52587890625e-05
1.52587890625e-05
1.5974044799804688e-05
1.5735626220703125e-05
1.5497207641601562e-05
1.5497207641601562e-05
1.5497207641601562e-05
1.5497207641601562e-05
1.5974044799804688e-05
1.5497207641601562e-05
1.52587890625e-05
1.5020370483398438e-05
1.5497207641601562e-05
1.5497207641601562e-05
1.52587890625e-05
1.52587890625e-05
1.5497207641601562e-05
1.5735626220703125e-05
1.5497207641601562e-05