0.06035447120666504
0.07119202613830566
0.0689234733581543
0.07096624374389648
0.07763385772705078
0.07366704940795898
0.07658696174621582
0.06406307220458984
0.06889700889587402
0.06600666046142578
0.0467524528503418
0.043843984603881836
0.07368898391723633
0.05331301689147949
0.06596851348876953
0.057621002197265625
0.06476235389709473
0.06349682807922363
0.0662386417388916
0.06942129135131836
0.07593607902526855
0.04570436477661133
0.07472920417785645
0.06770849227905273
0.06080794334411621
0.07179689407348633
0.08185100555419922
0.06092476844787598
0.07089614868164062
0.06685495376586914
0.05989575386047363
0.07247161865234375
0.07171010971069336
0.07887554168701172
0.06641292572021484
0.05730247497558594
0.07266592979431152
0.051973819732666016
0.05537223815917969
0.05712318420410156
0.060567378997802734
0.06612539291381836
0.05302166938781738
0.04582476615905762
0.06647300720214844
0.050321340560913086
0.05331230163574219
0.0602264404296875
0.06268572807312012
0.06435179710388184
0.06877946853637695
0.06469011306762695
0.07611441612243652
0.07379364967346191
0.05684232711791992
0.04239678382873535
0.05591559410095215
0.07299089431762695
0.07937455177307129
0.08169770240783691
0.06460452079772949
0.07688450813293457
0.06311774253845215
0.060149431228637695
0.06711411476135254
0.05548596382141113
0.057276248931884766
0.07985901832580566
0.06256914138793945
0.0648200511932373
0.05312156677246094
0.0686802864074707
0.06532931327819824
0.057538509368896484
0.0677032470703125
0.0736384391784668
0.05459237098693848
0.07207679748535156
0.054128408432006836
0.05696368217468262
0.06089591979980469
0.07832789421081543
0.047374725341796875
0.06828498840332031
0.07712554931640625
0.08301496505737305
0.07625842094421387
0.08648896217346191
0.05995798110961914
0.04465746879577637
0.08778882026672363
0.07601523399353027
0.07542824745178223
0.05821585655212402
0.05144953727722168
0.0841221809387207
0.06349611282348633
0.07646012306213379
0.07833576202392578
0.06360173225402832