0.1010284423828125
0.13581562042236328
0.1183016300201416
0.13199520111083984
0.13813161849975586
0.12590956687927246
0.15150785446166992
0.12591171264648438
0.13671636581420898
0.13456964492797852
0.14480090141296387
0.11687707901000977
0.1505584716796875
0.13277912139892578
0.10040020942687988
0.12844467163085938
0.1320655345916748
0.13810181617736816
0.11365652084350586
0.11781692504882812
0.10529899597167969
0.10319352149963379
0.12673163414001465
0.13968944549560547
0.11513686180114746
0.10570263862609863
0.13803863525390625
0.11040616035461426
0.12530183792114258
0.10206055641174316
0.12153172492980957
0.1356344223022461
0.15439343452453613
0.09822654724121094
0.11141014099121094
0.11591625213623047
0.10669851303100586
0.13600921630859375
0.13919878005981445
0.13771772384643555
0.1170651912689209
0.08134865760803223
0.10935163497924805
0.1270277500152588
0.1080169677734375
0.14290761947631836
0.11075258255004883
0.12358808517456055
0.13744854927062988
0.15202856063842773
0.12412285804748535
0.12385034561157227
0.11298227310180664
0.12559294700622559
0.11834526062011719
0.11258912086486816
0.12973856925964355
0.16045928001403809
0.09686636924743652
0.1205441951751709
0.13463163375854492
0.08734250068664551
0.11272525787353516
0.1639420986175537
0.13305163383483887
0.11769914627075195
0.11046051979064941
0.14808058738708496
0.15084099769592285
0.12032246589660645
0.10918593406677246
0.13260936737060547
0.09203696250915527
0.16227412223815918
0.17174482345581055
0.14842009544372559
0.12520551681518555
0.13761472702026367
0.13346052169799805
0.1407015323638916
0.10727047920227051
0.13614416122436523
0.14803671836853027
0.14349102973937988
0.18620514869689941
0.12384390830993652
0.11317110061645508
0.1330878734588623
0.1957399845123291
0.1349647045135498
0.18273472785949707
0.16575860977172852
0.12644410133361816
0.13942646980285645
0.14774346351623535
0.16658329963684082
0.10885214805603027
0.13171768188476562
0.1193852424621582
0.11910748481750488