0.16476130485534668
0.2184290885925293
0.20459342002868652
0.1750342845916748
0.17509913444519043
0.13620615005493164
0.1724696159362793
0.10991787910461426
0.1907346248626709
0.16112637519836426
0.1332085132598877
0.16362428665161133
0.17907142639160156
0.15672922134399414
0.15181541442871094
0.16745591163635254
0.14420104026794434
0.15734457969665527
0.13567543029785156
0.14361810684204102
0.13983678817749023
0.13462185859680176
0.15841364860534668
0.1274721622467041
0.17641210556030273
0.1360025405883789
0.12438488006591797
0.15819978713989258
0.15194082260131836
0.11834859848022461
0.1242377758026123
0.19301915168762207
0.15898823738098145
0.18603897094726562
0.15269088745117188
0.1801440715789795
0.15216422080993652
0.11477303504943848
0.1611652374267578
0.16057705879211426
0.14006567001342773
0.14604902267456055
0.15229582786560059
0.11827516555786133
0.15026140213012695
0.1673734188079834
0.17916250228881836
0.1714799404144287
0.16360712051391602
0.12051510810852051
0.17748546600341797
0.2001500129699707
0.14187979698181152
0.15815186500549316
0.21453595161437988
0.14317965507507324
0.19849419593811035
0.21954989433288574
0.22521638870239258
0.207291841506958
0.2095651626586914
0.17327165603637695
0.16608667373657227
0.20103955268859863
0.18068218231201172
0.17983031272888184
0.14269447326660156
0.1375575065612793
0.12261271476745605
0.15043020248413086
0.15339040756225586
0.12470221519470215
0.1482546329498291
0.2340083122253418
0.18541383743286133
0.1318652629852295
0.2033977508544922
0.17854833602905273
0.14237093925476074
0.12761235237121582
0.15086078643798828
0.1666264533996582
0.16402649879455566
0.16948962211608887
0.1983802318572998
0.15303611755371094
0.14664745330810547
0.13128209114074707
0.14762067794799805
0.14517426490783691
0.12683629989624023
0.15913105010986328
0.15757966041564941
0.13841557502746582
0.16732192039489746
0.17187213897705078
0.13660621643066406
0.160292387008667
0.13928437232971191
0.15692996978759766