0.18564414978027344
0.22908258438110352
0.23566007614135742
0.2297956943511963
0.2259366512298584
0.22504281997680664
0.25118422508239746
0.23087763786315918
0.17340469360351562
0.190720796585083
0.17951512336730957
0.16865205764770508
0.21960735321044922
0.2615039348602295
0.2189645767211914
0.19466471672058105
0.21256518363952637
0.186661958694458
0.2344837188720703
0.17589998245239258
0.27995800971984863
0.18472862243652344
0.21197772026062012
0.17481350898742676
0.21316146850585938
0.2613797187805176
0.2364952564239502
0.23407268524169922
0.2754073143005371
0.24886846542358398
0.2649421691894531
0.3015875816345215
0.20358610153198242
0.27460241317749023
0.23743462562561035
0.1660599708557129
0.22785663604736328
0.1959519386291504
0.25375986099243164
0.26993536949157715
0.2539970874786377
0.3416717052459717
0.19673395156860352
0.23209238052368164
0.2003185749053955
0.20451879501342773
0.2582845687866211
0.2648792266845703
0.183882474899292
0.2491316795349121
0.2546229362487793
0.2369682788848877
0.2608335018157959
0.2574160099029541
0.23847532272338867
0.22286510467529297
0.2647690773010254
0.2657921314239502
0.2234025001525879
0.2406933307647705
0.24896478652954102
0.17163920402526855
0.2754507064819336
0.28922510147094727
0.24839520454406738
0.26323533058166504
0.2930476665496826
0.2833280563354492
0.24186372756958008
0.31209897994995117
0.20330572128295898
0.2667984962463379
0.3716461658477783
0.3510909080505371
0.28196263313293457
0.24242949485778809
0.22629165649414062
0.25617408752441406
0.2639729976654053
0.21057939529418945
0.2381598949432373
0.2244887351989746
0.31292247772216797
0.2579045295715332
0.22577166557312012
0.2229292392730713
0.24957704544067383
0.27806591987609863
0.2790682315826416
0.19923925399780273
0.22279596328735352
0.23998451232910156
0.23946118354797363
0.18593835830688477
0.2550051212310791
0.21896028518676758
0.21668481826782227
0.1714153289794922
0.22337055206298828
0.18944811820983887