2.9802322387695312e-05
2.574920654296875e-05
2.4318695068359375e-05
2.3603439331054688e-05
2.384185791015625e-05
2.3126602172851562e-05
2.384185791015625e-05
2.3603439331054688e-05
2.3603439331054688e-05
2.3126602172851562e-05
2.3603439331054688e-05
2.3365020751953125e-05
2.3126602172851562e-05
2.3126602172851562e-05
2.3365020751953125e-05
2.288818359375e-05
2.3126602172851562e-05
2.3126602172851562e-05
2.3126602172851562e-05
2.3365020751953125e-05
2.3365020751953125e-05
2.3126602172851562e-05
2.288818359375e-05
2.288818359375e-05
2.288818359375e-05
2.288818359375e-05
2.288818359375e-05
2.3126602172851562e-05
2.3603439331054688e-05
2.3126602172851562e-05
2.3126602172851562e-05
2.288818359375e-05
2.288818359375e-05
2.3603439331054688e-05
2.3603439331054688e-05
2.3365020751953125e-05
2.3126602172851562e-05
2.3365020751953125e-05
2.3365020751953125e-05
2.3126602172851562e-05
2.3126602172851562e-05
2.3603439331054688e-05
2.2649765014648438e-05
2.3126602172851562e-05
2.3126602172851562e-05
2.288818359375e-05
2.3365020751953125e-05
2.3126602172851562e-05
2.288818359375e-05
2.3603439331054688e-05
2.3126602172851562e-05
2.3126602172851562e-05
2.3126602172851562e-05
2.3365020751953125e-05
2.3126602172851562e-05
2.288818359375e-05
2.288818359375e-05
2.3126602172851562e-05
2.288818359375e-05
2.288818359375e-05
2.288818359375e-05
2.3126602172851562e-05
2.3126602172851562e-05
2.3365020751953125e-05
2.3365020751953125e-05
2.3365020751953125e-05
2.3365020751953125e-05
2.3365020751953125e-05
2.3365020751953125e-05
2.3126602172851562e-05
2.3365020751953125e-05
2.3126602172851562e-05
2.3365020751953125e-05
2.288818359375e-05
2.3126602172851562e-05
2.288818359375e-05
2.288818359375e-05
2.3603439331054688e-05
2.3365020751953125e-05
2.288818359375e-05
2.3365020751953125e-05
2.3365020751953125e-05
2.3365020751953125e-05
2.3126602172851562e-05
2.3365020751953125e-05
2.3365020751953125e-05
2.288818359375e-05
2.3126602172851562e-05
2.3126602172851562e-05
2.3365020751953125e-05
2.3126602172851562e-05
2.3126602172851562e-05
2.3603439331054688e-05
2.288818359375e-05
2.3365020751953125e-05
5.125999450683594e-05
2.4080276489257812e-05
2.3603439331054688e-05
2.4318695068359375e-05
4.38690185546875e-05