2.5987625122070312e-05
2.193450927734375e-05
2.1696090698242188e-05
2.1696090698242188e-05
2.1219253540039062e-05
2.1457672119140625e-05
2.1219253540039062e-05
2.0503997802734375e-05
2.0742416381835938e-05
2.0742416381835938e-05
2.0742416381835938e-05
2.0503997802734375e-05
2.0742416381835938e-05
2.0265579223632812e-05
2.0265579223632812e-05
2.0503997802734375e-05
2.0742416381835938e-05
2.0742416381835938e-05
2.0503997802734375e-05
2.0265579223632812e-05
2.0503997802734375e-05
2.002716064453125e-05
2.0265579223632812e-05
2.0742416381835938e-05
2.0503997802734375e-05
2.0265579223632812e-05
2.0742416381835938e-05
2.0503997802734375e-05
2.0265579223632812e-05
2.0265579223632812e-05
2.002716064453125e-05
2.0503997802734375e-05
2.0265579223632812e-05
2.0265579223632812e-05
3.910064697265625e-05
3.3855438232421875e-05
2.0503997802734375e-05
2.0265579223632812e-05
2.0742416381835938e-05
2.0503997802734375e-05
2.0265579223632812e-05
2.0742416381835938e-05
2.09808349609375e-05
2.0742416381835938e-05
2.0503997802734375e-05
2.0265579223632812e-05
2.09808349609375e-05
2.0742416381835938e-05
2.0503997802734375e-05
2.0742416381835938e-05
2.0503997802734375e-05
2.0742416381835938e-05
2.09808349609375e-05
2.0742416381835938e-05
2.193450927734375e-05
3.62396240234375e-05
2.1696090698242188e-05
3.361701965332031e-05
2.0742416381835938e-05
2.0503997802734375e-05
2.0503997802734375e-05
2.0503997802734375e-05
2.1219253540039062e-05
2.0265579223632812e-05
2.0503997802734375e-05
2.0503997802734375e-05
2.0742416381835938e-05
2.0265579223632812e-05
2.0742416381835938e-05
2.0503997802734375e-05
2.0742416381835938e-05
2.09808349609375e-05
2.0265579223632812e-05
2.0503997802734375e-05
3.838539123535156e-05
2.193450927734375e-05
2.0503997802734375e-05
2.09808349609375e-05
2.0503997802734375e-05
2.0503997802734375e-05
2.0265579223632812e-05
2.0742416381835938e-05
2.0265579223632812e-05
2.0742416381835938e-05
2.0503997802734375e-05
2.0265579223632812e-05
2.0503997802734375e-05
2.0742416381835938e-05
2.0742416381835938e-05
2.0742416381835938e-05
2.0742416381835938e-05
7.939338684082031e-05
2.1696090698242188e-05
2.0503997802734375e-05
2.1219253540039062e-05
2.0742416381835938e-05
2.0503997802734375e-05
2.0503997802734375e-05
2.0742416381835938e-05
2.0503997802734375e-05