2.4318695068359375e-05
3.5762786865234375e-05
3.5762786865234375e-05
3.600120544433594e-05
1.8835067749023438e-05
2.002716064453125e-05
1.9311904907226562e-05
4.1961669921875e-05
1.9788742065429688e-05
3.4809112548828125e-05
1.8596649169921875e-05
3.552436828613281e-05
1.8596649169921875e-05
1.8358230590820312e-05
1.811981201171875e-05
3.647804260253906e-05
1.811981201171875e-05
3.62396240234375e-05
1.8835067749023438e-05
1.8358230590820312e-05
1.8835067749023438e-05
3.9577484130859375e-05
3.457069396972656e-05
1.8358230590820312e-05
1.8596649169921875e-05
1.8358230590820312e-05
1.7881393432617188e-05
1.8358230590820312e-05
1.8358230590820312e-05
1.8358230590820312e-05
1.8596649169921875e-05
3.4809112548828125e-05
1.811981201171875e-05
1.7881393432617188e-05
1.9073486328125e-05
1.8835067749023438e-05
6.0558319091796875e-05
3.719329833984375e-05
1.9550323486328125e-05
5.817413330078125e-05
1.8596649169921875e-05
3.504753112792969e-05
3.9577484130859375e-05
1.8358230590820312e-05
1.8596649169921875e-05
3.4809112548828125e-05
1.71661376953125e-05
1.71661376953125e-05
1.6927719116210938e-05
1.71661376953125e-05
1.71661376953125e-05
1.71661376953125e-05
1.6927719116210938e-05
1.71661376953125e-05
3.5762786865234375e-05
1.6927719116210938e-05
3.457069396972656e-05
1.8358230590820312e-05
3.361701965332031e-05
1.6927719116210938e-05
1.6927719116210938e-05
1.6927719116210938e-05
1.71661376953125e-05
1.6927719116210938e-05
1.71661376953125e-05
1.6689300537109375e-05
1.6927719116210938e-05
1.6689300537109375e-05
1.71661376953125e-05
1.6689300537109375e-05
1.6927719116210938e-05
1.6689300537109375e-05
1.71661376953125e-05
1.6927719116210938e-05
1.71661376953125e-05
1.6927719116210938e-05
1.71661376953125e-05
1.71661376953125e-05
1.71661376953125e-05
3.504753112792969e-05
1.6689300537109375e-05
1.6689300537109375e-05
1.6689300537109375e-05
1.6927719116210938e-05
1.71661376953125e-05
1.6689300537109375e-05
1.71661376953125e-05
1.6927719116210938e-05
1.6689300537109375e-05
1.6927719116210938e-05
1.6927719116210938e-05
1.6927719116210938e-05
1.9788742065429688e-05
1.6450881958007812e-05
1.6927719116210938e-05
1.6927719116210938e-05
1.6689300537109375e-05
1.6927719116210938e-05
3.528594970703125e-05
6.127357482910156e-05