0.0001800060272216797
0.00035858154296875
0.0006852149963378906
0.0004954338073730469
0.0020744800567626953
0.0005400180816650391
0.0005145072937011719
0.0017769336700439453
0.0023412704467773438
0.0005295276641845703
0.00014662742614746094
0.001764059066772461
0.0012166500091552734
0.00043511390686035156
8.845329284667969e-05
0.0007441043853759766
0.0004904270172119141
0.0005693435668945312
0.0006127357482910156
0.0006711483001708984
0.0006570816040039062
0.0007982254028320312
0.0005826950073242188
0.0009882450103759766
0.0003573894500732422
0.00023412704467773438
0.0003209114074707031
0.0004742145538330078
0.0002887248992919922
0.001466512680053711
0.0016222000122070312
0.0004184246063232422
0.0004405975341796875
0.0008828639984130859
0.0006463527679443359
0.0009577274322509766
0.0001614093780517578
0.0004558563232421875
0.001886606216430664
0.0012879371643066406
0.00044465065002441406
9.036064147949219e-05
0.0007288455963134766
0.0009660720825195312
0.0005843639373779297
0.00043845176696777344
0.0005040168762207031
0.0005743503570556641
0.0009918212890625
0.003233194351196289
0.0009052753448486328
0.00010371208190917969
0.0010128021240234375
0.0005011558532714844
0.0009655952453613281
0.0012149810791015625
0.00028443336486816406
0.0012657642364501953
0.0011112689971923828
0.0006597042083740234
0.00036215782165527344
0.0002818107604980469
0.00022292137145996094
0.00046563148498535156
0.0002529621124267578
0.0004296302795410156
0.0006778240203857422
0.0007848739624023438
0.0009150505065917969
0.0002384185791015625
0.0008635520935058594
0.000156402587890625
0.00010752677917480469
0.0006463527679443359
0.0007345676422119141
0.0012543201446533203
0.0031714439392089844
0.0015392303466796875
0.0012061595916748047
0.00037384033203125
0.00043201446533203125
0.0015141963958740234
0.0008544921875
0.0005464553833007812
0.00043845176696777344
0.0001239776611328125
0.0005745887756347656
0.001251220703125
0.0005970001220703125
0.00037980079650878906
0.0012121200561523438
0.0007348060607910156
0.0003197193145751953
0.0007417201995849609
0.00023555755615234375
0.00046324729919433594
0.0005726814270019531
0.00036263465881347656
0.00096893310546875
0.0007436275482177734