0.0008592605590820312
0.0005664825439453125
0.0022208690643310547
0.0032606124877929688
0.0027065277099609375
0.0016438961029052734
0.0011067390441894531
0.0008897781372070312
0.0015289783477783203
0.0007202625274658203
0.0010645389556884766
0.0009598731994628906
0.0001537799835205078
0.0006525516510009766
0.00080108642578125
0.002000570297241211
0.0010256767272949219
0.0008487701416015625
0.0023250579833984375
0.0006830692291259766
0.0010347366333007812
0.0007433891296386719
0.00034928321838378906
0.00042366981506347656
0.0011894702911376953
0.007422208786010742
0.0037221908569335938
0.003427743911743164
0.0010304450988769531
0.0015888214111328125
0.0017004013061523438
0.0006198883056640625
0.0007922649383544922
0.0007112026214599609
0.0002765655517578125
0.0016026496887207031
0.001558065414428711
0.001985311508178711
0.0003619194030761719
0.0003216266632080078
0.0006477832794189453
0.004606485366821289
0.0018982887268066406
0.004686117172241211
0.0020895004272460938
0.00023293495178222656
0.0017216205596923828
0.001390218734741211
0.0007233619689941406
0.005533695220947266
0.0021011829376220703
0.0012977123260498047
0.0028536319732666016
0.0002837181091308594
0.0031845569610595703
0.0012319087982177734
0.0009338855743408203
0.002117633819580078
0.0013270378112792969
0.0029032230377197266
0.0017139911651611328
0.002956390380859375
0.0023674964904785156
0.0015163421630859375
0.0006458759307861328
0.0006260871887207031
0.000156402587890625
0.0032241344451904297
0.001542806625366211
0.0005223751068115234
0.0017747879028320312
0.00016188621520996094
0.0006124973297119141
0.0006487369537353516
0.0018362998962402344
0.0004334449768066406
0.0011682510375976562
0.0011506080627441406
0.0004067420959472656
0.0016460418701171875
0.0012538433074951172
0.004838705062866211
0.0009987354278564453
0.002839326858520508
0.0008814334869384766
0.0005180835723876953
0.001173257827758789
0.0009098052978515625
0.0006592273712158203
0.002079486846923828
0.0006804466247558594
0.0009660720825195312
0.0005233287811279297
0.0012080669403076172
0.0005385875701904297
0.0005204677581787109
0.00039768218994140625
0.0003306865692138672
0.0035848617553710938
0.002184152603149414