1.6450881958007812e-05
1.1920928955078125e-05
1.0728836059570312e-05
1.0013580322265625e-05
1.0013580322265625e-05
1.0013580322265625e-05
9.775161743164062e-06
1.0013580322265625e-05
1.0013580322265625e-05
9.775161743164062e-06
1.0251998901367188e-05
9.775161743164062e-06
9.775161743164062e-06
9.5367431640625e-06
1.0013580322265625e-05
9.775161743164062e-06
1.0013580322265625e-05
9.5367431640625e-06
1.0013580322265625e-05
9.775161743164062e-06
9.775161743164062e-06
9.5367431640625e-06
9.5367431640625e-06
9.5367431640625e-06
9.775161743164062e-06
9.775161743164062e-06
9.5367431640625e-06
9.775161743164062e-06
9.775161743164062e-06
9.5367431640625e-06
9.775161743164062e-06
9.298324584960938e-06
9.5367431640625e-06
9.5367431640625e-06
9.775161743164062e-06
9.5367431640625e-06
9.775161743164062e-06
1.0013580322265625e-05
1.0013580322265625e-05
9.775161743164062e-06
1.0251998901367188e-05
9.775161743164062e-06
1.0013580322265625e-05
9.775161743164062e-06
9.775161743164062e-06
9.5367431640625e-06
9.298324584960938e-06
9.5367431640625e-06
9.5367431640625e-06
9.775161743164062e-06
9.775161743164062e-06
9.5367431640625e-06
9.5367431640625e-06
9.775161743164062e-06
9.5367431640625e-06
2.0265579223632812e-05
4.0531158447265625e-05
1.0728836059570312e-05
1.0728836059570312e-05
9.775161743164062e-06
9.775161743164062e-06
9.775161743164062e-06
9.775161743164062e-06
9.775161743164062e-06
9.5367431640625e-06
1.0251998901367188e-05
1.0013580322265625e-05
9.5367431640625e-06
9.775161743164062e-06
9.775161743164062e-06
9.775161743164062e-06
9.5367431640625e-06
9.775161743164062e-06
9.5367431640625e-06
9.775161743164062e-06
9.5367431640625e-06
9.775161743164062e-06
9.775161743164062e-06
9.775161743164062e-06
9.775161743164062e-06
9.775161743164062e-06
9.775161743164062e-06
9.298324584960938e-06
9.298324584960938e-06
9.5367431640625e-06
9.5367431640625e-06
9.775161743164062e-06
1.0013580322265625e-05
9.775161743164062e-06
2.7894973754882812e-05
1.049041748046875e-05
3.790855407714844e-05
2.8848648071289062e-05
2.4080276489257812e-05
1.0728836059570312e-05
1.0967254638671875e-05
1.1205673217773438e-05
1.0728836059570312e-05
1.0728836059570312e-05
1.0251998901367188e-05