2.5987625122070312e-05
2.193450927734375e-05
2.1219253540039062e-05
2.0503997802734375e-05
2.0265579223632812e-05
2.0503997802734375e-05
2.0265579223632812e-05
2.0265579223632812e-05
2.0503997802734375e-05
2.0265579223632812e-05
2.0503997802734375e-05
2.0265579223632812e-05
1.9788742065429688e-05
2.002716064453125e-05
2.002716064453125e-05
1.9788742065429688e-05
1.9788742065429688e-05
2.0742416381835938e-05
2.002716064453125e-05
2.002716064453125e-05
2.002716064453125e-05
2.002716064453125e-05
1.9788742065429688e-05
2.002716064453125e-05
1.9550323486328125e-05
2.0503997802734375e-05
2.002716064453125e-05
1.9550323486328125e-05
2.002716064453125e-05
1.9788742065429688e-05
2.0265579223632812e-05
1.9788742065429688e-05
2.0265579223632812e-05
1.9788742065429688e-05
1.9788742065429688e-05
2.0265579223632812e-05
1.9788742065429688e-05
2.002716064453125e-05
2.002716064453125e-05
1.9788742065429688e-05
2.002716064453125e-05
1.9311904907226562e-05
2.002716064453125e-05
2.002716064453125e-05
2.002716064453125e-05
1.9788742065429688e-05
2.002716064453125e-05
1.9550323486328125e-05
1.9788742065429688e-05
1.9550323486328125e-05
2.0503997802734375e-05
1.9788742065429688e-05
2.0265579223632812e-05
1.9550323486328125e-05
1.9788742065429688e-05
2.0265579223632812e-05
3.62396240234375e-05
5.2928924560546875e-05
2.002716064453125e-05
2.002716064453125e-05
2.002716064453125e-05
2.0265579223632812e-05
1.9788742065429688e-05
2.002716064453125e-05
1.9788742065429688e-05
2.0503997802734375e-05
1.9788742065429688e-05
1.9788742065429688e-05
2.0265579223632812e-05
2.0265579223632812e-05
2.0265579223632812e-05
2.002716064453125e-05
1.9788742065429688e-05
4.982948303222656e-05
2.0265579223632812e-05
1.9788742065429688e-05
2.002716064453125e-05
2.002716064453125e-05
1.9788742065429688e-05
2.0503997802734375e-05
2.0265579223632812e-05
2.002716064453125e-05
1.9788742065429688e-05
1.9311904907226562e-05
1.9550323486328125e-05
1.9788742065429688e-05
1.9550323486328125e-05
1.9788742065429688e-05
1.9788742065429688e-05
1.9788742065429688e-05
1.9788742065429688e-05
1.9788742065429688e-05
1.9788742065429688e-05
1.9550323486328125e-05
1.9788742065429688e-05
2.0503997802734375e-05
2.002716064453125e-05
2.0265579223632812e-05
1.9788742065429688e-05
2.0503997802734375e-05