1.1205673217773438e-05
6.9141387939453125e-06
6.198883056640625e-06
5.245208740234375e-06
5.245208740234375e-06
5.245208740234375e-06
4.76837158203125e-06
4.76837158203125e-06
5.0067901611328125e-06
5.245208740234375e-06
5.245208740234375e-06
5.0067901611328125e-06
5.245208740234375e-06
5.245208740234375e-06
5.245208740234375e-06
4.76837158203125e-06
5.245208740234375e-06
5.0067901611328125e-06
4.76837158203125e-06
5.0067901611328125e-06
5.0067901611328125e-06
5.245208740234375e-06
5.245208740234375e-06
5.0067901611328125e-06
5.0067901611328125e-06
5.0067901611328125e-06
4.76837158203125e-06
5.245208740234375e-06
4.5299530029296875e-06
4.76837158203125e-06
4.76837158203125e-06
4.76837158203125e-06
4.76837158203125e-06
5.0067901611328125e-06
5.0067901611328125e-06
5.0067901611328125e-06
4.76837158203125e-06
5.0067901611328125e-06
4.76837158203125e-06
4.76837158203125e-06
5.0067901611328125e-06
4.76837158203125e-06
4.76837158203125e-06
5.0067901611328125e-06
5.0067901611328125e-06
4.76837158203125e-06
5.245208740234375e-06
5.245208740234375e-06
4.76837158203125e-06
5.0067901611328125e-06
5.245208740234375e-06
5.245208740234375e-06
4.76837158203125e-06
4.76837158203125e-06
5.0067901611328125e-06
5.0067901611328125e-06
4.76837158203125e-06
5.0067901611328125e-06
5.0067901611328125e-06
5.245208740234375e-06
5.245208740234375e-06
5.0067901611328125e-06
5.0067901611328125e-06
5.0067901611328125e-06
5.0067901611328125e-06
4.76837158203125e-06
4.76837158203125e-06
5.0067901611328125e-06
5.245208740234375e-06
5.245208740234375e-06
4.76837158203125e-06
5.245208740234375e-06
4.76837158203125e-06
4.76837158203125e-06
4.76837158203125e-06
5.245208740234375e-06
4.5299530029296875e-06
5.0067901611328125e-06
5.0067901611328125e-06
4.76837158203125e-06
5.0067901611328125e-06
4.76837158203125e-06
5.245208740234375e-06
5.245208740234375e-06
5.4836273193359375e-06
4.76837158203125e-06
5.0067901611328125e-06
5.0067901611328125e-06
4.76837158203125e-06
4.5299530029296875e-06
5.0067901611328125e-06
5.0067901611328125e-06
5.0067901611328125e-06
5.0067901611328125e-06
5.0067901611328125e-06
4.5299530029296875e-06
4.76837158203125e-06
5.0067901611328125e-06
4.76837158203125e-06
5.0067901611328125e-06