1.52587890625e-05
1.0967254638671875e-05
1.0251998901367188e-05
9.775161743164062e-06
9.775161743164062e-06
1.0013580322265625e-05
1.0013580322265625e-05
9.5367431640625e-06
9.5367431640625e-06
9.775161743164062e-06
9.775161743164062e-06
9.775161743164062e-06
9.775161743164062e-06
9.5367431640625e-06
9.775161743164062e-06
9.5367431640625e-06
9.5367431640625e-06
9.775161743164062e-06
9.5367431640625e-06
9.5367431640625e-06
9.298324584960938e-06
1.621246337890625e-05
2.47955322265625e-05
3.5762786865234375e-05
9.298324584960938e-06
9.5367431640625e-06
9.5367431640625e-06
9.5367431640625e-06
9.298324584960938e-06
9.298324584960938e-06
9.5367431640625e-06
9.5367431640625e-06
9.298324584960938e-06
9.775161743164062e-06
9.775161743164062e-06
9.5367431640625e-06
9.5367431640625e-06
9.298324584960938e-06
9.298324584960938e-06
9.775161743164062e-06
9.298324584960938e-06
9.5367431640625e-06
9.298324584960938e-06
9.298324584960938e-06
9.5367431640625e-06
9.5367431640625e-06
9.298324584960938e-06
9.298324584960938e-06
9.5367431640625e-06
9.298324584960938e-06
9.298324584960938e-06
9.298324584960938e-06
8.821487426757812e-06
9.298324584960938e-06
9.5367431640625e-06
9.298324584960938e-06
9.298324584960938e-06
9.298324584960938e-06
9.298324584960938e-06
9.059906005859375e-06
9.5367431640625e-06
9.298324584960938e-06
9.059906005859375e-06
9.298324584960938e-06
9.059906005859375e-06
9.298324584960938e-06
9.5367431640625e-06
8.821487426757812e-06
9.059906005859375e-06
9.5367431640625e-06
9.775161743164062e-06
9.298324584960938e-06
9.298324584960938e-06
9.5367431640625e-06
9.298324584960938e-06
9.298324584960938e-06
9.059906005859375e-06
9.059906005859375e-06
9.298324584960938e-06
9.298324584960938e-06
9.059906005859375e-06
9.298324584960938e-06
9.5367431640625e-06
9.5367431640625e-06
9.298324584960938e-06
9.298324584960938e-06
9.298324584960938e-06
9.059906005859375e-06
9.5367431640625e-06
9.5367431640625e-06
9.059906005859375e-06
9.298324584960938e-06
9.5367431640625e-06
9.5367431640625e-06
9.059906005859375e-06
9.298324584960938e-06
9.5367431640625e-06
9.059906005859375e-06
9.298324584960938e-06
9.298324584960938e-06