2.2172927856445312e-05
6.628036499023438e-05
3.0040740966796875e-05
1.9550323486328125e-05
7.104873657226562e-05
4.863739013671875e-05
7.009506225585938e-05
4.458427429199219e-05
4.935264587402344e-05
4.1484832763671875e-05
4.6253204345703125e-05
3.743171691894531e-05
8.0108642578125e-05
3.6716461181640625e-05
1.9311904907226562e-05
2.4318695068359375e-05
3.5762786865234375e-05
1.9550323486328125e-05
7.891654968261719e-05
8.034706115722656e-05
2.1219253540039062e-05
4.6253204345703125e-05
2.86102294921875e-05
1.8358230590820312e-05
5.173683166503906e-05
4.649162292480469e-05
5.888938903808594e-05
3.6716461181640625e-05
4.57763671875e-05
0.00010585784912109375
1.7642974853515625e-05
4.4345855712890625e-05
4.458427429199219e-05
3.457069396972656e-05
7.271766662597656e-05
2.09808349609375e-05
6.341934204101562e-05
3.0994415283203125e-05
2.7418136596679688e-05
4.00543212890625e-05
6.413459777832031e-05
3.6716461181640625e-05
9.512901306152344e-05
2.9087066650390625e-05
4.267692565917969e-05
3.7670135498046875e-05
5.340576171875e-05
7.104873657226562e-05
1.4543533325195312e-05
3.457069396972656e-05
6.0558319091796875e-05
2.5987625122070312e-05
6.723403930664062e-05
4.982948303222656e-05
4.649162292480469e-05
9.72747802734375e-05
3.695487976074219e-05
4.9591064453125e-05
6.0558319091796875e-05
5.054473876953125e-05
0.00010919570922851562
7.700920104980469e-05
4.482269287109375e-05
6.556510925292969e-05
7.343292236328125e-05
3.266334533691406e-05
5.984306335449219e-05
6.127357482910156e-05
5.054473876953125e-05
0.00012755393981933594
3.266334533691406e-05
1.9073486328125e-05
7.486343383789062e-05
3.8623809814453125e-05
2.6941299438476562e-05
8.821487426757812e-05
7.939338684082031e-05
4.267692565917969e-05
2.2411346435546875e-05
4.982948303222656e-05
0.00012755393981933594
8.535385131835938e-05
4.982948303222656e-05
3.0279159545898438e-05
0.00011777877807617188
2.9087066650390625e-05
3.9577484130859375e-05
2.9802322387695312e-05
5.435943603515625e-05
8.177757263183594e-05
4.2438507080078125e-05
3.552436828613281e-05
3.886222839355469e-05
2.7418136596679688e-05
6.508827209472656e-05
4.3392181396484375e-05
0.00013136863708496094
6.67572021484375e-05
2.4080276489257812e-05
3.814697265625e-05