2.4318695068359375e-05
1.9550323486328125e-05
1.8835067749023438e-05
1.811981201171875e-05
1.811981201171875e-05
1.7642974853515625e-05
1.7642974853515625e-05
1.7642974853515625e-05
1.7404556274414062e-05
1.7881393432617188e-05
1.7642974853515625e-05
1.7881393432617188e-05
1.7642974853515625e-05
1.7642974853515625e-05
1.7642974853515625e-05
1.7881393432617188e-05
1.7881393432617188e-05
1.811981201171875e-05
1.7881393432617188e-05
1.7642974853515625e-05
1.7642974853515625e-05
1.7404556274414062e-05
1.7642974853515625e-05
1.7404556274414062e-05
1.7642974853515625e-05
1.7881393432617188e-05
1.7404556274414062e-05
1.811981201171875e-05
3.6716461181640625e-05
1.8835067749023438e-05
1.9073486328125e-05
3.147125244140625e-05
5.364418029785156e-05
1.9311904907226562e-05
2.0265579223632812e-05
1.9550323486328125e-05
1.9073486328125e-05
1.9073486328125e-05
2.002716064453125e-05
1.9550323486328125e-05
1.9073486328125e-05
1.9788742065429688e-05
1.9550323486328125e-05
2.0742416381835938e-05
1.9311904907226562e-05
2.0742416381835938e-05
1.9550323486328125e-05
1.9788742065429688e-05
5.4836273193359375e-05
2.09808349609375e-05
1.9311904907226562e-05
2.0503997802734375e-05
1.8835067749023438e-05
1.8596649169921875e-05
2.0503997802734375e-05
1.9550323486328125e-05
1.9550323486328125e-05
1.9073486328125e-05
1.8835067749023438e-05
1.8835067749023438e-05
3.24249267578125e-05
1.9073486328125e-05
5.936622619628906e-05
2.002716064453125e-05
1.9788742065429688e-05
1.9311904907226562e-05
3.886222839355469e-05
3.314018249511719e-05
1.8835067749023438e-05
1.9311904907226562e-05
3.600120544433594e-05
3.504753112792969e-05
2.002716064453125e-05
1.9788742065429688e-05
1.9311904907226562e-05
1.8835067749023438e-05
1.9788742065429688e-05
1.8596649169921875e-05
1.9788742065429688e-05
3.933906555175781e-05
2.8133392333984375e-05
2.1457672119140625e-05
1.9073486328125e-05
3.647804260253906e-05
1.811981201171875e-05
1.7881393432617188e-05
1.811981201171875e-05
1.8596649169921875e-05
1.8358230590820312e-05
1.811981201171875e-05
1.7881393432617188e-05
1.811981201171875e-05
1.811981201171875e-05
1.811981201171875e-05
1.8358230590820312e-05
1.811981201171875e-05
1.7881393432617188e-05
1.811981201171875e-05
1.811981201171875e-05
1.8596649169921875e-05