1.6689300537109375e-05
1.1444091796875e-05
1.049041748046875e-05
1.0013580322265625e-05
9.775161743164062e-06
9.775161743164062e-06
9.5367431640625e-06
9.298324584960938e-06
9.059906005859375e-06
9.775161743164062e-06
9.5367431640625e-06
9.5367431640625e-06
9.775161743164062e-06
9.5367431640625e-06
9.5367431640625e-06
9.775161743164062e-06
9.298324584960938e-06
1.0013580322265625e-05
9.5367431640625e-06
9.298324584960938e-06
9.298324584960938e-06
6.961822509765625e-05
1.0013580322265625e-05
9.5367431640625e-06
1.33514404296875e-05
9.5367431640625e-06
9.298324584960938e-06
9.5367431640625e-06
9.5367431640625e-06
9.298324584960938e-06
9.298324584960938e-06
9.298324584960938e-06
9.298324584960938e-06
2.1219253540039062e-05
1.2874603271484375e-05
1.049041748046875e-05
9.775161743164062e-06
9.5367431640625e-06
1.0013580322265625e-05
9.5367431640625e-06
9.5367431640625e-06
9.059906005859375e-06
9.5367431640625e-06
9.5367431640625e-06
9.298324584960938e-06
9.059906005859375e-06
9.298324584960938e-06
9.059906005859375e-06
9.5367431640625e-06
9.298324584960938e-06
9.5367431640625e-06
9.5367431640625e-06
9.298324584960938e-06
9.059906005859375e-06
9.5367431640625e-06
9.5367431640625e-06
9.298324584960938e-06
9.775161743164062e-06
9.5367431640625e-06
9.5367431640625e-06
9.5367431640625e-06
9.298324584960938e-06
9.298324584960938e-06
9.5367431640625e-06
9.298324584960938e-06
9.298324584960938e-06
1.1682510375976562e-05
1.0013580322265625e-05
9.5367431640625e-06
9.5367431640625e-06
9.298324584960938e-06
9.775161743164062e-06
9.775161743164062e-06
9.5367431640625e-06
9.5367431640625e-06
9.5367431640625e-06
9.298324584960938e-06
9.298324584960938e-06
9.5367431640625e-06
9.059906005859375e-06
9.5367431640625e-06
9.059906005859375e-06
9.775161743164062e-06
9.298324584960938e-06
9.5367431640625e-06
9.298324584960938e-06
9.298324584960938e-06
9.059906005859375e-06
9.298324584960938e-06
9.298324584960938e-06
9.298324584960938e-06
9.298324584960938e-06
9.5367431640625e-06
9.5367431640625e-06
9.5367431640625e-06
9.5367431640625e-06
9.5367431640625e-06
9.5367431640625e-06
9.059906005859375e-06
1.4066696166992188e-05