3.3855438232421875e-05
2.3126602172851562e-05
2.1696090698242188e-05
0.00017023086547851562
2.1457672119140625e-05
2.1219253540039062e-05
2.0742416381835938e-05
2.09808349609375e-05
2.09808349609375e-05
2.0503997802734375e-05
2.0742416381835938e-05
2.0742416381835938e-05
2.0503997802734375e-05
2.0503997802734375e-05
2.0742416381835938e-05
2.0503997802734375e-05
2.0265579223632812e-05
2.0742416381835938e-05
2.0265579223632812e-05
2.0742416381835938e-05
2.0742416381835938e-05
2.0265579223632812e-05
2.0503997802734375e-05
2.0742416381835938e-05
2.0503997802734375e-05
2.0503997802734375e-05
2.0265579223632812e-05
2.0265579223632812e-05
2.0265579223632812e-05
2.0742416381835938e-05
2.0503997802734375e-05
2.002716064453125e-05
2.0742416381835938e-05
2.0503997802734375e-05
2.0503997802734375e-05
2.0265579223632812e-05
2.002716064453125e-05
3.6716461181640625e-05
2.0503997802734375e-05
2.0265579223632812e-05
2.288818359375e-05
3.4332275390625e-05
2.1219253540039062e-05
2.0742416381835938e-05
2.0503997802734375e-05
2.0265579223632812e-05
2.0503997802734375e-05
3.4332275390625e-05
2.09808349609375e-05
2.0503997802734375e-05
3.3855438232421875e-05
2.0265579223632812e-05
3.3855438232421875e-05
2.0503997802734375e-05
1.9788742065429688e-05
2.002716064453125e-05
1.9788742065429688e-05
1.9788742065429688e-05
2.0265579223632812e-05
2.0265579223632812e-05
1.9788742065429688e-05
2.193450927734375e-05
2.0503997802734375e-05
2.0265579223632812e-05
2.1219253540039062e-05
2.0742416381835938e-05
2.0503997802734375e-05
2.0265579223632812e-05
2.0265579223632812e-05
2.0503997802734375e-05
2.0265579223632812e-05
2.0265579223632812e-05
2.0503997802734375e-05
2.0503997802734375e-05
2.0742416381835938e-05
2.0742416381835938e-05
2.1457672119140625e-05
2.0742416381835938e-05
2.0503997802734375e-05
2.0742416381835938e-05
2.0742416381835938e-05
2.0503997802734375e-05
2.0503997802734375e-05
2.0742416381835938e-05
2.0742416381835938e-05
2.0742416381835938e-05
2.193450927734375e-05
2.1696090698242188e-05
2.09808349609375e-05
3.790855407714844e-05
2.09808349609375e-05
2.193450927734375e-05
2.0742416381835938e-05
3.743171691894531e-05
2.0265579223632812e-05
2.0742416381835938e-05
3.7670135498046875e-05
2.0503997802734375e-05
2.0265579223632812e-05
2.0742416381835938e-05