1.1920928955078125e-05
2.0265579223632812e-05
5.9604644775390625e-06
5.245208740234375e-06
5.4836273193359375e-06
1.8835067749023438e-05
5.245208740234375e-06
5.0067901611328125e-06
5.0067901611328125e-06
5.0067901611328125e-06
5.0067901611328125e-06
5.245208740234375e-06
5.245208740234375e-06
5.4836273193359375e-06
4.76837158203125e-06
4.76837158203125e-06
4.76837158203125e-06
4.5299530029296875e-06
4.76837158203125e-06
5.245208740234375e-06
5.245208740234375e-06
4.76837158203125e-06
4.5299530029296875e-06
4.76837158203125e-06
4.76837158203125e-06
4.76837158203125e-06
5.245208740234375e-06
5.0067901611328125e-06
5.0067901611328125e-06
5.0067901611328125e-06
4.76837158203125e-06
4.76837158203125e-06
5.0067901611328125e-06
5.0067901611328125e-06
4.76837158203125e-06
5.0067901611328125e-06
5.0067901611328125e-06
6.9141387939453125e-06
5.4836273193359375e-06
5.4836273193359375e-06
5.0067901611328125e-06
5.245208740234375e-06
5.0067901611328125e-06
5.245208740234375e-06
5.245208740234375e-06
5.245208740234375e-06
5.245208740234375e-06
5.0067901611328125e-06
5.0067901611328125e-06
5.0067901611328125e-06
5.4836273193359375e-06
2.09808349609375e-05
5.245208740234375e-06
5.0067901611328125e-06
5.0067901611328125e-06
4.76837158203125e-06
4.76837158203125e-06
4.76837158203125e-06
5.245208740234375e-06
5.0067901611328125e-06
5.0067901611328125e-06
5.0067901611328125e-06
4.76837158203125e-06
4.5299530029296875e-06
5.0067901611328125e-06
4.76837158203125e-06
4.5299530029296875e-06
5.0067901611328125e-06
4.76837158203125e-06
4.76837158203125e-06
1.0967254638671875e-05
5.7220458984375e-06
5.245208740234375e-06
5.0067901611328125e-06
5.245208740234375e-06
4.76837158203125e-06
5.245208740234375e-06
4.76837158203125e-06
5.245208740234375e-06
4.5299530029296875e-06
5.0067901611328125e-06
4.5299530029296875e-06
5.0067901611328125e-06
4.5299530029296875e-06
5.245208740234375e-06
4.76837158203125e-06
4.76837158203125e-06
4.76837158203125e-06
5.0067901611328125e-06
4.5299530029296875e-06
4.5299530029296875e-06
4.76837158203125e-06
4.291534423828125e-06
4.76837158203125e-06
5.0067901611328125e-06
4.5299530029296875e-06
4.76837158203125e-06
4.76837158203125e-06
4.5299530029296875e-06
4.5299530029296875e-06