1 32 6224
2 32 8994
3 32 8562
4 32 8591
5 32 7175
6 32 8687
7 32 7131
8 32 6832
9 32 8576
10 32 8398
11 32 7890
12 32 8428
13 32 7561
14 32 7091
15 32 7488
16 32 7164
17 32 6795
18 32 6690
19 32 8139
20 32 8005
21 32 8816
22 32 7282
23 32 7439
24 32 6561
25 32 7546
26 32 6719
27 32 6973
28 32 8695
29 32 7965
30 32 7924
31 32 6807
32 32 9504
33 32 5649
34 32 8102
35 32 6732
36 32 8217
37 32 7975
38 32 7857
39 32 8051
40 32 7454
41 32 7928
42 32 6481
43 32 8164
44 32 8505
45 32 6605
46 32 9049
47 32 6472
48 32 10066
49 32 8214
50 32 7723
51 32 6767
52 32 7318
53 32 7396
54 32 7056
55 32 7785
56 32 6530
57 32 8026
58 32 7423
59 32 8772
60 32 6603
61 32 7652
62 32 6819
63 32 7690
64 32 8275
65 32 8637
66 32 6696
67 32 8764
68 32 7968
69 32 6446
70 32 8276
71 32 8076
72 32 7598
73 32 7705
74 32 7089
75 32 8094
76 32 8349
77 32 8219
78 32 8347
79 32 7013
80 32 7256
81 32 6549
82 32 7202
83 32 6867
84 32 7623
85 32 7351
86 32 7328
87 32 8883
88 32 7618
89 32 6886
90 32 8077
91 32 7589
92 32 8452
93 32 9233
94 32 6327
95 32 8133
96 32 8097
97 32 7230
98 32 7807
99 32 6415
100 32 7496