1 30 6779
2 30 8283
3 30 8096
4 30 6593
5 30 8447
6 30 8031
7 30 6681
8 30 7504
9 30 8096
10 30 8630
11 30 6577
12 30 7218
13 30 5571
14 30 6026
15 30 7191
16 30 5998
17 30 7966
18 30 6781
19 30 8251
20 30 6641
21 30 6959
22 30 6788
23 30 6496
24 30 7223
25 30 7954
26 30 6760
27 30 6535
28 30 7909
29 30 8093
30 30 7749
31 30 6803
32 30 7296
33 30 6717
34 30 6670
35 30 6915
36 30 6226
37 30 7393
38 30 6475
39 30 7670
40 30 7570
41 30 7477
42 30 7592
43 30 7504
44 30 7784
45 30 7012
46 30 6335
47 30 7093
48 30 8073
49 30 7183
50 30 7600
51 30 6170
52 30 7847
53 30 7761
54 30 6904
55 30 7628
56 30 6266
57 30 7791
58 30 7029
59 30 6109
60 30 6167
61 30 6867
62 30 7589
63 30 7579
64 30 7568
65 30 7234
66 30 7005
67 30 7791
68 30 6961
69 30 7294
70 30 7498
71 30 5604
72 30 7067
73 30 5906
74 30 6867
75 30 7068
76 30 7693
77 30 7081
78 30 7185
79 30 7287
80 30 7170
81 30 7530
82 30 6337
83 30 7148
84 30 8076
85 30 7061
86 30 8016
87 30 6783
88 30 6786
89 30 6893
90 30 5860
91 30 7987
92 30 6778
93 30 8320
94 30 6453
95 30 6659
96 30 6622
97 30 7126
98 30 6639
99 30 7407
100 30 6643