1 35 7829
2 35 10107
3 35 8602
4 35 7689
5 35 9255
6 35 7695
7 35 8467
8 35 10161
9 35 8301
10 35 7706
11 35 7348
12 35 8030
13 35 8362
14 35 7644
15 35 8521
16 35 8684
17 35 8320
18 35 8602
19 35 8024
20 35 7763
21 35 7906
22 35 8802
23 35 8265
24 35 9230
25 35 9943
26 35 8714
27 35 8376
28 35 8371
29 35 8408
30 35 8702
31 35 7221
32 35 8062
33 35 8464
34 35 9238
35 35 8014
36 35 9226
37 35 8604
38 35 9344
39 35 8002
40 35 7663
41 35 9294
42 35 7969
43 35 8908
44 35 8014
45 35 9085
46 35 8422
47 35 8710
48 35 7503
49 35 8272
50 35 8073
51 35 7597
52 35 7341
53 35 8371
54 35 9119
55 35 8544
56 35 8712
57 35 8253
58 35 8395
59 35 8746
60 35 7849
61 35 6616
62 35 8298
63 35 7878
64 35 8053
65 35 8679
66 35 8189
67 35 8884
68 35 8419
69 35 8103
70 35 8281
71 35 8429
72 35 9237
73 35 8517
74 35 9138
75 35 8364
76 35 8373
77 35 7230
78 35 8601
79 35 8174
80 35 9539
81 35 7709
82 35 7890
83 35 8721
84 35 6921
85 35 7691
86 35 7879
87 35 8459
88 35 7719
89 35 9235
90 35 7534
91 35 7858
92 35 7645
93 35 8757
94 35 9548
95 35 7654
96 35 7215
97 35 8775
98 35 9544
99 35 10352
100 35 8016