3.528594970703125e-05
4.38690185546875e-05
4.1484832763671875e-05
2.7179718017578125e-05
2.6464462280273438e-05
2.6941299438476562e-05
2.6464462280273438e-05
2.6464462280273438e-05
2.5987625122070312e-05
2.6464462280273438e-05
2.6226043701171875e-05
2.6464462280273438e-05
2.6464462280273438e-05
2.5987625122070312e-05
2.6226043701171875e-05
2.6226043701171875e-05
2.6226043701171875e-05
2.6702880859375e-05
2.5987625122070312e-05
2.6464462280273438e-05
2.5987625122070312e-05
2.5987625122070312e-05
2.6464462280273438e-05
2.6226043701171875e-05
2.5987625122070312e-05
2.5987625122070312e-05
2.6464462280273438e-05
2.6226043701171875e-05
2.6702880859375e-05
2.6226043701171875e-05
2.6226043701171875e-05
2.6464462280273438e-05
2.574920654296875e-05
2.6226043701171875e-05
2.6226043701171875e-05
2.6702880859375e-05
7.891654968261719e-05
2.6702880859375e-05
2.5987625122070312e-05
2.5987625122070312e-05
2.574920654296875e-05
2.6464462280273438e-05
2.6226043701171875e-05
2.6226043701171875e-05
2.6226043701171875e-05
2.6226043701171875e-05
2.6464462280273438e-05
2.6464462280273438e-05
2.6464462280273438e-05
2.6226043701171875e-05
2.6464462280273438e-05
2.574920654296875e-05
2.6464462280273438e-05
2.5987625122070312e-05
2.6464462280273438e-05
4.076957702636719e-05
3.933906555175781e-05
2.574920654296875e-05
2.6464462280273438e-05
2.6226043701171875e-05
2.5987625122070312e-05
2.6464462280273438e-05
2.5987625122070312e-05
2.5987625122070312e-05
2.6464462280273438e-05
2.6464462280273438e-05
2.5987625122070312e-05
2.6226043701171875e-05
2.6464462280273438e-05
2.6702880859375e-05
2.574920654296875e-05
2.6464462280273438e-05
6.270408630371094e-05
2.7179718017578125e-05
3.9577484130859375e-05
2.6941299438476562e-05
2.6464462280273438e-05
2.6464462280273438e-05
2.6702880859375e-05
2.5987625122070312e-05
2.5987625122070312e-05
2.5987625122070312e-05
2.5987625122070312e-05
2.6464462280273438e-05
2.6226043701171875e-05
2.6702880859375e-05
2.6226043701171875e-05
2.6226043701171875e-05
2.6702880859375e-05
2.5987625122070312e-05
2.574920654296875e-05
2.5987625122070312e-05
2.6464462280273438e-05
2.6702880859375e-05
2.6226043701171875e-05
2.5987625122070312e-05
2.6226043701171875e-05
2.5987625122070312e-05
2.6226043701171875e-05
2.6226043701171875e-05