1 25 4082
2 25 5361
3 25 4960
4 25 4860
5 25 4530
6 25 4946
7 25 4541
8 25 4331
9 25 4541
10 25 4413
11 25 5432
12 25 4911
13 25 4548
14 25 4803
15 25 4589
16 25 5049
17 25 5510
18 25 4366
19 25 5287
20 25 5159
21 25 4730
22 25 4898
23 25 4858
24 25 4404
25 25 4481
26 25 5023
27 25 4730
28 25 4472
29 25 5085
30 25 4568
31 25 5772
32 25 4536
33 25 4474
34 25 5053
35 25 5294
36 25 3899
37 25 4291
38 25 5389
39 25 4886
40 25 4117
41 25 4769
42 25 5150
43 25 5165
44 25 4494
45 25 4878
46 25 4447
47 25 4510
48 25 4929
49 25 4400
50 25 5225
51 25 4245
52 25 4631
53 25 4263
54 25 5665
55 25 4513
56 25 4358
57 25 4632
58 25 5217
59 25 4564
60 25 3969
61 25 4654
62 25 6258
63 25 3554
64 25 4437
65 25 4740
66 25 5465
67 25 3951
68 25 4715
69 25 5060
70 25 5154
71 25 5136
72 25 4157
73 25 5374
74 25 5368
75 25 5320
76 25 5024
77 25 4645
78 25 5401
79 25 4658
80 25 5336
81 25 5172
82 25 4756
83 25 4538
84 25 4699
85 25 5011
86 25 3879
87 25 4152
88 25 4794
89 25 4801
90 25 4509
91 25 4288
92 25 4582
93 25 5461
94 25 4820
95 25 4555
96 25 4363
97 25 5080
98 25 4859
99 25 5407
100 25 4935