1.1920928955078125e-05
6.9141387939453125e-06
6.67572021484375e-06
5.4836273193359375e-06
5.7220458984375e-06
5.7220458984375e-06
5.4836273193359375e-06
5.245208740234375e-06
5.4836273193359375e-06
5.245208740234375e-06
2.3603439331054688e-05
5.7220458984375e-06
5.7220458984375e-06
5.9604644775390625e-06
5.7220458984375e-06
5.245208740234375e-06
5.245208740234375e-06
5.7220458984375e-06
1.7642974853515625e-05
5.0067901611328125e-06
5.245208740234375e-06
5.4836273193359375e-06
5.245208740234375e-06
5.0067901611328125e-06
5.0067901611328125e-06
5.0067901611328125e-06
5.0067901611328125e-06
5.0067901611328125e-06
5.245208740234375e-06
5.245208740234375e-06
4.76837158203125e-06
5.245208740234375e-06
5.0067901611328125e-06
5.0067901611328125e-06
5.4836273193359375e-06
5.4836273193359375e-06
5.245208740234375e-06
5.245208740234375e-06
5.0067901611328125e-06
5.0067901611328125e-06
5.0067901611328125e-06
5.0067901611328125e-06
5.0067901611328125e-06
5.245208740234375e-06
5.245208740234375e-06
4.76837158203125e-06
5.0067901611328125e-06
5.245208740234375e-06
5.0067901611328125e-06
5.0067901611328125e-06
5.245208740234375e-06
5.245208740234375e-06
5.0067901611328125e-06
5.245208740234375e-06
5.245208740234375e-06
5.0067901611328125e-06
5.0067901611328125e-06
5.245208740234375e-06
5.245208740234375e-06
5.4836273193359375e-06
5.245208740234375e-06
5.0067901611328125e-06
5.0067901611328125e-06
5.0067901611328125e-06
5.0067901611328125e-06
4.76837158203125e-06
2.3365020751953125e-05
5.245208740234375e-06
5.4836273193359375e-06
5.7220458984375e-06
5.7220458984375e-06
2.0742416381835938e-05
5.0067901611328125e-06
5.245208740234375e-06
5.4836273193359375e-06
5.0067901611328125e-06
5.0067901611328125e-06
5.0067901611328125e-06
5.0067901611328125e-06
4.76837158203125e-06
5.0067901611328125e-06
5.245208740234375e-06
5.0067901611328125e-06
5.245208740234375e-06
4.76837158203125e-06
5.0067901611328125e-06
5.0067901611328125e-06
4.76837158203125e-06
4.76837158203125e-06
5.245208740234375e-06
5.0067901611328125e-06
4.76837158203125e-06
5.0067901611328125e-06
5.0067901611328125e-06
4.76837158203125e-06
5.245208740234375e-06
5.245208740234375e-06
5.0067901611328125e-06
4.76837158203125e-06
5.0067901611328125e-06