4.601478576660156e-05
3.695487976074219e-05
3.5762786865234375e-05
3.552436828613281e-05
3.4809112548828125e-05
3.504753112792969e-05
3.457069396972656e-05
3.457069396972656e-05
3.457069396972656e-05
3.457069396972656e-05
9.059906005859375e-05
6.127357482910156e-05
3.910064697265625e-05
5.1975250244140625e-05
3.504753112792969e-05
3.504753112792969e-05
3.457069396972656e-05
3.409385681152344e-05
3.4809112548828125e-05
3.457069396972656e-05
3.457069396972656e-05
3.457069396972656e-05
3.4332275390625e-05
3.457069396972656e-05
3.457069396972656e-05
3.504753112792969e-05
3.457069396972656e-05
3.457069396972656e-05
3.4332275390625e-05
3.457069396972656e-05
3.4332275390625e-05
3.4809112548828125e-05
3.409385681152344e-05
3.4332275390625e-05
3.4332275390625e-05
3.457069396972656e-05
3.457069396972656e-05
3.4809112548828125e-05
3.457069396972656e-05
3.4332275390625e-05
3.457069396972656e-05
6.532669067382812e-05
3.409385681152344e-05
3.457069396972656e-05
3.4332275390625e-05
3.457069396972656e-05
3.4332275390625e-05
3.4809112548828125e-05
3.4809112548828125e-05
3.457069396972656e-05
6.437301635742188e-05
3.4332275390625e-05
3.504753112792969e-05
3.457069396972656e-05
3.409385681152344e-05
3.457069396972656e-05
3.457069396972656e-05
3.457069396972656e-05
3.4332275390625e-05
3.5762786865234375e-05
5.364418029785156e-05
4.935264587402344e-05
3.552436828613281e-05
3.62396240234375e-05
3.5762786865234375e-05
3.600120544433594e-05
3.695487976074219e-05
3.647804260253906e-05
3.600120544433594e-05
3.62396240234375e-05
3.600120544433594e-05
7.319450378417969e-05
3.6716461181640625e-05
3.886222839355469e-05
3.790855407714844e-05
3.8623809814453125e-05
3.790855407714844e-05
3.504753112792969e-05
3.4809112548828125e-05
3.5762786865234375e-05
3.528594970703125e-05
3.457069396972656e-05
3.504753112792969e-05
3.4809112548828125e-05
3.4332275390625e-05
3.5762786865234375e-05
3.504753112792969e-05
3.4809112548828125e-05
3.4332275390625e-05
3.457069396972656e-05
3.528594970703125e-05
3.4809112548828125e-05
3.62396240234375e-05
3.4809112548828125e-05
3.504753112792969e-05
3.4809112548828125e-05
3.504753112792969e-05
5.602836608886719e-05
5.173683166503906e-05
3.4332275390625e-05