2.5272369384765625e-05
2.0742416381835938e-05
1.9550323486328125e-05
1.9550323486328125e-05
1.8835067749023438e-05
1.8835067749023438e-05
1.9073486328125e-05
1.8596649169921875e-05
1.8835067749023438e-05
1.8596649169921875e-05
1.8596649169921875e-05
1.811981201171875e-05
1.8596649169921875e-05
1.8596649169921875e-05
1.8358230590820312e-05
1.8358230590820312e-05
1.811981201171875e-05
1.811981201171875e-05
1.8358230590820312e-05
1.8596649169921875e-05
1.8358230590820312e-05
1.7881393432617188e-05
1.8358230590820312e-05
1.811981201171875e-05
1.811981201171875e-05
1.8596649169921875e-05
1.8358230590820312e-05
1.8358230590820312e-05
1.8596649169921875e-05
1.7881393432617188e-05
1.8358230590820312e-05
1.811981201171875e-05
1.811981201171875e-05
1.8596649169921875e-05
1.8358230590820312e-05
1.811981201171875e-05
1.8358230590820312e-05
1.7881393432617188e-05
1.811981201171875e-05
1.8358230590820312e-05
1.811981201171875e-05
1.8358230590820312e-05
1.811981201171875e-05
1.811981201171875e-05
1.811981201171875e-05
1.811981201171875e-05
1.811981201171875e-05
1.811981201171875e-05
1.8358230590820312e-05
1.8358230590820312e-05
1.811981201171875e-05
1.7881393432617188e-05
1.811981201171875e-05
1.8358230590820312e-05
1.811981201171875e-05
1.8596649169921875e-05
1.811981201171875e-05
1.8358230590820312e-05
1.8358230590820312e-05
1.8358230590820312e-05
1.811981201171875e-05
1.8358230590820312e-05
1.811981201171875e-05
1.811981201171875e-05
1.8358230590820312e-05
1.8358230590820312e-05
1.8358230590820312e-05
1.811981201171875e-05
1.8358230590820312e-05
1.8596649169921875e-05
1.811981201171875e-05
1.8358230590820312e-05
1.811981201171875e-05
1.8358230590820312e-05
1.8835067749023438e-05
2.574920654296875e-05
4.9114227294921875e-05
1.9073486328125e-05
1.8358230590820312e-05
1.8358230590820312e-05
1.811981201171875e-05
1.811981201171875e-05
1.8358230590820312e-05
1.811981201171875e-05
1.811981201171875e-05
1.811981201171875e-05
1.811981201171875e-05
1.811981201171875e-05
1.811981201171875e-05
1.7881393432617188e-05
1.9073486328125e-05
1.8358230590820312e-05
1.811981201171875e-05
1.811981201171875e-05
1.8835067749023438e-05
1.8358230590820312e-05
1.8358230590820312e-05
1.8596649169921875e-05
1.811981201171875e-05
1.8596649169921875e-05