1.1920928955078125e-05
7.3909759521484375e-06
5.9604644775390625e-06
5.9604644775390625e-06
5.9604644775390625e-06
5.9604644775390625e-06
5.7220458984375e-06
5.245208740234375e-06
5.4836273193359375e-06
5.245208740234375e-06
5.245208740234375e-06
5.4836273193359375e-06
5.245208740234375e-06
5.4836273193359375e-06
5.0067901611328125e-06
5.245208740234375e-06
5.245208740234375e-06
5.245208740234375e-06
5.245208740234375e-06
5.245208740234375e-06
5.0067901611328125e-06
5.0067901611328125e-06
5.7220458984375e-06
5.245208740234375e-06
5.245208740234375e-06
5.4836273193359375e-06
5.245208740234375e-06
5.4836273193359375e-06
5.4836273193359375e-06
5.4836273193359375e-06
5.4836273193359375e-06
5.245208740234375e-06
5.245208740234375e-06
5.245208740234375e-06
5.245208740234375e-06
5.245208740234375e-06
5.0067901611328125e-06
5.245208740234375e-06
5.245208740234375e-06
5.245208740234375e-06
5.4836273193359375e-06
5.245208740234375e-06
5.0067901611328125e-06
5.245208740234375e-06
5.0067901611328125e-06
5.245208740234375e-06
5.245208740234375e-06
5.0067901611328125e-06
5.0067901611328125e-06
5.4836273193359375e-06
4.76837158203125e-06
5.4836273193359375e-06
5.245208740234375e-06
5.4836273193359375e-06
5.245208740234375e-06
5.0067901611328125e-06
4.76837158203125e-06
5.0067901611328125e-06
5.0067901611328125e-06
5.4836273193359375e-06
5.0067901611328125e-06
5.0067901611328125e-06
5.0067901611328125e-06
5.245208740234375e-06
4.76837158203125e-06
5.245208740234375e-06
5.245208740234375e-06
5.245208740234375e-06
5.0067901611328125e-06
5.0067901611328125e-06
5.0067901611328125e-06
5.245208740234375e-06
5.245208740234375e-06
5.245208740234375e-06
5.245208740234375e-06
5.0067901611328125e-06
5.245208740234375e-06
5.245208740234375e-06
5.0067901611328125e-06
5.245208740234375e-06
5.245208740234375e-06
5.0067901611328125e-06
4.76837158203125e-06
5.245208740234375e-06
5.0067901611328125e-06
5.0067901611328125e-06
5.0067901611328125e-06
4.76837158203125e-06
5.4836273193359375e-06
5.245208740234375e-06
5.4836273193359375e-06
5.0067901611328125e-06
5.0067901611328125e-06
5.4836273193359375e-06
5.0067901611328125e-06
5.0067901611328125e-06
5.245208740234375e-06
5.4836273193359375e-06
5.245208740234375e-06
5.245208740234375e-06