0.0011313639220615964
0.0006325682270016266
0.0
0.0
0.0
0.0
0.0
0.0
0.001994415636218588
0.0
0.0
0.0005612932195779075
0.00020451988955925963
0.0008128193218764515
0.0
0.002705749718151071
0.0
0.0
0.0
0.0042963155839083455
0.0
0.0
0.0
0.0
0.002203128442388191
0.0
0.0
0.004346476249611922
0.003780544029506685
0.0
0.0
0.002276019035795572
0.0037848377107466452
0.0
0.00027482594356907294
0.0
0.0
0.0
0.0
0.003271537622682661
0.0
0.0
0.0014260640631856077
0.0
0.0
0.0
0.0
0.0021448268818302523
0.00238004569687738
0.0047525570823432174
0.0
0.0
0.0009194345477531318
0.0020329335230737954
0.0
0.0011773520282564486
0.0
0.0
0.00829005193767479
0.0
0.0004233700254022015
0.0
0.0016853375632001587
0.0
0.0
0.0
0.0077473182359952325
0.0
0.0035174111853675696
0.0
0.0
0.0
0.0
0.0
0.0
0.0015381460213289581
0.0
0.0
0.0013437849944008958
0.0016235523325035177
0.0056022408963585435
0.0
0.0015290519877675841
0.0
0.0
0.0
0.0
0.00019542700801250732
0.0014491353492416192
0.002182952182952183
0.0
0.0
0.0
0.005634350106858364
0.0
0.0
0.005294176405953451
0.0028399781540141998
0.0
0.00125