1.5020370483398438e-05
1.1205673217773438e-05
1.0251998901367188e-05
1.0013580322265625e-05
9.775161743164062e-06
9.775161743164062e-06
9.775161743164062e-06
9.298324584960938e-06
9.5367431640625e-06
9.775161743164062e-06
9.5367431640625e-06
9.5367431640625e-06
9.5367431640625e-06
9.5367431640625e-06
9.059906005859375e-06
9.298324584960938e-06
9.298324584960938e-06
9.5367431640625e-06
9.298324584960938e-06
9.298324584960938e-06
9.5367431640625e-06
9.298324584960938e-06
9.5367431640625e-06
9.298324584960938e-06
9.059906005859375e-06
9.775161743164062e-06
9.5367431640625e-06
2.384185791015625e-05
9.775161743164062e-06
9.775161743164062e-06
9.5367431640625e-06
9.5367431640625e-06
9.298324584960938e-06
9.5367431640625e-06
9.298324584960938e-06
9.059906005859375e-06
9.298324584960938e-06
9.5367431640625e-06
9.5367431640625e-06
9.059906005859375e-06
9.5367431640625e-06
9.5367431640625e-06
9.298324584960938e-06
9.5367431640625e-06
9.298324584960938e-06
9.059906005859375e-06
9.298324584960938e-06
9.298324584960938e-06
9.059906005859375e-06
9.298324584960938e-06
9.298324584960938e-06
9.059906005859375e-06
9.298324584960938e-06
1.0013580322265625e-05
9.059906005859375e-06
8.821487426757812e-06
9.059906005859375e-06
9.5367431640625e-06
9.5367431640625e-06
9.298324584960938e-06
9.298324584960938e-06
9.298324584960938e-06
9.775161743164062e-06
9.5367431640625e-06
9.298324584960938e-06
9.5367431640625e-06
9.298324584960938e-06
9.059906005859375e-06
9.298324584960938e-06
9.298324584960938e-06
9.298324584960938e-06
9.059906005859375e-06
9.5367431640625e-06
9.298324584960938e-06
9.298324584960938e-06
9.059906005859375e-06
9.298324584960938e-06
9.059906005859375e-06
9.298324584960938e-06
9.298324584960938e-06
9.298324584960938e-06
9.298324584960938e-06
9.298324584960938e-06
9.298324584960938e-06
9.298324584960938e-06
9.059906005859375e-06
9.059906005859375e-06
9.298324584960938e-06
9.298324584960938e-06
9.298324584960938e-06
9.5367431640625e-06
9.298324584960938e-06
9.298324584960938e-06
9.298324584960938e-06
9.059906005859375e-06
8.821487426757812e-06
9.298324584960938e-06
9.059906005859375e-06
9.298324584960938e-06
9.298324584960938e-06