3.218650817871094e-05
2.86102294921875e-05
2.7179718017578125e-05
2.6702880859375e-05
2.6702880859375e-05
2.5987625122070312e-05
2.6464462280273438e-05
2.6226043701171875e-05
2.6464462280273438e-05
2.6226043701171875e-05
2.5987625122070312e-05
2.6226043701171875e-05
2.574920654296875e-05
2.6464462280273438e-05
2.6226043701171875e-05
2.6464462280273438e-05
2.5987625122070312e-05
2.6464462280273438e-05
2.6226043701171875e-05
2.5987625122070312e-05
2.6226043701171875e-05
2.6226043701171875e-05
2.6226043701171875e-05
2.574920654296875e-05
2.5987625122070312e-05
2.5510787963867188e-05
2.6464462280273438e-05
2.5987625122070312e-05
2.5987625122070312e-05
2.574920654296875e-05
2.574920654296875e-05
2.574920654296875e-05
2.5987625122070312e-05
2.5987625122070312e-05
2.5987625122070312e-05
2.6226043701171875e-05
2.6226043701171875e-05
2.5987625122070312e-05
2.6226043701171875e-05
2.574920654296875e-05
2.5987625122070312e-05
2.5987625122070312e-05
2.574920654296875e-05
2.574920654296875e-05
2.574920654296875e-05
2.574920654296875e-05
2.5987625122070312e-05
2.574920654296875e-05
2.6226043701171875e-05
2.574920654296875e-05
2.6226043701171875e-05
2.574920654296875e-05
2.574920654296875e-05
2.6226043701171875e-05
2.6464462280273438e-05
2.6226043701171875e-05
2.6226043701171875e-05
2.5987625122070312e-05
2.6226043701171875e-05
2.6226043701171875e-05
2.5987625122070312e-05
2.5987625122070312e-05
2.6226043701171875e-05
2.5987625122070312e-05
2.574920654296875e-05
2.574920654296875e-05
2.574920654296875e-05
2.5987625122070312e-05
2.6226043701171875e-05
2.5987625122070312e-05
2.5987625122070312e-05
2.5987625122070312e-05
6.103515625e-05
2.6226043701171875e-05
2.6226043701171875e-05
2.5987625122070312e-05
2.5987625122070312e-05
2.6226043701171875e-05
2.6226043701171875e-05
2.5987625122070312e-05
2.6226043701171875e-05
2.6226043701171875e-05
2.5987625122070312e-05
2.5987625122070312e-05
4.4345855712890625e-05
4.673004150390625e-05
2.86102294921875e-05
7.987022399902344e-05
7.43865966796875e-05
4.124641418457031e-05
2.765655517578125e-05
2.7894973754882812e-05
2.7418136596679688e-05
2.8133392333984375e-05
4.172325134277344e-05
2.6226043701171875e-05
2.5987625122070312e-05
2.574920654296875e-05
2.6226043701171875e-05
2.5510787963867188e-05