6.270408630371094e-05
4.601478576660156e-05
1.8358230590820312e-05
2.5272369384765625e-05
5.340576171875e-05
2.1457672119140625e-05
3.170967102050781e-05
1.8835067749023438e-05
2.6941299438476562e-05
3.9577484130859375e-05
2.1457672119140625e-05
1.7642974853515625e-05
4.076957702636719e-05
4.982948303222656e-05
8.654594421386719e-05
1.5020370483398438e-05
3.552436828613281e-05
3.3855438232421875e-05
3.0040740966796875e-05
2.956390380859375e-05
3.6716461181640625e-05
4.315376281738281e-05
3.0517578125e-05
2.4080276489257812e-05
3.933906555175781e-05
1.811981201171875e-05
4.9591064453125e-05
7.05718994140625e-05
4.9114227294921875e-05
2.193450927734375e-05
1.52587890625e-05
2.3365020751953125e-05
2.956390380859375e-05
7.224082946777344e-05
7.486343383789062e-05
7.677078247070312e-05
2.4318695068359375e-05
5.7697296142578125e-05
3.5762786865234375e-05
4.4345855712890625e-05
2.8133392333984375e-05
3.218650817871094e-05
1.6689300537109375e-05
1.5497207641601562e-05
3.123283386230469e-05
3.933906555175781e-05
3.814697265625e-05
3.647804260253906e-05
4.887580871582031e-05
1.8358230590820312e-05
0.00010418891906738281
9.465217590332031e-05
1.9788742065429688e-05
5.5789947509765625e-05
3.981590270996094e-05
8.320808410644531e-05
2.1696090698242188e-05
3.790855407714844e-05
2.193450927734375e-05
4.267692565917969e-05
5.698204040527344e-05
8.225440979003906e-05
2.86102294921875e-05
1.7881393432617188e-05
2.2411346435546875e-05
5.459785461425781e-05
1.6450881958007812e-05
2.7179718017578125e-05
5.650520324707031e-05
2.956390380859375e-05
3.218650817871094e-05
3.266334533691406e-05
4.7206878662109375e-05
3.6716461181640625e-05
2.0265579223632812e-05
5.030632019042969e-05
1.9311904907226562e-05
1.8358230590820312e-05
4.935264587402344e-05
1.5735626220703125e-05
4.172325134277344e-05
4.6253204345703125e-05
2.574920654296875e-05
6.270408630371094e-05
0.00010204315185546875
1.4066696166992188e-05
6.4849853515625e-05
7.510185241699219e-05
1.9073486328125e-05
3.147125244140625e-05
1.9073486328125e-05
2.5510787963867188e-05
4.291534423828125e-05
3.0040740966796875e-05
2.9325485229492188e-05
3.314018249511719e-05
3.910064697265625e-05
1.6450881958007812e-05
2.5987625122070312e-05
4.363059997558594e-05