8.749961853027344e-05
0.0001404285430908203
0.00010132789611816406
0.00011563301086425781
0.00014781951904296875
0.0001304149627685547
6.580352783203125e-05
8.273124694824219e-05
0.00013566017150878906
8.368492126464844e-05
0.00011205673217773438
6.222724914550781e-05
0.0002493858337402344
0.00019478797912597656
8.225440979003906e-05
3.409385681152344e-05
0.00017404556274414062
7.05718994140625e-05
0.0002448558807373047
0.00012063980102539062
7.987022399902344e-05
0.00010228157043457031
5.698204040527344e-05
0.0001361370086669922
0.00015664100646972656
0.00012493133544921875
3.600120544433594e-05
0.00020503997802734375
0.00010991096496582031
0.00013637542724609375
5.817413330078125e-05
0.00010704994201660156
0.0002086162567138672
0.00010776519775390625
0.0003573894500732422
6.651878356933594e-05
4.9114227294921875e-05
0.00011444091796875
0.00015783309936523438
0.00020051002502441406
0.00014972686767578125
7.581710815429688e-05
0.00010085105895996094
0.00012230873107910156
0.00029206275939941406
8.440017700195312e-05
0.00014138221740722656
0.00025653839111328125
3.123283386230469e-05
4.792213439941406e-05
6.628036499023438e-05
0.00011205673217773438
0.0002598762512207031
5.412101745605469e-05
0.00021648406982421875
0.00011396408081054688
0.00014162063598632812
8.940696716308594e-05
8.749961853027344e-05
0.00019240379333496094
0.00019860267639160156
9.679794311523438e-05
9.012222290039062e-05
0.00013589859008789062
9.202957153320312e-05
0.0001761913299560547
0.000148773193359375
0.00012993812561035156
5.9604644775390625e-05
6.0558319091796875e-05
0.00013709068298339844
4.38690185546875e-05
9.822845458984375e-05
0.0001304149627685547
0.00010228157043457031
0.00013709068298339844
0.0002803802490234375
0.0006005764007568359
0.000156402587890625
2.8848648071289062e-05
0.00021982192993164062
8.511543273925781e-05
8.511543273925781e-05
6.198883056640625e-05
0.00012111663818359375
8.487701416015625e-05
0.00010323524475097656
0.0001709461212158203
5.555152893066406e-05
9.417533874511719e-05
0.0001628398895263672
5.173683166503906e-05
0.00012183189392089844
0.00012254714965820312
0.00015544891357421875
9.417533874511719e-05
8.7738037109375e-05
2.956390380859375e-05
0.0002429485321044922
0.0003504753112792969