0.0002689361572265625
0.0005362033843994141
0.00027561187744140625
0.0005414485931396484
0.0004711151123046875
0.0003528594970703125
0.00010824203491210938
0.00019311904907226562
0.00014901161193847656
0.00038909912109375
0.0009722709655761719
0.0001773834228515625
0.0008962154388427734
0.0007297992706298828
0.00042057037353515625
0.0003609657287597656
0.0010762214660644531
0.0006883144378662109
0.0003428459167480469
0.00032210350036621094
0.0005204677581787109
0.0005609989166259766
0.00016498565673828125
0.000213623046875
0.0017023086547851562
0.00032329559326171875
0.0002741813659667969
0.0002105236053466797
0.00045990943908691406
0.0002167224884033203
0.0004715919494628906
0.00022339820861816406
0.0005292892456054688
0.0005078315734863281
0.0005052089691162109
0.0003726482391357422
0.00016379356384277344
0.0004470348358154297
0.0008134841918945312
0.0009138584136962891
0.00016808509826660156
0.0004215240478515625
0.0004162788391113281
0.0002582073211669922
0.0005791187286376953
0.0006308555603027344
8.296966552734375e-05
0.0003180503845214844
0.0014801025390625
0.0007107257843017578
0.0010280609130859375
0.00022101402282714844
0.0007724761962890625
0.002613067626953125
0.0008192062377929688
0.0017299652099609375
0.00038123130798339844
0.0012722015380859375
0.0003986358642578125
0.0008397102355957031
0.0006024837493896484
0.0007696151733398438
0.00016641616821289062
0.001018524169921875
0.00021338462829589844
0.0004706382751464844
0.0006418228149414062
0.00028395652770996094
0.0005888938903808594
0.00037288665771484375
0.0010023117065429688
0.000453948974609375
0.0015261173248291016
0.0005528926849365234
0.0002446174621582031
0.00037169456481933594
0.0006270408630371094
0.0005872249603271484
0.0004565715789794922
0.0003707408905029297
0.0004260540008544922
0.0005350112915039062
0.0006797313690185547
0.0009396076202392578
0.0002696514129638672
0.0002608299255371094
0.00027561187744140625
0.0007927417755126953
0.00027561187744140625
0.00025773048400878906
0.0003581047058105469
0.0003426074981689453
0.00025391578674316406
0.0002903938293457031
0.0003330707550048828
0.00035834312438964844
0.0006647109985351562
0.0005822181701660156
0.0004296302795410156
0.0003533363342285156