0.12291073799133301
0.15166425704956055
0.12261176109313965
0.10149168968200684
0.1396486759185791
0.1125490665435791
0.10520601272583008
0.1178126335144043
0.12421417236328125
0.09894561767578125
0.08461689949035645
0.09720087051391602
0.10500526428222656
0.07215142250061035
0.1135554313659668
0.10623955726623535
0.13524127006530762
0.1218411922454834
0.12634515762329102
0.11406588554382324
0.1292867660522461
0.08789658546447754
0.09634971618652344
0.12010741233825684
0.09550929069519043
0.12654328346252441
0.11483550071716309
0.08923482894897461
0.11708593368530273
0.13106083869934082
0.09251642227172852
0.10541105270385742
0.1126565933227539
0.10803866386413574
0.10952591896057129
0.13066935539245605
0.09561634063720703
0.1271677017211914
0.12810945510864258
0.13489007949829102
0.0944979190826416
0.13649415969848633
0.13308310508728027
0.08819413185119629
0.12545061111450195
0.10978078842163086
0.12105655670166016
0.11310267448425293
0.06912970542907715
0.13587355613708496
0.11204862594604492
0.09355449676513672
0.10616350173950195
0.09487104415893555
0.0850679874420166
0.13637495040893555
0.0872199535369873
0.10283994674682617
0.146712064743042
0.12001657485961914
0.11742448806762695
0.09381890296936035
0.09430837631225586
0.10959839820861816
0.12097311019897461
0.10826921463012695
0.09940004348754883
0.09564852714538574
0.13346099853515625
0.12682294845581055
0.10997891426086426
0.09614729881286621
0.11524200439453125
0.12797904014587402
0.09573197364807129
0.13756060600280762
0.09664630889892578
0.0990760326385498
0.0969228744506836
0.13594675064086914
0.10871052742004395
0.12714719772338867
0.09980082511901855
0.09332537651062012
0.1090233325958252
0.1086435317993164
0.13570952415466309
0.12598371505737305
0.11536121368408203
0.10473442077636719
0.1327509880065918
0.10965418815612793
0.08049321174621582
0.09962058067321777
0.10969781875610352
0.1172339916229248
0.11361122131347656
0.08827805519104004
0.0973656177520752
0.14202237129211426