1 20 4357
2 20 4721
3 20 6036
4 20 5395
5 20 3985
6 20 4510
7 20 4072
8 20 5375
9 20 5736
10 20 4275
11 20 4299
12 20 5353
13 20 5272
14 20 5704
15 20 5605
16 20 4075
17 20 4416
18 20 4833
19 20 3462
20 20 5407
21 20 3714
22 20 4640
23 20 4096
24 20 3293
25 20 5554
26 20 4409
27 20 4907
28 20 5397
29 20 5143
30 20 4614
31 20 4883
32 20 4697
33 20 5088
34 20 4766
35 20 5532
36 20 4795
37 20 4469
38 20 5820
39 20 4235
40 20 5456
41 20 4358
42 20 4758
43 20 5618
44 20 6309
45 20 4730
46 20 5254
47 20 4095
48 20 4565
49 20 5098
50 20 4309
51 20 5013
52 20 4367
53 20 5034
54 20 3763
55 20 4873
56 20 4535
57 20 3767
58 20 5563
59 20 5178
60 20 5579
61 20 3958
62 20 5795
63 20 4754
64 20 5333
65 20 5349
66 20 4732
67 20 5161
68 20 4264
69 20 4159
70 20 4896
71 20 3611
72 20 5313
73 20 4768
74 20 4703
75 20 4915
76 20 4211
77 20 5429
78 20 4852
79 20 4515
80 20 5671
81 20 4185
82 20 4999
83 20 5584
84 20 3690
85 20 4533
86 20 4398
87 20 4788
88 20 4532
89 20 3799
90 20 4323
91 20 4074
92 20 5365
93 20 4854
94 20 4756
95 20 5394
96 20 4683
97 20 4492
98 20 5367
99 20 3501
100 20 5818