2.5987625122070312e-05
2.09808349609375e-05
3.838539123535156e-05
2.0503997802734375e-05
1.9073486328125e-05
1.8835067749023438e-05
1.8596649169921875e-05
1.9073486328125e-05
1.8835067749023438e-05
1.9311904907226562e-05
1.9073486328125e-05
1.8835067749023438e-05
1.8835067749023438e-05
1.9073486328125e-05
1.8835067749023438e-05
1.8835067749023438e-05
1.8835067749023438e-05
1.9311904907226562e-05
1.9073486328125e-05
1.9073486328125e-05
1.8596649169921875e-05
1.8596649169921875e-05
1.8596649169921875e-05
1.8835067749023438e-05
1.8835067749023438e-05
1.9073486328125e-05
1.9073486328125e-05
1.8596649169921875e-05
1.8358230590820312e-05
1.9311904907226562e-05
1.8835067749023438e-05
1.8596649169921875e-05
1.8835067749023438e-05
1.8358230590820312e-05
1.8835067749023438e-05
1.8596649169921875e-05
1.8596649169921875e-05
1.8835067749023438e-05
1.8358230590820312e-05
1.8358230590820312e-05
1.8596649169921875e-05
1.8835067749023438e-05
1.8596649169921875e-05
1.8596649169921875e-05
1.8596649169921875e-05
1.8596649169921875e-05
1.8835067749023438e-05
1.8596649169921875e-05
1.9073486328125e-05
1.8596649169921875e-05
1.8835067749023438e-05
1.9073486328125e-05
1.8835067749023438e-05
1.8596649169921875e-05
1.8596649169921875e-05
1.8596649169921875e-05
1.8835067749023438e-05
1.8596649169921875e-05
1.8835067749023438e-05
1.8596649169921875e-05
1.8835067749023438e-05
1.8596649169921875e-05
1.8358230590820312e-05
1.8596649169921875e-05
1.8596649169921875e-05
1.8835067749023438e-05
1.9073486328125e-05
1.8835067749023438e-05
1.8596649169921875e-05
1.8596649169921875e-05
1.8596649169921875e-05
1.8358230590820312e-05
1.8835067749023438e-05
1.8596649169921875e-05
1.8358230590820312e-05
1.9073486328125e-05
1.8358230590820312e-05
1.8835067749023438e-05
1.8835067749023438e-05
1.8596649169921875e-05
4.8160552978515625e-05
7.343292236328125e-05
1.8596649169921875e-05
1.8835067749023438e-05
1.9073486328125e-05
1.9073486328125e-05
1.8835067749023438e-05
4.2438507080078125e-05
3.552436828613281e-05
1.8835067749023438e-05
1.8835067749023438e-05
1.8596649169921875e-05
1.8358230590820312e-05
1.8835067749023438e-05
1.8835067749023438e-05
1.9073486328125e-05
1.8596649169921875e-05
1.8596649169921875e-05
1.8596649169921875e-05
1.8596649169921875e-05