0.030800580978393555
0.02501535415649414
0.02698993682861328
0.02726125717163086
0.03243899345397949
0.02550053596496582
0.029323816299438477
0.03441357612609863
0.029495716094970703
0.03234434127807617
0.029647111892700195
0.03163599967956543
0.032700538635253906
0.02488875389099121
0.03197288513183594
0.032776594161987305
0.027228116989135742
0.03194308280944824
0.025162458419799805
0.031418561935424805
0.029221057891845703
0.02957463264465332
0.03451418876647949
0.031003475189208984
0.026051998138427734
0.02645730972290039
0.038564205169677734
0.024106740951538086
0.032926082611083984
0.027826547622680664
0.03139901161193848
0.02407693862915039
0.026462316513061523
0.03298234939575195
0.024912595748901367
0.026818513870239258
0.034104108810424805
0.03227400779724121
0.031522274017333984
0.028563261032104492
0.028493881225585938
0.030091285705566406
0.03544306755065918
0.028491497039794922
0.033017873764038086
0.03397488594055176
0.03167724609375
0.024306297302246094
0.03297901153564453
0.03296947479248047
0.03464150428771973
0.027775049209594727
0.02691793441772461
0.029175519943237305
0.022670984268188477
0.028293609619140625
0.027921676635742188
0.030170679092407227
0.025622844696044922
0.03162670135498047
0.029062271118164062
0.03131699562072754
0.027901887893676758
0.03125929832458496
0.02981734275817871
0.02701425552368164
0.028520584106445312
0.030083179473876953
0.03137946128845215
0.03763175010681152
0.03141927719116211
0.031223535537719727
0.028657197952270508
0.031027555465698242
0.026900768280029297
0.029015541076660156
0.027668237686157227
0.02460789680480957
0.033241987228393555
0.03330564498901367
0.026854276657104492
0.03160357475280762
0.031087636947631836
0.030910253524780273
0.027069091796875
0.030342817306518555
0.03083658218383789
0.025543212890625
0.02805614471435547
0.02782893180847168
0.030363798141479492
0.030981063842773438
0.02913689613342285
0.028470754623413086
0.026442527770996094
0.02631688117980957
0.02719283103942871
0.0347292423248291
0.02792668342590332
0.02549910545349121