1 27 4228
2 27 5604
3 27 4855
4 27 5379
5 27 5407
6 27 5310
7 27 5404
8 27 4466
9 27 5109
10 27 5427
11 27 5486
12 27 5077
13 27 5628
14 27 5299
15 27 4385
16 27 4929
17 27 5811
18 27 6139
19 27 5256
20 27 5293
21 27 4962
22 27 5032
23 27 5670
24 27 5904
25 27 5092
26 27 4688
27 27 5506
28 27 4621
29 27 5436
30 27 5030
31 27 5272
32 27 5712
33 27 6518
34 27 4377
35 27 4278
36 27 4991
37 27 4448
38 27 5667
39 27 5131
40 27 5432
41 27 5085
42 27 3723
43 27 4544
44 27 5371
45 27 4618
46 27 5547
47 27 4622
48 27 5042
49 27 5267
50 27 6093
51 27 4836
52 27 5010
53 27 4928
54 27 5352
55 27 5113
56 27 4426
57 27 5227
58 27 6568
59 27 4313
60 27 4574
61 27 5191
62 27 4342
63 27 4834
64 27 5579
65 27 6237
66 27 5359
67 27 4784
68 27 5442
69 27 5358
70 27 5534
71 27 4483
72 27 5716
73 27 4201
74 27 5728
75 27 5426
76 27 4936
77 27 4753
78 27 4874
79 27 4914
80 27 4870
81 27 4660
82 27 5251
83 27 5676
84 27 4763
85 27 5294
86 27 4459
87 27 4827
88 27 5544
89 27 5211
90 27 5148
91 27 5570
92 27 5563
93 27 5058
94 27 5370
95 27 4999
96 27 5440
97 27 4409
98 27 5121
99 27 4998
100 27 4950