1.9550323486328125e-05
1.621246337890625e-05
1.5497207641601562e-05
1.5735626220703125e-05
1.52587890625e-05
1.5497207641601562e-05
1.5497207641601562e-05
1.4781951904296875e-05
1.4781951904296875e-05
1.5020370483398438e-05
1.5497207641601562e-05
1.5020370483398438e-05
1.5020370483398438e-05
1.52587890625e-05
1.52587890625e-05
1.4781951904296875e-05
1.4781951904296875e-05
1.5020370483398438e-05
1.5735626220703125e-05
5.0067901611328125e-05
3.4809112548828125e-05
3.457069396972656e-05
5.125999450683594e-05
3.0517578125e-05
1.6927719116210938e-05
2.9087066650390625e-05
1.621246337890625e-05
1.5974044799804688e-05
1.621246337890625e-05
2.9325485229492188e-05
1.621246337890625e-05
4.601478576660156e-05
1.52587890625e-05
1.5497207641601562e-05
1.5020370483398438e-05
1.5020370483398438e-05
1.52587890625e-05
1.4781951904296875e-05
1.5020370483398438e-05
1.52587890625e-05
1.5020370483398438e-05
1.4781951904296875e-05
1.4781951904296875e-05
1.52587890625e-05
1.4781951904296875e-05
1.4543533325195312e-05
1.5020370483398438e-05
1.52587890625e-05
1.5020370483398438e-05
1.5020370483398438e-05
1.4781951904296875e-05
1.4781951904296875e-05
1.5020370483398438e-05
1.5020370483398438e-05
1.5020370483398438e-05
1.5020370483398438e-05
1.4781951904296875e-05
1.4781951904296875e-05
1.4781951904296875e-05
1.5020370483398438e-05
1.5020370483398438e-05
1.5020370483398438e-05
1.5020370483398438e-05
1.5020370483398438e-05
1.4781951904296875e-05
1.52587890625e-05
1.4781951904296875e-05
1.4781951904296875e-05
1.5020370483398438e-05
1.4781951904296875e-05
1.52587890625e-05
1.5020370483398438e-05
1.4781951904296875e-05
1.5020370483398438e-05
1.4781951904296875e-05
1.4781951904296875e-05
1.4781951904296875e-05
1.5020370483398438e-05
1.4543533325195312e-05
1.4781951904296875e-05
1.4781951904296875e-05
1.5020370483398438e-05
1.4781951904296875e-05
1.5020370483398438e-05
1.52587890625e-05
1.5020370483398438e-05
1.5020370483398438e-05
1.52587890625e-05
1.4781951904296875e-05
1.4781951904296875e-05
1.5020370483398438e-05
1.5020370483398438e-05
1.4781951904296875e-05
1.5020370483398438e-05
1.4781951904296875e-05
1.4543533325195312e-05
1.5020370483398438e-05
1.5020370483398438e-05
1.52587890625e-05
1.5735626220703125e-05