0.00014901161193847656
0.00034809112548828125
0.0005047321319580078
0.00029754638671875
0.0018813610076904297
0.0005204677581787109
0.0006372928619384766
0.001338958740234375
0.002338409423828125
0.0005328655242919922
0.00015020370483398438
0.0018303394317626953
0.0012400150299072266
0.00041294097900390625
0.00011777877807617188
0.0008187294006347656
0.0004687309265136719
0.0005514621734619141
0.00033402442932128906
0.0007576942443847656
0.0006730556488037109
0.0009114742279052734
0.0005519390106201172
0.0009391307830810547
0.0004665851593017578
0.0002224445343017578
0.00030732154846191406
0.00046825408935546875
0.00027751922607421875
0.0014646053314208984
0.0018546581268310547
0.0004241466522216797
0.0004756450653076172
0.0009446144104003906
0.0007009506225585938
0.0011992454528808594
0.0001952648162841797
0.0004718303680419922
0.001383066177368164
0.0012047290802001953
0.0004780292510986328
9.441375732421875e-05
0.0008606910705566406
0.001264810562133789
0.0007693767547607422
0.00055694580078125
0.0004646778106689453
0.000579833984375
0.0009644031524658203
0.0033445358276367188
0.0009906291961669922
0.00011181831359863281
0.0012521743774414062
0.0005681514739990234
0.00115203857421875
0.0013265609741210938
0.0003285408020019531
0.001416921615600586
0.0012087821960449219
0.0007300376892089844
0.0003910064697265625
0.0003097057342529297
0.000225067138671875
0.0004918575286865234
0.00027489662170410156
0.000446319580078125
0.0006325244903564453
0.0008108615875244141
0.0011181831359863281
0.0003294944763183594
0.0008788108825683594
0.00015664100646972656
0.00011444091796875
0.0006229877471923828
0.0007469654083251953
0.0016329288482666016
0.0030584335327148438
0.0015895366668701172
0.0011737346649169922
0.00029730796813964844
0.00046515464782714844
0.0014934539794921875
0.000804901123046875
0.0005419254302978516
0.0004069805145263672
0.0001342296600341797
0.0006287097930908203
0.00122833251953125
0.0006244182586669922
0.0004096031188964844
0.001115560531616211
0.0006885528564453125
0.0003807544708251953
0.0008213520050048828
0.00022840499877929688
0.0005388259887695312
0.0004971027374267578
0.00026488304138183594
0.0011150836944580078
0.0006854534149169922