1 20 1618
2 20 2230
3 20 2180
4 20 2025
5 20 2453
6 20 2240
7 20 2062
8 20 1780
9 20 1853
10 20 1688
11 20 1709
12 20 1554
13 20 1897
14 20 1641
15 20 2420
16 20 1869
17 20 1863
18 20 1900
19 20 1873
20 20 1928
21 20 2033
22 20 1588
23 20 2292
24 20 2135
25 20 1767
26 20 2306
27 20 2255
28 20 1892
29 20 2180
30 20 1908
31 20 1895
32 20 2027
33 20 2117
34 20 2070
35 20 2091
36 20 1835
37 20 1960
38 20 1679
39 20 1867
40 20 2088
41 20 1745
42 20 1739
43 20 1609
44 20 1511
45 20 2038
46 20 1670
47 20 1645
48 20 1977
49 20 1864
50 20 1727
51 20 2113
52 20 2054
53 20 2210
54 20 2104
55 20 1832
56 20 1393
57 20 1622
58 20 2334
59 20 1968
60 20 1952
61 20 1725
62 20 1982
63 20 1885
64 20 1853
65 20 2001
66 20 1595
67 20 1995
68 20 2324
69 20 1855
70 20 2010
71 20 1916
72 20 2022
73 20 1995
74 20 1575
75 20 2262
76 20 2228
77 20 1649
78 20 2247
79 20 1707
80 20 1703
81 20 1784
82 20 2232
83 20 1655
84 20 2030
85 20 1887
86 20 1920
87 20 2255
88 20 2113
89 20 1793
90 20 1430
91 20 2113
92 20 2095
93 20 2139
94 20 2331
95 20 1586
96 20 1968
97 20 2110
98 20 2257
99 20 2221
100 20 1917