0.015017986297607422
0.13464045524597168
0.19388961791992188
0.06732821464538574
0.029389381408691406
0.1017916202545166
0.06963610649108887
0.01882767677307129
0.02318429946899414
0.012354135513305664
0.019237518310546875
0.0014710426330566406
0.028641700744628906
0.005651235580444336
0.003940105438232422
0.01560211181640625
0.0559544563293457
0.12928295135498047
0.2211909294128418
0.0938270092010498
0.008202075958251953
0.027659177780151367
0.017101049423217773
0.10731315612792969
0.045745134353637695
0.033863067626953125
0.1005253791809082
0.24849581718444824
0.010623693466186523
0.141815185546875
0.05366921424865723
0.0321965217590332
0.18484187126159668
0.006761074066162109
0.05011606216430664
0.010987997055053711
0.22448039054870605
0.013271570205688477
0.37552809715270996
0.024300813674926758
0.0037376880645751953
0.07244038581848145
0.3083963394165039
0.02697443962097168
0.06520915031433105
0.05692100524902344
0.08480405807495117
0.0025777816772460938
0.007212400436401367
0.03406047821044922
0.043291568756103516
0.1280839443206787
0.013185977935791016
0.5466010570526123
0.07949233055114746
0.04558229446411133
0.0195162296295166
0.027446985244750977
0.03328251838684082
0.01331019401550293
0.038103342056274414
0.030772686004638672
0.0648491382598877
0.019055604934692383
0.04617810249328613
0.00251007080078125
0.028992176055908203
0.13506674766540527
0.01650714874267578
0.0268247127532959
0.07792854309082031
0.015739917755126953
0.026753664016723633
0.05672025680541992
0.06210660934448242
0.10480093955993652
0.0068492889404296875
0.0426790714263916
0.006160736083984375
0.017818689346313477
0.01234745979309082
0.09386920928955078
0.019667863845825195
0.02391958236694336
0.13279223442077637
0.030017852783203125
0.017281293869018555
0.029183626174926758
0.10135817527770996
0.026456356048583984
0.007085323333740234
0.05845928192138672
0.33945202827453613
0.018336772918701172
0.004576921463012695
0.04361772537231445
0.13841843605041504
0.17302846908569336
0.10305905342102051
0.013005971908569336