0.0
0.0031746031746031746
0.0031185031185031187
0.002207505518763797
0.0
0.0024630541871921183
0.0
0.0
0.0
0.0022727272727272726
0.0024125452352231603
0.0
0.003952569169960474
0.0009699321047526673
0.0
0.0
0.006472491909385114
0.0
0.0
0.0025806451612903226
0.005591798695246971
0.007547169811320755
0.0
0.0
0.0031982942430703624
0.0
0.0
0.0
0.0
0.0
0.0
0.0
0.0
0.0010235414534288639
0.0
0.0028169014084507044
0.0
0.0011350737797956867
0.0
0.0
0.006122448979591836
0.0
0.0
0.001128668171557562
0.004634994206257242
0.0
0.0
0.0
0.0
0.0
0.006012024048096192
0.0
0.0
0.0
0.0011074197120708748
0.010714285714285714
0.0010905125408942203
0.0
0.0
0.0024096385542168677
0.0
0.0
0.0
0.0
0.012074643249176729
0.0011173184357541898
0.002028397565922921
0.0
0.0
0.0
0.0
0.0
0.003409090909090909
0.0
0.0
0.0
0.0
0.0010582010582010583
0.0
0.006818181818181818
0.0
0.0011402508551881414
0.0
0.0023837902264600714
0.0
0.0
0.0011098779134295228
0.0
0.0
0.0
0.0023837902264600714
0.00501002004008016
0.0
0.0012578616352201257
0.0
0.0
0.005807200929152149
0.0
0.0
0.0