0.0
0.0
0.0
0.0
0.0
0.0
0.0
0.0
0.0
0.0
0.0
0.0
0.0
0.0
0.0
0.0
0.0
0.0
0.0
0.0
0.0
0.0
0.0
0.0
0.0
0.0
0.0
0.0
0.04938271604938271
0.0
0.01098901098901099
0.0
0.0
0.0
0.06569343065693431
0.0
0.0
0.0
0.0
0.0
0.0
0.14606741573033707
0.0
0.0
0.0
0.0
0.0
0.10476190476190476
0.0
0.0
0.0
0.0
0.0
0.0
0.056338028169014086
0.0
0.0
0.0
0.0
0.0
0.0
0.016129032258064516
0.0
0.0
0.0
0.0
0.0
0.0
0.0
0.0
0.0
0.0
0.0
0.0
0.0
0.0
0.0
0.0
0.0
0.02531645569620253
0.0
0.0
0.0
0.0
0.0
0.0
0.0
0.0
0.0
0.05434782608695652
0.0
0.0
0.0
0.0
0.0
0.0
0.0
0.0
0.0
0.0