0.0063893795013427734
0.04642176628112793
0.006247758865356445
0.017549991607666016
0.027374744415283203
0.023656606674194336
0.0014102458953857422
0.061110734939575195
0.005285739898681641
0.010649442672729492
0.0191650390625
0.03664875030517578
0.03192448616027832
0.0009438991546630859
0.011350870132446289
0.0031363964080810547
0.0011584758758544922
0.00644373893737793
0.0008845329284667969
0.08020853996276855
0.006320476531982422
0.013434171676635742
0.022565126419067383
0.005592823028564453
0.032845497131347656
0.011527299880981445
0.020346879959106445
0.015004396438598633
0.013712406158447266
0.005182504653930664
0.034284114837646484
0.10282158851623535
0.007721900939941406
0.011800527572631836
0.010549545288085938
0.04219961166381836
0.01311635971069336
0.019577741622924805
0.0032355785369873047
0.018990755081176758
0.003948688507080078
0.01477503776550293
0.007848978042602539
0.005783557891845703
0.033855438232421875
0.005876302719116211
0.03652191162109375
0.052343130111694336
0.09027504920959473
0.008199691772460938
0.011443853378295898
0.004767179489135742
0.03271198272705078
0.01444697380065918
0.034995317459106445
0.01466679573059082
0.0033936500549316406
0.014499425888061523
0.0018117427825927734
0.005322694778442383
0.0056552886962890625
0.0023603439331054688
0.028998374938964844
0.02003192901611328
0.008800983428955078
0.005833625793457031
0.009487390518188477
0.007105588912963867
0.014919281005859375
0.06883382797241211
0.012583732604980469
0.045801401138305664
0.005488872528076172
0.006501674652099609
0.0056803226470947266
0.0043103694915771484
0.013098478317260742
0.010391712188720703
0.009325027465820312
0.003642559051513672
0.015382766723632812
0.007418155670166016
0.010137796401977539
0.003823995590209961
0.008966922760009766
0.0010082721710205078
0.004002571105957031
0.016724824905395508
0.007999658584594727
0.005922555923461914
0.003178119659423828
0.010368585586547852
0.010933876037597656
0.01951432228088379
0.01574254035949707
0.0029006004333496094
0.042635440826416016
0.013574600219726562
0.011301517486572266
0.0044825077056884766