0.01350092887878418
0.12531328201293945
0.18044209480285645
0.06333088874816895
0.026663541793823242
0.10344982147216797
0.05876970291137695
0.01668095588684082
0.021346569061279297
0.010231256484985352
0.018513917922973633
0.0014190673828125
0.025374650955200195
0.004338264465332031
0.003566741943359375
0.01379537582397461
0.05304861068725586
0.1134181022644043
0.22591900825500488
0.0928795337677002
0.007233619689941406
0.0258026123046875
0.01601576805114746
0.09523987770080566
0.04319024085998535
0.030177593231201172
0.09167051315307617
0.21119308471679688
0.009212255477905273
0.12863564491271973
0.04667067527770996
0.02853226661682129
0.17510366439819336
0.005545616149902344
0.04545331001281738
0.010317564010620117
0.20854592323303223
0.011160612106323242
0.33844709396362305
0.020459413528442383
0.0038785934448242188
0.06631803512573242
0.2708141803741455
0.024851560592651367
0.057974815368652344
0.05385184288024902
0.07677817344665527
0.0021944046020507812
0.005296945571899414
0.032767534255981445
0.03840446472167969
0.11892223358154297
0.011070966720581055
0.5205168724060059
0.06926131248474121
0.034621477127075195
0.015979290008544922
0.02378082275390625
0.0272219181060791
0.00985097885131836
0.034410953521728516
0.028447866439819336
0.05954575538635254
0.016763687133789062
0.04312419891357422
0.0021882057189941406
0.02777838706970215
0.12194180488586426
0.01476430892944336
0.0242767333984375
0.06942272186279297
0.013628721237182617
0.024248838424682617
0.05159568786621094
0.0547487735748291
0.10043668746948242
0.0059244632720947266
0.037259817123413086
0.0057680606842041016
0.01671290397644043
0.009916067123413086
0.08315396308898926
0.018102645874023438
0.021375179290771484
0.12298011779785156
0.026152372360229492
0.016345739364624023
0.026623964309692383
0.0868988037109375
0.02124953269958496
0.00561976432800293
0.05342364311218262
0.311237096786499
0.017590045928955078
0.004106998443603516
0.041036128997802734
0.12648892402648926
0.17121124267578125
0.09355831146240234
0.01249837875366211