0.07509660720825195
0.09123921394348145
0.08620834350585938
0.09108781814575195
0.10012006759643555
0.08543562889099121
0.07594680786132812
0.05995011329650879
0.07143092155456543
0.07801055908203125
0.05491352081298828
0.04877758026123047
0.08002138137817383
0.052469491958618164
0.06472659111022949
0.056670427322387695
0.062297821044921875
0.0652308464050293
0.0648341178894043
0.06727433204650879
0.07446026802062988
0.04774665832519531
0.08409786224365234
0.07345271110534668
0.06097722053527832
0.0774679183959961
0.09070897102355957
0.07828450202941895
0.0882415771484375
0.0842752456665039
0.07107329368591309
0.0816502571105957
0.07844305038452148
0.07782983779907227
0.06260561943054199
0.05662059783935547
0.07074737548828125
0.05114483833312988
0.05859065055847168
0.05540657043457031
0.057791709899902344
0.061699628829956055
0.04865384101867676
0.04282999038696289
0.0623469352722168
0.051032066345214844
0.06916570663452148
0.07549023628234863
0.07172346115112305
0.07940793037414551
0.08507657051086426
0.07973933219909668
0.09306025505065918
0.07880115509033203
0.055231571197509766
0.04244518280029297
0.05540895462036133
0.07062721252441406
0.07269620895385742
0.0950016975402832
0.06998491287231445
0.08483529090881348
0.0755467414855957
0.06892752647399902
0.06802892684936523
0.053544044494628906
0.05635666847229004
0.0841207504272461
0.06400132179260254
0.08376646041870117
0.06526803970336914
0.08245205879211426
0.07156872749328613
0.0713341236114502
0.08081817626953125
0.07381987571716309
0.05274009704589844
0.06908583641052246
0.05353426933288574
0.05576372146606445
0.05964994430541992
0.07507157325744629
0.046401262283325195
0.06595420837402344
0.0672769546508789
0.07061958312988281
0.06179690361022949
0.07121419906616211
0.05224418640136719
0.03854227066040039
0.07219147682189941
0.0637505054473877
0.06479930877685547
0.05424952507019043
0.04811263084411621
0.07877469062805176
0.058620452880859375
0.06716346740722656
0.07861661911010742
0.0693812370300293