1.7642974853515625e-05
8.678436279296875e-05
5.412101745605469e-05
1.5974044799804688e-05
6.008148193359375e-05
4.172325134277344e-05
6.175041198730469e-05
3.814697265625e-05
4.2438507080078125e-05
3.552436828613281e-05
4.00543212890625e-05
3.147125244140625e-05
6.723403930664062e-05
3.123283386230469e-05
1.5974044799804688e-05
2.002716064453125e-05
3.0040740966796875e-05
1.6927719116210938e-05
6.604194641113281e-05
8.726119995117188e-05
1.9311904907226562e-05
7.367134094238281e-05
4.482269287109375e-05
1.6689300537109375e-05
7.700920104980469e-05
4.2438507080078125e-05
6.175041198730469e-05
3.147125244140625e-05
3.2901763916015625e-05
4.172325134277344e-05
1.4543533325195312e-05
3.695487976074219e-05
3.814697265625e-05
2.956390380859375e-05
4.029273986816406e-05
1.6450881958007812e-05
5.412101745605469e-05
2.7179718017578125e-05
2.3603439331054688e-05
3.5762786865234375e-05
5.4836273193359375e-05
3.147125244140625e-05
8.130073547363281e-05
2.5033950805664062e-05
5.3882598876953125e-05
4.6253204345703125e-05
4.482269287109375e-05
6.079673767089844e-05
1.2159347534179688e-05
2.9325485229492188e-05
5.078315734863281e-05
2.2411346435546875e-05
5.5789947509765625e-05
4.0531158447265625e-05
3.719329833984375e-05
8.153915405273438e-05
3.0040740966796875e-05
4.1484832763671875e-05
5.0067901611328125e-05
4.3392181396484375e-05
2.5987625122070312e-05
6.508827209472656e-05
1.5020370483398438e-05
5.221366882324219e-05
6.0558319091796875e-05
2.7418136596679688e-05
4.935264587402344e-05
5.14984130859375e-05
4.172325134277344e-05
5.745887756347656e-05
2.6702880859375e-05
1.5735626220703125e-05
6.29425048828125e-05
3.218650817871094e-05
2.2649765014648438e-05
9.775161743164062e-05
8.058547973632812e-05
3.528594970703125e-05
1.9073486328125e-05
4.220008850097656e-05
0.00010967254638671875
4.982948303222656e-05
4.220008850097656e-05
2.5510787963867188e-05
9.965896606445312e-05
2.47955322265625e-05
2.6941299438476562e-05
2.4557113647460938e-05
4.673004150390625e-05
7.009506225585938e-05
3.6716461181640625e-05
3.0517578125e-05
3.361701965332031e-05
2.2411346435546875e-05
6.151199340820312e-05
3.5762786865234375e-05
4.0531158447265625e-05
2.6226043701171875e-05
1.9788742065429688e-05
3.24249267578125e-05