0.04936014625228519
0.0009727626459143969
0.06009389671361502
0.02355335853445769
0.02262727844123193
0.05147277595953585
0.08493328994467947
0.060548465924518055
0.06142584341183959
0.07123695976154992
0.02587032896838071
0.04018502457357618
0.06729398346164814
0.02282958199356913
0.034
0.058530510585305104
0.09235668789808917
0.06612903225806452
0.05791743684534812
0.11228668941979522
0.09935799449709569
0.06338249137119548
0.0
0.050203527815468114
0.0699426111908178
0.05333333333333334
0.0036537380550871277
0.02258064516129032
0.031914893617021274
0.007381163271331562
0.011160058737151249
0.05969656992084433
0.039335367921329266
0.06655480984340045
0.030608695652173914
0.08917835671342686
0.07135874877810362
0.0547070258261594
0.06004070556309362
0.07182835820895522
0.03056379821958457
0.08486861975234068
0.07272149888853605
0.07955232909860858
0.06167536054004296
0.0011086474501108647
0.04911323328785812
0.0
0.04048318641854391
0.008411517308314461
0.08246289169873557
0.014645776566757493
0.03789592760180995
0.04984984984984985
0.05722983257229833
0.020571077678845563
0.04187192118226601
0.04017440049828714
0.1020066889632107
0.08420737189092
0.09010113392583512
0.05994104159842777
0.03779697624190065
0.023189235614085313
0.03135100193923723
0.02578883495145631
0.11084765856550088
0.09296920395119117
0.09385437541750168
0.08047411104179664
0.06507177033492823
0.07235421166306695
0.07697025452315241
0.03638644918444166
0.031190926275992438
0.09913099452848406
0.05763850027979855
0.08889582033686837
0.05205560485063591
0.09159306509649984
0.028424657534246577
0.0642664872139973
0.08732212160413971
0.010250569476082005
0.008673305493093478
0.07843770174306004
0.057504520795660034
0.059981544140264534
0.05565594506685941
0.0011207621182404036
0.032664069523524124
0.049723756906077346
0.04439476205685085
0.08236994219653179
0.02876376988984088
0.08183754183145725
0.03963221306277743
0.014299642508937277
0.042666666666666665
0.02280014250089063