0.004450378282153983
0.005726341169379144
0.0034192904972218264
0.013319266780957404
0.0038060332675500423
0.008116019159127196
0.0
0.0
0.008925383791503035
0.0
0.0
0.0
0.0010812480691998764
0.0019233614440005919
0.011320199941193767
0.0
0.007556675062972292
0.0018630647414997672
0.002081309837657833
0.015307041238969926
0.0024158757549611735
0.0
0.0
0.0
0.0
0.0
0.005717817957039097
0.0006448492664839593
0.0030234315948601664
0.011283043197936816
0.015640551684913975
0.0
0.0
0.0
0.0
0.0034602076124567475
0.0
0.0016318537859007832
0.00112
0.0
0.0007936507936507937
0.001927795303189625
0.0
0.002167434299647792
0.0
0.0
0.0
0.0019708914493632504
0.0
0.0
0.0030643513789581204
0.0
0.0027906976744186047
0.0
0.0007737542556484061
0.0
0.0020926756352765323
0.00933125972006221
0.0
0.003239390994493035
0.006785411365564037
0.0
0.0
0.0
0.0
0.006432522835456066
0.0
0.002616516762060507
0.0
0.00017295053614666206
0.0
0.0
0.0
0.0
0.0
0.003847929813760197
0.0
0.0
0.006838905775075988
0.0
0.0
0.0
0.0
0.0
0.002082519849017311
0.0
0.0
0.0
0.0
0.0
0.007265774378585086
0.0103498240529911
0.0
0.0
0.0
0.0
0.0
0.013513513513513514
0.0
0.0