1 20 2433
2 20 2314
3 20 2938
4 20 2525
5 20 2521
6 20 2596
7 20 2843
8 20 2670
9 20 2742
10 20 2349
11 20 2440
12 20 2709
13 20 2772
14 20 2952
15 20 3248
16 20 2559
17 20 2999
18 20 2398
19 20 2554
20 20 2624
21 20 2987
22 20 2141
23 20 2294
24 20 2765
25 20 2744
26 20 2670
27 20 2711
28 20 2680
29 20 2511
30 20 2779
31 20 2507
32 20 2703
33 20 2723
34 20 2479
35 20 2249
36 20 2483
37 20 2554
38 20 3068
39 20 2357
40 20 2582
41 20 2687
42 20 2539
43 20 3055
44 20 2373
45 20 2377
46 20 2217
47 20 2849
48 20 2631
49 20 2313
50 20 2539
51 20 2781
52 20 2813
53 20 2826
54 20 2439
55 20 2394
56 20 2211
57 20 2666
58 20 2632
59 20 2680
60 20 2588
61 20 2756
62 20 2384
63 20 2519
64 20 1962
65 20 2472
66 20 2994
67 20 2534
68 20 2314
69 20 2550
70 20 2468
71 20 2808
72 20 2790
73 20 2363
74 20 2579
75 20 3195
76 20 2217
77 20 2804
78 20 2470
79 20 2214
80 20 2432
81 20 2920
82 20 2253
83 20 2316
84 20 2949
85 20 2960
86 20 2900
87 20 2499
88 20 2389
89 20 2323
90 20 3020
91 20 3026
92 20 2704
93 20 2349
94 20 2945
95 20 3024
96 20 2684
97 20 2997
98 20 2221
99 20 2440
100 20 2770