0.0014770030975341797
0.006365299224853516
0.0033006668090820312
0.0009250640869140625
0.009285688400268555
0.0020198822021484375
0.0227048397064209
0.00923776626586914
0.01145482063293457
0.0062024593353271484
0.0016093254089355469
0.0044193267822265625
0.005506277084350586
0.012096643447875977
0.00855875015258789
0.0004992485046386719
0.0026841163635253906
0.004937648773193359
0.0029997825622558594
0.0032782554626464844
0.0042209625244140625
0.014008760452270508
0.01429295539855957
0.003832578659057617
0.011713027954101562
0.004317283630371094
0.0027065277099609375
0.005011796951293945
0.014955282211303711
0.0038673877716064453
0.012291193008422852
0.0045032501220703125
0.011064291000366211
0.008728265762329102
0.0035784244537353516
0.0026688575744628906
0.005647182464599609
0.0018897056579589844
0.017246007919311523
0.014167070388793945
0.002488851547241211
0.011337995529174805
0.010098695755004883
0.004079580307006836
0.0024309158325195312
0.002780437469482422
0.00118255615234375
0.0005300045013427734
0.011302947998046875
0.011619806289672852
0.011162042617797852
0.013607978820800781
0.0032205581665039062
0.0075054168701171875
0.013577461242675781
0.005815029144287109
0.03792214393615723
0.0033202171325683594
0.0027010440826416016
0.0017521381378173828
0.0010504722595214844
0.0020341873168945312
0.005141735076904297
0.0021467208862304688
0.0019769668579101562
0.0016026496887207031
0.007425785064697266
0.0019562244415283203
0.001146078109741211
0.0025131702423095703
0.0014684200286865234
0.001729726791381836
0.006436347961425781
0.005156517028808594
0.009146928787231445
0.0027511119842529297
0.004559993743896484
0.003452777862548828
0.009759187698364258
0.0035479068756103516
0.0013680458068847656
0.004328012466430664
0.006146669387817383
0.03148698806762695
0.0052640438079833984
0.002096891403198242
0.0007996559143066406
0.002636432647705078
0.0030519962310791016
0.02290511131286621
0.0014300346374511719
0.00600743293762207
0.002850770950317383
0.004299163818359375
0.004230499267578125
0.0022001266479492188
0.006689786911010742
0.0031578540802001953
0.0028595924377441406
0.0002014636993408203