2.2649765014648438e-05
1.7404556274414062e-05
1.6927719116210938e-05
1.6450881958007812e-05
1.6450881958007812e-05
1.5974044799804688e-05
1.621246337890625e-05
1.621246337890625e-05
1.621246337890625e-05
1.5497207641601562e-05
1.5974044799804688e-05
1.5497207641601562e-05
1.5974044799804688e-05
1.621246337890625e-05
1.5497207641601562e-05
1.5497207641601562e-05
1.5735626220703125e-05
1.52587890625e-05
1.5974044799804688e-05
1.5974044799804688e-05
1.5974044799804688e-05
1.6927719116210938e-05
1.621246337890625e-05
1.621246337890625e-05
1.5974044799804688e-05
1.5974044799804688e-05
1.621246337890625e-05
1.5735626220703125e-05
1.6689300537109375e-05
1.5735626220703125e-05
1.621246337890625e-05
1.5735626220703125e-05
1.621246337890625e-05
1.6689300537109375e-05
1.5974044799804688e-05
1.5735626220703125e-05
1.5974044799804688e-05
1.621246337890625e-05
1.5974044799804688e-05
3.933906555175781e-05
1.6450881958007812e-05
1.5497207641601562e-05
1.5974044799804688e-05
1.5974044799804688e-05
1.5735626220703125e-05
1.6450881958007812e-05
1.5974044799804688e-05
1.5735626220703125e-05
1.5974044799804688e-05
1.621246337890625e-05
1.5974044799804688e-05
1.6450881958007812e-05
1.5735626220703125e-05
1.5735626220703125e-05
1.6450881958007812e-05
1.5497207641601562e-05
1.5974044799804688e-05
1.5735626220703125e-05
1.621246337890625e-05
1.5974044799804688e-05
1.621246337890625e-05
1.5735626220703125e-05
1.5735626220703125e-05
1.5735626220703125e-05
1.5735626220703125e-05
1.5735626220703125e-05
1.6450881958007812e-05
1.5974044799804688e-05
1.5974044799804688e-05
1.5735626220703125e-05
1.5735626220703125e-05
1.5735626220703125e-05
1.5735626220703125e-05
1.5735626220703125e-05
1.621246337890625e-05
1.5735626220703125e-05
1.5497207641601562e-05
1.621246337890625e-05
1.5497207641601562e-05
1.5974044799804688e-05
1.7881393432617188e-05
1.6689300537109375e-05
1.5974044799804688e-05
1.6689300537109375e-05
1.52587890625e-05
1.621246337890625e-05
1.5735626220703125e-05
1.5497207641601562e-05
1.5974044799804688e-05
1.6450881958007812e-05
1.6450881958007812e-05
1.6450881958007812e-05
1.5974044799804688e-05
1.621246337890625e-05
1.621246337890625e-05
1.5974044799804688e-05
1.621246337890625e-05
1.5974044799804688e-05
1.6450881958007812e-05
1.5974044799804688e-05