3.1948089599609375e-05
2.6226043701171875e-05
2.5987625122070312e-05
2.5510787963867188e-05
2.574920654296875e-05
2.5033950805664062e-05
2.5510787963867188e-05
2.47955322265625e-05
2.5033950805664062e-05
2.5987625122070312e-05
2.4557113647460938e-05
2.4557113647460938e-05
2.47955322265625e-05
2.4557113647460938e-05
2.47955322265625e-05
2.4557113647460938e-05
2.5033950805664062e-05
2.5272369384765625e-05
2.47955322265625e-05
2.5033950805664062e-05
2.47955322265625e-05
2.47955322265625e-05
2.47955322265625e-05
2.4557113647460938e-05
2.5987625122070312e-05
2.47955322265625e-05
2.5033950805664062e-05
2.47955322265625e-05
2.5033950805664062e-05
2.5033950805664062e-05
3.0517578125e-05
2.574920654296875e-05
2.5510787963867188e-05
2.6226043701171875e-05
2.5987625122070312e-05
2.574920654296875e-05
2.47955322265625e-05
2.47955322265625e-05
2.5033950805664062e-05
2.5987625122070312e-05
2.574920654296875e-05
2.5510787963867188e-05
2.5033950805664062e-05
2.5510787963867188e-05
2.5272369384765625e-05
2.47955322265625e-05
4.744529724121094e-05
2.5272369384765625e-05
2.47955322265625e-05
2.47955322265625e-05
2.5272369384765625e-05
2.4318695068359375e-05
2.5033950805664062e-05
2.4557113647460938e-05
2.5272369384765625e-05
2.47955322265625e-05
2.47955322265625e-05
2.5033950805664062e-05
2.5272369384765625e-05
2.5987625122070312e-05
2.574920654296875e-05
2.5272369384765625e-05
2.5033950805664062e-05
2.6226043701171875e-05
2.6464462280273438e-05
2.5272369384765625e-05
2.5510787963867188e-05
2.5510787963867188e-05
0.0004074573516845703
2.9087066650390625e-05
2.6702880859375e-05
2.6941299438476562e-05
2.6464462280273438e-05
0.00013065338134765625
2.86102294921875e-05
2.6464462280273438e-05
2.5510787963867188e-05
2.5987625122070312e-05
2.5987625122070312e-05
2.5510787963867188e-05
2.5272369384765625e-05
2.5987625122070312e-05
2.5510787963867188e-05
2.5987625122070312e-05
2.5987625122070312e-05
2.5987625122070312e-05
2.6226043701171875e-05
2.5510787963867188e-05
2.5272369384765625e-05
2.47955322265625e-05
2.5033950805664062e-05
2.5272369384765625e-05
2.5272369384765625e-05
2.47955322265625e-05
2.5033950805664062e-05
2.5272369384765625e-05
2.5272369384765625e-05
2.47955322265625e-05
2.5272369384765625e-05
2.5987625122070312e-05