4.1961669921875e-05
3.743171691894531e-05
3.504753112792969e-05
3.528594970703125e-05
3.4809112548828125e-05
3.504753112792969e-05
3.457069396972656e-05
3.528594970703125e-05
3.4809112548828125e-05
3.4809112548828125e-05
3.4809112548828125e-05
3.528594970703125e-05
3.4809112548828125e-05
3.504753112792969e-05
3.504753112792969e-05
3.4809112548828125e-05
3.457069396972656e-05
3.4332275390625e-05
3.4809112548828125e-05
3.4332275390625e-05
3.4809112548828125e-05
6.628036499023438e-05
3.457069396972656e-05
3.457069396972656e-05
3.4332275390625e-05
3.457069396972656e-05
3.409385681152344e-05
3.4332275390625e-05
3.504753112792969e-05
3.457069396972656e-05
3.4809112548828125e-05
3.4809112548828125e-05
3.504753112792969e-05
3.504753112792969e-05
3.3855438232421875e-05
3.457069396972656e-05
3.457069396972656e-05
3.4809112548828125e-05
3.4332275390625e-05
3.4809112548828125e-05
3.4332275390625e-05
3.4809112548828125e-05
3.62396240234375e-05
3.600120544433594e-05
3.5762786865234375e-05
5.3882598876953125e-05
3.504753112792969e-05
3.4809112548828125e-05
3.528594970703125e-05
7.200241088867188e-05
3.6716461181640625e-05
8.106231689453125e-05
5.125999450683594e-05
3.552436828613281e-05
3.457069396972656e-05
5.435943603515625e-05
3.62396240234375e-05
3.504753112792969e-05
5.316734313964844e-05
3.457069396972656e-05
3.4332275390625e-05
3.4332275390625e-05
3.409385681152344e-05
3.4809112548828125e-05
3.4332275390625e-05
3.504753112792969e-05
3.4332275390625e-05
3.4332275390625e-05
3.4332275390625e-05
3.457069396972656e-05
3.457069396972656e-05
3.457069396972656e-05
3.457069396972656e-05
3.457069396972656e-05
3.457069396972656e-05
3.409385681152344e-05
3.457069396972656e-05
3.504753112792969e-05
3.457069396972656e-05
3.457069396972656e-05
3.457069396972656e-05
3.457069396972656e-05
3.457069396972656e-05
8.153915405273438e-05
3.4332275390625e-05
3.4809112548828125e-05
3.457069396972656e-05
3.4809112548828125e-05
3.457069396972656e-05
3.4332275390625e-05
3.457069396972656e-05
3.4332275390625e-05
3.4332275390625e-05
3.552436828613281e-05
3.504753112792969e-05
7.295608520507812e-05
3.719329833984375e-05
7.009506225585938e-05
3.4332275390625e-05
3.4809112548828125e-05