1.6689300537109375e-05
1.1920928955078125e-05
1.0728836059570312e-05
1.0251998901367188e-05
1.0013580322265625e-05
1.0013580322265625e-05
1.0013580322265625e-05
1.0013580322265625e-05
9.775161743164062e-06
1.0251998901367188e-05
1.0013580322265625e-05
1.0013580322265625e-05
1.0013580322265625e-05
9.775161743164062e-06
9.775161743164062e-06
1.0251998901367188e-05
1.0013580322265625e-05
9.775161743164062e-06
1.0013580322265625e-05
9.775161743164062e-06
1.049041748046875e-05
1.0251998901367188e-05
1.049041748046875e-05
9.5367431640625e-06
9.775161743164062e-06
9.775161743164062e-06
9.775161743164062e-06
9.775161743164062e-06
9.775161743164062e-06
9.5367431640625e-06
9.5367431640625e-06
9.5367431640625e-06
1.0013580322265625e-05
9.775161743164062e-06
1.0013580322265625e-05
9.5367431640625e-06
9.775161743164062e-06
9.5367431640625e-06
1.0013580322265625e-05
9.775161743164062e-06
9.775161743164062e-06
9.775161743164062e-06
9.775161743164062e-06
9.5367431640625e-06
9.298324584960938e-06
9.5367431640625e-06
9.775161743164062e-06
9.5367431640625e-06
9.5367431640625e-06
9.775161743164062e-06
9.775161743164062e-06
9.775161743164062e-06
9.775161743164062e-06
9.775161743164062e-06
9.775161743164062e-06
9.5367431640625e-06
9.775161743164062e-06
9.775161743164062e-06
9.5367431640625e-06
9.5367431640625e-06
9.5367431640625e-06
9.5367431640625e-06
1.0013580322265625e-05
9.5367431640625e-06
9.5367431640625e-06
9.775161743164062e-06
9.775161743164062e-06
9.5367431640625e-06
1.0013580322265625e-05
9.775161743164062e-06
1.0013580322265625e-05
9.5367431640625e-06
9.775161743164062e-06
9.5367431640625e-06
9.775161743164062e-06
9.5367431640625e-06
9.298324584960938e-06
9.775161743164062e-06
9.775161743164062e-06
9.775161743164062e-06
9.775161743164062e-06
9.775161743164062e-06
9.775161743164062e-06
9.5367431640625e-06
9.5367431640625e-06
1.0013580322265625e-05
9.298324584960938e-06
9.298324584960938e-06
9.775161743164062e-06
9.775161743164062e-06
9.5367431640625e-06
9.775161743164062e-06
9.298324584960938e-06
9.775161743164062e-06
9.5367431640625e-06
9.775161743164062e-06
9.775161743164062e-06
9.298324584960938e-06
9.5367431640625e-06
9.5367431640625e-06