5.745887756347656e-05
3.933906555175781e-05
1.6450881958007812e-05
1.6927719116210938e-05
2.9087066650390625e-05
1.5497207641601562e-05
1.5020370483398438e-05
1.52587890625e-05
1.4781951904296875e-05
1.5497207641601562e-05
1.5020370483398438e-05
1.5020370483398438e-05
1.5020370483398438e-05
1.52587890625e-05
1.52587890625e-05
1.52587890625e-05
1.4781951904296875e-05
1.5497207641601562e-05
1.5020370483398438e-05
1.52587890625e-05
1.5020370483398438e-05
1.52587890625e-05
1.52587890625e-05
1.5497207641601562e-05
1.5020370483398438e-05
1.52587890625e-05
1.52587890625e-05
1.52587890625e-05
1.5497207641601562e-05
1.4781951904296875e-05
1.5020370483398438e-05
1.5020370483398438e-05
1.5497207641601562e-05
1.5497207641601562e-05
1.52587890625e-05
1.5020370483398438e-05
1.52587890625e-05
1.5020370483398438e-05
1.5020370483398438e-05
1.52587890625e-05
1.4781951904296875e-05
1.5020370483398438e-05
1.5020370483398438e-05
1.5020370483398438e-05
1.52587890625e-05
1.5020370483398438e-05
1.4781951904296875e-05
1.52587890625e-05
1.4781951904296875e-05
1.5020370483398438e-05
1.5020370483398438e-05
1.52587890625e-05
1.52587890625e-05
1.5020370483398438e-05
1.52587890625e-05
1.5020370483398438e-05
1.5020370483398438e-05
1.5020370483398438e-05
1.5497207641601562e-05
1.5020370483398438e-05
1.52587890625e-05
1.5020370483398438e-05
3.3855438232421875e-05
1.621246337890625e-05
1.6450881958007812e-05
1.621246337890625e-05
1.52587890625e-05
1.5020370483398438e-05
1.5497207641601562e-05
1.5020370483398438e-05
1.52587890625e-05
1.5020370483398438e-05
1.5020370483398438e-05
1.52587890625e-05
1.52587890625e-05
1.52587890625e-05
1.52587890625e-05
1.52587890625e-05
1.5497207641601562e-05
1.5497207641601562e-05
1.5020370483398438e-05
1.5020370483398438e-05
1.52587890625e-05
1.4781951904296875e-05
1.4781951904296875e-05
1.5020370483398438e-05
1.5020370483398438e-05
1.5020370483398438e-05
1.5497207641601562e-05
1.5020370483398438e-05
1.4781951904296875e-05
1.5020370483398438e-05
1.4781951904296875e-05
1.5020370483398438e-05
1.621246337890625e-05
1.621246337890625e-05
1.4781951904296875e-05
1.4781951904296875e-05
1.5020370483398438e-05
1.52587890625e-05