2.574920654296875e-05
2.2411346435546875e-05
2.1219253540039062e-05
2.1457672119140625e-05
2.0742416381835938e-05
2.1457672119140625e-05
2.09808349609375e-05
2.0503997802734375e-05
2.1219253540039062e-05
2.0503997802734375e-05
2.0503997802734375e-05
2.0742416381835938e-05
2.09808349609375e-05
2.0503997802734375e-05
2.09808349609375e-05
2.0742416381835938e-05
2.09808349609375e-05
2.0742416381835938e-05
2.0503997802734375e-05
2.09808349609375e-05
2.0742416381835938e-05
2.0503997802734375e-05
2.0742416381835938e-05
2.0503997802734375e-05
2.0742416381835938e-05
2.0742416381835938e-05
2.09808349609375e-05
2.09808349609375e-05
2.1219253540039062e-05
2.1219253540039062e-05
2.09808349609375e-05
3.552436828613281e-05
2.193450927734375e-05
2.09808349609375e-05
2.09808349609375e-05
2.0742416381835938e-05
3.5762786865234375e-05
2.193450927734375e-05
3.337860107421875e-05
2.0742416381835938e-05
2.0503997802734375e-05
2.0742416381835938e-05
2.0742416381835938e-05
2.0742416381835938e-05
2.09808349609375e-05
2.0503997802734375e-05
2.0742416381835938e-05
2.0503997802734375e-05
2.0742416381835938e-05
2.0503997802734375e-05
2.0742416381835938e-05
2.0265579223632812e-05
2.0503997802734375e-05
7.557868957519531e-05
2.3126602172851562e-05
2.2172927856445312e-05
2.193450927734375e-05
2.193450927734375e-05
2.193450927734375e-05
4.57763671875e-05
3.743171691894531e-05
2.0265579223632812e-05
2.0742416381835938e-05
2.0503997802734375e-05
2.0742416381835938e-05
2.0742416381835938e-05
2.0742416381835938e-05
2.0742416381835938e-05
2.0742416381835938e-05
2.0503997802734375e-05
2.0503997802734375e-05
2.0503997802734375e-05
2.0503997802734375e-05
4.2438507080078125e-05
2.2172927856445312e-05
2.1696090698242188e-05
3.8623809814453125e-05
2.2172927856445312e-05
2.2172927856445312e-05
2.1696090698242188e-05
2.193450927734375e-05
2.1457672119140625e-05
2.193450927734375e-05
2.2411346435546875e-05
2.2172927856445312e-05
2.2172927856445312e-05
2.2649765014648438e-05
4.1484832763671875e-05
2.3365020751953125e-05
5.340576171875e-05
4.1961669921875e-05
2.384185791015625e-05
4.00543212890625e-05
6.270408630371094e-05
2.3126602172851562e-05
2.0742416381835938e-05
2.0742416381835938e-05
2.0742416381835938e-05
2.0742416381835938e-05
2.0742416381835938e-05