7.557868957519531e-05
3.266334533691406e-05
3.3855438232421875e-05
2.4557113647460938e-05
9.703636169433594e-05
3.933906555175781e-05
4.839897155761719e-05
1.9550323486328125e-05
2.7179718017578125e-05
3.838539123535156e-05
2.0742416381835938e-05
1.8358230590820312e-05
4.172325134277344e-05
5.2928924560546875e-05
0.00012731552124023438
3.0517578125e-05
3.504753112792969e-05
3.600120544433594e-05
4.38690185546875e-05
3.0994415283203125e-05
3.790855407714844e-05
5.5789947509765625e-05
3.0994415283203125e-05
2.4318695068359375e-05
3.910064697265625e-05
1.811981201171875e-05
5.030632019042969e-05
7.224082946777344e-05
6.341934204101562e-05
2.288818359375e-05
1.5735626220703125e-05
2.384185791015625e-05
3.0279159545898438e-05
7.367134094238281e-05
7.700920104980469e-05
0.00011086463928222656
1.9311904907226562e-05
7.557868957519531e-05
3.170967102050781e-05
4.3392181396484375e-05
2.7418136596679688e-05
3.0994415283203125e-05
1.6450881958007812e-05
1.5020370483398438e-05
3.0517578125e-05
3.790855407714844e-05
5.435943603515625e-05
3.552436828613281e-05
4.792213439941406e-05
1.7881393432617188e-05
0.000118255615234375
9.465217590332031e-05
3.2901763916015625e-05
5.507469177246094e-05
4.673004150390625e-05
8.034706115722656e-05
2.09808349609375e-05
3.5762786865234375e-05
2.0742416381835938e-05
3.647804260253906e-05
5.4836273193359375e-05
9.107589721679688e-05
5.793571472167969e-05
1.7404556274414062e-05
3.4809112548828125e-05
5.269050598144531e-05
1.5974044799804688e-05
2.6941299438476562e-05
5.4836273193359375e-05
2.8848648071289062e-05
3.123283386230469e-05
4.649162292480469e-05
4.601478576660156e-05
4.506111145019531e-05
1.9311904907226562e-05
6.222724914550781e-05
1.9073486328125e-05
1.811981201171875e-05
6.151199340820312e-05
1.5020370483398438e-05
4.076957702636719e-05
4.506111145019531e-05
2.4557113647460938e-05
6.031990051269531e-05
0.00011014938354492188
1.430511474609375e-05
6.175041198730469e-05
7.462501525878906e-05
4.029273986816406e-05
5.14984130859375e-05
3.6716461181640625e-05
3.838539123535156e-05
5.53131103515625e-05
4.553794860839844e-05
4.5299530029296875e-05
3.2901763916015625e-05
7.319450378417969e-05
1.6450881958007812e-05
2.5510787963867188e-05
4.3392181396484375e-05