8.440017700195312e-05
0.00013399124145507812
0.00010943412780761719
0.00012421607971191406
0.00015091896057128906
0.0001342296600341797
6.365776062011719e-05
0.00011301040649414062
0.00017833709716796875
9.298324584960938e-05
0.00012969970703125
7.009506225585938e-05
0.00024271011352539062
0.0001914501190185547
7.963180541992188e-05
4.482269287109375e-05
0.00017523765563964844
8.130073547363281e-05
0.00024247169494628906
0.000125885009765625
0.00010156631469726562
0.00010800361633300781
5.269050598144531e-05
0.00013208389282226562
0.00012040138244628906
0.00013947486877441406
6.747245788574219e-05
0.00024509429931640625
0.00010943412780761719
0.00012946128845214844
6.961822509765625e-05
0.00011515617370605469
0.00020503997802734375
0.0001068115234375
0.00041413307189941406
6.842613220214844e-05
4.935264587402344e-05
0.00011682510375976562
0.00018739700317382812
0.00019049644470214844
0.00017309188842773438
8.678436279296875e-05
9.1552734375e-05
0.00011444091796875
0.00029158592224121094
9.894371032714844e-05
0.0001709461212158203
0.0002453327178955078
3.075599670410156e-05
4.7206878662109375e-05
6.556510925292969e-05
0.00011229515075683594
0.0002875328063964844
6.580352783203125e-05
0.00019097328186035156
0.00012087821960449219
0.00013208389282226562
8.845329284667969e-05
8.463859558105469e-05
0.0002143383026123047
0.00020432472229003906
9.703636169433594e-05
8.630752563476562e-05
0.00011515617370605469
0.00010156631469726562
0.00017762184143066406
0.00014328956604003906
0.00014543533325195312
0.00010704994201660156
0.00011301040649414062
0.00019812583923339844
7.867813110351562e-05
0.00010800361633300781
0.00013637542724609375
0.0001513957977294922
0.00015616416931152344
0.00028061866760253906
0.0005896091461181641
7.200241088867188e-05
4.363059997558594e-05
0.00022125244140625
9.72747802734375e-05
9.608268737792969e-05
7.343292236328125e-05
0.00018596649169921875
9.703636169433594e-05
0.00012111663818359375
0.00017070770263671875
6.389617919921875e-05
0.00012874603271484375
0.00019931793212890625
6.961822509765625e-05
0.0001976490020751953
0.00011539459228515625
0.00014925003051757812
9.012222290039062e-05
8.487701416015625e-05
2.86102294921875e-05
0.00023293495178222656
0.00033354759216308594