0.03098893165588379
0.03186297416687012
0.03814053535461426
0.033051252365112305
0.03126692771911621
0.03828787803649902
0.04326963424682617
0.04135775566101074
0.044037818908691406
0.02891063690185547
0.025869131088256836
0.03245186805725098
0.045119524002075195
0.036304473876953125
0.02635645866394043
0.01618480682373047
0.033400774002075195
0.02911829948425293
0.032712459564208984
0.03849959373474121
0.01933145523071289
0.038784027099609375
0.04302525520324707
0.028475284576416016
0.03612828254699707
0.042406320571899414
0.04011273384094238
0.030992507934570312
0.03561139106750488
0.023494482040405273
0.02839350700378418
0.03545498847961426
0.03362751007080078
0.05133652687072754
0.03398752212524414
0.034919023513793945
0.030629396438598633
0.03230428695678711
0.028198719024658203
0.04129528999328613
0.03032708168029785
0.05209159851074219
0.03098893165588379
0.040383338928222656
0.039484262466430664
0.025004148483276367
0.042107343673706055
0.028133630752563477
0.0443112850189209
0.023520708084106445
0.03719782829284668
0.03692221641540527
0.026655197143554688
0.04238700866699219
0.03206992149353027
0.03356599807739258
0.030469655990600586
0.021416664123535156
0.03771376609802246
0.025850772857666016
0.024368762969970703
0.042634010314941406
0.025456905364990234
0.024071216583251953
0.03701043128967285
0.03647351264953613
0.0329747200012207
0.038153886795043945
0.04071187973022461
0.03412294387817383
0.02647995948791504
0.03574419021606445
0.03437519073486328
0.02588963508605957
0.026880979537963867
0.040636539459228516
0.04345345497131348
0.03334641456604004
0.033503055572509766
0.03950166702270508
0.033396244049072266
0.0338592529296875
0.03625917434692383
0.03515195846557617
0.048189401626586914
0.024267196655273438
0.04271531105041504
0.02785778045654297
0.03192710876464844
0.0468592643737793
0.029050350189208984
0.02955913543701172
0.03506636619567871
0.04117536544799805
0.04505109786987305
0.044042348861694336
0.024791240692138672
0.02767777442932129
0.039449453353881836
0.03689312934875488