0.0003991127014160156
0.0005309581756591797
0.0037202835083007812
0.004236936569213867
0.0009508132934570312
0.001210927963256836
0.0027663707733154297
0.00090789794921875
0.0014195442199707031
0.004416704177856445
0.002866506576538086
0.0042002201080322266
0.0034360885620117188
0.00043892860412597656
0.0032062530517578125
0.0008914470672607422
0.0009181499481201172
0.0026235580444335938
0.0036470890045166016
0.004790067672729492
0.0009760856628417969
0.0010247230529785156
0.003826141357421875
0.0007474422454833984
0.0011324882507324219
0.002115964889526367
0.0004799365997314453
0.0020380020141601562
0.003730297088623047
0.0041773319244384766
0.0029311180114746094
0.002462148666381836
0.0020911693572998047
0.001956939697265625
0.004930734634399414
0.003221750259399414
0.0026748180389404297
0.0019600391387939453
0.0013649463653564453
0.0007321834564208984
0.003235340118408203
0.002871274948120117
0.004268169403076172
0.0015926361083984375
0.0033881664276123047
0.0010902881622314453
0.0030164718627929688
0.00257110595703125
0.0025780200958251953
0.003514528274536133
0.0005214214324951172
0.00018024444580078125
0.0029616355895996094
9.036064147949219e-05
0.0039598941802978516
0.003674745559692383
0.0015985965728759766
0.003220796585083008
0.0018377304077148438
0.0013659000396728516
0.004494190216064453
0.0013117790222167969
0.0029144287109375
0.0033936500549316406
0.0047338008880615234
0.0010006427764892578
0.0028884410858154297
0.001039266586303711
0.0007290840148925781
0.0003859996795654297
5.054473876953125e-05
0.002091646194458008
0.0010623931884765625
0.003780364990234375
0.0019681453704833984
0.003563404083251953
0.002404451370239258
0.00037169456481933594
0.0019562244415283203
0.0033338069915771484
0.0006694793701171875
0.0004849433898925781
0.0023970603942871094
0.0016362667083740234
0.0037114620208740234
0.0029904842376708984
0.00029730796813964844
0.002020597457885742
0.0005016326904296875
0.0028138160705566406
0.0010280609130859375
0.0006015300750732422
0.0010721683502197266
0.0016782283782958984
0.0037724971771240234
0.000644683837890625
0.0028748512268066406
0.0014786720275878906
0.004662513732910156
0.00024819374084472656