0.22179698944091797
0.27166056632995605
0.27519774436950684
0.2580528259277344
0.30873942375183105
0.2233881950378418
0.31604957580566406
0.25617074966430664
0.25997304916381836
0.2822692394256592
0.33321475982666016
0.29424262046813965
0.262803316116333
0.2720344066619873
0.24377965927124023
0.29131245613098145
0.26990509033203125
0.2303173542022705
0.36782264709472656
0.28249239921569824
0.24040961265563965
0.3262004852294922
0.3737468719482422
0.3598301410675049
0.2962300777435303
0.3831789493560791
0.4102466106414795
0.28887462615966797
0.2776165008544922
0.2830653190612793
0.26349401473999023
0.29560065269470215
0.3368051052093506
0.4534900188446045
0.30553603172302246
0.2678813934326172
0.3590238094329834
0.24613475799560547
0.2876708507537842
0.2967038154602051
0.24870538711547852
0.2696714401245117
0.2989332675933838
0.3749864101409912
0.33064770698547363
0.24508404731750488
0.3182566165924072
0.2568070888519287
0.28400492668151855
0.26081418991088867
0.3037540912628174
0.28173828125
0.2468116283416748
0.2213456630706787
0.24103808403015137
0.30980658531188965
0.23668956756591797
0.2687840461730957
0.28183746337890625
0.29931116104125977
0.26915764808654785
0.3520700931549072
0.31592607498168945
0.3041806221008301
0.37682676315307617
0.28055739402770996
0.27632904052734375
0.26560354232788086
0.2943425178527832
0.28073549270629883
0.2516493797302246
0.2959778308868408
0.2550044059753418
0.2590625286102295
0.267009973526001
0.3121473789215088
0.2836344242095947
0.27122974395751953
0.2574765682220459
0.22799158096313477
0.2735753059387207
0.2963874340057373
0.24783945083618164
0.24875521659851074
0.28192639350891113
0.2866818904876709
0.2735302448272705
0.27055883407592773
0.2326219081878662
0.250164270401001
0.27178001403808594
0.29515695571899414
0.2615642547607422
0.3182823657989502
0.3114159107208252
0.2621641159057617
0.19829225540161133
0.32219481468200684
0.27876996994018555
0.28844523429870605