2.2172927856445312e-05
1.6927719116210938e-05
1.5735626220703125e-05
1.5497207641601562e-05
1.52587890625e-05
1.4781951904296875e-05
1.4781951904296875e-05
1.430511474609375e-05
1.4543533325195312e-05
1.4781951904296875e-05
1.4543533325195312e-05
1.5020370483398438e-05
1.4543533325195312e-05
1.4543533325195312e-05
1.4781951904296875e-05
1.430511474609375e-05
1.430511474609375e-05
1.430511474609375e-05
1.430511474609375e-05
1.4543533325195312e-05
1.4543533325195312e-05
1.4543533325195312e-05
1.4543533325195312e-05
1.430511474609375e-05
1.4781951904296875e-05
1.4781951904296875e-05
1.4543533325195312e-05
1.430511474609375e-05
1.4543533325195312e-05
1.4543533325195312e-05
1.4543533325195312e-05
1.430511474609375e-05
1.4543533325195312e-05
1.4781951904296875e-05
1.4543533325195312e-05
1.430511474609375e-05
1.4781951904296875e-05
1.5020370483398438e-05
1.430511474609375e-05
1.430511474609375e-05
1.430511474609375e-05
4.5299530029296875e-05
1.4781951904296875e-05
1.430511474609375e-05
1.4543533325195312e-05
1.430511474609375e-05
1.4781951904296875e-05
1.430511474609375e-05
1.430511474609375e-05
1.430511474609375e-05
1.4543533325195312e-05
1.430511474609375e-05
1.430511474609375e-05
1.4543533325195312e-05
1.4543533325195312e-05
1.4543533325195312e-05
1.4781951904296875e-05
1.4543533325195312e-05
1.4543533325195312e-05
1.4543533325195312e-05
1.430511474609375e-05
1.4543533325195312e-05
1.430511474609375e-05
1.5020370483398438e-05
1.4781951904296875e-05
1.4781951904296875e-05
1.4543533325195312e-05
1.4066696166992188e-05
1.430511474609375e-05
1.430511474609375e-05
1.4543533325195312e-05
1.430511474609375e-05
1.4543533325195312e-05
1.430511474609375e-05
1.4543533325195312e-05
1.4543533325195312e-05
1.4543533325195312e-05
1.4781951904296875e-05
1.430511474609375e-05
1.4543533325195312e-05
1.4066696166992188e-05
1.4543533325195312e-05
1.4543533325195312e-05
1.4543533325195312e-05
1.4543533325195312e-05
1.5020370483398438e-05
1.4543533325195312e-05
1.4781951904296875e-05
1.430511474609375e-05
1.4543533325195312e-05
1.430511474609375e-05
1.4781951904296875e-05
1.4781951904296875e-05
3.123283386230469e-05
1.52587890625e-05
1.430511474609375e-05
1.4543533325195312e-05
1.430511474609375e-05
1.4543533325195312e-05
1.4543533325195312e-05