1 40 9217
2 40 11617
3 40 9583
4 40 9252
5 40 10375
6 40 9736
7 40 11096
8 40 9080
9 40 9447
10 40 8079
11 40 9285
12 40 7656
13 40 9888
14 40 9308
15 40 9647
16 40 9686
17 40 9321
18 40 10243
19 40 9912
20 40 10147
21 40 9330
22 40 12001
23 40 9740
24 40 9214
25 40 9672
26 40 9222
27 40 8530
28 40 9470
29 40 9135
30 40 10083
31 40 9598
32 40 9816
33 40 10432
34 40 9638
35 40 9125
36 40 9768
37 40 9411
38 40 9296
39 40 10588
40 40 10352
41 40 8122
42 40 9345
43 40 9771
44 40 9350
45 40 8460
46 40 9089
47 40 9659
48 40 10489
49 40 10169
50 40 9748
51 40 9318
52 40 10610
53 40 8512
54 40 8046
55 40 8643
56 40 9794
57 40 9480
58 40 9205
59 40 10245
60 40 9901
61 40 9717
62 40 8381
63 40 10273
64 40 9823
65 40 10054
66 40 9672
67 40 9612
68 40 9287
69 40 9720
70 40 10736
71 40 9308
72 40 8846
73 40 8715
74 40 9045
75 40 8999
76 40 9974
77 40 8851
78 40 10563
79 40 8898
80 40 8886
81 40 9035
82 40 11327
83 40 9710
84 40 7800
85 40 10349
86 40 10675
87 40 12302
88 40 9096
89 40 9802
90 40 10042
91 40 9482
92 40 9176
93 40 8838
94 40 8787
95 40 8602
96 40 10497
97 40 11100
98 40 8585
99 40 10390
100 40 11425