2.3365020751953125e-05
2.002716064453125e-05
1.8835067749023438e-05
1.9311904907226562e-05
1.8596649169921875e-05
1.8596649169921875e-05
1.8596649169921875e-05
1.811981201171875e-05
4.9591064453125e-05
1.8596649169921875e-05
1.811981201171875e-05
1.8596649169921875e-05
1.8358230590820312e-05
1.811981201171875e-05
1.8358230590820312e-05
1.8358230590820312e-05
1.8596649169921875e-05
1.8358230590820312e-05
1.8358230590820312e-05
1.8596649169921875e-05
1.8358230590820312e-05
1.8358230590820312e-05
1.811981201171875e-05
1.811981201171875e-05
1.8358230590820312e-05
1.8358230590820312e-05
1.811981201171875e-05
1.811981201171875e-05
1.8358230590820312e-05
1.811981201171875e-05
1.8358230590820312e-05
1.8358230590820312e-05
1.8596649169921875e-05
1.8358230590820312e-05
1.8596649169921875e-05
1.8358230590820312e-05
1.8358230590820312e-05
1.811981201171875e-05
1.811981201171875e-05
1.8596649169921875e-05
1.8358230590820312e-05
1.811981201171875e-05
3.314018249511719e-05
3.3855438232421875e-05
2.002716064453125e-05
3.24249267578125e-05
1.9550323486328125e-05
1.8358230590820312e-05
1.811981201171875e-05
1.8358230590820312e-05
1.811981201171875e-05
1.811981201171875e-05
1.8358230590820312e-05
1.811981201171875e-05
1.811981201171875e-05
1.811981201171875e-05
1.8358230590820312e-05
1.8358230590820312e-05
1.8596649169921875e-05
1.7881393432617188e-05
1.8358230590820312e-05
1.8596649169921875e-05
1.8358230590820312e-05
1.7881393432617188e-05
1.7881393432617188e-05
1.811981201171875e-05
1.811981201171875e-05
1.7881393432617188e-05
1.8358230590820312e-05
1.811981201171875e-05
1.8358230590820312e-05
1.8358230590820312e-05
1.811981201171875e-05
1.811981201171875e-05
1.7881393432617188e-05
1.7881393432617188e-05
1.811981201171875e-05
1.811981201171875e-05
1.811981201171875e-05
1.811981201171875e-05
1.811981201171875e-05
1.811981201171875e-05
1.811981201171875e-05
1.811981201171875e-05
1.7881393432617188e-05
1.8358230590820312e-05
1.8358230590820312e-05
1.8358230590820312e-05
1.811981201171875e-05
1.811981201171875e-05
1.7881393432617188e-05
1.811981201171875e-05
1.7881393432617188e-05
1.8358230590820312e-05
1.811981201171875e-05
1.811981201171875e-05
1.811981201171875e-05
1.8358230590820312e-05
1.8358230590820312e-05
1.8596649169921875e-05