3.0279159545898438e-05
2.6702880859375e-05
2.574920654296875e-05
2.574920654296875e-05
2.47955322265625e-05
2.47955322265625e-05
2.5033950805664062e-05
2.5987625122070312e-05
2.5033950805664062e-05
2.47955322265625e-05
2.5272369384765625e-05
2.5033950805664062e-05
2.47955322265625e-05
2.5033950805664062e-05
2.5033950805664062e-05
2.4557113647460938e-05
2.5033950805664062e-05
2.5033950805664062e-05
2.47955322265625e-05
2.4557113647460938e-05
2.5033950805664062e-05
2.5033950805664062e-05
2.47955322265625e-05
2.5272369384765625e-05
2.47955322265625e-05
2.5033950805664062e-05
2.5033950805664062e-05
2.5272369384765625e-05
2.5272369384765625e-05
5.412101745605469e-05
2.5272369384765625e-05
2.4557113647460938e-05
2.47955322265625e-05
2.5033950805664062e-05
2.5510787963867188e-05
2.5272369384765625e-05
2.47955322265625e-05
2.4557113647460938e-05
2.47955322265625e-05
2.5272369384765625e-05
2.47955322265625e-05
2.47955322265625e-05
2.5033950805664062e-05
2.47955322265625e-05
2.47955322265625e-05
4.38690185546875e-05
5.793571472167969e-05
4.3392181396484375e-05
2.4557113647460938e-05
2.5033950805664062e-05
2.5033950805664062e-05
2.5033950805664062e-05
2.47955322265625e-05
2.47955322265625e-05
2.6226043701171875e-05
2.5033950805664062e-05
2.5033950805664062e-05
2.5033950805664062e-05
2.47955322265625e-05
2.5033950805664062e-05
2.47955322265625e-05
2.4557113647460938e-05
2.47955322265625e-05
2.5033950805664062e-05
2.47955322265625e-05
2.47955322265625e-05
2.4557113647460938e-05
2.5033950805664062e-05
2.4557113647460938e-05
2.47955322265625e-05
2.47955322265625e-05
2.47955322265625e-05
2.5033950805664062e-05
2.4557113647460938e-05
2.4557113647460938e-05
2.5033950805664062e-05
2.47955322265625e-05
2.5033950805664062e-05
2.47955322265625e-05
2.47955322265625e-05
2.5272369384765625e-05
2.4557113647460938e-05
2.47955322265625e-05
2.5033950805664062e-05
2.4557113647460938e-05
2.47955322265625e-05
2.5033950805664062e-05
2.47955322265625e-05
2.5033950805664062e-05
2.47955322265625e-05
2.47955322265625e-05
2.47955322265625e-05
2.47955322265625e-05
2.5033950805664062e-05
2.5033950805664062e-05
2.5033950805664062e-05
2.4557113647460938e-05
2.5272369384765625e-05
2.47955322265625e-05
2.5033950805664062e-05