3.170967102050781e-05
2.8848648071289062e-05
2.8133392333984375e-05
2.7418136596679688e-05
2.7179718017578125e-05
2.7179718017578125e-05
2.7418136596679688e-05
2.7179718017578125e-05
2.7418136596679688e-05
2.6941299438476562e-05
2.7179718017578125e-05
2.6941299438476562e-05
2.7418136596679688e-05
2.7179718017578125e-05
2.7179718017578125e-05
2.6941299438476562e-05
2.7179718017578125e-05
2.7179718017578125e-05
2.6702880859375e-05
2.7418136596679688e-05
2.7179718017578125e-05
2.6941299438476562e-05
2.765655517578125e-05
2.6702880859375e-05
2.6941299438476562e-05
2.7179718017578125e-05
2.7179718017578125e-05
2.7179718017578125e-05
2.7179718017578125e-05
2.6702880859375e-05
2.6941299438476562e-05
2.7179718017578125e-05
2.7179718017578125e-05
2.7179718017578125e-05
2.7179718017578125e-05
2.7179718017578125e-05
2.7179718017578125e-05
2.7179718017578125e-05
2.7179718017578125e-05
2.7179718017578125e-05
2.7179718017578125e-05
2.7179718017578125e-05
2.6941299438476562e-05
2.7179718017578125e-05
2.6941299438476562e-05
2.6702880859375e-05
2.6702880859375e-05
2.6702880859375e-05
2.7179718017578125e-05
2.6702880859375e-05
2.6941299438476562e-05
2.6702880859375e-05
2.6464462280273438e-05
2.6941299438476562e-05
2.6702880859375e-05
2.6941299438476562e-05
2.6941299438476562e-05
2.6941299438476562e-05
2.7179718017578125e-05
2.6941299438476562e-05
2.7179718017578125e-05
2.6702880859375e-05
2.6941299438476562e-05
2.6941299438476562e-05
2.7418136596679688e-05
2.6941299438476562e-05
2.6702880859375e-05
2.6464462280273438e-05
2.8848648071289062e-05
5.936622619628906e-05
2.86102294921875e-05
3.933906555175781e-05
2.6702880859375e-05
2.6702880859375e-05
2.6702880859375e-05
6.842613220214844e-05
2.7179718017578125e-05
2.7179718017578125e-05
2.7179718017578125e-05
2.6941299438476562e-05
2.6702880859375e-05
2.7418136596679688e-05
2.6941299438476562e-05
2.6941299438476562e-05
2.6941299438476562e-05
2.7179718017578125e-05
2.6941299438476562e-05
2.6941299438476562e-05
2.7179718017578125e-05
2.6941299438476562e-05
2.7179718017578125e-05
2.6941299438476562e-05
2.6941299438476562e-05
2.6941299438476562e-05
2.6941299438476562e-05
2.6464462280273438e-05
2.6702880859375e-05
2.6702880859375e-05
2.6702880859375e-05
2.6464462280273438e-05