0.007190227508544922
0.05301475524902344
0.03716468811035156
0.029863595962524414
0.012154102325439453
0.06891369819641113
0.011787652969360352
0.03899025917053223
0.003017425537109375
0.03176736831665039
0.019109249114990234
0.06902050971984863
0.020606279373168945
0.009477853775024414
0.011871337890625
0.00794219970703125
0.054837942123413086
0.10869622230529785
0.055649757385253906
0.0039899349212646484
0.025218486785888672
0.009412288665771484
0.017696142196655273
0.020423173904418945
0.011442184448242188
0.02351999282836914
0.06825637817382812
0.01760077476501465
0.05456733703613281
0.20908570289611816
0.027863264083862305
0.015667438507080078
0.05671262741088867
0.04192495346069336
0.028121471405029297
0.02378678321838379
0.007808208465576172
0.02557992935180664
0.012285232543945312
0.010902643203735352
0.012958049774169922
0.0035767555236816406
0.01203012466430664
0.023928165435791016
0.044785261154174805
0.0193784236907959
0.023879289627075195
0.01129913330078125
0.016164541244506836
0.004641056060791016
0.028356313705444336
0.0016994476318359375
0.009814023971557617
0.013012409210205078
0.019271135330200195
0.0056722164154052734
0.008637189865112305
0.056539297103881836
0.01669168472290039
0.002734661102294922
0.011226892471313477
0.017621755599975586
0.02536773681640625
0.0533747673034668
0.006364345550537109
0.01319122314453125
0.01377248764038086
0.0334620475769043
0.005051851272583008
0.009151697158813477
0.003101825714111328
0.004601478576660156
0.011994123458862305
0.00456547737121582
0.008331537246704102
0.008154153823852539
0.07382965087890625
0.001708984375
0.027248859405517578
0.02597951889038086
0.02449178695678711
0.050263404846191406
0.0027315616607666016
0.012633085250854492
0.005238533020019531
0.012350320816040039
0.0057523250579833984
0.019725799560546875
0.0882568359375
0.030007600784301758
0.0781855583190918
0.008263111114501953
0.029870986938476562
0.007207393646240234
0.004609584808349609
0.00539708137512207
0.025136232376098633
0.021502256393432617
0.02517986297607422
0.010770320892333984