0.28241729736328125
0.2882418632507324
0.20279431343078613
0.27963805198669434
0.19756555557250977
0.2802736759185791
0.24858450889587402
0.17448925971984863
0.18537330627441406
0.20455288887023926
0.21050286293029785
0.24462676048278809
0.25963377952575684
0.2412583827972412
0.28176212310791016
0.2234346866607666
0.20451569557189941
0.27108240127563477
0.2806055545806885
0.23071789741516113
0.24118638038635254
0.22366762161254883
0.21604442596435547
0.2491316795349121
0.30267882347106934
0.2090003490447998
0.25805234909057617
0.24504446983337402
0.26939892768859863
0.1947190761566162
0.33631110191345215
0.19187045097351074
0.2756168842315674
0.19965696334838867
0.2588067054748535
0.1380922794342041
0.21663808822631836
0.2123417854309082
0.2026362419128418
0.2002100944519043
0.2764887809753418
0.19838762283325195
0.3133528232574463
0.2741093635559082
0.19181036949157715
0.17817425727844238
0.25787806510925293
0.27343130111694336
0.30504703521728516
0.2864084243774414
0.22948217391967773
0.230485200881958
0.23865103721618652
0.2619633674621582
0.30867576599121094
0.21869993209838867
0.21792936325073242
0.22641849517822266
0.26976847648620605
0.3355839252471924
0.3308560848236084
0.27748632431030273
0.24012207984924316
0.28928208351135254
0.2305600643157959
0.26282811164855957
0.26964473724365234
0.2215747833251953
0.2901337146759033
0.2785453796386719
0.24931550025939941
0.22823095321655273
0.2759687900543213
0.3101189136505127
0.229203462600708
0.29311585426330566
0.22810983657836914
0.2627115249633789
0.2501530647277832
0.2576026916503906
0.3629026412963867
0.27462172508239746
0.2844119071960449
0.23667383193969727
0.29282283782958984
0.26273322105407715
0.24477529525756836
0.33778953552246094
0.1719648838043213
0.2893354892730713
0.23499751091003418
0.2548506259918213
0.1713418960571289
0.22655653953552246
0.23943138122558594
0.227949857711792
0.20986390113830566
0.30695104598999023
0.24623513221740723
0.23190093040466309