1 22 4480
2 22 4480
3 22 4480
4 22 4480
5 22 4480
6 22 4480
7 22 4480
8 22 4480
9 22 4480
10 22 4480
11 22 4480
12 22 4480
13 22 4480
14 22 4480
15 22 4480
16 22 4480
17 22 4480
18 22 4480
19 22 4480
20 22 4480
21 22 4480
22 22 4480
23 22 4480
24 22 4480
25 22 4480
26 22 4480
27 22 4480
28 22 4480
29 22 4480
30 22 4480
31 22 4480
32 22 4480
33 22 4480
34 22 4480
35 22 4480
36 22 4480
37 22 4480
38 22 4480
39 22 4480
40 22 4480
41 22 4480
42 22 4480
43 22 4480
44 22 4480
45 22 4480
46 22 4480
47 22 4480
48 22 4480
49 22 4480
50 22 4480
51 22 4480
52 22 4480
53 22 4480
54 22 4480
55 22 4480
56 22 4480
57 22 4480
58 22 4480
59 22 4480
60 22 4480
61 22 4480
62 22 4480
63 22 4480
64 22 4480
65 22 4480
66 22 4480
67 22 4480
68 22 4480
69 22 4480
70 22 4480
71 22 4480
72 22 4480
73 22 4480
74 22 4480
75 22 4480
76 22 4480
77 22 4480
78 22 4480
79 22 4480
80 22 4480
81 22 4480
82 22 4480
83 22 4480
84 22 4480
85 22 4480
86 22 4480
87 22 4480
88 22 4480
89 22 4480
90 22 4480
91 22 4480
92 22 4480
93 22 4480
94 22 4480
95 22 4480
96 22 4480
97 22 4480
98 22 4480
99 22 4480
100 22 4480