5.2928924560546875e-05
6.175041198730469e-05
0.0002334117889404297
8.749961853027344e-05
8.702278137207031e-05
7.748603820800781e-05
0.00015354156494140625
0.000152587890625
0.00022912025451660156
0.00020813941955566406
0.0001926422119140625
9.989738464355469e-05
9.775161743164062e-05
3.8623809814453125e-05
6.67572021484375e-05
0.00010800361633300781
0.00012946128845214844
7.62939453125e-05
0.00034046173095703125
5.793571472167969e-05
7.462501525878906e-05
0.00012373924255371094
9.202957153320312e-05
0.0001590251922607422
0.00014090538024902344
6.794929504394531e-05
8.034706115722656e-05
0.00025391578674316406
0.0002200603485107422
0.00011444091796875
0.00025081634521484375
2.09808349609375e-05
7.390975952148438e-05
0.00010132789611816406
0.00017309188842773438
0.000499725341796875
9.012222290039062e-05
0.00010895729064941406
9.179115295410156e-05
7.963180541992188e-05
0.0001361370086669922
0.0005164146423339844
6.4849853515625e-05
7.653236389160156e-05
0.00010585784912109375
4.982948303222656e-05
0.00012826919555664062
0.0001327991485595703
9.894371032714844e-05
4.792213439941406e-05
6.365776062011719e-05
6.341934204101562e-05
8.7738037109375e-05
0.00016188621520996094
9.512901306152344e-05
0.00032067298889160156
5.698204040527344e-05
0.00010752677917480469
0.00021219253540039062
9.083747863769531e-05
5.936622619628906e-05
5.53131103515625e-05
0.00018906593322753906
0.00019121170043945312
6.389617919921875e-05
7.557868957519531e-05
5.054473876953125e-05
0.0002040863037109375
0.00010895729064941406
1.811981201171875e-05
0.00012993812561035156
0.00014090538024902344
0.00016260147094726562
1.8358230590820312e-05
0.0001747608184814453
0.0001995563507080078
0.00012493133544921875
0.0002925395965576172
0.00011491775512695312
0.00014257431030273438
0.00028705596923828125
8.296966552734375e-05
9.107589721679688e-05
5.602836608886719e-05
5.054473876953125e-05
0.00022673606872558594
5.793571472167969e-05
0.00010704994201660156
0.00017023086547851562
0.00010561943054199219
8.487701416015625e-05
0.00011134147644042969
0.0002765655517578125
6.4849853515625e-05
6.031990051269531e-05
0.0003256797790527344
4.839897155761719e-05
0.00027942657470703125
0.00011777877807617188
9.608268737792969e-05