1.239776611328125e-05
5.4836273193359375e-06
5.0067901611328125e-06
4.291534423828125e-06
4.291534423828125e-06
3.814697265625e-06
3.5762786865234375e-06
3.814697265625e-06
3.814697265625e-06
3.814697265625e-06
3.5762786865234375e-06
3.5762786865234375e-06
3.5762786865234375e-06
3.814697265625e-06
4.0531158447265625e-06
3.5762786865234375e-06
3.5762786865234375e-06
4.0531158447265625e-06
3.5762786865234375e-06
3.5762786865234375e-06
3.5762786865234375e-06
3.5762786865234375e-06
3.5762786865234375e-06
3.5762786865234375e-06
3.337860107421875e-06
3.5762786865234375e-06
3.814697265625e-06
3.5762786865234375e-06
3.5762786865234375e-06
3.0994415283203125e-06
3.5762786865234375e-06
3.5762786865234375e-06
3.337860107421875e-06
3.5762786865234375e-06
3.5762786865234375e-06
3.5762786865234375e-06
3.814697265625e-06
3.5762786865234375e-06
3.5762786865234375e-06
3.5762786865234375e-06
3.5762786865234375e-06
3.5762786865234375e-06
3.337860107421875e-06
3.337860107421875e-06
3.5762786865234375e-06
3.0994415283203125e-06
3.5762786865234375e-06
3.5762786865234375e-06
3.5762786865234375e-06
3.5762786865234375e-06
3.5762786865234375e-06
3.5762786865234375e-06
3.5762786865234375e-06
3.5762786865234375e-06
3.5762786865234375e-06
3.5762786865234375e-06
3.5762786865234375e-06
3.5762786865234375e-06
3.814697265625e-06
3.814697265625e-06
3.5762786865234375e-06
3.5762786865234375e-06
3.5762786865234375e-06
3.5762786865234375e-06
3.5762786865234375e-06
3.5762786865234375e-06
3.5762786865234375e-06
3.5762786865234375e-06
3.5762786865234375e-06
3.5762786865234375e-06
3.5762786865234375e-06
3.5762786865234375e-06
3.814697265625e-06
3.5762786865234375e-06
3.5762786865234375e-06
3.5762786865234375e-06
3.337860107421875e-06
3.5762786865234375e-06
3.5762786865234375e-06
3.5762786865234375e-06
3.337860107421875e-06
3.5762786865234375e-06
3.5762786865234375e-06
3.337860107421875e-06
3.5762786865234375e-06
3.5762786865234375e-06
3.5762786865234375e-06
3.5762786865234375e-06
3.337860107421875e-06
3.337860107421875e-06
3.5762786865234375e-06
3.5762786865234375e-06
3.5762786865234375e-06
3.5762786865234375e-06
3.5762786865234375e-06
3.337860107421875e-06
3.814697265625e-06
3.5762786865234375e-06
3.5762786865234375e-06
1.6450881958007812e-05