1.33514404296875e-05
9.5367431640625e-06
8.821487426757812e-06
8.58306884765625e-06
8.344650268554688e-06
8.106231689453125e-06
8.344650268554688e-06
8.344650268554688e-06
7.867813110351562e-06
8.106231689453125e-06
7.867813110351562e-06
8.344650268554688e-06
7.867813110351562e-06
8.106231689453125e-06
8.106231689453125e-06
8.344650268554688e-06
8.106231689453125e-06
7.867813110351562e-06
8.106231689453125e-06
8.106231689453125e-06
7.867813110351562e-06
8.106231689453125e-06
8.106231689453125e-06
7.867813110351562e-06
7.867813110351562e-06
8.106231689453125e-06
7.867813110351562e-06
7.867813110351562e-06
8.106231689453125e-06
7.867813110351562e-06
8.106231689453125e-06
7.867813110351562e-06
7.867813110351562e-06
7.867813110351562e-06
8.106231689453125e-06
8.106231689453125e-06
7.867813110351562e-06
7.867813110351562e-06
8.106231689453125e-06
7.867813110351562e-06
7.867813110351562e-06
8.106231689453125e-06
7.62939453125e-06
7.867813110351562e-06
7.867813110351562e-06
8.106231689453125e-06
7.867813110351562e-06
7.867813110351562e-06
7.867813110351562e-06
8.106231689453125e-06
8.106231689453125e-06
7.867813110351562e-06
8.106231689453125e-06
7.867813110351562e-06
8.106231689453125e-06
8.106231689453125e-06
7.867813110351562e-06
7.62939453125e-06
8.106231689453125e-06
8.106231689453125e-06
7.867813110351562e-06
7.867813110351562e-06
7.867813110351562e-06
7.867813110351562e-06
8.106231689453125e-06
8.106231689453125e-06
8.106231689453125e-06
7.867813110351562e-06
8.344650268554688e-06
7.867813110351562e-06
7.867813110351562e-06
7.867813110351562e-06
7.867813110351562e-06
7.62939453125e-06
7.867813110351562e-06
8.106231689453125e-06
7.867813110351562e-06
7.62939453125e-06
7.867813110351562e-06
7.867813110351562e-06
8.106231689453125e-06
7.62939453125e-06
8.344650268554688e-06
7.867813110351562e-06
7.867813110351562e-06
7.867813110351562e-06
7.867813110351562e-06
7.867813110351562e-06
7.867813110351562e-06
7.867813110351562e-06
7.867813110351562e-06
7.867813110351562e-06
8.106231689453125e-06
8.344650268554688e-06
7.867813110351562e-06
8.344650268554688e-06
7.867813110351562e-06
8.106231689453125e-06
8.106231689453125e-06
7.867813110351562e-06