2.6941299438476562e-05
2.3365020751953125e-05
2.2649765014648438e-05
2.2172927856445312e-05
2.2172927856445312e-05
2.2172927856445312e-05
2.193450927734375e-05
5.3882598876953125e-05
2.2172927856445312e-05
2.1696090698242188e-05
2.2172927856445312e-05
2.1696090698242188e-05
2.1457672119140625e-05
2.1457672119140625e-05
2.1696090698242188e-05
2.193450927734375e-05
2.1457672119140625e-05
2.3126602172851562e-05
3.933906555175781e-05
4.00543212890625e-05
2.3365020751953125e-05
2.288818359375e-05
2.3126602172851562e-05
2.3126602172851562e-05
3.4809112548828125e-05
2.1457672119140625e-05
2.1696090698242188e-05
2.1696090698242188e-05
2.193450927734375e-05
2.1696090698242188e-05
2.1696090698242188e-05
2.1696090698242188e-05
2.1457672119140625e-05
2.2172927856445312e-05
2.1457672119140625e-05
2.1696090698242188e-05
2.1696090698242188e-05
2.193450927734375e-05
2.193450927734375e-05
2.1696090698242188e-05
2.1696090698242188e-05
2.193450927734375e-05
2.1696090698242188e-05
2.193450927734375e-05
2.193450927734375e-05
2.193450927734375e-05
2.193450927734375e-05
2.1696090698242188e-05
2.1696090698242188e-05
2.2172927856445312e-05
2.193450927734375e-05
2.193450927734375e-05
2.193450927734375e-05
2.193450927734375e-05
2.2649765014648438e-05
2.193450927734375e-05
2.193450927734375e-05
2.1696090698242188e-05
2.193450927734375e-05
2.1457672119140625e-05
2.193450927734375e-05
2.1457672119140625e-05
2.193450927734375e-05
2.1457672119140625e-05
2.1696090698242188e-05
2.1696090698242188e-05
2.1457672119140625e-05
2.1696090698242188e-05
2.1696090698242188e-05
2.1457672119140625e-05
2.193450927734375e-05
2.193450927734375e-05
2.1696090698242188e-05
2.193450927734375e-05
2.2172927856445312e-05
2.1457672119140625e-05
2.1696090698242188e-05
2.1696090698242188e-05
2.1696090698242188e-05
2.1219253540039062e-05
2.1696090698242188e-05
3.647804260253906e-05
2.3365020751953125e-05
2.1696090698242188e-05
2.2172927856445312e-05
2.1457672119140625e-05
2.1457672119140625e-05
2.193450927734375e-05
2.1696090698242188e-05
2.1696090698242188e-05
2.1696090698242188e-05
2.193450927734375e-05
2.193450927734375e-05
2.1696090698242188e-05
2.193450927734375e-05
2.1696090698242188e-05
2.1696090698242188e-05
2.1457672119140625e-05
2.193450927734375e-05
2.2172927856445312e-05