0.005846738815307617
0.006146430969238281
0.007485151290893555
0.006281137466430664
0.006506443023681641
0.006874561309814453
0.007178306579589844
0.0074465274810791016
0.008514642715454102
0.00584721565246582
0.004678010940551758
0.005948781967163086
0.009032249450683594
0.006617069244384766
0.005260467529296875
0.0035791397094726562
0.006292581558227539
0.005864143371582031
0.006268024444580078
0.0075190067291259766
0.004779815673828125
0.007605791091918945
0.008355855941772461
0.005621910095214844
0.006902217864990234
0.007972478866577148
0.007718086242675781
0.005613803863525391
0.006806135177612305
0.004719734191894531
0.005571603775024414
0.006842851638793945
0.006674766540527344
0.009721517562866211
0.00622248649597168
0.006887197494506836
0.006036281585693359
0.006021261215209961
0.005350589752197266
0.008197784423828125
0.005824089050292969
0.009825706481933594
0.005828142166137695
0.007520198822021484
0.007111787796020508
0.00485992431640625
0.00799703598022461
0.0052754878997802734
0.008174419403076172
0.0046539306640625
0.007171154022216797
0.0069332122802734375
0.005246162414550781
0.007689952850341797
0.006142854690551758
0.006479024887084961
0.005608081817626953
0.004300594329833984
0.00695490837097168
0.004964113235473633
0.0047152042388916016
0.008356094360351562
0.005167245864868164
0.004676103591918945
0.007189750671386719
0.006914854049682617
0.006264925003051758
0.007340669631958008
0.007643461227416992
0.006214141845703125
0.005439043045043945
0.0074656009674072266
0.0063054561614990234
0.004824161529541016
0.005232810974121094
0.007651329040527344
0.008311271667480469
0.006518840789794922
0.006468296051025391
0.0074689388275146484
0.006177425384521484
0.0065097808837890625
0.007029294967651367
0.006684541702270508
0.008809328079223633
0.0043277740478515625
0.008319854736328125
0.005403995513916016
0.006519317626953125
0.009093523025512695
0.005476951599121094
0.005351543426513672
0.007279634475708008
0.007706165313720703
0.00825047492980957
0.008319854736328125
0.0049860477447509766
0.0051670074462890625
0.00768589973449707
0.00703120231628418