0.012622833251953125
0.017395496368408203
0.015552997589111328
0.018162250518798828
0.014484167098999023
0.01707148551940918
0.017907142639160156
0.012069940567016602
0.017450332641601562
0.015934467315673828
0.0161588191986084
0.018441438674926758
0.01803112030029297
0.014813661575317383
0.010597944259643555
0.013701438903808594
0.01585674285888672
0.016104459762573242
0.016169071197509766
0.010199308395385742
0.015996217727661133
0.015184879302978516
0.015059232711791992
0.013032913208007812
0.014968633651733398
0.018707275390625
0.013117313385009766
0.014756917953491211
0.013127326965332031
0.011593818664550781
0.015362024307250977
0.009567499160766602
0.015733003616333008
0.013515472412109375
0.019018173217773438
0.014246702194213867
0.013717174530029297
0.016030550003051758
0.01381230354309082
0.010964393615722656
0.015289545059204102
0.013153076171875
0.011631965637207031
0.0113067626953125
0.01631307601928711
0.017831802368164062
0.01585221290588379
0.01633167266845703
0.012941122055053711
0.015958309173583984
0.014575958251953125
0.013409614562988281
0.01784062385559082
0.014106988906860352
0.01250767707824707
0.01808762550354004
0.012292623519897461
0.013092041015625
0.017870187759399414
0.01153707504272461
0.014556407928466797
0.018141984939575195
0.01624584197998047
0.013365745544433594
0.015869140625
0.015368461608886719
0.013031005859375
0.010569095611572266
0.017143964767456055
0.020388364791870117
0.009369373321533203
0.014153003692626953
0.014457464218139648
0.01441812515258789
0.012406349182128906
0.01108098030090332
0.013000726699829102
0.014901399612426758
0.01988506317138672
0.017210721969604492
0.012685298919677734
0.009901046752929688
0.018196821212768555
0.018531322479248047
0.016753673553466797
0.013777494430541992
0.012369632720947266
0.015106201171875
0.012108802795410156
0.013970613479614258
0.014638185501098633
0.012424468994140625
0.010506153106689453
0.012001752853393555
0.016212940216064453
0.016063213348388672
0.015259027481079102
0.014539241790771484
0.012376546859741211
0.014956474304199219