0.023625612258911133
0.030641794204711914
0.03189992904663086
0.030170679092407227
0.030377626419067383
0.023162841796875
0.029820680618286133
0.01953577995300293
0.03499794006347656
0.02836298942565918
0.022881746292114258
0.02734231948852539
0.029496192932128906
0.027926921844482422
0.026574134826660156
0.0299074649810791
0.02599358558654785
0.02796149253845215
0.024637937545776367
0.026674747467041016
0.02454686164855957
0.02382659912109375
0.028168201446533203
0.023021697998046875
0.03129839897155762
0.025002241134643555
0.022516965866088867
0.028730392456054688
0.027164936065673828
0.021604061126708984
0.02272200584411621
0.034490108489990234
0.028883934020996094
0.03274703025817871
0.02717900276184082
0.03185868263244629
0.027135372161865234
0.02053666114807129
0.029089689254760742
0.028138160705566406
0.025038480758666992
0.026274681091308594
0.0273435115814209
0.02118229866027832
0.02692389488220215
0.029877662658691406
0.028598546981811523
0.028302669525146484
0.029065370559692383
0.02211308479309082
0.03187823295593262
0.0357663631439209
0.02318406105041504
0.02454853057861328
0.031021833419799805
0.020308494567871094
0.030692100524902344
0.030037641525268555
0.030871868133544922
0.023801326751708984
0.02960491180419922
0.029893875122070312
0.028223037719726562
0.028470993041992188
0.030844926834106445
0.034493446350097656
0.028218507766723633
0.027094364166259766
0.024840831756591797
0.031078577041625977
0.03173112869262695
0.02495718002319336
0.026149749755859375
0.036809682846069336
0.03242206573486328
0.02344799041748047
0.03382158279418945
0.029023170471191406
0.025220632553100586
0.0235443115234375
0.027287960052490234
0.029544353485107422
0.02891087532043457
0.028835058212280273
0.034432172775268555
0.027264118194580078
0.026654481887817383
0.023430824279785156
0.026613950729370117
0.02647686004638672
0.02301311492919922
0.029244422912597656
0.028239727020263672
0.02461552619934082
0.030038833618164062
0.03152775764465332
0.024554014205932617
0.029271841049194336
0.02527642250061035
0.02842998504638672