0.03482866287231445
0.04863238334655762
0.05872464179992676
0.052696943283081055
0.041440725326538086
0.04410815238952637
0.051998138427734375
0.04314160346984863
0.04531073570251465
0.04737663269042969
0.04602837562561035
0.0491030216217041
0.06039714813232422
0.054532527923583984
0.0432591438293457
0.047512054443359375
0.041307687759399414
0.049683570861816406
0.04433631896972656
0.04229736328125
0.04731392860412598
0.03876352310180664
0.0423741340637207
0.04927778244018555
0.05392265319824219
0.04422712326049805
0.042569637298583984
0.045560598373413086
0.04189896583557129
0.043230533599853516
0.0390629768371582
0.03859090805053711
0.03441929817199707
0.04350686073303223
0.03595614433288574
0.04294776916503906
0.038290977478027344
0.027768611907958984
0.03816413879394531
0.0346987247467041
0.03742170333862305
0.04806637763977051
0.053960561752319336
0.05002880096435547
0.030941486358642578
0.04314017295837402
0.04452943801879883
0.03315114974975586
0.04727768898010254
0.0489192008972168
0.04679131507873535
0.03017902374267578
0.04824352264404297
0.04452657699584961
0.040921926498413086
0.04366636276245117
0.04880714416503906
0.0459752082824707
0.037351369857788086
0.03915095329284668
0.0451807975769043
0.03927946090698242
0.03820943832397461
0.05047798156738281
0.03886890411376953
0.039077043533325195
0.04590463638305664
0.04012775421142578
0.04242563247680664
0.036646366119384766
0.051616668701171875
0.04921317100524902
0.05115389823913574
0.04925203323364258
0.03514242172241211
0.043282270431518555
0.04347372055053711
0.04729509353637695
0.05137443542480469
0.04024052619934082
0.03640103340148926
0.0386812686920166
0.04263639450073242
0.0383603572845459
0.03525948524475098
0.03629493713378906
0.03545188903808594
0.03300905227661133
0.036524057388305664
0.03918004035949707
0.03464078903198242
0.043035268783569336
0.03766131401062012
0.04071664810180664
0.03626537322998047
0.03745579719543457
0.038591861724853516
0.039821624755859375
0.036429643630981445
0.0434880256652832