0.00010967254638671875
0.00012946128845214844
0.0007140636444091797
0.0007383823394775391
0.00017786026000976562
0.0002319812774658203
0.0005600452423095703
0.0001316070556640625
0.0002810955047607422
0.0007741451263427734
0.0005280971527099609
0.0008790493011474609
0.0007078647613525391
0.0001723766326904297
0.0005800724029541016
0.0001556873321533203
0.00020360946655273438
0.0004725456237792969
0.0007219314575195312
0.0008909702301025391
0.00019288063049316406
0.0001685619354248047
0.0006120204925537109
0.00013184547424316406
0.0002224445343017578
0.000400543212890625
9.870529174804688e-05
0.0003743171691894531
0.0006299018859863281
0.0007159709930419922
0.0005726814270019531
0.0004763603210449219
0.0004024505615234375
0.0003635883331298828
0.0010356903076171875
0.0005486011505126953
0.0004589557647705078
0.0003337860107421875
0.00024890899658203125
0.00014543533325195312
0.0006134510040283203
0.0004906654357910156
0.000728607177734375
0.0002875328063964844
0.0006322860717773438
0.00020313262939453125
0.0005092620849609375
0.0004980564117431641
0.0005469322204589844
0.0006308555603027344
9.655952453613281e-05
4.553794860839844e-05
0.00048661231994628906
2.8133392333984375e-05
0.0006718635559082031
0.0006361007690429688
0.0003504753112792969
0.0005857944488525391
0.00037860870361328125
0.0002663135528564453
0.0007882118225097656
0.00021910667419433594
0.0005235671997070312
0.0005710124969482422
0.0008563995361328125
0.0001800060272216797
0.0005421638488769531
0.00018358230590820312
0.0001494884490966797
7.939338684082031e-05
2.6941299438476562e-05
0.00030159950256347656
0.00019049644470214844
0.0008006095886230469
0.0003407001495361328
0.0006558895111083984
0.00043487548828125
8.702278137207031e-05
0.00035119056701660156
0.0005679130554199219
0.00013446807861328125
9.942054748535156e-05
0.00043487548828125
0.0003104209899902344
0.0006799697875976562
0.0005259513854980469
7.390975952148438e-05
0.000396728515625
0.00011181831359863281
0.0005142688751220703
0.0002205371856689453
0.00013637542724609375
0.00023102760314941406
0.0003190040588378906
0.0007195472717285156
0.00014066696166992188
0.0005655288696289062
0.0002636909484863281
0.0007867813110351562
0.00010585784912109375