0.012964010238647461
0.01717066764831543
0.023801565170288086
0.01859283447265625
0.012038469314575195
0.024399995803833008
0.013249874114990234
0.018471479415893555
0.017612218856811523
0.01722097396850586
0.014121770858764648
0.01961660385131836
0.02130866050720215
0.013304471969604492
0.025535106658935547
0.022892475128173828
0.02349543571472168
0.015563249588012695
0.014941930770874023
0.01150369644165039
0.018387556076049805
0.0040514469146728516
0.01619887351989746
0.011988162994384766
0.014232397079467773
0.015033483505249023
0.0073108673095703125
0.014820575714111328
0.018828868865966797
0.009468793869018555
0.015524864196777344
0.009657859802246094
0.016540050506591797
0.014863729476928711
0.014417886734008789
0.016849756240844727
0.01822066307067871
0.019372224807739258
0.018331289291381836
0.01409602165222168
0.023220300674438477
0.0033125877380371094
0.013263225555419922
0.012330055236816406
0.00869297981262207
0.012909173965454102
0.011880159378051758
0.014806270599365234
0.01124262809753418
0.016180992126464844
0.016215801239013672
0.016677141189575195
0.011015892028808594
0.019952058792114258
0.011161088943481445
0.016497373580932617
0.03291010856628418
0.022287845611572266
0.03551650047302246
0.01639556884765625
0.020554780960083008
0.014446258544921875
0.02055501937866211
0.010545492172241211
0.012241840362548828
0.015689849853515625
0.018965959548950195
0.02400350570678711
0.02351856231689453
0.014271020889282227
0.014013528823852539
0.01881575584411621
0.020910978317260742
0.008941650390625
0.007764577865600586
0.013327360153198242
0.013148069381713867
0.021228313446044922
0.012932300567626953
0.022578001022338867
0.014680862426757812
0.016308069229125977
0.014714956283569336
0.020020723342895508
0.02220320701599121
0.0164492130279541
0.012419700622558594
0.012535572052001953
0.009786367416381836
0.022644996643066406
0.014765501022338867
0.0067026615142822266
0.018912792205810547
0.00839090347290039
0.01662611961364746
0.008974313735961914
0.010619878768920898
0.013128519058227539
0.01449441909790039
0.01410818099975586