0.19109225273132324
0.18546056747436523
0.19443678855895996
0.18156027793884277
0.2203524112701416
0.156510591506958
0.14139509201049805
0.14692139625549316
0.16463661193847656
0.1222085952758789
0.15877246856689453
0.18077874183654785
0.19536328315734863
0.16144776344299316
0.15381360054016113
0.188340425491333
0.16630768775939941
0.15867400169372559
0.20425748825073242
0.1450974941253662
0.15448951721191406
0.18678069114685059
0.18446779251098633
0.15755844116210938
0.14565682411193848
0.16077470779418945
0.22208952903747559
0.13136529922485352
0.1364760398864746
0.1558997631072998
0.15229225158691406
0.15020322799682617
0.1747913360595703
0.1600034236907959
0.17002487182617188
0.15625572204589844
0.1880476474761963
0.1972970962524414
0.10198187828063965
0.1725788116455078
0.20276665687561035
0.14409613609313965
0.1663665771484375
0.19295787811279297
0.1624913215637207
0.1783447265625
0.18150711059570312
0.15093684196472168
0.2046363353729248
0.21192669868469238
0.1729731559753418
0.14736700057983398
0.19093060493469238
0.16753029823303223
0.2537243366241455
0.4059412479400635
0.3117363452911377
0.19779300689697266
0.20191550254821777
0.18654370307922363
0.17538690567016602
0.16441702842712402
0.15540218353271484
0.1856987476348877
0.13849782943725586
0.14434599876403809
0.18886590003967285
0.17003941535949707
0.17686128616333008
0.2076561450958252
0.17688870429992676
0.2176220417022705
0.1610584259033203
0.2114725112915039
0.15697216987609863
0.15643668174743652
0.1765575408935547
0.1347362995147705
0.15834808349609375
0.18411827087402344
0.17264318466186523
0.17168712615966797
0.17087864875793457
0.16243219375610352
0.1521143913269043
0.22867512702941895
0.17795038223266602
0.20293092727661133
0.17494845390319824
0.16002845764160156
0.1688094139099121
0.18695735931396484
0.17042326927185059
0.1452789306640625
0.2026534080505371
0.14055991172790527
0.16491198539733887
0.2595665454864502
0.17431998252868652
0.12499427795410156