0.22757935523986816
0.20531368255615234
0.2459554672241211
0.2230231761932373
0.2880380153656006
0.19116735458374023
0.15384387969970703
0.17634153366088867
0.1837911605834961
0.1947307586669922
0.23415184020996094
0.25542211532592773
0.18055963516235352
0.19460082054138184
0.22131943702697754
0.18915581703186035
0.2657911777496338
0.1934206485748291
0.16063237190246582
0.19404172897338867
0.20951604843139648
0.1977519989013672
0.22240662574768066
0.21935129165649414
0.20131802558898926
0.1956334114074707
0.23222088813781738
0.18547654151916504
0.2082817554473877
0.2050936222076416
0.17357635498046875
0.2191162109375
0.19595980644226074
0.2833704948425293
0.24083757400512695
0.18317365646362305
0.2067410945892334
0.18671059608459473
0.22977542877197266
0.2297067642211914
0.28693056106567383
0.25029826164245605
0.294649600982666
0.2140817642211914
0.2914447784423828
0.24236202239990234
0.22155380249023438
0.21918702125549316
0.15365195274353027
0.22671246528625488
0.22442936897277832
0.20824432373046875
0.18648219108581543
0.20458126068115234
0.19800734519958496
0.21973109245300293
0.22403478622436523
0.20064783096313477
0.2435743808746338
0.198394775390625
0.23950576782226562
0.23955035209655762
0.2829005718231201
0.2994041442871094
0.2141876220703125
0.21558570861816406
0.20945024490356445
0.23971867561340332
0.2093653678894043
0.19859957695007324
0.18716907501220703
0.1764850616455078
0.2222912311553955
0.19395780563354492
0.2245159149169922
0.17720890045166016
0.18887853622436523
0.2173764705657959
0.19864392280578613
0.19410920143127441
0.20495271682739258
0.19324755668640137
0.19467425346374512
0.22382855415344238
0.20527195930480957
0.20583033561706543
0.21491479873657227
0.2018115520477295
0.22997641563415527
0.20216035842895508
0.19006562232971191
0.14202284812927246
0.20595121383666992
0.16367626190185547
0.17041420936584473
0.19660472869873047
0.22953224182128906
0.21571922302246094
0.17560529708862305
0.18299055099487305