1 40 10062
2 40 9966
3 40 9247
4 40 9369
5 40 10923
6 40 9461
7 40 7431
8 40 9006
9 40 9176
10 40 9591
11 40 9702
12 40 9795
13 40 8909
14 40 8336
15 40 9917
16 40 8894
17 40 10628
18 40 9239
19 40 9226
20 40 10470
21 40 9616
22 40 9189
23 40 10115
24 40 9189
25 40 11024
26 40 8804
27 40 8119
28 40 11583
29 40 8543
30 40 9006
31 40 8510
32 40 10128
33 40 9325
34 40 10742
35 40 11126
36 40 8157
37 40 10012
38 40 9348
39 40 9695
40 40 9337
41 40 8661
42 40 10820
43 40 9325
44 40 8923
45 40 8687
46 40 10218
47 40 9843
48 40 8856
49 40 9144
50 40 9625
51 40 9337
52 40 9977
53 40 9327
54 40 9186
55 40 9845
56 40 8927
57 40 10828
58 40 10457
59 40 10186
60 40 9324
61 40 9714
62 40 9957
63 40 9849
64 40 9633
65 40 10886
66 40 10188
67 40 10997
68 40 9524
69 40 11244
70 40 8819
71 40 9010
72 40 8281
73 40 9240
74 40 10329
75 40 10128
76 40 9515
77 40 9720
78 40 8026
79 40 9968
80 40 10968
81 40 10817
82 40 10503
83 40 10441
84 40 9582
85 40 9659
86 40 10179
87 40 9716
88 40 9910
89 40 7920
90 40 9786
91 40 10665
92 40 9236
93 40 8616
94 40 8831
95 40 8966
96 40 8885
97 40 7947
98 40 9952
99 40 11596
100 40 9578