uf20-0768.mwcnf 4262 1 2 -3 4 5 -6 7 -8 -9 10 11 12 13 -14 15 -16 -17 18 -19 20 0
uf20-0218.mwcnf 1206 -1 2 -3 -4 5 -6 7 8 9 10 11 12 13 14 -15 -16 17 18 19 -20 0
uf20-0881.mwcnf 5508 -1 2 3 -4 5 6 7 8 -9 -10 11 -12 13 -14 -15 16 17 18 19 20 0
uf20-0216.mwcnf 1257 1 -2 -3 4 -5 -6 7 8 9 10 -11 12 13 14 -15 -16 17 18 19 20 0
uf20-0254.mwcnf 1626 1 2 3 4 5 6 7 8 9 -10 11 12 13 14 15 -16 -17 18 19 20 0
uf20-0974.mwcnf 4910 1 -2 3 -4 5 -6 -7 -8 9 -10 11 12 13 14 15 16 -17 -18 19 20 0
uf20-0888.mwcnf 5955 1 2 3 -4 5 6 -7 8 9 10 11 -12 13 14 15 16 17 18 19 20 0
uf20-0879.mwcnf 5229 1 -2 3 -4 5 6 7 8 9 10 11 12 -13 -14 -15 16 17 18 19 20 0
uf20-0576.mwcnf 7232 1 -2 -3 4 5 -6 7 -8 9 10 11 12 13 14 -15 -16 17 -18 19 -20 0
uf20-0490.mwcnf 6641 -1 -2 3 -4 5 6 7 -8 9 10 11 -12 13 14 -15 16 17 18 -19 20 0
uf20-0883.mwcnf 5499 1 -2 -3 4 5 6 7 8 -9 10 -11 12 -13 -14 15 16 17 18 19 20 0
uf20-0232.mwcnf 1142 1 2 -3 -4 5 6 7 8 -9 10 -11 12 13 14 -15 16 17 18 -19 20 0
uf20-0775.mwcnf 3613 -1 2 -3 -4 -5 6 7 8 9 -10 11 12 -13 14 -15 -16 -17 18 -19 -20 0
uf20-0591.mwcnf 6952 -1 -2 -3 -4 -5 6 -7 -8 9 10 11 -12 -13 14 15 16 17 -18 19 20 0
uf20-0251.mwcnf 1129 1 -2 -3 4 -5 6 7 8 9 10 11 12 13 14 15 16 17 18 19 -20 0
uf20-0857.mwcnf 4182 1 -2 3 4 -5 6 -7 8 -9 10 11 12 -13 14 15 16 17 18 -19 -20 0
uf20-0552.mwcnf 8085 1 2 3 -4 5 6 7 -8 9 10 11 -12 13 14 15 16 17 18 19 20 0
uf20-063.mwcnf 4857 1 2 3 -4 5 -6 -7 -8 9 -10 11 12 13 14 -15 16 17 18 19 20 0
uf20-0938.mwcnf 5777 -1 2 3 4 -5 6 7 -8 -9 10 11 12 13 14 15 16 -17 -18 19 20 0
uf20-067.mwcnf 5385 1 2 -3 4 5 6 -7 8 9 10 11 12 -13 -14 15 -16 -17 18 19 20 0
uf20-0567.mwcnf 9703 1 -2 -3 -4 5 6 7 8 -9 10 11 12 13 14 15 16 -17 -18 19 20 0
uf20-0186.mwcnf 1421 -1 2 3 -4 5 6 7 8 9 10 -11 12 13 14 15 16 17 18 19 -20 0
uf20-0542.mwcnf 7833 1 2 3 -4 5 6 -7 8 9 10 11 -12 -13 14 15 16 17 18 19 20 0
uf20-0892.mwcnf 5480 -1 2 -3 4 5 6 7 8 9 10 11 12 13 -14 15 16 17 -18 -19 -20 0
uf20-0329.mwcnf 1149 -1 2 3 4 5 6 7 -8 -9 -10 11 12 -13 14 15 16 17 -18 19 -20 0
uf20-0600.mwcnf 8402 1 -2 -3 -4 5 6 7 8 9 10 11 12 -13 -14 15 16 17 -18 19 -20 0
uf20-0210.mwcnf 1638 1 -2 -3 4 5 6 7 8 9 10 11 12 13 14 15 -16 -17 -18 19 -20 0
uf20-0500.mwcnf 8449 1 2 3 -4 -5 6 7 8 -9 10 11 -12 -13 14 15 16 -17 18 -19 20 0
uf20-0724.mwcnf 5010 1 2 3 4 5 6 7 8 -9 10 11 12 13 14 15 16 17 18 19 20 0
uf20-0332.mwcnf 938 1 -2 -3 -4 5 6 -7 -8 9 10 11 12 -13 14 15 16 -17 18 -19 20 0
uf20-0359.mwcnf 8492 -1 2 -3 4 5 -6 7 8 9 10 -11 12 13 -14 -15 16 -17 18 19 20 0
uf20-0297.mwcnf 1138 1 2 3 4 5 -6 7 8 9 -10 11 12 -13 -14 15 -16 17 -18 19 -20 0
uf20-0846.mwcnf 4854 1 2 3 4 5 6 7 8 9 -10 11 12 13 14 15 16 17 -18 19 20 0
uf20-0276.mwcnf 1230 -1 -2 3 4 -5 6 7 8 9 10 11 12 13 -14 15 16 17 18 19 20 0
uf20-0203.mwcnf 1256 -1 -2 -3 -4 5 6 -7 8 9 10 11 12 13 14 15 16 -17 18 19 20 0
uf20-0925.mwcnf 6271 -1 2 3 4 5 6 7 8 9 10 11 -12 -13 14 15 16 -17 -18 19 -20 0
uf20-0807.mwcnf 5692 1 -2 3 4 5 6 7 8 -9 -10 11 12 13 14 15 16 17 18 19 -20 0
uf20-0120.mwcnf 1125 1 -2 3 4 5 6 7 8 9 10 11 12 -13 -14 15 16 17 18 -19 -20 0
uf20-0796.mwcnf 4036 1 -2 -3 -4 5 6 7 8 9 -10 11 12 -13 -14 -15 -16 17 18 19 20 0
uf20-0125.mwcnf 1084 1 2 3 4 5 6 7 8 -9 10 11 12 13 14 -15 16 17 18 19 20 0
uf20-0950.mwcnf 5709 1 -2 -3 -4 5 6 -7 8 9 10 -11 12 -13 14 15 16 17 -18 -19 20 0
uf20-0536.mwcnf 9747 1 -2 -3 4 5 6 7 8 9 10 -11 12 -13 14 15 16 17 18 -19 -20 0
uf20-0560.mwcnf 9605 1 2 3 4 -5 -6 7 8 9 10 11 12 13 14 -15 -16 17 18 19 20 0
uf20-0923.mwcnf 5148 1 -2 3 -4 5 -6 7 8 9 10 11 12 13 -14 15 16 17 18 19 20 0
uf20-0887.mwcnf 5425 -1 2 3 4 5 -6 7 -8 -9 10 -11 12 13 14 15 16 17 18 -19 -20 0
uf20-0227.mwcnf 1305 1 2 3 4 5 6 7 8 9 -10 -11 12 13 14 15 16 17 18 19 20 0
uf20-0663.mwcnf 5030 1 -2 -3 4 5 6 7 8 9 10 -11 12 -13 14 15 -16 17 -18 19 20 0
uf20-0971.mwcnf 7693 1 2 -3 4 5 -6 -7 8 9 10 11 12 -13 -14 -15 16 17 18 19 20 0
uf20-0198.mwcnf 1111 1 2 3 4 5 -6 7 8 -9 -10 11 12 13 -14 -15 16 17 18 19 -20 0
uf20-0727.mwcnf 5536 1 2 3 4 5 6 -7 8 9 10 11 12 13 -14 15 16 17 -18 19 20 0
uf20-0584.mwcnf 8077 -1 2 -3 4 -5 -6 -7 8 9 -10 -11 -12 13 14 -15 16 17 18 19 20 0
uf20-0641.mwcnf 4424 1 2 3 -4 5 6 -7 8 -9 10 11 -12 -13 14 15 16 17 18 19 -20 0
uf20-0826.mwcnf 4550 1 -2 3 4 5 6 7 -8 9 10 11 12 13 -14 15 16 17 18 19 20 0
uf20-0226.mwcnf 1085 1 2 3 4 5 6 -7 8 9 10 -11 -12 13 -14 15 16 17 -18 -19 -20 0
uf20-0279.mwcnf 1064 1 2 3 4 -5 6 7 8 9 10 11 -12 13 14 15 -16 17 18 19 -20 0
uf20-0566.mwcnf 8027 1 -2 3 4 -5 -6 -7 -8 9 10 11 12 13 14 -15 -16 17 18 19 20 0
uf20-0988.mwcnf 4965 -1 2 3 4 5 6 7 8 -9 -10 11 -12 13 -14 -15 16 17 18 -19 20 0
uf20-040.mwcnf 8106 1 2 3 4 5 6 -7 -8 9 -10 -11 12 -13 -14 15 16 17 -18 19 20 0
uf20-0959.mwcnf 5135 1 2 3 4 -5 6 7 8 -9 10 11 12 13 -14 15 16 -17 18 19 -20 0
uf20-0217.mwcnf 1270 1 -2 -3 4 5 6 7 8 9 -10 11 12 13 14 15 16 17 18 19 20 0
uf20-0680.mwcnf 4761 1 2 3 4 5 6 7 8 9 -10 11 -12 -13 14 15 16 17 18 19 20 0
uf20-0460.mwcnf 6795 -1 2 -3 4 5 6 7 8 -9 10 11 12 13 -14 15 -16 -17 18 19 20 0
uf20-0774.mwcnf 4288 1 -2 -3 4 -5 -6 7 8 9 10 -11 12 13 -14 15 16 -17 18 19 20 0
uf20-0720.mwcnf 5145 1 2 3 4 5 6 7 8 9 10 11 -12 -13 14 15 16 -17 18 19 20 0
uf20-0328.mwcnf 1149 -1 2 3 4 5 6 -7 -8 9 -10 11 -12 13 14 15 16 17 -18 19 20 0
uf20-0228.mwcnf 1481 1 2 3 4 5 6 7 8 9 -10 11 12 13 -14 -15 -16 -17 18 19 20 0
uf20-0579.mwcnf 7682 1 2 3 4 -5 6 7 8 9 -10 11 12 -13 14 15 16 17 18 19 20 0
uf20-0771.mwcnf 4606 1 2 -3 4 -5 6 7 -8 -9 10 11 12 13 14 15 -16 -17 -18 -19 -20 0
uf20-0424.mwcnf 7200 1 2 3 4 5 6 7 8 -9 -10 11 -12 13 14 15 16 -17 18 -19 -20 0
uf20-0113.mwcnf 1179 -1 -2 3 4 -5 6 7 8 9 10 11 -12 -13 14 15 16 17 18 19 20 0
uf20-0803.mwcnf 4757 -1 2 3 4 5 6 7 -8 9 10 -11 12 13 14 15 -16 17 18 19 20 0
uf20-0639.mwcnf 4484 1 2 3 4 5 6 7 8 -9 -10 11 12 13 14 15 -16 17 -18 -19 20 0
uf20-0305.mwcnf 1228 1 2 3 4 -5 6 7 8 9 10 11 -12 13 14 15 -16 17 18 -19 20 0
uf20-0553.mwcnf 8404 -1 2 3 4 -5 6 7 8 9 -10 -11 12 13 14 15 -16 -17 18 19 20 0
uf20-01000.mwcnf 1102 -1 2 -3 -4 5 -6 -7 8 9 10 11 12 13 14 -15 -16 -17 18 19 20 0
uf20-0292.mwcnf 1222 1 -2 -3 -4 5 6 -7 8 9 -10 11 12 13 14 15 16 17 18 19 20 0
uf20-0954.mwcnf 4540 1 -2 3 4 -5 6 7 -8 9 10 -11 12 13 14 15 16 17 18 19 20 0
uf20-0211.mwcnf 1287 1 2 3 4 5 6 7 8 -9 -10 11 12 13 -14 -15 16 17 18 19 20 0
uf20-0574.mwcnf 5179 -1 2 3 -4 -5 -6 -7 -8 -9 10 -11 12 -13 -14 -15 16 -17 18 19 20 0
uf20-0126.mwcnf 1215 1 2 3 4 5 6 7 -8 9 10 11 12 -13 14 15 16 17 18 -19 20 0
uf20-0161.mwcnf 975 1 -2 -3 4 5 6 7 8 9 10 11 12 13 14 15 16 -17 18 -19 -20 0
uf20-0323.mwcnf 1462 1 -2 -3 4 5 6 7 -8 9 -10 11 12 13 14 -15 -16 -17 18 19 20 0
uf20-0256.mwcnf 1478 -1 -2 3 4 5 6 7 8 9 10 11 12 13 14 -15 16 17 18 19 20 0
uf20-0804.mwcnf 5847 1 2 3 4 5 -6 -7 8 9 -10 11 12 -13 14 15 16 17 18 -19 20 0
uf20-0793.mwcnf 5141 -1 2 3 4 5 6 7 8 9 10 11 -12 -13 14 -15 16 17 -18 19 20 0
uf20-0769.mwcnf 4948 -1 2 -3 4 5 6 7 8 9 10 11 12 13 14 15 16 -17 18 -19 -20 0
uf20-0707.mwcnf 4399 1 -2 3 4 -5 6 7 -8 9 10 11 12 13 14 15 16 -17 -18 19 -20 0
uf20-0897.mwcnf 5729 1 2 3 4 5 -6 7 8 -9 -10 11 12 13 14 15 -16 17 18 19 -20 0
uf20-0182.mwcnf 1530 -1 2 3 4 5 6 -7 -8 9 10 11 12 13 14 15 16 17 18 -19 20 0
uf20-0306.mwcnf 1470 -1 2 -3 4 -5 6 7 8 -9 -10 11 12 -13 14 15 16 -17 18 19 -20 0
uf20-0231.mwcnf 885 1 2 3 4 -5 6 7 -8 -9 10 -11 -12 13 -14 -15 -16 -17 -18 -19 -20 0
uf20-0918.mwcnf 4700 1 2 -3 -4 -5 6 -7 8 9 10 11 12 13 -14 15 16 17 18 19 20 0
uf20-083.mwcnf 4806 1 -2 3 -4 -5 6 -7 8 9 10 11 -12 13 14 15 16 17 18 -19 20 0
uf20-0848.mwcnf 3985 1 2 3 4 5 -6 7 -8 -9 10 -11 12 -13 14 15 16 17 18 19 20 0
uf20-0403.mwcnf 8214 1 2 3 4 5 6 -7 -8 9 10 11 12 13 14 15 16 17 -18 19 -20 0
uf20-085.mwcnf 4601 -1 2 3 4 5 6 7 8 9 -10 11 12 -13 -14 15 -16 17 18 19 20 0
uf20-0261.mwcnf 1291 -1 2 -3 4 5 6 7 8 9 10 -11 12 13 14 15 16 17 18 -19 20 0
uf20-0609.mwcnf 9187 -1 2 3 -4 -5 6 7 8 9 -10 11 12 13 14 -15 16 17 -18 19 20 0
uf20-0628.mwcnf 4460 1 2 3 4 -5 -6 -7 8 9 10 11 12 13 14 15 16 17 18 19 -20 0
uf20-0705.mwcnf 3621 -1 2 -3 -4 5 6 7 -8 -9 10 -11 -12 -13 14 15 -16 17 18 19 -20 0
uf20-0752.mwcnf 5410 1 2 3 4 5 6 7 8 9 10 -11 -12 -13 14 15 16 -17 -18 19 -20 0
uf20-0851.mwcnf 4775 1 -2 3 -4 5 6 -7 8 9 10 -11 12 -13 -14 15 16 17 -18 -19 20 0
uf20-0224.mwcnf 1129 -1 2 -3 4 5 -6 7 8 9 10 11 12 13 14 -15 -16 -17 18 -19 20 0
uf20-030.mwcnf 1103 1 2 3 4 -5 6 7 8 9 -10 11 -12 13 14 15 16 17 18 -19 20 0
uf20-0697.mwcnf 5275 1 2 3 -4 5 -6 7 8 9 10 11 12 13 14 -15 16 17 18 19 -20 0
uf20-0863.mwcnf 6332 -1 2 3 4 5 6 7 8 9 -10 11 -12 13 14 15 16 17 18 -19 20 0
uf20-0631.mwcnf 4270 1 -2 -3 4 5 -6 7 8 9 10 11 -12 13 14 15 -16 17 18 19 20 0
uf20-0173.mwcnf 986 1 2 3 4 -5 6 7 8 9 10 -11 -12 13 14 15 -16 -17 18 19 20 0
uf20-0463.mwcnf 10852 1 2 -3 -4 5 6 7 -8 9 10 11 12 13 14 15 16 17 18 -19 20 0
uf20-073.mwcnf 4008 1 2 -3 -4 5 6 -7 8 -9 10 11 12 13 -14 -15 16 17 18 19 20 0
uf20-0504.mwcnf 9607 1 -2 -3 4 -5 6 7 8 9 -10 11 12 13 14 15 16 17 18 -19 20 0
uf20-0363.mwcnf 8788 1 2 3 -4 5 -6 7 8 9 10 11 12 13 14 15 16 17 -18 19 20 0
uf20-0378.mwcnf 8346 1 2 3 4 -5 6 7 -8 9 10 11 12 -13 14 15 16 17 18 -19 -20 0
uf20-0559.mwcnf 7882 -1 2 -3 4 5 6 7 8 9 10 11 -12 13 -14 15 -16 17 -18 19 -20 0
uf20-0896.mwcnf 5157 -1 2 3 -4 5 6 -7 8 9 -10 11 12 13 14 15 16 17 -18 -19 -20 0
uf20-0483.mwcnf 8889 -1 2 -3 4 5 -6 7 8 9 -10 11 12 13 14 15 16 17 18 19 20 0
uf20-011.mwcnf 1113 1 2 3 4 5 6 7 -8 -9 -10 11 12 13 14 -15 16 17 18 19 20 0
uf20-0596.mwcnf 7949 1 -2 -3 4 -5 6 -7 8 9 10 11 12 13 -14 15 16 17 18 -19 20 0
uf20-0900.mwcnf 5374 1 -2 3 4 5 6 -7 8 9 10 -11 12 13 14 -15 16 17 18 -19 20 0
uf20-0967.mwcnf 6155 -1 2 3 -4 5 6 7 -8 -9 -10 11 12 13 14 15 16 17 18 19 20 0
uf20-0581.mwcnf 6956 1 -2 3 -4 -5 6 7 8 9 -10 -11 -12 13 14 15 16 17 18 19 20 0
uf20-0763.mwcnf 3688 -1 2 3 4 -5 6 -7 8 -9 10 11 -12 13 14 -15 16 17 18 19 20 0
uf20-0530.mwcnf 8996 1 2 3 -4 5 6 7 -8 9 -10 11 12 13 14 15 16 17 -18 19 20 0
uf20-0931.mwcnf 4723 1 2 3 4 5 6 7 -8 9 10 11 12 -13 -14 -15 16 -17 18 -19 20 0
uf20-0905.mwcnf 6290 1 2 3 -4 5 -6 7 -8 9 -10 11 12 13 14 15 -16 17 18 -19 20 0
uf20-0535.mwcnf 8516 -1 -2 3 4 5 6 7 -8 -9 10 -11 12 13 14 -15 16 17 18 19 -20 0
uf20-0610.mwcnf 7789 1 2 3 -4 5 6 7 8 9 -10 11 12 13 -14 15 16 17 -18 19 20 0
uf20-0219.mwcnf 1444 1 2 3 4 -5 6 7 -8 9 10 11 -12 13 14 15 16 17 18 -19 20 0
uf20-0595.mwcnf 9078 -1 2 3 4 5 6 7 8 9 10 11 -12 13 14 -15 16 17 18 19 -20 0
uf20-0659.mwcnf 3368 -1 2 3 -4 5 6 -7 -8 9 10 11 -12 13 14 -15 16 -17 -18 19 -20 0
uf20-0249.mwcnf 1127 -1 2 3 -4 -5 -6 7 8 -9 10 11 12 13 14 15 -16 17 18 19 20 0
uf20-0412.mwcnf 8755 1 2 3 4 5 -6 7 8 9 10 11 -12 -13 14 15 -16 17 18 19 -20 0
uf20-016.mwcnf 1073 1 2 -3 -4 5 -6 -7 8 9 10 11 12 13 14 15 -16 17 18 19 20 0
uf20-0298.mwcnf 1130 1 2 -3 4 5 6 7 8 9 -10 11 -12 -13 14 15 16 17 18 19 20 0
uf20-0289.mwcnf 1132 1 2 3 -4 5 6 7 -8 9 10 -11 12 13 -14 -15 16 17 18 -19 -20 0
uf20-0263.mwcnf 1104 -1 2 3 -4 5 6 7 8 9 10 11 -12 -13 14 -15 16 17 18 19 20 0
uf20-0405.mwcnf 10199 1 2 -3 4 5 6 7 -8 9 10 -11 -12 -13 14 15 16 17 18 19 -20 0
uf20-0814.mwcnf 4605 1 2 3 4 5 6 7 8 9 -10 11 12 13 14 15 16 -17 -18 19 -20 0
uf20-0410.mwcnf 7389 1 2 -3 -4 -5 6 7 -8 9 10 -11 12 13 14 15 16 17 18 19 -20 0
uf20-0183.mwcnf 971 1 2 3 -4 -5 6 -7 8 -9 10 -11 12 -13 14 15 -16 -17 18 19 20 0
uf20-0387.mwcnf 10678 1 2 3 4 -5 6 -7 8 9 -10 11 12 13 14 15 -16 17 18 -19 20 0
uf20-0275.mwcnf 1313 1 -2 3 4 -5 6 7 8 -9 -10 11 12 13 14 -15 16 -17 18 -19 20 0
uf20-0794.mwcnf 4180 1 2 3 4 5 6 7 8 9 10 11 12 13 14 -15 16 -17 18 -19 -20 0
uf20-0997.mwcnf 5452 1 -2 -3 4 5 -6 7 8 9 10 11 -12 13 14 15 16 -17 18 -19 20 0
uf20-0791.mwcnf 4035 1 2 -3 4 -5 6 -7 -8 9 10 11 12 13 14 15 16 17 -18 19 20 0
uf20-0309.mwcnf 1180 -1 2 3 4 5 6 7 8 9 -10 11 12 13 -14 15 16 17 -18 -19 -20 0
uf20-0627.mwcnf 5306 1 -2 -3 4 5 -6 7 8 9 -10 11 12 13 14 15 16 17 18 19 20 0
uf20-01.mwcnf 1574 1 2 3 4 -5 6 7 8 9 10 11 12 -13 14 -15 16 17 18 19 20 0
uf20-0827.mwcnf 4398 1 -2 -3 4 5 -6 7 8 9 10 -11 -12 13 14 -15 -16 17 -18 19 -20 0
uf20-0248.mwcnf 1233 1 -2 3 -4 -5 6 7 8 9 -10 11 12 13 14 15 16 17 18 19 20 0
uf20-0676.mwcnf 5008 1 2 -3 4 5 6 7 8 -9 10 11 12 13 -14 -15 16 -17 -18 19 20 0
uf20-0317.mwcnf 1102 1 -2 3 -4 5 -6 7 -8 -9 10 11 -12 13 14 15 -16 17 18 19 20 0
uf20-0448.mwcnf 6804 1 2 -3 4 5 -6 7 8 9 10 11 12 13 14 15 16 17 18 19 -20 0
uf20-0744.mwcnf 5684 1 -2 3 -4 -5 6 7 8 9 -10 -11 12 13 -14 15 16 17 18 19 20 0
uf20-0515.mwcnf 8381 1 2 3 4 -5 -6 7 8 9 10 -11 12 -13 14 -15 16 17 18 19 20 0
uf20-0941.mwcnf 6285 1 2 -3 -4 5 -6 7 8 9 10 11 -12 13 -14 15 16 -17 -18 -19 20 0
uf20-072.mwcnf 5119 1 -2 -3 4 5 6 7 8 9 10 11 12 -13 14 -15 -16 17 -18 19 20 0
uf20-0283.mwcnf 1364 1 2 3 4 -5 6 7 8 9 10 11 12 13 14 15 16 17 18 -19 20 0
uf20-0214.mwcnf 1057 1 2 -3 4 5 6 7 8 9 -10 11 -12 13 14 15 -16 17 18 -19 20 0
uf20-0831.mwcnf 4919 -1 2 3 4 5 6 7 8 9 10 11 12 13 -14 15 16 17 -18 19 20 0
uf20-0679.mwcnf 4919 -1 2 3 4 5 6 7 8 -9 -10 -11 12 13 14 15 16 17 18 19 20 0
uf20-058.mwcnf 7411 1 -2 -3 -4 5 -6 7 -8 9 10 -11 12 13 14 -15 16 17 18 19 20 0
uf20-065.mwcnf 4054 1 -2 3 4 -5 6 -7 8 -9 10 11 12 13 14 15 16 17 18 19 -20 0
uf20-0312.mwcnf 1023 1 2 -3 4 -5 6 7 8 9 10 11 -12 13 -14 -15 -16 -17 18 -19 20 0
uf20-0419.mwcnf 9438 1 -2 3 4 5 -6 -7 8 9 10 11 -12 13 14 -15 16 -17 18 -19 20 0
uf20-0181.mwcnf 1116 1 2 -3 4 5 6 7 8 -9 10 -11 12 13 14 15 16 -17 -18 19 20 0
uf20-0637.mwcnf 4748 -1 -2 -3 4 5 -6 7 8 9 10 -11 12 -13 -14 -15 16 -17 18 -19 20 0
uf20-0557.mwcnf 8346 -1 -2 3 -4 5 6 -7 8 -9 10 11 -12 -13 14 15 16 17 18 19 -20 0
uf20-0920.mwcnf 4359 -1 -2 3 4 5 6 -7 8 9 10 -11 12 13 14 -15 16 17 18 19 20 0
uf20-0789.mwcnf 3653 1 2 3 4 -5 6 7 -8 9 10 11 12 -13 14 15 16 -17 18 19 20 0
uf20-0384.mwcnf 11010 -1 2 3 4 5 6 7 8 9 10 11 -12 13 -14 -15 16 17 18 19 20 0
uf20-0607.mwcnf 8710 1 -2 3 4 5 6 7 8 9 10 11 12 13 -14 15 16 -17 18 19 20 0
uf20-091.mwcnf 5794 -1 2 3 4 -5 6 7 8 9 10 -11 12 13 14 15 16 17 18 -19 -20 0
uf20-0452.mwcnf 7877 -1 2 3 4 5 6 7 8 9 10 11 12 13 -14 -15 -16 -17 18 19 -20 0
uf20-0322.mwcnf 968 1 -2 3 -4 5 6 7 8 9 10 11 12 -13 14 -15 16 17 18 19 -20 0
uf20-0529.mwcnf 8665 1 -2 3 4 5 6 7 8 9 10 11 12 -13 -14 15 -16 17 18 19 20 0
uf20-0502.mwcnf 11011 1 -2 3 4 5 6 7 8 9 10 11 -12 13 14 15 16 17 18 -19 20 0
uf20-0507.mwcnf 9098 1 2 3 4 5 6 7 -8 9 -10 -11 12 -13 14 15 -16 17 18 -19 20 0
uf20-0994.mwcnf 5064 -1 -2 3 4 5 -6 7 -8 9 10 11 12 13 -14 15 -16 17 18 19 -20 0
uf20-0782.mwcnf 3686 1 -2 3 -4 5 -6 7 -8 9 10 -11 12 13 14 15 16 -17 -18 -19 20 0
uf20-0437.mwcnf 9533 1 -2 3 4 5 6 -7 8 9 10 11 12 -13 -14 -15 16 17 18 19 -20 0
uf20-0620.mwcnf 5876 1 2 3 4 5 6 7 8 -9 10 11 -12 13 14 -15 16 -17 18 -19 -20 0
uf20-0195.mwcnf 1332 1 2 3 4 5 -6 7 8 9 10 11 12 13 -14 15 16 17 18 -19 20 0
uf20-0549.mwcnf 8200 -1 2 3 4 -5 6 -7 8 9 -10 11 12 13 -14 15 -16 17 18 19 20 0
uf20-0674.mwcnf 3841 1 -2 3 -4 5 -6 7 -8 -9 10 11 -12 13 14 15 16 17 18 -19 -20 0
uf20-015.mwcnf 1568 -1 2 3 4 5 6 7 8 9 10 11 -12 13 14 15 -16 -17 18 19 -20 0
uf20-0823.mwcnf 6099 -1 2 3 4 5 6 7 8 -9 10 11 12 13 14 -15 16 -17 -18 19 20 0
uf20-0427.mwcnf 9505 -1 2 3 4 5 6 7 8 9 10 11 12 -13 14 15 16 -17 -18 19 -20 0
uf20-0489.mwcnf 7345 1 2 3 4 5 6 -7 8 -9 10 11 12 13 14 -15 -16 17 18 19 20 0
uf20-0860.mwcnf 4914 1 -2 -3 4 -5 6 7 8 9 10 11 12 13 14 -15 16 -17 18 19 20 0
uf20-0832.mwcnf 4040 1 -2 3 -4 5 -6 -7 8 -9 -10 11 -12 13 -14 -15 16 17 18 19 20 0
uf20-0634.mwcnf 5296 1 2 3 -4 5 6 -7 -8 9 10 11 12 13 -14 15 -16 17 18 19 -20 0
uf20-0986.mwcnf 4772 -1 2 3 4 5 -6 -7 8 -9 -10 11 12 13 -14 15 -16 -17 18 -19 20 0
uf20-0873.mwcnf 4577 1 2 -3 4 5 6 7 -8 9 10 11 -12 13 14 15 16 17 18 19 20 0
uf20-0809.mwcnf 4867 -1 -2 3 4 5 -6 7 8 -9 10 11 12 -13 14 15 16 17 18 -19 20 0
uf20-0970.mwcnf 5910 1 2 -3 -4 5 -6 7 8 -9 10 -11 -12 13 14 -15 -16 17 18 19 20 0
uf20-0982.mwcnf 4275 1 -2 3 4 -5 6 -7 -8 9 -10 11 12 -13 -14 15 16 17 18 -19 20 0
uf20-0995.mwcnf 5579 -1 2 -3 4 5 6 7 8 -9 10 11 12 13 14 15 16 17 18 -19 -20 0
uf20-0672.mwcnf 4485 1 -2 -3 4 5 6 7 8 9 -10 11 -12 13 14 15 -16 -17 18 -19 20 0
uf20-0185.mwcnf 977 1 -2 -3 4 5 6 7 8 9 -10 11 -12 -13 14 15 16 17 -18 19 20 0
uf20-0327.mwcnf 1257 1 2 -3 4 5 -6 7 8 9 10 11 -12 13 14 -15 16 17 18 19 -20 0
uf20-03.mwcnf 9807 1 2 3 4 5 6 -7 8 9 10 11 -12 13 14 -15 -16 17 18 19 20 0
uf20-0250.mwcnf 1110 -1 -2 3 4 -5 6 7 8 9 10 11 -12 13 -14 15 16 17 18 19 20 0
uf20-0506.mwcnf 9249 -1 2 3 4 5 6 7 8 9 10 -11 12 13 14 15 16 17 18 19 20 0
uf20-0420.mwcnf 7832 1 2 -3 4 5 6 -7 -8 9 10 11 -12 13 14 15 16 17 18 -19 20 0
uf20-0272.mwcnf 1174 1 2 3 -4 -5 -6 7 8 9 -10 11 12 13 -14 15 16 17 -18 -19 20 0
uf20-0124.mwcnf 1163 -1 2 3 4 5 6 7 8 9 10 11 12 13 14 -15 -16 17 18 19 -20 0
uf20-0512.mwcnf 10101 1 -2 3 4 5 6 7 8 9 -10 11 12 -13 14 15 16 17 -18 -19 20 0
uf20-0171.mwcnf 1237 1 2 3 4 5 6 7 8 9 10 11 12 13 14 15 16 -17 18 -19 20 0
uf20-0743.mwcnf 4352 -1 2 3 4 5 -6 7 8 -9 -10 11 12 -13 14 15 16 17 18 -19 -20 0
uf20-0616.mwcnf 5268 1 2 -3 4 -5 -6 7 8 -9 -10 -11 12 13 -14 -15 -16 17 18 19 20 0
uf20-0509.mwcnf 9790 1 2 3 4 5 6 -7 8 9 10 -11 12 -13 14 15 16 -17 18 19 -20 0
uf20-0751.mwcnf 5351 -1 -2 3 4 5 6 7 8 -9 10 -11 12 13 14 15 -16 -17 18 19 20 0
uf20-035.mwcnf 5457 1 2 3 4 -5 -6 7 -8 9 -10 -11 12 -13 14 -15 -16 -17 18 19 -20 0
uf20-0868.mwcnf 5576 1 2 3 4 5 6 7 8 9 -10 -11 12 13 -14 -15 16 17 18 -19 20 0
uf20-0342.mwcnf 1342 1 2 3 4 -5 -6 7 8 -9 10 11 12 13 14 -15 -16 -17 18 -19 20 0
uf20-0307.mwcnf 1337 1 2 3 4 -5 -6 7 8 9 10 11 -12 13 14 15 -16 17 -18 19 20 0
uf20-0105.mwcnf 1102 -1 2 3 4 5 6 7 -8 9 10 11 12 13 -14 15 -16 17 18 -19 20 0
uf20-0855.mwcnf 4735 -1 2 -3 4 5 6 7 8 9 10 11 12 13 14 15 16 17 18 19 20 0
uf20-0813.mwcnf 5412 1 2 3 4 5 -6 7 -8 9 10 11 12 13 14 -15 16 17 18 -19 20 0
uf20-0904.mwcnf 6423 -1 2 3 4 5 6 -7 8 9 10 -11 12 -13 14 15 16 -17 18 19 -20 0
uf20-0660.mwcnf 4576 1 -2 -3 -4 5 6 -7 8 -9 10 -11 12 13 14 15 16 17 18 19 -20 0
uf20-0683.mwcnf 6717 1 -2 -3 -4 -5 6 7 8 -9 10 11 -12 13 14 15 16 17 -18 19 20 0
uf20-0981.mwcnf 5240 -1 2 3 4 -5 -6 7 8 -9 10 11 12 13 14 15 16 -17 -18 -19 -20 0
uf20-0331.mwcnf 1056 1 2 3 4 5 6 7 8 -9 10 11 -12 13 -14 15 -16 17 -18 19 -20 0
uf20-0894.mwcnf 5166 1 2 3 4 5 6 -7 -8 9 10 11 12 13 14 15 -16 -17 18 19 20 0
uf20-0750.mwcnf 4186 1 2 3 4 5 6 7 8 9 10 11 12 13 14 -15 16 17 -18 19 20 0
uf20-0598.mwcnf 9021 1 2 3 -4 5 6 7 8 9 10 11 12 -13 14 15 16 17 -18 -19 20 0
uf20-0993.mwcnf 5577 -1 2 3 4 5 6 -7 8 -9 10 11 12 13 14 -15 16 17 18 19 20 0
uf20-0872.mwcnf 4532 1 -2 3 4 -5 -6 -7 8 -9 -10 11 12 13 14 15 -16 17 18 -19 20 0
uf20-0866.mwcnf 5250 1 -2 3 -4 5 6 -7 8 9 10 11 12 -13 14 -15 16 17 18 -19 20 0
uf20-0399.mwcnf 9100 1 2 3 -4 -5 6 7 -8 -9 -10 11 12 13 14 15 16 -17 18 19 20 0
uf20-0838.mwcnf 4820 -1 2 -3 4 -5 6 7 8 9 10 -11 12 -13 14 15 -16 17 18 -19 20 0
uf20-0477.mwcnf 7344 1 -2 3 4 5 6 7 8 9 10 -11 -12 13 -14 -15 -16 17 18 -19 -20 0
uf20-0193.mwcnf 1203 1 2 3 4 -5 -6 7 -8 9 -10 11 12 -13 14 15 16 17 18 -19 20 0
uf20-0386.mwcnf 8216 1 -2 3 4 5 -6 -7 8 9 10 11 12 13 14 15 16 17 18 19 20 0
uf20-0244.mwcnf 1217 -1 2 3 4 5 6 7 8 9 10 11 12 -13 14 15 -16 17 18 -19 -20 0
uf20-0675.mwcnf 4438 1 2 3 4 5 6 7 8 9 -10 -11 -12 13 14 15 -16 17 18 19 20 0
uf20-07.mwcnf 4858 -1 2 3 4 -5 6 7 8 9 -10 11 12 13 14 15 -16 -17 18 19 20 0
uf20-0757.mwcnf 5015 1 2 3 4 5 6 -7 8 -9 10 11 12 13 14 15 16 17 18 19 20 0
uf20-0455.mwcnf 8554 1 2 3 4 5 -6 -7 -8 9 10 11 -12 13 14 15 16 -17 18 19 20 0
uf20-0755.mwcnf 4211 1 2 3 -4 5 -6 7 -8 9 10 11 -12 13 -14 15 -16 17 -18 19 20 0
uf20-0302.mwcnf 1322 1 2 3 4 5 6 7 8 9 10 11 12 13 -14 -15 16 17 18 19 -20 0
uf20-0858.mwcnf 4115 1 -2 3 4 5 6 7 8 -9 10 -11 12 -13 -14 15 16 17 18 -19 20 0
uf20-0957.mwcnf 6098 1 -2 3 4 -5 6 7 8 9 10 11 12 13 14 15 16 17 18 -19 20 0
uf20-0802.mwcnf 5611 1 -2 3 4 5 6 7 8 9 10 -11 12 13 -14 15 16 -17 18 19 20 0
uf20-0649.mwcnf 4454 -1 2 3 4 5 -6 7 8 -9 -10 11 12 -13 -14 15 16 17 18 19 20 0
uf20-0274.mwcnf 1141 1 -2 3 -4 5 6 7 8 9 -10 11 12 13 14 15 -16 17 18 19 20 0
uf20-0417.mwcnf 9826 1 2 3 4 5 6 7 8 9 10 -11 -12 -13 14 15 16 17 18 19 20 0
uf20-0521.mwcnf 7254 1 -2 3 -4 5 6 7 -8 9 10 -11 12 13 -14 -15 -16 -17 18 -19 20 0
uf20-0725.mwcnf 4851 1 -2 -3 -4 5 6 7 8 9 10 11 12 13 14 -15 16 17 -18 19 20 0
uf20-0689.mwcnf 4649 -1 2 3 -4 5 6 -7 8 9 10 11 12 13 14 -15 16 -17 -18 19 20 0
uf20-0932.mwcnf 6715 1 2 3 4 5 -6 7 8 9 10 11 12 -13 14 -15 16 17 18 19 20 0
uf20-023.mwcnf 1250 1 2 3 4 -5 6 7 -8 9 10 -11 -12 13 14 -15 16 -17 -18 19 20 0
uf20-0985.mwcnf 5536 1 2 -3 4 5 6 -7 -8 9 10 11 12 13 14 15 16 -17 -18 19 20 0
uf20-0585.mwcnf 8752 1 2 3 4 -5 6 7 8 9 10 -11 -12 13 14 15 16 17 18 19 20 0
uf20-0325.mwcnf 947 -1 2 3 4 5 6 7 8 -9 -10 -11 12 13 14 15 16 17 18 19 20 0
uf20-0611.mwcnf 7163 1 2 3 -4 -5 6 -7 8 -9 10 11 12 -13 -14 -15 16 17 -18 -19 20 0
uf20-0608.mwcnf 9589 -1 2 3 4 5 -6 7 8 -9 10 11 12 13 14 15 16 17 -18 19 -20 0
uf20-0926.mwcnf 5860 1 2 -3 4 5 6 7 8 9 10 11 12 13 14 15 -16 -17 18 19 20 0
uf20-0824.mwcnf 3454 1 -2 3 -4 -5 -6 7 -8 9 10 11 12 13 14 15 16 -17 -18 -19 -20 0
uf20-0197.mwcnf 1018 1 2 -3 4 5 -6 7 8 -9 10 11 -12 13 14 15 -16 -17 -18 -19 20 0
uf20-0800.mwcnf 4460 1 2 3 4 5 6 7 8 9 -10 11 12 -13 -14 -15 16 17 18 19 -20 0
uf20-0457.mwcnf 8595 1 -2 -3 4 -5 6 -7 -8 9 10 11 12 -13 14 15 16 -17 18 19 20 0
uf20-0130.mwcnf 961 -1 2 -3 4 5 -6 7 8 -9 10 11 12 13 -14 -15 -16 -17 18 -19 20 0
uf20-0875.mwcnf 4298 -1 2 3 -4 5 6 -7 8 9 10 11 12 13 14 -15 16 17 18 19 20 0
uf20-0651.mwcnf 4569 1 -2 3 4 5 6 7 8 9 10 -11 12 -13 14 -15 16 17 18 19 20 0
uf20-0360.mwcnf 9062 -1 2 3 4 5 6 7 -8 9 10 11 12 -13 -14 15 16 17 -18 19 20 0
uf20-0206.mwcnf 1194 1 2 3 4 5 6 7 8 -9 10 11 12 13 14 15 -16 17 18 19 20 0
uf20-0367.mwcnf 8489 -1 -2 3 4 -5 -6 7 -8 9 -10 11 12 -13 14 15 16 -17 18 19 20 0
uf20-0462.mwcnf 7072 -1 2 3 -4 5 6 7 8 9 10 11 12 13 14 15 -16 17 18 19 20 0
uf20-0914.mwcnf 6022 1 -2 3 4 5 -6 7 -8 9 10 -11 12 13 14 15 16 17 18 -19 20 0
uf20-0606.mwcnf 6968 -1 2 3 -4 5 6 -7 8 9 -10 11 12 13 14 15 16 17 18 19 -20 0
uf20-0488.mwcnf 9192 1 2 3 4 5 6 -7 8 9 10 11 12 13 14 15 16 17 18 -19 -20 0
uf20-0511.mwcnf 8330 1 -2 3 4 5 6 7 8 9 10 -11 12 13 14 15 16 17 18 19 -20 0
uf20-0466.mwcnf 8613 1 -2 3 -4 5 -6 7 8 9 10 -11 12 -13 14 15 16 -17 -18 -19 20 0
uf20-0458.mwcnf 6860 1 -2 -3 -4 5 6 7 8 9 -10 11 -12 13 -14 15 16 -17 18 19 20 0
uf20-0740.mwcnf 4497 1 2 3 4 5 -6 7 8 -9 10 11 12 -13 14 15 16 17 18 19 20 0
uf20-0408.mwcnf 7361 1 2 3 4 5 6 7 8 9 -10 -11 12 13 14 15 16 -17 18 19 -20 0
uf20-0989.mwcnf 4109 -1 -2 -3 4 5 6 7 8 9 -10 -11 12 13 -14 -15 -16 17 18 19 -20 0
uf20-0984.mwcnf 4131 1 2 3 -4 5 6 7 8 -9 -10 -11 -12 13 -14 -15 16 17 18 19 20 0
uf20-06.mwcnf 4423 1 2 -3 4 5 -6 7 8 9 10 11 12 13 14 15 16 17 18 19 20 0
uf20-0843.mwcnf 5135 -1 -2 -3 4 -5 -6 7 8 9 -10 11 -12 -13 14 15 16 17 18 19 20 0
uf20-044.mwcnf 8945 -1 -2 3 4 5 6 7 -8 9 -10 11 12 13 14 15 -16 -17 -18 19 20 0
uf20-090.mwcnf 6924 1 2 3 4 5 6 7 8 -9 10 11 12 13 14 15 16 17 18 19 20 0
uf20-0418.mwcnf 8432 -1 2 3 4 5 6 7 8 9 10 -11 12 13 14 15 -16 17 18 19 20 0
uf20-0133.mwcnf 1069 1 -2 3 4 5 6 7 -8 9 10 11 12 13 14 15 16 17 18 19 20 0
uf20-0852.mwcnf 4532 1 2 3 -4 5 -6 7 8 9 -10 11 12 -13 -14 -15 16 17 18 19 -20 0
uf20-0699.mwcnf 5145 1 -2 -3 4 5 -6 -7 8 9 10 11 12 13 -14 15 16 17 18 19 20 0
uf20-0785.mwcnf 4698 -1 2 3 -4 -5 6 7 8 9 10 11 12 13 -14 15 16 17 -18 -19 20 0
uf20-0539.mwcnf 8347 1 2 3 -4 5 6 7 8 9 -10 11 12 13 -14 15 16 -17 18 -19 20 0
uf20-0820.mwcnf 5035 1 2 3 4 5 6 7 8 9 10 11 12 -13 14 15 -16 17 -18 19 -20 0
uf20-0718.mwcnf 4222 1 2 3 4 -5 6 7 -8 9 10 11 12 -13 -14 -15 16 -17 -18 19 20 0
uf20-048.mwcnf 8368 1 2 3 -4 5 6 7 8 -9 10 11 12 13 -14 15 16 17 18 19 -20 0
uf20-0964.mwcnf 5823 1 2 -3 4 5 6 7 8 9 10 11 -12 -13 14 15 16 17 -18 19 20 0
uf20-0188.mwcnf 1001 1 2 3 4 5 -6 7 8 -9 -10 11 -12 13 14 15 -16 17 -18 -19 -20 0
uf20-0990.mwcnf 5431 1 -2 3 -4 5 -6 7 8 9 10 -11 -12 13 14 15 16 17 -18 19 -20 0
uf20-0694.mwcnf 6062 1 2 3 4 5 6 -7 -8 9 10 11 12 -13 -14 -15 16 -17 18 19 20 0
uf20-062.mwcnf 4431 1 -2 3 -4 5 -6 -7 8 9 -10 -11 -12 -13 14 15 -16 17 18 -19 20 0
uf20-0311.mwcnf 1411 1 2 3 4 5 -6 7 -8 9 10 11 12 13 14 -15 16 17 18 -19 20 0
uf20-0396.mwcnf 10621 1 2 3 4 5 6 7 -8 9 10 11 12 -13 14 -15 16 -17 -18 19 20 0
uf20-0380.mwcnf 10661 1 2 3 4 5 6 -7 8 9 10 11 -12 13 -14 15 16 17 18 -19 20 0
uf20-0870.mwcnf 4569 1 2 3 4 5 -6 7 -8 -9 10 11 12 13 14 15 16 17 -18 19 20 0
uf20-0357.mwcnf 7317 1 2 3 -4 5 6 -7 -8 -9 10 11 12 13 -14 -15 -16 17 18 19 20 0
uf20-0423.mwcnf 8903 -1 2 -3 -4 5 6 7 8 9 10 11 12 13 14 15 16 -17 -18 -19 -20 0
uf20-0746.mwcnf 4387 1 2 3 4 5 6 7 8 9 10 -11 12 -13 14 15 -16 17 18 19 20 0
uf20-0375.mwcnf 10663 1 -2 -3 4 -5 6 7 -8 9 10 11 -12 13 -14 15 16 17 -18 -19 20 0
uf20-0459.mwcnf 7809 1 2 3 -4 -5 6 7 8 -9 10 -11 12 13 -14 -15 -16 17 18 19 -20 0
uf20-0825.mwcnf 4260 -1 2 -3 -4 5 6 -7 -8 -9 -10 11 12 13 14 15 16 17 18 19 20 0
uf20-0446.mwcnf 8103 1 2 -3 4 5 -6 -7 8 9 10 11 -12 13 14 15 16 17 -18 -19 -20 0
uf20-0484.mwcnf 9941 1 2 3 4 5 6 7 8 -9 -10 -11 -12 13 14 15 16 17 -18 19 20 0
uf20-0333.mwcnf 1001 1 2 3 4 -5 -6 -7 -8 9 10 11 12 -13 14 15 16 -17 18 19 20 0
uf20-0834.mwcnf 3864 -1 -2 3 -4 -5 -6 7 8 9 10 -11 -12 -13 14 -15 16 -17 -18 19 -20 0
uf20-0395.mwcnf 9146 -1 2 3 4 5 -6 7 8 9 10 11 12 13 14 15 16 17 18 19 20 0
uf20-0917.mwcnf 7064 1 2 -3 4 -5 -6 7 8 9 10 11 -12 13 -14 15 16 17 18 19 -20 0
uf20-0344.mwcnf 1176 1 2 3 -4 5 6 -7 -8 9 10 11 12 13 -14 15 -16 17 18 -19 20 0
uf20-0842.mwcnf 4794 1 -2 -3 -4 5 6 7 8 9 10 11 12 -13 -14 -15 16 17 18 -19 20 0
uf20-0955.mwcnf 6238 1 2 3 4 -5 -6 7 8 9 10 11 -12 13 14 15 16 17 18 19 20 0
uf20-0822.mwcnf 6299 -1 2 -3 -4 5 6 7 8 9 10 11 -12 13 -14 -15 16 17 18 -19 -20 0
uf20-0139.mwcnf 1411 -1 -2 -3 4 5 -6 7 8 9 10 11 -12 13 14 15 -16 -17 -18 19 -20 0
uf20-0385.mwcnf 9780 1 -2 3 4 5 6 -7 8 9 10 -11 12 13 14 -15 16 17 18 19 20 0
uf20-0819.mwcnf 4214 1 -2 -3 4 5 6 7 8 9 10 11 -12 -13 14 -15 -16 17 18 19 20 0
uf20-0867.mwcnf 4242 1 -2 3 4 5 6 7 8 9 -10 11 12 13 14 15 16 17 18 19 -20 0
uf20-051.mwcnf 8376 -1 2 -3 4 5 6 7 8 9 10 11 12 13 -14 15 -16 17 18 19 20 0
uf20-0586.mwcnf 8176 1 -2 3 4 5 6 7 8 9 -10 11 -12 13 14 15 16 -17 18 19 -20 0
uf20-0301.mwcnf 1227 1 2 -3 -4 5 6 7 8 -9 10 11 12 -13 14 15 16 17 18 19 20 0
uf20-0733.mwcnf 4358 1 -2 3 4 5 6 7 8 9 -10 -11 12 -13 -14 15 16 17 18 19 -20 0
uf20-0108.mwcnf 1080 1 2 3 4 5 6 7 8 9 10 11 -12 13 14 15 16 17 18 19 20 0
uf20-0972.mwcnf 6542 1 2 3 4 5 6 -7 8 9 10 11 12 13 14 15 16 -17 -18 19 20 0
uf20-0510.mwcnf 5636 1 -2 -3 -4 -5 6 -7 8 -9 10 -11 12 -13 14 15 16 17 -18 -19 20 0
uf20-0481.mwcnf 7529 1 2 -3 -4 -5 6 7 8 -9 10 -11 12 13 14 15 16 17 18 19 -20 0
uf20-0828.mwcnf 6018 1 -2 3 4 5 6 7 8 9 10 11 12 13 14 15 -16 17 -18 19 20 0
uf20-0107.mwcnf 1080 1 -2 3 4 5 6 7 -8 9 10 -11 12 13 14 -15 -16 17 18 19 -20 0
uf20-0453.mwcnf 10007 -1 2 -3 4 5 6 7 -8 9 10 11 12 13 14 -15 -16 17 -18 19 20 0
uf20-0163.mwcnf 1206 1 2 3 4 -5 6 7 8 9 -10 11 12 13 14 15 16 17 18 19 20 0
uf20-0209.mwcnf 1086 1 2 3 4 -5 6 7 8 9 10 11 -12 13 14 15 16 17 -18 19 20 0
uf20-055.mwcnf 6356 -1 -2 3 4 -5 -6 -7 -8 9 10 11 12 13 14 -15 16 -17 -18 19 20 0
uf20-0180.mwcnf 889 1 2 3 4 -5 -6 7 8 -9 10 11 12 13 -14 15 16 -17 18 -19 20 0
uf20-057.mwcnf 7128 1 2 3 4 -5 -6 7 8 9 10 11 -12 13 14 -15 16 17 18 -19 20 0
uf20-0401.mwcnf 9119 1 2 3 -4 5 -6 7 8 9 10 11 12 13 14 15 16 17 18 19 20 0
uf20-038.mwcnf 8821 1 -2 3 4 5 6 7 8 -9 10 -11 12 -13 14 15 -16 17 18 19 -20 0
uf20-0874.mwcnf 4565 1 2 3 4 5 6 7 8 -9 10 11 -12 13 14 15 16 17 18 19 20 0
uf20-0703.mwcnf 4805 1 2 -3 4 5 6 7 -8 9 -10 -11 12 13 14 -15 16 17 18 19 20 0
uf20-0132.mwcnf 1268 1 2 3 4 -5 6 -7 8 -9 10 11 12 -13 14 -15 16 17 18 -19 20 0
uf20-0112.mwcnf 1250 -1 2 3 4 5 6 7 8 -9 10 11 12 13 14 15 16 17 18 -19 20 0
uf20-0411.mwcnf 7648 1 -2 3 4 -5 6 7 8 9 10 11 12 -13 14 15 16 -17 -18 19 -20 0
uf20-0619.mwcnf 5441 1 -2 -3 4 5 6 7 8 9 10 11 12 13 14 15 16 17 18 19 -20 0
uf20-0693.mwcnf 4687 -1 -2 -3 -4 5 6 7 8 9 10 11 -12 13 14 15 16 17 18 19 20 0
uf20-0722.mwcnf 3123 -1 2 3 4 5 6 -7 8 -9 10 -11 12 -13 14 -15 -16 17 -18 -19 -20 0
uf20-0174.mwcnf 866 -1 -2 3 4 5 6 -7 8 -9 -10 -11 12 -13 14 -15 16 17 18 19 20 0
uf20-0864.mwcnf 5048 1 2 3 4 5 6 7 8 9 10 11 12 13 14 -15 16 -17 18 19 20 0
uf20-0656.mwcnf 4223 1 -2 3 -4 5 -6 7 -8 9 10 -11 12 -13 14 15 16 -17 -18 -19 20 0
uf20-0721.mwcnf 2812 1 2 -3 4 5 -6 7 8 -9 -10 11 12 13 14 -15 -16 17 -18 -19 20 0
uf20-0285.mwcnf 1166 1 -2 3 4 5 -6 7 8 9 10 11 12 -13 14 -15 16 -17 -18 19 20 0
uf20-0454.mwcnf 9622 1 2 3 4 5 -6 -7 8 -9 -10 11 12 -13 14 15 16 17 18 19 20 0
uf20-0264.mwcnf 1029 -1 -2 3 4 5 6 7 8 9 10 -11 -12 13 14 -15 16 -17 18 -19 20 0
uf20-039.mwcnf 7629 1 2 -3 -4 -5 6 7 8 -9 10 -11 12 13 14 15 16 17 18 -19 20 0
uf20-0496.mwcnf 7699 1 2 3 4 5 -6 -7 8 9 10 -11 12 -13 14 15 16 17 18 19 20 0
uf20-0732.mwcnf 4448 1 -2 3 -4 -5 -6 7 8 -9 10 11 12 -13 14 15 16 17 -18 19 20 0
uf20-0943.mwcnf 5906 -1 2 3 4 5 -6 7 8 -9 -10 11 12 13 14 15 16 17 18 19 20 0
uf20-0429.mwcnf 8265 1 2 3 4 5 6 7 8 9 10 11 -12 13 14 15 16 -17 -18 19 20 0
uf20-0160.mwcnf 1347 1 2 -3 4 5 6 7 8 9 10 11 12 13 14 15 16 17 18 19 20 0
uf20-0937.mwcnf 5592 -1 -2 -3 4 -5 -6 7 8 -9 10 -11 12 -13 -14 15 16 17 -18 19 20 0
uf20-092.mwcnf 5850 1 2 3 4 5 6 7 8 9 -10 11 12 13 14 15 16 17 18 19 20 0
uf20-0499.mwcnf 9796 1 2 3 4 5 6 7 8 -9 10 11 12 13 14 15 16 17 18 19 20 0
uf20-0129.mwcnf 1656 1 -2 3 4 -5 6 7 8 9 10 -11 12 -13 -14 -15 -16 17 18 19 20 0
uf20-0156.mwcnf 1215 1 -2 3 -4 -5 6 7 -8 9 -10 -11 -12 13 -14 15 -16 17 -18 19 20 0
uf20-0951.mwcnf 5600 1 2 -3 4 -5 6 7 8 9 10 -11 12 13 -14 15 16 17 18 -19 20 0
uf20-0391.mwcnf 7974 1 -2 3 4 5 -6 7 8 9 10 11 12 13 14 -15 16 17 -18 -19 20 0
uf20-0538.mwcnf 7616 -1 2 -3 4 5 6 -7 8 9 10 11 12 13 -14 15 16 -17 18 -19 -20 0
uf20-0878.mwcnf 5990 -1 2 3 4 5 -6 7 -8 9 10 11 12 13 -14 -15 -16 -17 18 19 -20 0
uf20-013.mwcnf 1915 1 2 3 4 5 -6 7 -8 9 10 -11 12 13 14 15 -16 17 18 19 20 0
uf20-0258.mwcnf 1256 1 -2 3 4 5 -6 7 8 9 10 11 12 13 14 -15 16 17 -18 19 20 0
uf20-0550.mwcnf 8220 1 2 -3 -4 5 6 -7 8 9 10 11 12 -13 -14 15 16 -17 18 19 -20 0
uf20-0850.mwcnf 4258 1 -2 -3 -4 5 -6 -7 -8 9 -10 11 12 -13 14 -15 16 17 18 19 20 0
uf20-0570.mwcnf 10266 -1 2 3 4 5 6 7 8 9 10 -11 12 13 -14 15 16 -17 18 -19 20 0
uf20-0927.mwcnf 5259 -1 2 -3 4 5 -6 7 -8 -9 -10 11 12 -13 14 15 16 -17 18 19 20 0
uf20-0480.mwcnf 8926 1 2 3 4 5 6 7 8 9 -10 11 12 13 14 15 16 17 18 -19 20 0
uf20-0695.mwcnf 4836 1 2 -3 4 5 6 7 8 9 10 -11 -12 13 14 15 16 17 18 19 20 0
uf20-0354.mwcnf 8559 1 2 3 -4 -5 6 7 8 9 -10 11 12 -13 -14 -15 16 17 18 19 20 0
uf20-0172.mwcnf 1395 -1 2 3 -4 5 6 7 8 -9 10 11 12 13 14 15 16 17 18 -19 -20 0
uf20-0799.mwcnf 4976 1 2 3 -4 5 6 -7 8 -9 10 11 12 13 14 15 16 17 18 19 -20 0
uf20-0940.mwcnf 5156 1 -2 3 4 -5 6 7 8 9 -10 -11 12 -13 14 -15 -16 17 18 19 20 0
uf20-0356.mwcnf 7489 1 2 3 4 5 6 7 8 9 -10 -11 -12 13 14 15 16 17 18 19 20 0
uf20-0390.mwcnf 8213 1 2 3 4 5 6 7 8 9 10 -11 -12 13 14 -15 -16 17 18 19 20 0
uf20-0759.mwcnf 4670 -1 2 3 4 5 -6 -7 8 -9 10 11 12 13 14 15 16 17 -18 19 20 0
uf20-0658.mwcnf 4622 1 -2 3 4 -5 6 -7 8 9 10 -11 12 -13 -14 -15 16 17 18 -19 20 0
uf20-0745.mwcnf 5688 1 -2 -3 4 5 6 7 8 -9 10 -11 12 13 -14 15 16 17 -18 -19 20 0
uf20-0739.mwcnf 3835 1 2 3 -4 5 6 7 8 9 10 11 12 -13 14 15 16 17 -18 19 -20 0
uf20-0339.mwcnf 1302 -1 2 3 4 5 6 7 8 9 10 11 12 13 14 15 16 -17 18 19 20 0
uf20-0237.mwcnf 1364 1 -2 -3 4 5 6 -7 8 9 -10 -11 12 13 -14 15 16 -17 18 19 20 0
uf20-0493.mwcnf 9135 1 2 -3 4 5 6 7 8 9 -10 11 12 -13 14 15 16 17 -18 19 20 0
uf20-0176.mwcnf 1220 1 -2 -3 4 5 6 -7 8 9 -10 -11 12 -13 14 15 16 -17 18 19 20 0
uf20-076.mwcnf 4164 1 -2 -3 -4 -5 6 7 -8 9 10 -11 12 13 14 15 16 17 18 19 -20 0
uf20-0622.mwcnf 4444 -1 -2 -3 4 5 6 -7 8 -9 -10 11 -12 13 14 15 16 17 18 -19 -20 0
uf20-05.mwcnf 7201 -1 2 3 4 5 6 7 8 -9 10 11 12 13 -14 15 -16 -17 18 -19 -20 0
uf20-0632.mwcnf 4978 -1 2 3 -4 -5 6 -7 8 9 10 11 12 -13 14 15 16 17 -18 19 -20 0
uf20-022.mwcnf 977 -1 -2 -3 4 -5 -6 -7 8 -9 10 11 12 13 -14 15 16 17 -18 -19 20 0
uf20-0963.mwcnf 4566 1 -2 -3 4 5 6 7 8 9 -10 -11 -12 13 -14 15 16 17 18 19 20 0
uf20-0772.mwcnf 4902 1 2 -3 4 -5 6 7 8 9 10 11 12 13 14 15 16 17 18 -19 -20 0
uf20-071.mwcnf 3874 1 -2 3 4 -5 -6 -7 8 9 10 11 -12 13 14 -15 -16 17 -18 19 20 0
uf20-0662.mwcnf 4934 1 2 3 4 5 6 -7 8 9 -10 -11 12 13 14 15 16 17 18 19 20 0
uf20-0712.mwcnf 3746 1 -2 -3 4 -5 -6 7 8 -9 -10 -11 12 13 -14 15 16 17 18 19 20 0
uf20-0330.mwcnf 1162 -1 2 -3 4 5 -6 -7 -8 9 10 11 12 -13 14 -15 16 17 -18 -19 20 0
uf20-0747.mwcnf 3933 -1 -2 -3 4 5 6 -7 8 9 10 11 12 13 -14 15 16 17 18 19 20 0
uf20-0765.mwcnf 4266 -1 -2 3 4 5 6 7 8 9 10 11 12 13 14 -15 16 17 18 19 -20 0
uf20-0979.mwcnf 5033 1 -2 -3 4 5 6 7 8 9 10 11 12 13 14 -15 16 17 -18 19 -20 0
uf20-0737.mwcnf 3941 1 2 3 -4 5 6 7 -8 9 10 11 -12 -13 14 -15 16 17 -18 -19 -20 0
uf20-0945.mwcnf 6261 1 2 -3 -4 5 6 -7 8 9 10 11 12 13 14 -15 -16 17 18 19 20 0
uf20-0561.mwcnf 7987 -1 2 3 -4 5 6 7 8 9 10 11 -12 13 14 15 16 17 18 19 20 0
uf20-0478.mwcnf 7478 1 2 -3 -4 5 6 7 8 9 10 11 12 13 14 15 -16 -17 18 -19 20 0
uf20-0714.mwcnf 4743 -1 2 3 4 5 -6 -7 8 9 10 11 12 13 14 -15 -16 17 18 19 20 0
uf20-0790.mwcnf 4360 1 -2 3 -4 5 -6 7 8 9 10 -11 12 13 14 15 16 -17 18 19 20 0
uf20-0895.mwcnf 5823 -1 2 -3 4 5 6 7 -8 -9 -10 11 12 -13 14 15 16 17 18 19 -20 0
uf20-0402.mwcnf 7944 1 -2 3 -4 5 -6 -7 -8 9 10 -11 12 -13 14 15 16 -17 -18 19 20 0
uf20-0767.mwcnf 5010 1 2 3 4 5 6 7 8 -9 10 11 12 -13 14 -15 16 -17 18 19 20 0
uf20-0742.mwcnf 4732 1 2 3 4 5 -6 7 8 9 -10 11 -12 -13 -14 15 16 17 18 19 20 0
uf20-0869.mwcnf 4375 -1 2 3 4 5 -6 7 8 -9 10 11 12 -13 14 -15 16 17 18 -19 20 0
uf20-0770.mwcnf 5064 1 2 3 4 5 6 7 8 9 -10 11 12 13 14 15 -16 -17 18 19 20 0
uf20-0533.mwcnf 8324 1 2 3 4 5 6 7 8 -9 10 11 12 13 -14 15 16 17 18 19 -20 0
uf20-0618.mwcnf 4657 1 2 3 4 -5 -6 -7 8 9 10 -11 12 -13 14 15 -16 17 18 19 20 0
uf20-0544.mwcnf 8713 -1 2 3 4 5 6 7 8 9 10 11 12 -13 14 -15 -16 17 18 19 -20 0
uf20-0361.mwcnf 10119 1 2 3 4 5 6 7 8 9 -10 11 12 13 14 15 -16 -17 18 19 20 0
uf20-0805.mwcnf 5576 1 2 3 4 5 6 7 8 9 10 11 12 13 14 -15 16 17 -18 19 20 0
uf20-0687.mwcnf 6216 1 2 3 4 5 6 -7 -8 -9 -10 11 12 13 -14 15 16 17 18 19 20 0
uf20-0998.mwcnf 7162 1 2 3 4 -5 6 7 8 9 10 11 12 13 -14 15 16 17 18 19 20 0
uf20-0434.mwcnf 8300 1 2 3 4 -5 6 7 8 -9 10 11 12 -13 14 15 16 17 18 -19 20 0
uf20-0781.mwcnf 4980 1 2 3 4 -5 -6 -7 8 9 10 11 -12 13 14 15 16 17 18 19 -20 0
uf20-0242.mwcnf 1199 1 2 3 4 -5 6 7 8 -9 10 -11 12 13 14 15 16 -17 18 19 -20 0
uf20-0444.mwcnf 8198 -1 2 -3 4 5 6 -7 8 -9 10 -11 -12 13 14 15 -16 -17 -18 19 20 0
uf20-0513.mwcnf 8436 1 2 3 4 -5 -6 -7 8 -9 -10 11 12 -13 -14 -15 16 17 18 19 20 0
uf20-0352.mwcnf 8322 -1 -2 3 4 -5 6 -7 8 9 -10 11 -12 13 -14 -15 16 17 18 19 20 0
uf20-0681.mwcnf 4622 1 2 3 4 5 6 -7 8 9 10 -11 -12 13 14 15 16 -17 18 19 20 0
uf20-0701.mwcnf 3917 1 -2 3 4 -5 6 -7 -8 9 10 11 -12 13 14 15 16 17 -18 19 -20 0
uf20-021.mwcnf 1149 1 2 3 -4 -5 6 7 8 9 -10 11 12 13 14 15 16 -17 18 19 -20 0
uf20-0898.mwcnf 5157 -1 -2 -3 -4 -5 6 7 8 9 -10 11 12 13 -14 15 16 17 18 19 20 0
uf20-0844.mwcnf 5598 1 2 3 4 5 6 7 8 9 10 11 12 -13 14 15 16 17 18 19 20 0
uf20-014.mwcnf 1096 1 -2 -3 4 5 6 7 8 -9 10 11 -12 13 14 15 16 17 18 -19 -20 0
uf20-0164.mwcnf 1050 1 -2 3 -4 5 6 7 8 9 -10 11 12 13 -14 -15 -16 17 -18 -19 20 0
uf20-0400.mwcnf 7473 1 2 3 -4 5 6 7 8 -9 10 11 12 13 -14 -15 -16 17 18 19 -20 0
uf20-0441.mwcnf 9335 1 2 3 -4 5 6 7 8 -9 10 11 12 -13 14 15 16 17 -18 19 20 0
uf20-0474.mwcnf 6874 1 -2 -3 -4 5 6 7 8 9 -10 11 12 -13 -14 15 16 17 -18 19 20 0
uf20-0604.mwcnf 7298 1 2 -3 4 -5 6 7 8 -9 10 -11 12 13 14 -15 16 -17 -18 19 20 0
uf20-0587.mwcnf 8075 1 2 -3 4 5 6 -7 -8 -9 10 -11 12 13 -14 15 16 -17 -18 19 20 0
uf20-0589.mwcnf 8872 1 2 3 4 5 -6 7 8 9 10 -11 12 13 14 15 16 17 18 19 20 0
uf20-0987.mwcnf 5639 1 2 -3 4 5 6 7 8 9 10 11 12 13 14 15 -16 17 18 -19 20 0
uf20-0257.mwcnf 1129 1 -2 3 4 5 6 7 8 9 10 11 -12 13 -14 15 -16 17 -18 19 20 0
uf20-0880.mwcnf 5252 -1 2 -3 4 5 6 -7 8 -9 10 11 12 -13 14 -15 16 17 18 -19 20 0
uf20-0684.mwcnf 5264 -1 2 3 -4 5 6 7 8 9 10 -11 -12 13 14 -15 16 17 18 19 20 0
uf20-0540.mwcnf 5167 -1 -2 3 4 5 -6 7 -8 -9 10 11 12 13 -14 -15 16 -17 18 -19 -20 0
uf20-0565.mwcnf 9319 1 -2 3 4 5 -6 7 8 9 10 11 12 -13 14 -15 -16 17 18 19 20 0
uf20-037.mwcnf 7935 -1 2 -3 4 5 6 7 8 9 -10 11 12 13 14 -15 -16 17 18 19 20 0
uf20-024.mwcnf 1191 1 2 3 -4 5 6 7 -8 9 -10 11 -12 -13 -14 -15 -16 17 18 19 20 0
uf20-0235.mwcnf 1236 1 -2 3 4 5 6 7 8 9 10 11 12 -13 14 -15 16 -17 18 19 20 0
uf20-054.mwcnf 5602 1 -2 -3 -4 5 6 -7 -8 -9 10 11 -12 13 14 15 -16 -17 -18 19 -20 0
uf20-0546.mwcnf 8920 1 2 3 4 5 -6 7 -8 9 10 11 12 13 -14 15 16 -17 -18 19 -20 0
uf20-0475.mwcnf 7547 1 2 3 -4 5 -6 -7 8 9 10 11 12 -13 14 15 16 17 -18 -19 -20 0
uf20-0397.mwcnf 8492 1 -2 3 -4 5 6 -7 8 9 10 11 12 -13 -14 15 -16 17 18 19 20 0
uf20-0944.mwcnf 7104 1 2 -3 4 5 6 7 8 9 10 11 12 13 -14 15 16 17 -18 19 20 0
uf20-0667.mwcnf 5535 -1 2 -3 4 5 6 -7 8 9 10 11 12 13 14 -15 -16 17 18 19 20 0
uf20-029.mwcnf 1300 -1 2 -3 4 5 -6 7 -8 9 10 11 12 13 -14 15 16 -17 18 19 20 0
uf20-0520.mwcnf 8010 1 2 3 -4 5 6 7 -8 9 10 11 -12 13 14 15 16 17 18 19 -20 0
uf20-0673.mwcnf 4663 -1 -2 3 4 5 -6 -7 8 -9 -10 11 12 13 14 15 -16 17 18 -19 -20 0
uf20-0921.mwcnf 5746 1 -2 3 -4 5 6 7 8 9 10 11 12 13 14 15 16 -17 18 19 -20 0
uf20-0661.mwcnf 4474 -1 2 3 -4 -5 6 7 8 9 10 11 12 13 14 15 16 17 18 -19 20 0
uf20-0654.mwcnf 4789 -1 2 -3 4 5 -6 7 8 -9 10 -11 12 13 -14 -15 16 17 18 19 20 0
uf20-0215.mwcnf 1380 1 2 3 4 5 6 7 -8 -9 10 11 12 13 14 15 16 -17 18 19 20 0
uf20-0853.mwcnf 5158 1 2 3 4 5 6 -7 8 9 -10 11 -12 13 14 -15 -16 17 18 19 20 0
uf20-0314.mwcnf 1132 1 2 3 4 5 6 -7 -8 9 10 11 -12 13 14 15 16 17 -18 19 20 0
uf20-0580.mwcnf 7646 1 -2 -3 4 5 -6 7 8 9 10 11 12 -13 14 15 -16 -17 18 -19 20 0
uf20-0147.mwcnf 1118 1 2 3 -4 5 -6 7 8 -9 10 11 -12 13 14 -15 16 17 18 19 -20 0
uf20-099.mwcnf 6073 1 2 3 -4 -5 -6 7 8 9 10 11 12 -13 14 -15 16 17 18 -19 -20 0
uf20-043.mwcnf 8122 1 2 3 -4 5 6 7 8 9 10 11 12 13 -14 -15 -16 17 -18 -19 -20 0
uf20-0922.mwcnf 6271 1 -2 -3 4 5 6 7 8 9 10 11 -12 13 14 15 16 17 18 19 20 0
uf20-0388.mwcnf 8408 1 2 -3 4 5 6 -7 8 9 -10 11 -12 13 -14 -15 16 -17 18 19 20 0
uf20-0569.mwcnf 8807 -1 2 3 4 5 -6 7 -8 9 10 11 -12 13 -14 15 16 -17 18 19 -20 0
uf20-0711.mwcnf 5717 -1 2 -3 4 -5 -6 -7 8 9 10 11 12 -13 14 15 16 17 18 19 20 0
uf20-0992.mwcnf 5366 1 -2 3 4 5 -6 7 -8 -9 10 11 12 -13 -14 15 16 -17 18 19 -20 0
uf20-0229.mwcnf 1229 1 2 3 4 5 6 7 8 9 10 -11 -12 13 14 15 -16 17 18 19 20 0
uf20-0753.mwcnf 5213 1 2 -3 4 5 6 -7 8 9 -10 11 12 13 14 -15 16 17 18 19 -20 0
uf20-0290.mwcnf 1132 1 2 -3 4 -5 6 -7 8 9 10 11 12 -13 -14 15 16 -17 18 19 20 0
uf20-0776.mwcnf 5961 1 2 3 4 5 6 7 8 -9 -10 11 12 13 -14 -15 16 -17 18 19 20 0
uf20-0643.mwcnf 5038 1 2 3 4 5 6 7 8 9 -10 -11 -12 13 14 -15 -16 -17 18 19 20 0
uf20-042.mwcnf 8830 1 2 3 4 5 6 7 8 -9 10 -11 12 13 -14 -15 16 17 -18 19 20 0
uf20-0167.mwcnf 1124 1 -2 3 4 -5 6 7 8 9 10 11 -12 13 14 15 16 -17 18 19 -20 0
uf20-0555.mwcnf 6404 -1 -2 3 -4 5 6 7 8 -9 -10 11 12 -13 14 15 -16 17 18 -19 -20 0
uf20-0220.mwcnf 1342 1 -2 3 4 -5 6 7 8 -9 -10 11 12 13 14 15 -16 17 -18 -19 20 0
uf20-0486.mwcnf 7892 -1 -2 3 -4 5 6 -7 -8 9 -10 11 12 13 14 -15 -16 17 -18 19 20 0
uf20-0808.mwcnf 3990 1 2 3 -4 5 -6 -7 8 9 -10 11 12 13 -14 15 16 -17 18 -19 20 0
uf20-0861.mwcnf 4224 -1 -2 -3 4 -5 6 -7 8 -9 10 11 -12 13 14 -15 -16 17 18 19 20 0
uf20-0109.mwcnf 984 1 2 3 4 5 -6 7 -8 9 10 11 -12 -13 14 -15 -16 -17 -18 19 -20 0
uf20-0779.mwcnf 4391 1 2 -3 4 -5 6 7 8 9 10 11 12 13 -14 15 -16 17 18 -19 20 0
uf20-0942.mwcnf 5132 1 2 -3 4 5 -6 7 -8 9 -10 11 12 -13 -14 15 -16 17 18 19 20 0
uf20-0835.mwcnf 5254 1 -2 3 4 5 6 7 8 9 -10 11 12 13 14 15 -16 17 18 19 20 0
uf20-0877.mwcnf 5119 -1 2 -3 4 -5 -6 -7 8 9 -10 11 12 -13 -14 15 16 17 18 19 20 0
uf20-0856.mwcnf 6416 -1 -2 3 4 5 -6 7 8 9 10 11 12 13 14 15 -16 17 -18 19 -20 0
uf20-0449.mwcnf 7548 -1 2 -3 4 5 6 7 8 9 10 11 -12 13 -14 15 16 17 18 19 -20 0
uf20-0349.mwcnf 1312 1 -2 -3 4 -5 6 7 8 -9 10 11 12 13 -14 15 16 -17 -18 19 -20 0
uf20-0324.mwcnf 1079 1 2 3 4 5 -6 7 8 9 10 11 -12 13 -14 15 16 -17 18 19 -20 0
uf20-0666.mwcnf 4734 1 2 -3 4 5 6 7 8 -9 10 11 -12 -13 -14 15 16 17 -18 19 20 0
uf20-0947.mwcnf 7539 1 -2 -3 4 -5 6 7 8 9 10 11 12 13 14 15 16 17 18 -19 20 0
uf20-0786.mwcnf 4998 1 2 3 4 5 6 7 8 9 10 11 12 13 14 -15 -16 -17 -18 19 20 0
uf20-0123.mwcnf 1095 1 2 3 4 5 -6 7 8 9 10 -11 12 13 14 15 16 17 18 -19 20 0
uf20-0144.mwcnf 1324 -1 -2 3 -4 5 6 7 -8 9 -10 11 12 13 -14 -15 16 17 18 19 20 0
uf20-09.mwcnf 5411 -1 2 3 4 5 6 7 -8 -9 10 11 12 13 14 15 16 17 -18 19 20 0
uf20-0915.mwcnf 5644 -1 2 -3 -4 5 6 7 8 -9 10 11 12 13 14 15 16 -17 18 19 -20 0
uf20-0239.mwcnf 1425 1 2 3 4 5 6 7 8 -9 10 11 12 -13 14 15 16 17 18 -19 20 0
uf20-0373.mwcnf 12671 1 -2 3 4 -5 -6 7 8 9 -10 11 12 13 -14 15 16 -17 18 19 20 0
uf20-0450.mwcnf 8274 1 2 3 -4 -5 -6 -7 -8 -9 10 -11 12 13 -14 15 -16 17 -18 19 20 0
uf20-0871.mwcnf 4609 1 2 -3 -4 5 6 7 8 9 10 11 -12 13 14 -15 16 17 18 -19 20 0
uf20-0590.mwcnf 8431 -1 2 -3 -4 -5 6 -7 8 -9 10 -11 -12 13 14 15 16 17 -18 19 20 0
uf20-0726.mwcnf 3999 1 2 -3 4 -5 6 -7 8 -9 10 11 12 13 -14 15 -16 17 18 19 20 0
uf20-0162.mwcnf 1117 1 2 -3 4 5 6 7 -8 9 10 11 12 -13 14 15 16 17 18 19 -20 0
uf20-0597.mwcnf 7133 -1 2 3 4 -5 6 7 8 9 -10 11 12 -13 -14 -15 -16 -17 18 19 20 0
uf20-0287.mwcnf 1176 -1 -2 3 -4 5 6 7 8 9 -10 11 12 13 14 -15 -16 17 18 19 20 0
uf20-0653.mwcnf 5252 -1 2 3 4 -5 -6 7 8 9 -10 11 12 13 14 -15 16 -17 18 19 20 0
uf20-0409.mwcnf 8232 1 2 -3 -4 5 -6 7 8 9 -10 11 12 -13 14 -15 -16 17 18 19 20 0
uf20-0464.mwcnf 6876 1 2 3 -4 5 -6 7 8 9 -10 -11 12 13 14 15 -16 -17 -18 19 -20 0
uf20-0221.mwcnf 1144 -1 2 3 4 5 -6 7 8 9 -10 11 12 13 14 15 16 17 18 19 20 0
uf20-0199.mwcnf 1114 1 2 3 -4 5 6 7 8 9 10 11 12 13 14 15 16 17 -18 19 20 0
uf20-094.mwcnf 4478 1 2 3 -4 5 6 -7 8 9 10 11 12 13 -14 -15 16 17 -18 19 -20 0
uf20-0155.mwcnf 1118 1 2 3 4 5 6 -7 8 9 10 11 -12 13 14 15 16 -17 18 -19 20 0
uf20-0494.mwcnf 7769 1 2 3 -4 -5 6 7 8 9 -10 11 -12 13 14 15 16 17 18 19 20 0
uf20-0335.mwcnf 1183 -1 2 3 4 5 6 7 8 9 10 -11 -12 13 -14 15 16 17 -18 19 20 0
uf20-0624.mwcnf 4874 1 -2 3 4 5 6 -7 8 -9 10 11 12 -13 14 15 -16 17 -18 -19 -20 0
uf20-0612.mwcnf 4990 -1 -2 3 4 -5 6 -7 8 9 10 11 12 -13 14 15 -16 -17 18 19 20 0
uf20-0723.mwcnf 4641 1 -2 3 -4 5 6 7 8 9 10 11 12 13 -14 15 16 17 -18 19 20 0
uf20-0953.mwcnf 6155 -1 -2 3 4 5 6 7 8 9 10 -11 12 -13 -14 15 16 17 18 19 -20 0
uf20-0983.mwcnf 6027 1 2 -3 -4 -5 6 7 -8 9 10 11 12 13 14 15 16 17 18 -19 20 0
uf20-0731.mwcnf 4350 -1 2 3 4 5 6 7 8 9 10 11 12 13 14 15 -16 -17 -18 19 -20 0
uf20-0578.mwcnf 7236 1 2 3 4 5 6 -7 8 9 -10 -11 12 13 14 15 16 17 -18 19 20 0
uf20-0729.mwcnf 4397 1 -2 -3 4 5 -6 7 -8 9 10 -11 12 13 14 -15 16 17 -18 19 20 0
uf20-0629.mwcnf 4903 1 2 3 4 5 -6 7 8 9 10 11 12 13 14 15 16 -17 -18 19 20 0
uf20-0431.mwcnf 9407 1 2 3 4 5 6 7 8 -9 10 11 -12 13 14 15 16 -17 18 19 -20 0
uf20-0127.mwcnf 1189 1 2 3 -4 -5 6 7 -8 9 10 11 12 13 14 15 16 -17 -18 -19 20 0
uf20-0469.mwcnf 6688 1 -2 -3 4 5 6 7 -8 9 10 -11 12 13 14 15 -16 -17 18 19 20 0
uf20-0532.mwcnf 7997 1 2 3 -4 5 6 -7 -8 9 10 11 -12 -13 14 15 16 -17 18 -19 20 0
uf20-0440.mwcnf 8650 1 2 3 -4 5 6 7 8 -9 10 11 12 13 -14 15 -16 -17 -18 -19 -20 0
uf20-0798.mwcnf 3592 1 2 3 4 5 6 7 -8 -9 10 11 -12 13 14 15 16 17 18 -19 20 0
uf20-0394.mwcnf 7215 1 2 3 -4 -5 6 7 -8 -9 -10 11 12 -13 14 -15 16 -17 -18 -19 20 0
uf20-0473.mwcnf 7423 1 2 3 -4 5 -6 -7 8 9 10 11 12 13 14 15 -16 17 18 19 -20 0
uf20-0313.mwcnf 1136 -1 2 3 4 5 -6 7 -8 -9 -10 11 -12 13 -14 15 16 17 -18 19 20 0
uf20-0933.mwcnf 5017 1 2 -3 -4 -5 6 7 8 9 -10 11 12 13 -14 15 16 -17 18 19 -20 0
uf20-0760.mwcnf 4091 1 2 3 -4 5 6 -7 -8 9 -10 -11 12 13 -14 -15 16 17 18 19 20 0
uf20-0365.mwcnf 8660 -1 2 -3 -4 5 6 7 8 -9 10 11 12 13 14 15 -16 -17 18 19 20 0
uf20-0916.mwcnf 5563 1 2 -3 4 5 -6 7 8 -9 10 11 12 13 14 15 16 17 18 19 20 0
uf20-0371.mwcnf 7199 -1 2 3 4 5 6 7 8 9 10 -11 12 13 14 15 -16 -17 -18 19 -20 0
uf20-0467.mwcnf 11321 1 2 3 4 5 -6 7 8 -9 10 11 -12 13 14 -15 16 -17 -18 19 20 0
uf20-0960.mwcnf 5380 1 2 3 4 5 -6 7 8 9 10 11 -12 13 14 15 16 -17 -18 19 -20 0
uf20-0792.mwcnf 5152 1 -2 -3 4 -5 -6 7 8 9 -10 11 -12 13 14 15 -16 17 18 19 -20 0
uf20-0252.mwcnf 1018 1 -2 3 -4 -5 6 7 8 9 10 11 12 13 -14 -15 16 17 18 -19 20 0
uf20-0788.mwcnf 5410 1 2 -3 -4 5 6 7 8 9 10 11 -12 13 14 15 16 17 18 19 20 0
uf20-0487.mwcnf 9906 1 2 3 4 5 6 -7 8 9 10 11 12 13 14 15 -16 17 18 19 20 0
uf20-04.mwcnf 7171 -1 -2 3 4 -5 6 7 8 -9 10 11 -12 13 14 -15 16 17 18 19 20 0
uf20-0690.mwcnf 4748 1 2 3 4 5 -6 7 -8 9 10 11 12 13 14 15 -16 -17 18 19 20 0
uf20-046.mwcnf 9715 1 2 -3 -4 5 6 7 -8 9 10 11 -12 13 14 15 16 17 18 19 20 0
uf20-0225.mwcnf 941 1 -2 3 4 -5 6 7 8 -9 -10 11 -12 -13 14 15 -16 -17 -18 19 -20 0
uf20-0638.mwcnf 5685 1 2 3 4 5 6 7 -8 9 10 11 12 13 14 15 16 -17 18 -19 -20 0
uf20-0393.mwcnf 9533 1 2 3 4 5 6 7 8 9 10 11 12 13 14 15 16 -17 18 -19 -20 0
uf20-0190.mwcnf 1034 1 -2 3 4 5 6 7 -8 -9 -10 11 12 13 14 15 16 17 -18 19 -20 0
uf20-070.mwcnf 4857 1 2 3 4 5 6 -7 8 9 -10 11 12 13 14 -15 -16 17 18 19 -20 0
uf20-0741.mwcnf 4869 1 2 3 -4 -5 6 7 8 9 -10 -11 -12 13 -14 15 -16 17 18 -19 20 0
uf20-0934.mwcnf 5014 1 2 3 4 5 -6 7 8 9 -10 11 -12 13 14 15 16 17 18 19 -20 0
uf20-020.mwcnf 1258 1 2 3 4 5 6 7 8 -9 -10 11 -12 13 14 15 16 -17 -18 -19 20 0
uf20-0657.mwcnf 3516 -1 2 -3 -4 -5 6 7 -8 -9 10 11 12 13 14 -15 16 17 18 -19 20 0
uf20-0495.mwcnf 8523 1 -2 3 4 5 6 7 -8 -9 10 11 12 -13 -14 15 16 17 18 19 20 0
uf20-0748.mwcnf 4468 1 -2 3 4 5 6 -7 8 9 10 11 -12 -13 -14 -15 16 -17 18 -19 20 0
uf20-0345.mwcnf 984 1 2 3 -4 5 -6 7 8 -9 10 11 -12 -13 14 -15 16 17 18 19 20 0
uf20-0592.mwcnf 6747 1 -2 3 -4 5 -6 -7 8 9 10 11 -12 13 -14 15 -16 -17 -18 19 20 0
uf20-0168.mwcnf 878 1 2 3 4 5 6 -7 -8 9 -10 11 -12 -13 14 -15 16 -17 18 19 -20 0
uf20-0208.mwcnf 1346 1 2 -3 -4 5 6 -7 8 9 10 11 12 13 14 15 -16 17 18 19 -20 0
uf20-0886.mwcnf 4634 1 2 -3 -4 5 6 -7 8 9 10 -11 -12 13 14 15 16 17 18 -19 20 0
uf20-0150.mwcnf 1212 -1 2 3 4 -5 -6 -7 8 -9 10 11 12 -13 14 -15 16 17 18 19 20 0
uf20-075.mwcnf 4654 1 -2 3 4 5 6 7 -8 9 10 11 12 -13 -14 15 16 -17 18 19 -20 0
uf20-0996.mwcnf 5235 1 2 -3 4 5 6 7 -8 -9 10 11 -12 13 14 15 16 -17 18 19 20 0
uf20-0468.mwcnf 8477 1 -2 3 4 -5 6 7 -8 9 -10 11 12 13 -14 15 16 -17 -18 19 20 0
uf20-087.mwcnf 5548 1 -2 3 -4 5 6 -7 8 -9 10 11 12 13 14 15 -16 17 18 19 20 0
uf20-0756.mwcnf 4462 1 2 3 -4 5 -6 7 8 9 -10 -11 -12 -13 14 15 -16 17 18 19 20 0
uf20-0501.mwcnf 7308 1 2 3 4 -5 6 -7 8 9 -10 11 12 13 14 -15 16 17 18 -19 20 0
uf20-050.mwcnf 7672 -1 2 3 4 5 6 7 8 9 10 -11 12 -13 14 15 -16 -17 18 -19 20 0
uf20-0192.mwcnf 1289 -1 2 -3 4 -5 6 7 8 9 -10 11 12 -13 14 -15 16 17 18 19 -20 0
uf20-0646.mwcnf 5536 1 -2 -3 4 5 -6 7 -8 9 10 11 12 13 14 15 16 -17 18 19 20 0
uf20-0665.mwcnf 4298 1 2 3 -4 5 6 -7 8 9 -10 11 12 -13 14 -15 16 17 18 19 20 0
uf20-0709.mwcnf 4629 1 -2 3 4 5 6 -7 8 9 10 11 -12 13 14 15 16 17 18 19 20 0
uf20-0862.mwcnf 5504 1 -2 3 4 5 6 7 -8 -9 -10 -11 12 13 14 15 16 17 18 19 20 0
uf20-0749.mwcnf 3631 1 2 3 4 5 6 -7 8 9 10 11 12 13 14 15 16 17 18 19 20 0
uf20-0465.mwcnf 7300 1 2 3 -4 -5 6 7 -8 9 -10 -11 12 13 14 -15 16 17 18 19 -20 0
uf20-0602.mwcnf 7286 -1 2 3 4 5 -6 7 8 -9 10 11 12 13 14 15 16 17 -18 19 20 0
uf20-069.mwcnf 4672 1 2 3 -4 5 6 -7 8 9 10 11 12 13 -14 15 -16 -17 18 19 20 0
uf20-0187.mwcnf 1273 1 -2 -3 4 5 -6 7 8 9 -10 11 12 13 -14 15 -16 -17 -18 -19 -20 0
uf20-0222.mwcnf 1067 1 2 3 4 5 6 7 8 -9 10 11 12 13 14 15 16 17 -18 19 20 0
uf20-0935.mwcnf 6779 1 2 3 4 5 6 7 8 -9 10 -11 12 13 14 15 16 17 18 19 20 0
uf20-0893.mwcnf 5313 1 2 3 4 -5 6 7 8 9 -10 11 12 13 14 -15 16 -17 -18 19 -20 0
uf20-0134.mwcnf 1086 1 2 -3 -4 5 6 7 -8 9 -10 11 12 13 14 15 -16 17 -18 -19 20 0
uf20-0671.mwcnf 4725 -1 2 3 -4 -5 -6 7 8 -9 10 11 12 13 -14 15 16 17 -18 19 20 0
uf20-0906.mwcnf 5483 -1 -2 -3 4 5 6 7 8 9 10 11 12 13 -14 -15 -16 17 18 19 20 0
uf20-0351.mwcnf 8656 1 2 3 4 5 6 7 8 9 -10 -11 12 13 14 15 16 -17 18 19 20 0
uf20-0865.mwcnf 4513 1 2 -3 4 5 6 -7 8 9 -10 -11 -12 13 14 15 16 -17 18 19 -20 0
uf20-0425.mwcnf 9753 1 2 3 4 -5 6 -7 8 -9 10 11 12 13 14 15 16 17 -18 19 20 0
uf20-0625.mwcnf 3404 -1 -2 3 4 -5 6 7 8 -9 -10 11 12 -13 -14 15 16 -17 18 19 20 0
uf20-0505.mwcnf 7414 -1 2 3 4 5 6 -7 -8 9 10 11 12 -13 -14 15 16 -17 18 19 20 0
uf20-0738.mwcnf 3337 1 2 -3 -4 -5 6 7 8 -9 10 -11 12 13 -14 -15 16 -17 18 -19 20 0
uf20-0343.mwcnf 1112 -1 -2 -3 4 5 6 -7 8 9 10 -11 12 13 14 15 -16 -17 18 19 20 0
uf20-0121.mwcnf 1150 1 -2 3 4 -5 6 7 8 9 10 11 12 13 14 15 16 17 18 -19 20 0
uf20-0234.mwcnf 1208 -1 -2 3 4 5 -6 -7 8 9 10 11 12 -13 14 15 16 17 18 -19 20 0
uf20-0318.mwcnf 1141 1 2 3 -4 5 6 -7 8 9 10 11 12 13 14 15 16 17 -18 19 20 0
uf20-0265.mwcnf 1185 -1 2 3 4 5 6 7 8 9 -10 11 12 13 14 15 16 17 18 19 20 0
uf20-0562.mwcnf 11862 -1 2 3 4 -5 6 7 -8 -9 -10 11 12 13 14 15 16 17 18 -19 20 0
uf20-060.mwcnf 7547 1 2 3 -4 5 6 7 8 9 -10 11 12 -13 14 15 16 17 18 19 20 0
uf20-0633.mwcnf 4797 1 2 3 -4 -5 6 7 8 9 10 -11 12 -13 14 15 16 17 18 19 20 0
uf20-0138.mwcnf 993 -1 -2 -3 4 5 6 7 8 9 10 -11 12 13 -14 15 16 17 18 -19 20 0
uf20-032.mwcnf 978 1 2 -3 4 5 6 7 -8 -9 10 11 -12 13 -14 -15 16 17 18 19 20 0
uf20-0968.mwcnf 4386 1 -2 3 -4 5 6 -7 8 9 10 -11 12 -13 14 -15 16 -17 18 -19 20 0
uf20-0476.mwcnf 7192 1 -2 3 4 5 -6 7 -8 9 10 -11 12 13 -14 -15 16 17 18 19 20 0
uf20-034.mwcnf 8274 1 2 3 4 5 -6 7 8 9 10 11 12 13 -14 15 16 17 18 19 -20 0
uf20-0426.mwcnf 8527 1 -2 3 4 5 -6 7 -8 9 -10 -11 12 13 14 15 16 17 18 19 20 0
uf20-0159.mwcnf 1189 1 2 -3 -4 5 6 -7 8 9 10 11 -12 13 14 15 16 17 18 19 20 0
uf20-0170.mwcnf 1195 1 2 3 4 5 6 7 8 9 -10 11 12 13 14 -15 16 17 -18 19 -20 0
uf20-0355.mwcnf 8429 1 2 3 4 5 6 7 8 9 10 11 12 13 -14 15 16 17 -18 19 20 0
uf20-0326.mwcnf 1056 -1 2 3 4 5 -6 7 8 9 -10 -11 -12 13 14 -15 -16 17 18 19 20 0
uf20-0374.mwcnf 6324 -1 -2 -3 4 -5 6 7 8 -9 10 11 -12 13 -14 -15 16 -17 18 19 20 0
uf20-0885.mwcnf 6700 1 2 -3 4 5 6 7 8 9 -10 11 12 13 14 15 -16 17 18 19 20 0
uf20-0783.mwcnf 4878 1 2 -3 -4 -5 -6 7 8 9 10 11 12 13 14 15 -16 17 18 19 20 0
uf20-0253.mwcnf 1138 1 2 -3 4 5 6 -7 8 9 -10 11 12 13 14 15 -16 17 18 19 20 0
uf20-0702.mwcnf 5341 1 2 3 4 5 6 -7 -8 9 10 11 12 13 14 15 -16 17 18 19 20 0
uf20-0806.mwcnf 3849 -1 2 -3 4 5 6 7 8 9 10 11 12 13 14 15 -16 17 -18 -19 20 0
uf20-0435.mwcnf 10741 -1 2 3 4 -5 6 7 8 9 10 -11 -12 13 14 -15 16 -17 18 -19 20 0
uf20-0647.mwcnf 5343 1 -2 3 -4 5 6 -7 8 9 10 11 12 13 14 -15 16 -17 18 19 20 0
uf20-0204.mwcnf 1149 -1 2 -3 4 5 6 7 -8 9 10 -11 12 13 14 15 16 -17 -18 19 -20 0
uf20-0655.mwcnf 5333 -1 2 3 4 -5 6 7 8 -9 10 11 12 -13 -14 -15 16 -17 18 19 20 0
uf20-0817.mwcnf 2882 1 -2 3 -4 -5 6 -7 8 -9 -10 11 -12 -13 -14 15 -16 -17 18 19 20 0
uf20-0300.mwcnf 878 1 -2 3 4 -5 -6 7 -8 9 10 -11 -12 -13 14 -15 16 -17 -18 19 20 0
uf20-0840.mwcnf 4815 1 2 3 4 5 6 -7 8 9 10 11 12 13 -14 -15 16 17 18 19 -20 0
uf20-0177.mwcnf 1200 -1 2 3 4 5 6 7 8 9 10 11 12 -13 14 15 16 17 -18 -19 20 0
uf20-0277.mwcnf 1113 -1 2 3 4 5 -6 7 -8 9 -10 11 12 -13 14 15 -16 17 -18 19 20 0
uf20-0336.mwcnf 1178 1 2 3 -4 -5 6 7 -8 -9 10 -11 -12 -13 -14 -15 16 17 18 19 20 0
uf20-0111.mwcnf 1063 1 2 3 4 5 6 7 8 9 -10 -11 12 13 14 15 16 17 -18 -19 20 0
uf20-0554.mwcnf 8421 1 2 3 4 5 6 7 8 9 10 -11 12 13 14 15 16 -17 18 19 20 0
uf20-0438.mwcnf 7981 1 -2 3 4 -5 6 7 8 9 -10 11 12 13 14 15 16 17 -18 -19 -20 0
uf20-0588.mwcnf 9493 1 -2 3 -4 5 6 7 8 9 10 11 -12 -13 14 15 16 17 18 19 20 0
uf20-0304.mwcnf 1093 1 -2 -3 4 -5 6 7 8 9 10 -11 12 13 14 15 16 17 18 -19 -20 0
uf20-066.mwcnf 3652 1 2 -3 -4 -5 -6 7 8 9 -10 11 12 13 -14 15 16 17 18 19 20 0
uf20-0948.mwcnf 5088 1 2 3 4 5 -6 7 8 -9 10 11 12 -13 14 15 16 17 18 19 20 0
uf20-0101.mwcnf 1095 1 -2 3 4 -5 6 -7 8 9 -10 11 12 13 -14 -15 16 17 -18 19 20 0
uf20-0907.mwcnf 7289 1 2 3 4 -5 -6 7 -8 9 10 11 12 13 -14 -15 16 -17 18 -19 20 0
uf20-0157.mwcnf 1217 -1 2 3 4 -5 6 7 8 9 10 11 12 -13 14 -15 16 17 -18 -19 20 0
uf20-0485.mwcnf 8984 -1 2 3 -4 5 6 -7 8 9 -10 11 12 13 14 15 16 -17 18 19 20 0
uf20-0259.mwcnf 1113 1 2 3 -4 5 -6 7 8 9 -10 11 12 13 14 15 16 -17 18 -19 20 0
uf20-0640.mwcnf 5277 1 2 -3 -4 5 6 -7 -8 9 10 -11 12 13 14 15 16 17 18 19 20 0
uf20-0337.mwcnf 1357 1 2 3 -4 5 6 7 8 9 -10 -11 12 13 14 15 16 17 -18 19 20 0
uf20-0815.mwcnf 4993 1 2 3 4 5 6 7 8 -9 -10 11 12 13 14 -15 16 17 -18 19 -20 0
uf20-0762.mwcnf 4541 -1 2 3 4 5 6 -7 8 -9 10 -11 12 13 14 15 16 17 -18 19 -20 0
uf20-010.mwcnf 1111 -1 -2 3 -4 5 6 -7 8 9 10 11 12 -13 -14 15 -16 17 18 19 -20 0
uf20-0523.mwcnf 7993 1 2 3 4 5 -6 7 -8 9 10 -11 12 -13 14 15 -16 17 18 19 20 0
uf20-0158.mwcnf 1421 1 2 3 4 5 6 7 8 9 10 -11 12 -13 14 -15 -16 17 -18 19 20 0
uf20-0978.mwcnf 5769 1 2 3 4 5 6 7 8 9 10 11 12 13 14 15 -16 17 18 19 20 0
uf20-0692.mwcnf 5157 1 2 -3 4 5 6 7 -8 9 10 11 12 13 14 15 16 17 18 19 20 0
uf20-0364.mwcnf 6692 1 2 3 4 5 -6 7 8 9 10 -11 -12 13 -14 15 -16 17 18 -19 -20 0
uf20-0818.mwcnf 4076 1 -2 3 -4 -5 -6 7 8 9 10 11 12 13 14 15 16 17 18 19 -20 0
uf20-0548.mwcnf 8061 -1 -2 3 4 5 -6 -7 8 9 -10 11 12 13 -14 15 -16 17 -18 19 20 0
uf20-0270.mwcnf 1140 1 -2 3 4 5 6 7 8 9 -10 11 12 13 -14 15 16 -17 18 19 20 0
uf20-0572.mwcnf 7859 -1 2 3 4 5 6 7 8 -9 10 -11 12 13 14 -15 16 17 18 -19 20 0
uf20-0556.mwcnf 7966 -1 2 3 4 5 6 7 8 -9 -10 11 12 13 14 15 16 17 18 19 -20 0
uf20-0421.mwcnf 8927 -1 -2 3 -4 5 6 -7 8 9 -10 11 12 -13 -14 -15 16 17 18 19 20 0
uf20-0876.mwcnf 6930 1 2 3 -4 5 6 7 8 9 -10 -11 12 13 14 15 16 17 18 19 20 0
uf20-0153.mwcnf 1435 1 2 3 4 5 6 7 8 -9 10 -11 -12 13 14 15 -16 17 18 19 -20 0
uf20-0845.mwcnf 5008 1 -2 3 4 5 -6 7 8 9 10 11 12 -13 -14 -15 16 17 18 19 20 0
uf20-0514.mwcnf 6895 1 2 3 -4 -5 6 -7 8 9 10 11 12 13 -14 15 -16 17 -18 -19 20 0
uf20-0296.mwcnf 1149 -1 2 3 -4 5 6 7 -8 9 10 11 12 13 -14 -15 16 -17 18 -19 20 0
uf20-0700.mwcnf 5132 -1 2 3 4 5 6 7 8 9 10 11 12 13 14 -15 16 17 -18 19 20 0
uf20-0623.mwcnf 4712 -1 2 3 4 -5 6 7 -8 -9 -10 11 12 13 -14 15 16 -17 -18 19 20 0
uf20-0648.mwcnf 5692 1 2 3 4 5 6 -7 8 9 10 -11 12 13 -14 15 16 17 -18 19 20 0
uf20-0650.mwcnf 5972 1 2 3 -4 -5 6 7 8 9 10 11 -12 13 14 -15 16 17 -18 -19 20 0
uf20-0563.mwcnf 7916 1 -2 3 4 5 6 -7 8 9 10 -11 12 13 14 15 16 17 18 19 -20 0
uf20-0212.mwcnf 1157 1 2 3 4 5 -6 7 8 9 10 11 -12 13 14 -15 16 17 18 -19 -20 0
uf20-08.mwcnf 5372 1 2 3 4 5 6 7 -8 9 -10 -11 12 13 14 15 16 -17 -18 -19 20 0
uf20-0319.mwcnf 1323 1 2 -3 -4 5 6 7 8 9 10 11 12 13 14 15 16 17 18 19 20 0
uf20-0404.mwcnf 11177 1 -2 -3 4 5 6 7 8 -9 10 11 12 13 14 15 16 17 18 19 -20 0
uf20-0524.mwcnf 8271 -1 -2 -3 4 5 6 7 8 9 10 11 12 -13 14 15 -16 17 -18 -19 20 0
uf20-086.mwcnf 4608 1 -2 3 -4 5 6 7 8 9 10 -11 12 13 14 15 16 -17 -18 -19 20 0
uf20-0621.mwcnf 5167 1 2 3 4 -5 6 7 8 9 10 -11 -12 13 14 15 16 17 18 -19 20 0
uf20-0882.mwcnf 5570 1 2 3 4 5 6 7 8 9 10 11 -12 13 14 15 16 -17 18 19 20 0
uf20-0106.mwcnf 1225 -1 2 3 4 5 6 7 8 9 10 11 12 13 14 15 16 -17 18 -19 20 0
uf20-0278.mwcnf 1213 -1 -2 3 -4 -5 6 -7 8 9 10 11 12 13 -14 15 16 17 18 19 -20 0
uf20-074.mwcnf 4485 -1 2 3 4 5 6 7 8 9 10 11 12 -13 14 15 16 -17 18 -19 20 0
uf20-0165.mwcnf 1060 1 2 3 4 5 6 -7 8 -9 10 11 -12 13 14 15 16 17 18 19 -20 0
uf20-056.mwcnf 8036 1 2 -3 4 5 -6 -7 8 9 10 11 12 13 14 -15 16 17 -18 19 20 0
uf20-0541.mwcnf 8565 -1 -2 3 4 5 6 -7 8 9 10 -11 -12 13 14 15 16 -17 -18 19 20 0
uf20-0136.mwcnf 858 1 2 3 4 5 -6 7 -8 -9 10 11 12 13 14 -15 -16 17 -18 19 -20 0
uf20-0308.mwcnf 905 1 2 3 -4 5 6 -7 -8 9 10 -11 -12 13 -14 15 16 17 18 -19 20 0
uf20-0837.mwcnf 5208 1 -2 3 4 5 6 -7 -8 9 10 -11 12 13 14 -15 -16 17 18 19 -20 0
uf20-0991.mwcnf 6113 1 -2 3 4 5 6 -7 8 9 10 -11 12 13 -14 15 16 17 18 19 20 0
uf20-0912.mwcnf 4843 1 -2 3 4 -5 6 -7 8 9 10 11 12 -13 14 15 -16 -17 18 19 -20 0
uf20-0143.mwcnf 1372 1 2 3 -4 5 6 7 8 -9 10 11 12 13 14 15 16 17 18 19 -20 0
uf20-0528.mwcnf 8599 -1 2 3 4 -5 -6 7 8 9 10 -11 12 13 -14 15 16 -17 18 19 20 0
uf20-0376.mwcnf 7818 1 2 -3 -4 5 6 7 8 9 10 11 12 13 -14 15 16 17 -18 19 -20 0
uf20-0564.mwcnf 9275 1 -2 -3 4 5 6 7 -8 9 10 11 12 13 -14 -15 16 -17 18 19 20 0
uf20-0919.mwcnf 5424 -1 2 3 4 -5 6 -7 -8 9 10 11 12 13 14 15 16 17 -18 19 20 0
uf20-0976.mwcnf 5363 1 2 3 4 5 -6 -7 -8 9 10 -11 12 13 14 15 16 17 -18 -19 20 0
uf20-018.mwcnf 1054 1 2 3 4 5 -6 -7 8 9 10 11 12 -13 14 -15 -16 17 18 -19 20 0
uf20-0246.mwcnf 1164 -1 2 3 4 -5 6 7 8 9 10 -11 12 13 -14 -15 16 17 18 19 20 0
uf20-0913.mwcnf 6011 1 2 3 4 5 6 7 8 9 10 11 -12 -13 14 15 -16 -17 18 -19 20 0
uf20-0615.mwcnf 3386 1 -2 3 -4 -5 6 7 8 -9 -10 11 12 13 -14 15 16 17 18 -19 -20 0
uf20-0243.mwcnf 1133 1 -2 3 -4 -5 6 -7 8 9 -10 11 12 13 14 -15 16 17 -18 19 20 0
uf20-0189.mwcnf 919 1 2 3 4 5 -6 7 -8 9 10 11 -12 13 -14 15 16 -17 18 -19 -20 0
uf20-0973.mwcnf 5730 1 2 3 4 5 6 7 -8 9 10 11 -12 13 14 -15 16 -17 18 19 20 0
uf20-0245.mwcnf 1014 -1 2 -3 4 5 6 7 8 9 -10 11 -12 13 14 -15 -16 -17 -18 19 -20 0
uf20-0924.mwcnf 3438 1 -2 3 4 5 6 7 8 -9 -10 11 12 -13 -14 -15 -16 17 18 -19 -20 0
uf20-0451.mwcnf 9707 1 -2 -3 4 5 6 7 8 9 10 11 12 -13 14 15 16 17 18 19 -20 0
uf20-0389.mwcnf 8079 1 -2 3 -4 5 6 -7 -8 9 -10 11 12 13 -14 15 16 17 18 -19 20 0
uf20-0445.mwcnf 8660 1 2 3 4 -5 -6 -7 8 -9 10 11 12 13 -14 15 16 17 18 19 20 0
uf20-0110.mwcnf 1509 1 -2 3 4 5 6 7 8 9 -10 11 -12 13 14 15 16 17 18 19 -20 0
uf20-0115.mwcnf 1208 1 -2 3 4 5 -6 -7 -8 9 10 11 12 13 14 -15 16 17 18 -19 20 0
uf20-0415.mwcnf 8159 -1 -2 3 4 5 -6 7 -8 9 10 11 12 -13 -14 15 16 -17 -18 19 20 0
uf20-0836.mwcnf 4021 1 2 -3 4 5 6 7 -8 9 10 11 -12 13 -14 15 16 17 18 -19 20 0
uf20-0310.mwcnf 1063 1 2 3 4 5 6 7 -8 9 -10 11 12 13 14 15 16 17 -18 -19 -20 0
uf20-0201.mwcnf 1254 1 2 3 4 5 -6 7 -8 -9 10 11 -12 -13 14 -15 16 -17 18 19 20 0
uf20-0833.mwcnf 4474 1 2 3 4 5 6 -7 -8 9 -10 -11 12 -13 -14 -15 16 17 18 19 -20 0
uf20-0537.mwcnf 8649 -1 2 3 4 -5 6 7 -8 9 10 11 12 13 14 15 16 17 18 -19 20 0
uf20-0811.mwcnf 4727 1 2 3 4 5 -6 7 8 9 10 11 -12 -13 14 15 16 17 18 -19 20 0
uf20-0114.mwcnf 1155 1 2 3 4 5 6 -7 8 9 -10 11 12 13 14 15 16 17 -18 19 20 0
uf20-0200.mwcnf 1267 1 -2 3 -4 5 6 -7 -8 9 -10 -11 -12 13 -14 15 -16 17 18 19 -20 0
uf20-0719.mwcnf 5017 1 2 3 4 5 6 -7 -8 9 -10 -11 12 -13 14 15 16 17 18 19 20 0
uf20-0178.mwcnf 1272 1 -2 3 4 5 -6 7 8 9 10 11 12 -13 14 -15 -16 17 -18 19 20 0
uf20-0670.mwcnf 4692 1 -2 3 4 5 -6 -7 8 9 10 -11 12 13 14 -15 16 17 18 19 -20 0
uf20-0946.mwcnf 4653 -1 2 -3 -4 5 6 -7 -8 9 -10 11 12 13 14 15 16 -17 18 19 20 0
uf20-0503.mwcnf 8096 1 -2 -3 4 5 6 -7 8 9 10 -11 -12 13 14 -15 16 17 18 19 -20 0
uf20-0534.mwcnf 8811 1 -2 3 4 5 -6 7 8 9 10 11 12 13 14 15 16 17 -18 19 20 0
uf20-082.mwcnf 4494 1 2 3 4 5 -6 -7 -8 9 10 11 12 13 14 -15 16 17 18 -19 20 0
uf20-0145.mwcnf 1206 1 2 3 4 -5 6 7 8 9 -10 11 -12 13 14 15 -16 -17 18 -19 -20 0
uf20-0847.mwcnf 4980 -1 2 -3 4 -5 -6 7 -8 9 -10 11 12 13 14 15 16 -17 -18 19 20 0
uf20-080.mwcnf 5213 1 2 3 -4 5 -6 7 8 9 10 11 12 -13 14 15 16 17 -18 19 20 0
uf20-0128.mwcnf 1021 -1 -2 3 4 5 6 7 8 -9 10 11 12 13 -14 15 -16 -17 18 19 20 0
uf20-0603.mwcnf 8422 1 2 -3 4 5 6 7 8 -9 10 11 12 -13 14 -15 16 17 -18 19 20 0
uf20-0498.mwcnf 6397 1 -2 3 -4 5 6 -7 8 9 10 11 -12 13 -14 15 16 -17 18 19 -20 0
uf20-0299.mwcnf 1082 1 -2 3 4 -5 6 7 8 -9 10 11 -12 -13 14 15 -16 -17 18 -19 -20 0
uf20-0348.mwcnf 1201 1 2 3 4 5 6 7 8 9 10 -11 12 13 -14 15 16 17 18 19 20 0
uf20-0734.mwcnf 5249 1 2 -3 4 5 6 7 8 9 10 11 12 13 14 15 16 17 18 19 20 0
uf20-027.mwcnf 1045 1 2 3 -4 5 6 7 -8 -9 -10 11 12 13 14 15 -16 -17 18 19 20 0
uf20-0191.mwcnf 1130 1 2 3 4 -5 6 -7 -8 9 10 11 -12 13 14 15 16 17 18 19 20 0
uf20-0678.mwcnf 3973 -1 -2 3 4 5 6 7 -8 9 -10 -11 -12 13 -14 15 16 17 18 19 20 0
uf20-093.mwcnf 4950 1 -2 3 -4 -5 6 7 -8 9 -10 -11 12 13 14 15 -16 17 -18 19 20 0
uf20-0795.mwcnf 5612 1 2 3 4 5 6 7 8 9 10 11 12 -13 -14 15 16 -17 18 -19 -20 0
uf20-0205.mwcnf 1206 -1 2 3 4 -5 6 -7 -8 9 -10 11 12 13 14 15 16 17 18 -19 -20 0
uf20-0442.mwcnf 11343 1 -2 3 -4 5 6 -7 8 9 10 11 12 13 -14 -15 16 17 18 19 -20 0
uf20-0816.mwcnf 4874 1 -2 3 4 5 6 -7 -8 -9 -10 11 12 13 14 15 -16 17 18 19 20 0
uf20-0516.mwcnf 10212 1 2 3 4 5 -6 7 8 9 10 11 12 -13 -14 15 16 17 18 19 20 0
uf20-0169.mwcnf 1267 -1 2 -3 4 5 6 7 8 9 10 11 -12 13 14 15 16 17 -18 -19 -20 0
uf20-0166.mwcnf 1033 -1 2 3 4 -5 6 7 -8 9 10 11 12 -13 -14 -15 16 17 18 19 -20 0
uf20-0519.mwcnf 8027 1 2 -3 4 5 6 -7 8 -9 10 -11 -12 13 -14 15 16 17 -18 19 -20 0
uf20-0241.mwcnf 1453 -1 -2 3 4 5 6 -7 8 9 10 11 12 -13 14 15 16 17 18 19 20 0
uf20-0969.mwcnf 5419 -1 -2 3 4 5 6 7 8 -9 10 11 12 -13 -14 15 -16 -17 18 19 20 0
uf20-0999.mwcnf 5387 1 2 3 4 5 -6 7 8 9 -10 11 12 -13 14 15 -16 17 -18 19 20 0
uf20-0710.mwcnf 5440 -1 2 3 4 -5 6 7 8 -9 -10 11 12 13 -14 -15 16 17 18 19 20 0
uf20-0137.mwcnf 1172 -1 -2 -3 4 -5 6 7 8 9 -10 -11 12 13 14 -15 16 17 -18 19 -20 0
uf20-0149.mwcnf 1013 -1 -2 3 4 5 6 -7 8 9 10 -11 12 -13 -14 -15 16 17 -18 -19 20 0
uf20-0230.mwcnf 1341 1 2 -3 4 5 6 7 8 9 -10 -11 -12 13 14 15 16 -17 18 -19 20 0
uf20-0899.mwcnf 5271 1 2 3 -4 5 6 7 8 9 10 -11 12 13 14 15 -16 17 18 19 20 0
uf20-0636.mwcnf 5434 1 2 3 -4 -5 6 7 8 9 10 11 -12 13 -14 -15 16 17 18 19 20 0
uf20-0295.mwcnf 1095 1 -2 3 -4 5 -6 -7 8 9 10 11 12 13 14 15 -16 17 -18 19 -20 0
uf20-0966.mwcnf 5993 1 2 3 4 5 -6 7 8 9 -10 -11 12 -13 -14 -15 16 17 18 19 20 0
uf20-0179.mwcnf 1212 -1 2 3 4 5 6 7 8 9 10 -11 12 13 14 15 16 17 18 19 20 0
uf20-0810.mwcnf 6958 1 -2 3 -4 5 6 -7 -8 9 10 11 -12 13 -14 15 16 -17 -18 19 20 0
uf20-0492.mwcnf 8146 1 2 3 4 5 6 7 -8 9 -10 11 12 -13 -14 15 16 17 18 19 20 0
uf20-026.mwcnf 1122 1 2 -3 4 5 6 7 -8 9 10 -11 -12 13 14 15 16 17 18 -19 -20 0
uf20-078.mwcnf 5411 1 2 3 4 5 -6 7 -8 9 -10 11 12 -13 14 15 -16 17 18 19 20 0
uf20-0884.mwcnf 5509 1 2 3 4 5 6 7 -8 9 -10 11 -12 13 14 15 16 17 -18 -19 20 0
uf20-089.mwcnf 5401 1 2 -3 4 5 -6 7 8 9 10 -11 12 -13 -14 -15 -16 17 -18 19 20 0
uf20-0470.mwcnf 9980 1 2 3 4 5 6 7 -8 9 10 11 12 13 14 -15 -16 17 -18 -19 20 0
uf20-0320.mwcnf 1058 1 2 -3 4 5 6 7 -8 9 10 11 -12 -13 14 15 16 17 18 19 20 0
uf20-0736.mwcnf 5553 1 2 3 4 5 6 7 -8 9 10 -11 -12 -13 14 15 -16 17 18 19 20 0
uf20-0122.mwcnf 1132 1 2 3 4 5 6 7 8 9 10 -11 12 -13 14 -15 16 17 18 19 -20 0
uf20-0260.mwcnf 1194 1 2 3 4 5 6 -7 8 9 -10 11 12 13 14 15 -16 -17 -18 19 -20 0
uf20-0194.mwcnf 954 1 2 -3 4 5 6 7 -8 9 -10 -11 -12 13 14 15 16 17 18 19 20 0
uf20-0358.mwcnf 8155 1 2 3 4 5 6 -7 -8 9 -10 11 12 13 -14 15 16 17 18 19 20 0
uf20-0439.mwcnf 7727 -1 2 3 -4 5 -6 7 8 9 10 11 -12 13 14 15 16 17 18 -19 20 0
uf20-0334.mwcnf 1313 -1 -2 -3 4 5 6 7 -8 9 -10 11 12 -13 14 15 16 17 -18 19 20 0
uf20-0527.mwcnf 8184 -1 2 3 4 5 6 7 8 9 -10 11 12 -13 14 15 16 17 18 19 20 0
uf20-0901.mwcnf 5824 1 -2 -3 4 -5 6 7 8 9 10 11 12 -13 14 15 16 17 18 19 20 0
uf20-0416.mwcnf 7912 1 2 3 4 5 6 -7 8 9 -10 -11 12 13 14 15 -16 17 18 19 20 0
uf20-0284.mwcnf 1472 1 2 3 -4 5 6 -7 -8 9 10 -11 -12 13 -14 15 16 17 18 19 -20 0
uf20-0626.mwcnf 5235 1 -2 3 -4 -5 -6 -7 8 9 10 11 12 -13 14 -15 16 17 18 19 -20 0
uf20-0841.mwcnf 5707 1 2 3 4 5 6 -7 8 -9 -10 -11 12 13 14 15 16 17 18 -19 20 0
uf20-0575.mwcnf 7860 1 2 -3 4 -5 -6 -7 8 9 10 11 12 13 14 15 16 -17 -18 -19 20 0
uf20-0119.mwcnf 1281 -1 2 -3 4 5 6 7 8 -9 10 11 12 13 14 15 16 17 18 19 20 0
uf20-0773.mwcnf 4754 1 2 -3 4 -5 6 7 8 -9 10 -11 -12 -13 14 15 16 17 18 19 20 0
uf20-0682.mwcnf 4056 -1 2 -3 -4 -5 6 7 8 9 10 11 -12 -13 14 15 -16 17 18 19 -20 0
uf20-0413.mwcnf 8073 1 2 3 4 -5 6 7 8 9 10 11 -12 13 14 15 16 17 18 19 20 0
uf20-0461.mwcnf 7516 1 2 -3 4 5 6 7 8 9 -10 -11 -12 -13 14 15 16 17 18 19 20 0
uf20-0518.mwcnf 9795 1 -2 3 4 -5 6 7 8 9 10 11 12 -13 14 15 16 17 18 -19 20 0
uf20-0282.mwcnf 1416 -1 2 3 4 5 6 -7 -8 9 10 11 12 -13 14 15 -16 17 18 19 -20 0
uf20-0956.mwcnf 5011 1 -2 3 -4 5 6 7 -8 9 -10 11 -12 -13 14 15 16 17 18 -19 -20 0
uf20-0508.mwcnf 7686 -1 2 3 -4 -5 -6 7 -8 9 10 11 -12 13 -14 15 16 -17 18 -19 20 0
uf20-0338.mwcnf 1547 1 -2 -3 4 5 -6 7 8 9 10 11 12 -13 14 15 16 17 18 -19 20 0
uf20-0583.mwcnf 8704 1 2 -3 4 5 -6 -7 -8 9 10 11 12 -13 14 15 16 17 18 -19 20 0
uf20-0669.mwcnf 4901 1 2 3 4 5 -6 -7 -8 9 10 11 12 -13 -14 15 16 -17 18 19 20 0
uf20-0381.mwcnf 9283 1 2 -3 4 5 -6 7 8 9 10 11 12 13 14 15 16 17 -18 19 20 0
uf20-061.mwcnf 5502 1 2 3 -4 5 -6 7 8 9 10 -11 -12 13 14 15 16 17 18 19 20 0
uf20-0236.mwcnf 625 1 2 3 -4 5 6 7 -8 9 -10 -11 -12 -13 14 -15 -16 17 -18 19 -20 0
uf20-041.mwcnf 8470 -1 -2 -3 4 5 6 7 8 9 10 11 12 13 14 15 16 17 18 19 20 0
uf20-0238.mwcnf 1236 1 2 3 4 -5 6 -7 8 9 10 11 12 13 -14 15 16 17 18 19 20 0
uf20-095.mwcnf 5074 1 2 3 4 -5 -6 7 8 -9 10 11 12 13 14 15 16 17 -18 -19 20 0
uf20-0936.mwcnf 7175 1 -2 3 4 5 6 7 8 9 10 11 12 -13 14 15 16 17 -18 19 -20 0
uf20-0369.mwcnf 8148 -1 2 3 4 -5 -6 7 8 9 10 -11 12 13 14 15 16 17 18 -19 20 0
uf20-0698.mwcnf 4530 -1 2 3 4 5 6 7 8 9 10 11 12 -13 14 15 16 17 -18 19 -20 0
uf20-0601.mwcnf 8423 1 2 -3 -4 5 6 7 8 -9 10 -11 12 13 -14 15 -16 17 18 19 20 0
uf20-0118.mwcnf 1101 1 -2 -3 4 5 -6 7 8 -9 10 11 -12 13 14 15 16 17 18 19 20 0
uf20-0577.mwcnf 8701 1 -2 -3 4 -5 6 -7 -8 9 10 11 12 13 -14 -15 16 17 -18 19 20 0
uf20-0262.mwcnf 1171 1 -2 3 4 5 6 7 -8 9 -10 -11 12 13 -14 15 16 17 -18 19 20 0
uf20-0456.mwcnf 7605 -1 2 3 4 5 6 7 8 9 -10 11 12 13 14 15 16 -17 -18 19 20 0
uf20-0303.mwcnf 1015 1 -2 -3 4 5 6 -7 -8 9 10 11 12 13 -14 -15 -16 17 18 19 20 0
uf20-0141.mwcnf 1354 1 2 -3 -4 5 6 7 -8 9 10 11 12 -13 14 15 16 17 -18 19 20 0
uf20-0372.mwcnf 9724 1 2 -3 4 5 6 -7 -8 9 -10 11 12 13 14 15 -16 17 18 19 20 0
uf20-052.mwcnf 6616 1 2 3 4 5 6 -7 -8 9 -10 11 -12 13 14 15 16 17 18 -19 20 0
uf20-0928.mwcnf 5882 1 2 -3 4 5 -6 -7 8 9 10 11 12 -13 14 15 16 17 18 -19 20 0
uf20-031.mwcnf 1444 1 2 3 4 5 6 -7 8 9 10 11 -12 13 -14 15 16 17 -18 -19 -20 0
uf20-0685.mwcnf 4245 1 2 3 4 5 -6 -7 -8 9 10 11 -12 13 14 -15 16 17 -18 19 20 0
uf20-0482.mwcnf 6332 -1 -2 -3 4 -5 6 7 8 9 10 -11 12 13 -14 -15 16 17 18 19 -20 0
uf20-0939.mwcnf 5888 -1 2 3 -4 5 -6 -7 8 9 -10 11 -12 -13 14 -15 -16 17 18 19 20 0
uf20-0430.mwcnf 8059 -1 2 -3 -4 5 6 7 8 9 10 -11 12 13 14 -15 -16 -17 18 -19 -20 0
uf20-0377.mwcnf 8596 1 2 3 -4 5 6 7 -8 9 10 11 12 13 14 15 16 17 18 19 20 0
uf20-0761.mwcnf 5749 1 2 3 4 5 -6 7 8 9 10 11 -12 13 14 15 16 17 18 19 20 0
uf20-0131.mwcnf 1174 1 2 3 4 5 -6 7 8 9 -10 11 12 -13 14 15 16 17 18 19 20 0
uf20-064.mwcnf 5008 1 -2 3 -4 5 6 7 8 9 -10 11 -12 -13 14 15 16 17 18 -19 20 0
uf20-0531.mwcnf 8824 1 2 3 4 -5 6 7 -8 9 10 -11 12 13 14 15 16 -17 18 19 -20 0
uf20-0801.mwcnf 5207 -1 2 3 4 -5 6 7 8 9 10 11 12 13 14 15 16 17 18 -19 20 0
uf20-079.mwcnf 4362 1 -2 3 4 5 6 -7 8 -9 10 -11 12 -13 -14 15 -16 17 18 -19 20 0
uf20-059.mwcnf 7047 1 2 3 4 5 6 7 -8 9 -10 11 12 13 14 15 16 -17 18 19 -20 0
uf20-0288.mwcnf 1249 -1 -2 3 4 5 -6 7 -8 9 10 -11 -12 13 -14 15 -16 -17 18 19 20 0
uf20-081.mwcnf 3912 1 2 3 -4 5 6 7 8 9 -10 11 12 13 14 -15 -16 17 18 -19 -20 0
uf20-0471.mwcnf 9737 1 2 3 4 5 6 -7 -8 9 10 11 12 13 -14 15 16 -17 -18 -19 20 0
uf20-0366.mwcnf 6926 1 2 -3 4 -5 6 7 8 9 10 -11 12 -13 -14 15 16 -17 -18 19 -20 0
uf20-098.mwcnf 6131 1 2 3 -4 5 6 7 8 -9 10 -11 12 13 14 -15 16 17 18 19 20 0
uf20-0728.mwcnf 4148 1 2 3 4 5 6 -7 8 -9 10 -11 12 -13 -14 15 -16 17 -18 19 -20 0
uf20-0152.mwcnf 1047 1 -2 3 -4 5 6 7 8 -9 10 -11 12 -13 14 -15 16 17 -18 -19 -20 0
uf20-0407.mwcnf 9094 -1 -2 3 4 5 6 7 8 9 10 11 12 13 -14 15 16 17 18 -19 20 0
uf20-0432.mwcnf 5338 -1 2 3 4 5 6 -7 8 9 -10 -11 12 -13 -14 15 16 17 18 -19 -20 0
uf20-0730.mwcnf 4094 1 2 3 -4 5 6 -7 8 -9 10 11 -12 13 -14 15 16 -17 -18 19 20 0
uf20-0854.mwcnf 4542 1 -2 3 -4 -5 6 7 8 9 -10 -11 12 13 14 -15 -16 17 18 19 20 0
uf20-0849.mwcnf 3973 -1 2 3 -4 -5 6 7 8 9 10 -11 -12 13 14 15 16 -17 18 -19 -20 0
uf20-0558.mwcnf 7608 1 2 -3 -4 -5 6 7 8 9 -10 11 12 -13 -14 15 -16 -17 18 -19 -20 0
uf20-0436.mwcnf 7642 -1 2 3 4 -5 6 7 -8 9 10 11 -12 13 -14 15 16 17 18 19 20 0
uf20-0642.mwcnf 4997 1 2 3 -4 5 6 -7 8 -9 -10 11 12 13 14 15 16 -17 -18 19 -20 0
uf20-0617.mwcnf 4818 1 -2 3 4 5 6 7 8 9 10 -11 12 13 14 15 -16 17 -18 -19 -20 0
uf20-0975.mwcnf 6241 1 2 3 4 5 -6 7 8 9 -10 11 12 13 14 15 16 17 18 19 -20 0
uf20-097.mwcnf 5680 1 2 3 4 5 6 -7 -8 9 10 -11 -12 13 -14 -15 16 17 18 -19 20 0
uf20-0321.mwcnf 1009 -1 -2 -3 4 5 6 -7 -8 9 -10 11 12 13 14 15 16 17 18 19 -20 0
uf20-0706.mwcnf 5123 1 -2 -3 4 5 6 7 8 9 10 11 -12 13 -14 15 16 17 18 19 20 0
uf20-028.mwcnf 1073 1 2 -3 4 5 6 -7 -8 9 10 -11 12 13 -14 -15 16 17 -18 -19 20 0
uf20-0891.mwcnf 5393 -1 2 3 4 5 6 7 -8 9 10 11 -12 -13 14 15 16 -17 18 -19 -20 0
uf20-0202.mwcnf 1262 1 -2 3 -4 5 -6 7 -8 9 10 11 12 13 14 15 -16 -17 18 19 20 0
uf20-0839.mwcnf 4384 -1 -2 -3 4 5 6 7 -8 9 10 11 12 13 -14 15 16 17 -18 -19 20 0
uf20-0273.mwcnf 1170 1 2 3 -4 5 6 7 8 9 10 11 12 13 -14 -15 -16 17 -18 19 20 0
uf20-0829.mwcnf 5108 1 2 3 4 -5 6 -7 -8 9 10 11 12 13 -14 15 16 -17 18 19 20 0
uf20-0447.mwcnf 8930 1 2 3 4 -5 6 -7 8 9 10 -11 12 13 14 15 -16 17 -18 -19 20 0
uf20-0353.mwcnf 8154 1 2 3 4 5 -6 7 8 9 10 11 12 -13 14 15 16 17 18 19 20 0
uf20-0977.mwcnf 6574 1 2 3 4 5 -6 7 -8 9 10 11 12 13 14 15 16 17 -18 19 20 0
uf20-0830.mwcnf 5975 1 -2 3 -4 5 6 -7 8 9 10 11 12 -13 14 -15 16 17 18 19 20 0
uf20-0688.mwcnf 5048 1 2 3 4 5 6 7 -8 9 10 11 -12 13 14 -15 -16 -17 18 19 20 0
uf20-0207.mwcnf 1206 1 2 3 4 5 -6 7 8 9 -10 11 12 13 14 15 16 -17 -18 -19 20 0
uf20-02.mwcnf 1029 -1 -2 3 -4 -5 6 -7 -8 9 10 11 12 -13 -14 15 -16 -17 18 19 -20 0
uf20-0958.mwcnf 5950 -1 2 3 -4 5 6 -7 8 9 -10 11 12 -13 -14 15 16 -17 18 19 20 0
uf20-0522.mwcnf 9783 1 2 -3 4 5 6 7 -8 9 -10 11 12 13 14 15 16 17 18 19 20 0
uf20-0613.mwcnf 5505 -1 2 3 4 5 6 -7 8 9 -10 11 -12 13 14 -15 16 17 18 19 -20 0
uf20-0233.mwcnf 1036 1 -2 3 4 5 -6 7 8 9 -10 11 12 -13 -14 15 16 17 18 19 -20 0
uf20-0708.mwcnf 3502 1 2 -3 4 -5 -6 7 -8 -9 10 -11 12 13 -14 15 -16 17 18 19 20 0
uf20-0664.mwcnf 3457 1 2 3 4 5 6 7 -8 9 10 11 -12 13 -14 15 16 -17 -18 -19 20 0
uf20-0315.mwcnf 1091 1 2 3 4 5 6 7 8 -9 10 11 12 13 14 -15 16 -17 18 -19 20 0
uf20-0392.mwcnf 9452 1 2 -3 4 5 6 7 -8 9 10 11 -12 -13 14 -15 16 17 18 19 20 0
uf20-0350.mwcnf 8821 1 -2 -3 -4 -5 6 7 8 9 10 -11 -12 13 14 15 -16 17 18 -19 -20 0
uf20-0526.mwcnf 8755 1 2 -3 4 5 6 7 8 -9 10 11 12 13 14 -15 16 -17 18 -19 -20 0
uf20-0379.mwcnf 8237 1 2 3 4 -5 6 7 8 9 10 -11 12 13 14 -15 16 17 -18 19 20 0
uf20-0240.mwcnf 1021 1 2 3 -4 -5 6 -7 8 9 -10 11 -12 -13 14 -15 16 17 18 -19 20 0
uf20-0645.mwcnf 4329 1 2 -3 4 5 6 7 -8 9 -10 -11 12 13 14 15 -16 17 18 -19 20 0
uf20-0599.mwcnf 8997 1 -2 3 4 -5 6 7 8 -9 10 11 -12 13 14 15 -16 -17 18 19 -20 0
uf20-0547.mwcnf 9016 1 2 3 4 -5 -6 7 8 9 10 11 12 13 14 15 16 17 18 19 20 0
uf20-0362.mwcnf 6045 1 -2 3 4 -5 -6 -7 8 -9 -10 -11 12 -13 -14 15 -16 17 -18 19 20 0
uf20-0686.mwcnf 4774 -1 2 -3 -4 -5 6 -7 8 9 -10 11 -12 -13 14 15 16 17 18 19 20 0
uf20-0443.mwcnf 10327 1 -2 -3 -4 5 -6 7 8 -9 10 11 12 13 -14 -15 16 17 -18 19 20 0
uf20-0286.mwcnf 1454 1 2 3 4 5 6 7 -8 -9 -10 11 12 13 14 15 16 17 -18 -19 20 0
uf20-0717.mwcnf 4381 -1 -2 -3 4 5 -6 7 8 9 -10 11 12 13 -14 -15 -16 17 18 -19 20 0
uf20-0293.mwcnf 1226 1 2 3 4 5 -6 -7 -8 9 -10 11 -12 -13 14 -15 16 17 18 19 20 0
uf20-0247.mwcnf 1120 1 2 -3 4 -5 6 7 8 9 10 11 12 13 14 15 16 17 -18 19 20 0
uf20-0929.mwcnf 5728 1 2 3 4 -5 6 7 -8 9 -10 11 12 -13 -14 15 16 17 18 19 -20 0
uf20-0784.mwcnf 4652 1 -2 -3 4 5 -6 7 8 -9 10 11 12 13 14 15 16 -17 -18 19 20 0
uf20-0605.mwcnf 10422 -1 2 3 4 -5 6 -7 8 9 -10 11 12 13 14 15 16 17 -18 19 20 0
uf20-012.mwcnf 1119 1 2 3 4 -5 6 -7 8 9 -10 -11 12 13 14 15 -16 -17 18 19 -20 0
uf20-0677.mwcnf 5291 -1 -2 3 4 5 6 7 8 9 10 11 -12 -13 14 -15 16 17 18 19 20 0
uf20-0148.mwcnf 903 1 2 -3 4 5 6 7 -8 -9 10 11 12 13 -14 15 -16 17 18 19 20 0
uf20-0100.mwcnf 1201 -1 2 3 4 5 6 -7 8 9 10 -11 -12 13 14 15 -16 17 -18 19 20 0
uf20-0764.mwcnf 4288 1 2 3 4 5 6 7 8 -9 10 11 12 13 14 -15 -16 17 18 19 20 0
uf20-0398.mwcnf 7800 1 2 -3 -4 -5 6 7 8 9 10 11 12 13 14 -15 -16 17 18 19 20 0
uf20-0930.mwcnf 4735 1 2 3 -4 5 6 7 8 9 10 -11 -12 13 14 -15 -16 -17 -18 -19 -20 0
uf20-0116.mwcnf 1083 1 2 3 4 -5 6 7 8 9 -10 -11 12 13 14 -15 16 17 -18 19 -20 0
uf20-0903.mwcnf 4612 1 2 3 4 5 -6 7 -8 -9 10 11 12 13 -14 -15 -16 -17 18 19 20 0
uf20-0568.mwcnf 8879 1 2 3 4 -5 -6 -7 8 9 10 -11 12 13 -14 -15 16 17 18 19 -20 0
uf20-047.mwcnf 6805 -1 -2 3 4 -5 6 7 -8 9 10 11 12 13 -14 15 16 17 18 -19 20 0
uf20-0691.mwcnf 5873 -1 2 3 4 -5 -6 7 -8 9 10 11 12 13 -14 15 -16 17 18 19 20 0
uf20-0291.mwcnf 1116 1 2 3 4 5 6 7 8 9 10 11 12 -13 14 15 16 17 18 19 20 0
uf20-0406.mwcnf 7957 1 2 3 4 -5 6 7 -8 9 10 -11 12 -13 14 -15 -16 17 18 19 20 0
uf20-0154.mwcnf 1062 1 -2 3 4 5 6 7 8 9 10 -11 12 13 14 15 -16 17 18 19 20 0
uf20-0715.mwcnf 4133 1 2 3 4 5 6 -7 8 -9 10 11 -12 -13 14 15 -16 -17 -18 19 -20 0
uf20-0102.mwcnf 1147 1 2 3 -4 -5 6 7 -8 9 10 -11 -12 13 14 -15 16 17 -18 -19 20 0
uf20-0582.mwcnf 8908 -1 -2 3 4 5 -6 7 8 9 10 11 12 13 14 15 -16 17 18 19 20 0
uf20-0370.mwcnf 9540 1 -2 3 4 -5 6 7 -8 9 10 -11 12 -13 14 15 16 17 18 -19 -20 0
uf20-0196.mwcnf 1412 1 2 3 4 5 6 7 -8 9 10 -11 12 13 14 15 16 -17 -18 19 20 0
uf20-0266.mwcnf 1143 1 2 -3 4 -5 6 7 8 9 -10 11 12 13 14 15 -16 17 18 -19 20 0
uf20-0713.mwcnf 5382 1 2 -3 4 5 6 -7 8 9 10 11 -12 13 14 15 16 17 18 19 20 0
uf20-0368.mwcnf 9663 -1 -2 3 4 -5 6 7 8 9 10 11 12 13 14 15 16 17 18 19 20 0
uf20-0472.mwcnf 7987 1 2 3 -4 5 6 7 8 9 10 11 12 13 14 -15 16 -17 18 19 20 0
uf20-0668.mwcnf 4766 1 2 3 4 5 6 7 8 -9 10 11 12 13 14 15 16 -17 18 -19 20 0
uf20-0644.mwcnf 4643 -1 2 3 4 5 -6 7 -8 9 10 11 12 13 14 15 -16 17 18 19 20 0
uf20-0146.mwcnf 1132 1 2 -3 -4 5 6 -7 8 -9 10 11 12 13 -14 15 16 17 -18 -19 20 0
uf20-0980.mwcnf 5696 1 -2 3 -4 -5 6 -7 8 9 10 11 12 -13 14 -15 16 -17 18 19 20 0
uf20-0525.mwcnf 10454 -1 2 3 4 5 6 7 8 -9 10 11 12 -13 14 -15 16 17 18 19 20 0
uf20-0614.mwcnf 4604 -1 2 3 4 5 6 7 -8 9 10 11 -12 -13 14 15 16 -17 -18 -19 20 0
uf20-0428.mwcnf 9237 1 2 3 -4 -5 -6 7 8 9 -10 11 -12 13 -14 15 16 17 18 -19 20 0
uf20-0949.mwcnf 5831 1 2 -3 4 -5 6 -7 8 9 10 11 12 -13 -14 15 16 17 -18 19 20 0
uf20-0280.mwcnf 1456 -1 2 3 -4 5 -6 7 8 9 10 11 12 13 14 15 16 17 -18 19 20 0
uf20-0962.mwcnf 5547 1 2 -3 4 -5 6 7 -8 9 -10 -11 -12 13 14 15 16 17 18 19 20 0
uf20-0517.mwcnf 7989 1 2 3 4 -5 6 -7 8 9 10 11 12 13 14 -15 16 17 -18 19 20 0
uf20-0889.mwcnf 5242 1 -2 3 4 5 -6 -7 8 9 10 11 12 -13 14 15 -16 17 18 19 20 0
uf20-0104.mwcnf 1176 1 -2 3 -4 5 -6 7 8 9 -10 11 12 13 -14 15 16 17 18 -19 20 0
uf20-0778.mwcnf 4552 1 2 3 4 5 -6 -7 8 -9 10 11 12 -13 14 15 16 -17 18 -19 20 0
uf20-025.mwcnf 1323 1 2 3 4 5 6 7 -8 9 -10 11 12 -13 14 15 -16 17 18 19 20 0
uf20-019.mwcnf 1174 -1 -2 -3 4 5 6 7 8 9 10 11 12 13 -14 -15 16 17 18 -19 -20 0
uf20-0491.mwcnf 10437 1 2 3 -4 5 6 7 8 9 -10 11 12 13 14 15 16 17 18 19 20 0
uf20-0346.mwcnf 1094 1 2 -3 -4 5 6 -7 8 9 10 -11 -12 13 -14 15 16 17 18 -19 20 0
uf20-0635.mwcnf 5172 1 2 3 4 5 6 7 8 9 10 11 -12 13 14 15 16 -17 18 19 20 0
uf20-0758.mwcnf 3967 1 2 3 -4 5 -6 7 8 9 10 11 12 13 14 15 -16 17 -18 19 20 0
uf20-0117.mwcnf 1160 -1 -2 -3 4 5 6 7 8 -9 10 11 12 13 14 15 16 17 18 19 -20 0
uf20-0213.mwcnf 1207 1 2 3 4 -5 6 7 8 9 -10 11 12 -13 -14 -15 16 17 18 -19 -20 0
uf20-0543.mwcnf 9270 -1 2 3 4 5 6 7 8 -9 10 11 12 13 14 15 16 17 18 19 -20 0
uf20-0497.mwcnf 7783 1 2 -3 4 -5 6 -7 8 -9 -10 11 12 13 -14 15 16 17 -18 19 -20 0
uf20-0652.mwcnf 4775 -1 -2 3 4 5 6 7 8 -9 10 11 12 13 14 -15 16 -17 18 19 20 0
uf20-0142.mwcnf 1164 1 2 3 4 -5 -6 7 8 -9 -10 11 12 13 14 15 16 -17 18 19 20 0
uf20-0812.mwcnf 3598 1 -2 -3 4 5 6 7 8 9 -10 11 12 -13 14 15 -16 17 18 19 -20 0
uf20-0594.mwcnf 7917 1 2 3 4 5 6 -7 8 -9 -10 -11 12 13 14 15 -16 17 18 19 -20 0
uf20-0175.mwcnf 1145 1 2 3 -4 -5 6 7 8 9 10 11 12 13 14 -15 16 -17 -18 19 20 0
uf20-0704.mwcnf 5473 1 2 -3 -4 5 6 7 -8 9 10 -11 12 -13 14 15 16 17 -18 -19 20 0
uf20-0859.mwcnf 4281 1 2 3 4 5 6 7 8 9 10 -11 -12 -13 -14 15 16 17 18 -19 20 0
uf20-0433.mwcnf 8345 -1 2 -3 4 5 6 7 8 9 10 -11 -12 13 14 15 -16 17 18 19 -20 0
uf20-0696.mwcnf 3845 1 2 -3 4 5 6 7 8 9 -10 -11 12 -13 14 15 -16 -17 18 -19 -20 0
uf20-0267.mwcnf 1131 1 -2 3 -4 5 6 7 -8 9 -10 11 12 13 14 -15 16 17 18 19 20 0
uf20-0965.mwcnf 5847 1 -2 3 4 5 6 -7 -8 9 10 11 12 13 14 15 -16 -17 -18 19 20 0
uf20-0184.mwcnf 1051 -1 2 3 -4 5 6 7 -8 9 10 11 12 -13 -14 15 16 17 -18 19 20 0
uf20-0573.mwcnf 9089 1 2 -3 -4 5 6 7 8 9 10 11 12 13 14 -15 -16 17 -18 19 20 0
uf20-0821.mwcnf 6200 1 2 -3 4 -5 6 7 8 9 -10 11 12 -13 -14 15 16 17 18 19 -20 0
uf20-0911.mwcnf 8307 1 2 3 -4 5 6 7 8 9 -10 11 12 13 14 15 16 17 18 19 -20 0
uf20-0735.mwcnf 4406 -1 2 -3 4 5 -6 -7 8 9 10 11 12 13 14 -15 -16 17 -18 19 20 0
uf20-0545.mwcnf 7471 1 2 3 4 5 -6 7 -8 9 10 11 12 13 14 -15 16 17 18 19 -20 0
uf20-0797.mwcnf 6185 1 2 3 4 5 -6 7 8 9 10 11 -12 13 14 15 16 17 18 19 -20 0
uf20-0766.mwcnf 5219 1 2 -3 4 5 -6 -7 8 -9 10 11 12 13 -14 15 16 -17 18 19 20 0
uf20-0952.mwcnf 5777 1 -2 3 4 5 6 -7 8 9 -10 11 12 13 -14 15 -16 -17 18 -19 20 0
uf20-0382.mwcnf 9376 -1 2 -3 4 5 6 7 -8 9 -10 -11 12 -13 14 15 16 17 18 19 20 0
uf20-0281.mwcnf 1392 1 2 3 4 5 6 7 8 9 10 11 -12 13 -14 15 16 17 18 19 -20 0
uf20-0910.mwcnf 6678 -1 -2 3 4 5 6 7 8 -9 -10 11 12 13 14 15 -16 17 -18 19 20 0
uf20-0961.mwcnf 4530 1 -2 3 -4 -5 -6 -7 -8 9 10 11 -12 13 -14 15 -16 -17 18 -19 20 0
uf20-0754.mwcnf 4476 1 2 3 4 5 6 7 8 9 10 -11 12 -13 14 -15 16 17 18 19 20 0
uf20-096.mwcnf 4601 -1 -2 -3 -4 5 6 -7 8 -9 10 -11 12 13 14 15 16 17 -18 19 20 0
uf20-0271.mwcnf 1321 -1 -2 3 4 -5 -6 7 8 9 10 11 12 13 14 15 -16 17 18 19 20 0
uf20-053.mwcnf 7796 1 2 3 -4 5 6 7 8 9 10 11 12 13 14 15 16 17 -18 19 20 0
uf20-049.mwcnf 7349 -1 2 3 -4 -5 6 7 8 -9 10 11 12 13 14 15 -16 -17 18 -19 20 0
uf20-0414.mwcnf 7615 1 2 -3 4 5 6 7 -8 9 10 11 12 13 14 15 16 -17 18 19 20 0
uf20-084.mwcnf 5152 1 -2 3 -4 5 6 7 8 9 10 11 12 -13 -14 15 -16 17 18 19 20 0
uf20-0223.mwcnf 453 -1 -2 3 4 5 6 7 -8 9 10 -11 12 -13 14 15 -16 -17 18 -19 -20 0
uf20-0479.mwcnf 8738 -1 2 -3 -4 -5 6 7 8 -9 10 11 -12 13 14 15 16 17 18 19 20 0
uf20-0255.mwcnf 985 1 2 3 4 5 6 -7 8 -9 -10 -11 12 13 14 15 -16 17 18 19 -20 0
uf20-0630.mwcnf 4498 1 2 3 4 5 6 7 8 9 -10 -11 12 13 14 15 -16 -17 18 19 -20 0
uf20-0777.mwcnf 4370 1 -2 3 -4 5 6 7 8 9 10 -11 -12 13 14 15 16 17 18 19 -20 0
uf20-0103.mwcnf 1087 -1 -2 3 4 5 6 -7 8 9 10 11 12 13 14 15 16 -17 18 19 -20 0
uf20-0316.mwcnf 795 1 2 3 -4 -5 -6 7 -8 9 10 -11 -12 13 14 -15 16 17 -18 -19 -20 0
uf20-0716.mwcnf 6616 -1 2 3 -4 5 6 7 8 9 -10 -11 12 -13 14 15 -16 17 18 19 -20 0
uf20-0383.mwcnf 9624 -1 -2 3 4 5 6 -7 -8 9 -10 11 -12 13 14 15 16 17 18 19 20 0
uf20-0140.mwcnf 1099 1 2 3 -4 5 6 7 8 9 10 11 12 13 -14 15 16 17 18 19 20 0
uf20-068.mwcnf 4692 -1 2 3 4 -5 6 7 8 9 -10 11 -12 13 14 15 16 -17 18 -19 20 0
uf20-0268.mwcnf 1093 1 2 3 4 5 6 7 8 9 -10 11 12 -13 14 15 16 17 -18 19 20 0
uf20-0551.mwcnf 9676 1 -2 3 4 -5 6 7 8 9 10 -11 12 13 14 15 16 -17 18 19 -20 0
uf20-0269.mwcnf 1048 -1 2 3 -4 -5 -6 -7 8 -9 10 -11 12 13 -14 15 16 -17 18 -19 20 0
uf20-0422.mwcnf 6564 1 2 3 4 -5 6 7 8 9 10 -11 12 13 -14 15 16 17 18 -19 20 0
uf20-0135.mwcnf 1291 -1 2 3 4 -5 6 7 8 9 -10 -11 12 13 14 -15 16 -17 18 19 20 0
uf20-0151.mwcnf 1183 1 2 -3 4 5 6 7 8 9 10 11 12 13 14 15 16 -17 18 -19 20 0
uf20-0347.mwcnf 1191 1 2 3 4 -5 6 7 8 9 10 11 12 13 14 15 16 -17 18 -19 20 0
uf20-0593.mwcnf 8046 -1 2 3 4 5 6 -7 -8 9 -10 11 12 13 14 -15 16 17 -18 19 20 0
uf20-0902.mwcnf 6431 1 2 3 4 5 6 7 -8 -9 10 11 12 13 14 15 16 17 -18 19 -20 0
uf20-036.mwcnf 8782 -1 2 3 -4 5 6 -7 8 9 10 11 -12 13 14 15 16 17 18 -19 20 0
uf20-017.mwcnf 1314 1 2 3 4 5 6 7 8 9 10 11 12 -13 14 15 16 -17 18 19 20 0
uf20-0571.mwcnf 8207 1 -2 -3 -4 5 6 7 -8 9 10 11 12 13 14 -15 16 17 18 19 20 0
uf20-0787.mwcnf 5109 1 2 -3 4 -5 -6 -7 -8 -9 10 11 12 13 14 15 -16 17 18 19 20 0
uf20-045.mwcnf 9716 1 2 -3 4 -5 6 7 8 -9 10 11 -12 -13 14 15 16 17 18 19 20 0
uf20-0294.mwcnf 724 -1 2 3 -4 5 -6 7 -8 9 -10 11 12 -13 14 -15 -16 -17 -18 19 -20 0