2.5510787963867188e-05
2.2172927856445312e-05
5.340576171875e-05
3.4809112548828125e-05
2.0742416381835938e-05
2.0503997802734375e-05
2.0742416381835938e-05
2.0503997802734375e-05
2.0742416381835938e-05
2.002716064453125e-05
2.0503997802734375e-05
2.0503997802734375e-05
2.0265579223632812e-05
2.0503997802734375e-05
2.0503997802734375e-05
2.0503997802734375e-05
2.0742416381835938e-05
2.0265579223632812e-05
2.0742416381835938e-05
2.0503997802734375e-05
2.0265579223632812e-05
2.002716064453125e-05
2.0265579223632812e-05
2.0503997802734375e-05
2.0742416381835938e-05
2.0742416381835938e-05
2.0503997802734375e-05
2.0503997802734375e-05
2.0503997802734375e-05
2.002716064453125e-05
2.002716064453125e-05
1.9788742065429688e-05
2.0265579223632812e-05
2.0503997802734375e-05
2.0503997802734375e-05
2.0265579223632812e-05
2.0265579223632812e-05
2.0265579223632812e-05
2.0503997802734375e-05
2.0265579223632812e-05
2.0503997802734375e-05
2.0503997802734375e-05
2.0265579223632812e-05
2.0265579223632812e-05
2.0503997802734375e-05
2.0265579223632812e-05
2.0265579223632812e-05
2.0503997802734375e-05
2.002716064453125e-05
2.0265579223632812e-05
2.002716064453125e-05
2.0503997802734375e-05
2.0503997802734375e-05
2.002716064453125e-05
2.0265579223632812e-05
2.0265579223632812e-05
2.0265579223632812e-05
2.0503997802734375e-05
2.0742416381835938e-05
2.002716064453125e-05
2.0503997802734375e-05
2.0265579223632812e-05
2.002716064453125e-05
2.0503997802734375e-05
2.0265579223632812e-05
2.0265579223632812e-05
2.002716064453125e-05
2.0265579223632812e-05
2.002716064453125e-05
2.0265579223632812e-05
2.0265579223632812e-05
2.0265579223632812e-05
2.002716064453125e-05
2.0265579223632812e-05
2.0265579223632812e-05
2.002716064453125e-05
2.0265579223632812e-05
2.002716064453125e-05
2.0503997802734375e-05
2.0503997802734375e-05
2.0265579223632812e-05
2.002716064453125e-05
2.002716064453125e-05
2.0503997802734375e-05
2.0265579223632812e-05
2.002716064453125e-05
2.0503997802734375e-05
2.002716064453125e-05
2.0265579223632812e-05
2.1219253540039062e-05
2.1457672119140625e-05
3.3855438232421875e-05
2.0265579223632812e-05
2.0503997802734375e-05
2.0742416381835938e-05
2.0265579223632812e-05
2.0742416381835938e-05
2.002716064453125e-05
2.0265579223632812e-05
2.0265579223632812e-05