0.0003650188446044922
0.00054168701171875
0.0009443759918212891
0.0006661415100097656
0.00048232078552246094
0.0006339550018310547
0.00029659271240234375
0.00043487548828125
0.0008306503295898438
0.0005915164947509766
0.00033092498779296875
0.0005426406860351562
0.0003018379211425781
0.0010159015655517578
0.000997304916381836
0.0003991127014160156
0.0002808570861816406
0.00023508071899414062
0.00010895729064941406
0.0016474723815917969
0.0006039142608642578
0.0005888938903808594
0.0005788803100585938
0.0005409717559814453
0.00038313865661621094
0.0003516674041748047
0.0008862018585205078
0.0006649494171142578
0.00029850006103515625
0.0002639293670654297
0.0005004405975341797
0.000339508056640625
0.00036597251892089844
0.0012013912200927734
0.0003807544708251953
0.00034117698669433594
6.103515625e-05
0.00010657310485839844
0.0005676746368408203
0.00048828125
0.0009584426879882812
0.0002562999725341797
0.00035691261291503906
0.0008912086486816406
0.00047469139099121094
0.00028133392333984375
0.003322124481201172
0.00030541419982910156
0.0004367828369140625
0.0009696483612060547
0.0003235340118408203
0.0003650188446044922
0.0011439323425292969
0.00012040138244628906
0.000244140625
0.0009279251098632812
0.00014972686767578125
0.0005064010620117188
0.0002949237823486328
0.0005440711975097656
0.0003840923309326172
0.0003483295440673828
0.0001533031463623047
4.7206878662109375e-05
0.00045108795166015625
0.0005502700805664062
0.0002529621124267578
0.00047469139099121094
0.0007958412170410156
0.0003554821014404297
0.000453948974609375
0.0002932548522949219
0.0006678104400634766
0.00024271011352539062
0.0010066032409667969
0.0005860328674316406
0.0004177093505859375
0.0006163120269775391
0.0006449222564697266
0.00020837783813476562
0.0001652240753173828
0.00013780593872070312
0.0005869865417480469
0.0004897117614746094
0.0006573200225830078
0.0003330707550048828
0.0013208389282226562
0.0006711483001708984
0.0007719993591308594
0.0006587505340576172
0.0008254051208496094
0.00014352798461914062
0.0005788803100585938
0.00022912025451660156
0.00023174285888671875
0.0001583099365234375
0.0005598068237304688
0.0006456375122070312
0.00016927719116210938
0.0004112720489501953