0.0003650188446044922
0.0002770423889160156
0.0007054805755615234
0.00030803680419921875
0.0004987716674804688
0.0005054473876953125
0.0002791881561279297
0.00011110305786132812
0.0011472702026367188
0.0005116462707519531
0.0004172325134277344
0.00024628639221191406
0.0006415843963623047
0.0014147758483886719
0.0005779266357421875
0.00022268295288085938
0.0003669261932373047
0.0013742446899414062
0.00055694580078125
0.0015382766723632812
0.0015745162963867188
0.0007922649383544922
0.00039267539978027344
0.0017511844635009766
0.0005545616149902344
0.0006017684936523438
0.00041866302490234375
0.0013308525085449219
0.0004551410675048828
0.000408172607421875
0.0019540786743164062
0.0007696151733398438
0.0004868507385253906
0.0008106231689453125
0.0007967948913574219
0.0012760162353515625
0.0010535717010498047
0.0003998279571533203
0.0006494522094726562
0.0040819644927978516
0.0014967918395996094
0.00034618377685546875
0.00037479400634765625
0.00032782554626464844
0.0006544589996337891
0.0002334117889404297
0.0004608631134033203
0.00026035308837890625
0.00014400482177734375
0.00025463104248046875
0.00250244140625
0.0004646778106689453
0.00043320655822753906
0.0002624988555908203
0.0008835792541503906
0.0007770061492919922
0.00024247169494628906
9.679794311523438e-05
0.0015554428100585938
0.0013625621795654297
0.0007112026214599609
0.0009236335754394531
0.00025177001953125
0.0005826950073242188
0.0004832744598388672
0.0018815994262695312
0.0001862049102783203
0.0015206336975097656
0.0008873939514160156
0.0010118484497070312
0.0011208057403564453
0.0003533363342285156
0.0006661415100097656
9.846687316894531e-05
0.00020265579223632812
0.0006656646728515625
0.001519918441772461
0.0017955303192138672
0.0024411678314208984
0.0012240409851074219
0.0009534358978271484
0.0006556510925292969
0.0006649494171142578
0.001508951187133789
0.0005638599395751953
0.0005929470062255859
0.00022649765014648438
0.0018138885498046875
0.0005972385406494141
8.20159912109375e-05
8.344650268554688e-05
0.0001704692840576172
0.0002396106719970703
0.0015435218811035156
0.0033097267150878906
0.0011363029479980469
0.0017478466033935547
0.000255584716796875
0.0010366439819335938
0.00028061866760253906