2.47955322265625e-05
2.0503997802734375e-05
1.9311904907226562e-05
1.8835067749023438e-05
1.9073486328125e-05
1.8596649169921875e-05
1.8358230590820312e-05
1.8358230590820312e-05
1.8358230590820312e-05
1.8596649169921875e-05
1.8596649169921875e-05
1.811981201171875e-05
1.811981201171875e-05
1.7881393432617188e-05
1.811981201171875e-05
1.811981201171875e-05
1.811981201171875e-05
1.811981201171875e-05
1.811981201171875e-05
1.8358230590820312e-05
1.8358230590820312e-05
1.7881393432617188e-05
1.8835067749023438e-05
1.7881393432617188e-05
1.8596649169921875e-05
1.8596649169921875e-05
1.811981201171875e-05
1.8358230590820312e-05
1.811981201171875e-05
1.811981201171875e-05
1.811981201171875e-05
1.8358230590820312e-05
1.8358230590820312e-05
1.8358230590820312e-05
1.7881393432617188e-05
1.8835067749023438e-05
1.7881393432617188e-05
1.7881393432617188e-05
1.8835067749023438e-05
1.811981201171875e-05
1.8358230590820312e-05
1.811981201171875e-05
1.811981201171875e-05
1.7881393432617188e-05
1.8596649169921875e-05
1.811981201171875e-05
1.8358230590820312e-05
1.8358230590820312e-05
1.811981201171875e-05
1.8358230590820312e-05
1.8596649169921875e-05
1.811981201171875e-05
1.8596649169921875e-05
1.8358230590820312e-05
1.8835067749023438e-05
1.8596649169921875e-05
1.8835067749023438e-05
1.811981201171875e-05
1.811981201171875e-05
1.8358230590820312e-05
1.8358230590820312e-05
1.811981201171875e-05
1.811981201171875e-05
1.9788742065429688e-05
3.719329833984375e-05
2.3365020751953125e-05
1.8835067749023438e-05
1.9073486328125e-05
1.8596649169921875e-05
1.7881393432617188e-05
1.811981201171875e-05
1.8358230590820312e-05
1.811981201171875e-05
1.811981201171875e-05
1.8835067749023438e-05
1.811981201171875e-05
1.811981201171875e-05
1.8596649169921875e-05
1.8358230590820312e-05
1.8358230590820312e-05
1.811981201171875e-05
1.7881393432617188e-05
1.811981201171875e-05
1.811981201171875e-05
1.7881393432617188e-05
1.8358230590820312e-05
1.8358230590820312e-05
4.982948303222656e-05
1.9788742065429688e-05
2.002716064453125e-05
1.9788742065429688e-05
1.8596649169921875e-05
1.811981201171875e-05
1.7881393432617188e-05
1.8358230590820312e-05
1.811981201171875e-05
1.8358230590820312e-05
1.7881393432617188e-05
1.811981201171875e-05
1.8358230590820312e-05