4.100799560546875e-05
3.409385681152344e-05
3.337860107421875e-05
3.314018249511719e-05
3.2901763916015625e-05
3.314018249511719e-05
3.266334533691406e-05
3.218650817871094e-05
3.266334533691406e-05
3.1948089599609375e-05
3.24249267578125e-05
3.218650817871094e-05
3.24249267578125e-05
3.266334533691406e-05
3.218650817871094e-05
3.218650817871094e-05
3.266334533691406e-05
3.218650817871094e-05
3.1948089599609375e-05
3.361701965332031e-05
3.2901763916015625e-05
3.218650817871094e-05
6.031990051269531e-05
3.266334533691406e-05
3.266334533691406e-05
3.24249267578125e-05
3.1948089599609375e-05
3.218650817871094e-05
3.24249267578125e-05
3.170967102050781e-05
3.24249267578125e-05
3.24249267578125e-05
3.1948089599609375e-05
3.1948089599609375e-05
3.266334533691406e-05
3.218650817871094e-05
3.218650817871094e-05
3.1948089599609375e-05
3.1948089599609375e-05
3.266334533691406e-05
3.24249267578125e-05
3.266334533691406e-05
3.1948089599609375e-05
3.218650817871094e-05
3.24249267578125e-05
3.1948089599609375e-05
3.24249267578125e-05
3.1948089599609375e-05
3.1948089599609375e-05
3.218650817871094e-05
3.1948089599609375e-05
3.1948089599609375e-05
3.218650817871094e-05
3.218650817871094e-05
3.170967102050781e-05
3.218650817871094e-05
3.218650817871094e-05
3.170967102050781e-05
3.24249267578125e-05
6.604194641113281e-05
3.4332275390625e-05
3.3855438232421875e-05
3.2901763916015625e-05
3.314018249511719e-05
3.4332275390625e-05
3.337860107421875e-05
0.00011038780212402344
0.00010466575622558594
3.4332275390625e-05
3.838539123535156e-05
3.8623809814453125e-05
3.457069396972656e-05
3.457069396972656e-05
3.457069396972656e-05
3.504753112792969e-05
0.0001087188720703125
3.3855438232421875e-05
3.361701965332031e-05
3.314018249511719e-05
3.361701965332031e-05
3.409385681152344e-05
3.337860107421875e-05
3.337860107421875e-05
3.3855438232421875e-05
3.409385681152344e-05
3.337860107421875e-05
3.337860107421875e-05
3.337860107421875e-05
9.393692016601562e-05
3.361701965332031e-05
3.2901763916015625e-05
3.314018249511719e-05
3.337860107421875e-05
3.361701965332031e-05
3.266334533691406e-05
3.361701965332031e-05
3.337860107421875e-05
3.314018249511719e-05
3.3855438232421875e-05
4.57763671875e-05