1.52587890625e-05
1.1205673217773438e-05
1.049041748046875e-05
1.0013580322265625e-05
2.8133392333984375e-05
2.3603439331054688e-05
1.0251998901367188e-05
2.4080276489257812e-05
1.049041748046875e-05
1.0251998901367188e-05
1.0251998901367188e-05
1.0251998901367188e-05
2.384185791015625e-05
1.049041748046875e-05
2.384185791015625e-05
1.1205673217773438e-05
2.6941299438476562e-05
2.7179718017578125e-05
1.049041748046875e-05
1.049041748046875e-05
1.0728836059570312e-05
1.0728836059570312e-05
1.0728836059570312e-05
1.049041748046875e-05
1.0251998901367188e-05
1.049041748046875e-05
1.0013580322265625e-05
1.0013580322265625e-05
9.775161743164062e-06
1.0013580322265625e-05
9.775161743164062e-06
9.775161743164062e-06
9.775161743164062e-06
1.0013580322265625e-05
1.049041748046875e-05
1.0251998901367188e-05
1.0013580322265625e-05
9.775161743164062e-06
1.0013580322265625e-05
2.193450927734375e-05
9.5367431640625e-06
9.298324584960938e-06
9.5367431640625e-06
9.059906005859375e-06
9.298324584960938e-06
9.059906005859375e-06
9.059906005859375e-06
9.298324584960938e-06
9.298324584960938e-06
9.298324584960938e-06
9.059906005859375e-06
9.298324584960938e-06
9.059906005859375e-06
9.298324584960938e-06
8.821487426757812e-06
9.298324584960938e-06
9.059906005859375e-06
9.059906005859375e-06
9.059906005859375e-06
3.170967102050781e-05
2.288818359375e-05
9.059906005859375e-06
9.775161743164062e-06
9.775161743164062e-06
9.059906005859375e-06
9.775161743164062e-06
9.5367431640625e-06
9.059906005859375e-06
9.059906005859375e-06
9.298324584960938e-06
9.298324584960938e-06
9.298324584960938e-06
9.298324584960938e-06
8.821487426757812e-06
9.5367431640625e-06
9.298324584960938e-06
9.059906005859375e-06
9.298324584960938e-06
9.298324584960938e-06
9.298324584960938e-06
9.5367431640625e-06
9.059906005859375e-06
9.5367431640625e-06
9.5367431640625e-06
9.298324584960938e-06
9.5367431640625e-06
8.821487426757812e-06
9.298324584960938e-06
9.298324584960938e-06
9.059906005859375e-06
9.5367431640625e-06
9.298324584960938e-06
9.059906005859375e-06
9.298324584960938e-06
9.298324584960938e-06
9.5367431640625e-06
9.5367431640625e-06
9.059906005859375e-06
9.298324584960938e-06
9.5367431640625e-06