3.2901763916015625e-05
2.8371810913085938e-05
2.7418136596679688e-05
2.6464462280273438e-05
2.6464462280273438e-05
2.6464462280273438e-05
2.6941299438476562e-05
2.6226043701171875e-05
2.6464462280273438e-05
2.5987625122070312e-05
2.6464462280273438e-05
2.6226043701171875e-05
2.5987625122070312e-05
2.5510787963867188e-05
2.574920654296875e-05
2.5987625122070312e-05
2.574920654296875e-05
2.6226043701171875e-05
2.7894973754882812e-05
5.841255187988281e-05
4.649162292480469e-05
6.079673767089844e-05
2.8848648071289062e-05
4.076957702636719e-05
2.765655517578125e-05
2.765655517578125e-05
3.981590270996094e-05
4.124641418457031e-05
2.765655517578125e-05
2.574920654296875e-05
2.5987625122070312e-05
2.5987625122070312e-05
2.5510787963867188e-05
2.6226043701171875e-05
2.574920654296875e-05
2.6226043701171875e-05
2.574920654296875e-05
2.6702880859375e-05
2.6226043701171875e-05
2.6226043701171875e-05
2.574920654296875e-05
2.6226043701171875e-05
2.574920654296875e-05
2.5987625122070312e-05
2.6464462280273438e-05
2.5987625122070312e-05
2.6464462280273438e-05
2.6464462280273438e-05
2.574920654296875e-05
2.6226043701171875e-05
2.5987625122070312e-05
2.6226043701171875e-05
2.574920654296875e-05
2.6226043701171875e-05
2.574920654296875e-05
2.5987625122070312e-05
2.5987625122070312e-05
2.6226043701171875e-05
2.5987625122070312e-05
2.574920654296875e-05
2.574920654296875e-05
2.6226043701171875e-05
2.6226043701171875e-05
2.574920654296875e-05
2.6226043701171875e-05
2.5987625122070312e-05
2.6226043701171875e-05
2.5987625122070312e-05
2.6226043701171875e-05
2.574920654296875e-05
2.5987625122070312e-05
2.6226043701171875e-05
2.574920654296875e-05
2.574920654296875e-05
2.6226043701171875e-05
2.574920654296875e-05
2.7894973754882812e-05
3.910064697265625e-05
2.6226043701171875e-05
2.5510787963867188e-05
2.6464462280273438e-05
2.6464462280273438e-05
2.5987625122070312e-05
2.574920654296875e-05
2.6226043701171875e-05
2.574920654296875e-05
2.6226043701171875e-05
2.5987625122070312e-05
2.5987625122070312e-05
2.6226043701171875e-05
2.5987625122070312e-05
2.6226043701171875e-05
2.6226043701171875e-05
2.6226043701171875e-05
2.5987625122070312e-05
2.574920654296875e-05
2.5987625122070312e-05
2.5987625122070312e-05
2.5987625122070312e-05
2.6226043701171875e-05