7.271766662597656e-05
8.749961853027344e-05
0.00010228157043457031
0.0001506805419921875
8.749961853027344e-05
7.200241088867188e-05
0.000278472900390625
8.440017700195312e-05
0.00019359588623046875
0.00011277198791503906
0.0002472400665283203
0.0001628398895263672
0.0002541542053222656
7.271766662597656e-05
0.0001819133758544922
0.00012063980102539062
0.00018668174743652344
9.298324584960938e-05
0.00016117095947265625
6.4849853515625e-05
0.00010919570922851562
6.508827209472656e-05
0.0003452301025390625
5.53131103515625e-05
0.00017023086547851562
0.00018095970153808594
8.988380432128906e-05
0.00016260147094726562
0.00011467933654785156
0.00022935867309570312
0.00022935867309570312
0.00012969970703125
0.00015234947204589844
6.747245788574219e-05
6.246566772460938e-05
0.00019478797912597656
6.628036499023438e-05
0.00019407272338867188
0.0001533031463623047
0.00018715858459472656
0.0003478527069091797
0.00048065185546875
0.00021409988403320312
0.00026345252990722656
0.0003387928009033203
2.5272369384765625e-05
7.963180541992188e-05
0.0002143383026123047
0.00010943412780761719
6.651878356933594e-05
0.00012040138244628906
0.0001609325408935547
0.00017976760864257812
0.00029277801513671875
8.130073547363281e-05
0.0001728534698486328
0.00013566017150878906
0.0001163482666015625
0.00044798851013183594
0.000232696533203125
0.00022172927856445312
0.000148773193359375
0.00011610984802246094
0.00015664100646972656
7.987022399902344e-05
0.00011229515075683594
0.0001404285430908203
0.000102996826171875
0.00030112266540527344
5.459785461425781e-05
5.698204040527344e-05
0.0002949237823486328
7.557868957519531e-05
9.202957153320312e-05
0.00012445449829101562
0.00014925003051757812
0.00016880035400390625
9.083747863769531e-05
0.00011563301086425781
0.00013899803161621094
8.845329284667969e-05
0.00010132789611816406
0.00010156631469726562
5.054473876953125e-05
0.00019550323486328125
0.00032520294189453125
0.00021505355834960938
0.0002422332763671875
0.00035262107849121094
5.221366882324219e-05
0.0001366138458251953
0.00018358230590820312
0.00015115737915039062
0.0001266002655029297
0.0001990795135498047
0.00011348724365234375
4.458427429199219e-05
0.00010204315185546875
7.62939453125e-05
0.0002446174621582031