0.00033092498779296875
0.001155853271484375
0.0007793903350830078
0.000385284423828125
0.001009225845336914
0.0007903575897216797
0.0004985332489013672
0.00042366981506347656
0.00041937828063964844
0.00012564659118652344
0.000347137451171875
0.0007767677307128906
0.00047898292541503906
0.00011229515075683594
0.0009548664093017578
0.0004410743713378906
0.00019478797912597656
0.0021796226501464844
0.0007395744323730469
0.0002944469451904297
0.0006701946258544922
0.01816868782043457
0.00017571449279785156
0.0003104209899902344
0.0007600784301757812
0.000743865966796875
0.0001583099365234375
0.00035500526428222656
0.0006685256958007812
0.00026035308837890625
0.0020236968994140625
0.0006968975067138672
0.00021958351135253906
0.00033354759216308594
0.0008122920989990234
0.0005102157592773438
0.008661031723022461
0.0005123615264892578
0.00045752525329589844
0.0005285739898681641
0.0004534721374511719
7.367134094238281e-05
0.0009026527404785156
0.00024008750915527344
0.0003180503845214844
0.0011484622955322266
0.0005071163177490234
0.00022602081298828125
0.0004684925079345703
0.00027108192443847656
0.000453948974609375
0.0016446113586425781
0.0010387897491455078
0.0004949569702148438
0.011571168899536133
8.249282836914062e-05
0.00021338462829589844
0.0006041526794433594
0.0009043216705322266
0.0005037784576416016
0.0002562999725341797
0.0005180835723876953
0.0001990795135498047
0.0006473064422607422
0.0011107921600341797
0.0003223419189453125
0.001260519027709961
0.00010561943054199219
0.00046324729919433594
0.0006439685821533203
0.0001480579376220703
0.00033164024353027344
0.0011208057403564453
0.0007274150848388672
0.0011970996856689453
0.0001678466796875
0.00044798851013183594
0.0020215511322021484
0.0005972385406494141
0.0001957416534423828
0.0008785724639892578
0.0006494522094726562
0.0002644062042236328
0.00044846534729003906
0.00040531158447265625
0.00035572052001953125
0.0005114078521728516
0.0017879009246826172
0.0005371570587158203
0.00037789344787597656
0.0011970996856689453
0.0002865791320800781
0.0005679130554199219
0.00020575523376464844
0.00010228157043457031
0.00038504600524902344
0.0002760887145996094
0.00036787986755371094
0.0006492137908935547
0.00015115737915039062