0.0005009174346923828
0.000576019287109375
0.0009541511535644531
0.0008187294006347656
0.0005006790161132812
0.0008425712585449219
0.0002396106719970703
0.00036835670471191406
0.0035142898559570312
0.0008723735809326172
0.0021042823791503906
0.0006375312805175781
0.0005419254302978516
0.0004875659942626953
0.0008475780487060547
0.0012354850769042969
0.0005016326904296875
0.00021791458129882812
0.001146078109741211
0.0038225650787353516
0.0002608299255371094
0.0003936290740966797
0.0004696846008300781
0.0002982616424560547
0.0006201267242431641
0.0001773834228515625
0.0004544258117675781
0.0006005764007568359
0.00047278404235839844
0.00041174888610839844
0.0011093616485595703
0.0006802082061767578
0.0012929439544677734
0.00038909912109375
0.0007879734039306641
0.001177072525024414
0.0014798641204833984
0.00016570091247558594
0.0022492408752441406
0.00026869773864746094
0.001074075698852539
0.0005717277526855469
0.0002772808074951172
0.0017952919006347656
0.00018668174743652344
0.0006680488586425781
0.0015721321105957031
0.002551555633544922
0.0017268657684326172
0.0010972023010253906
0.0001976490020751953
0.0004756450653076172
0.0007519721984863281
0.0010521411895751953
0.0033926963806152344
0.0009143352508544922
0.0002589225769042969
0.00131988525390625
0.0013387203216552734
0.0005753040313720703
0.0017070770263671875
0.0008974075317382812
0.0008797645568847656
0.0005917549133300781
0.0007908344268798828
0.0006096363067626953
0.0020368099212646484
0.002450704574584961
0.00020170211791992188
0.0011708736419677734
0.0011703968048095703
0.0017726421356201172
0.0007135868072509766
0.0007445812225341797
0.0006592273712158203
0.0002548694610595703
0.0005671977996826172
0.0005018711090087891
0.0007097721099853516
0.0015447139739990234
0.0006928443908691406
0.0005767345428466797
0.0011606216430664062
0.00014281272888183594
0.0012395381927490234
0.0023255348205566406
0.0007328987121582031
0.0003304481506347656
0.0007336139678955078
0.00015974044799804688
0.0002887248992919922
0.0003743171691894531
0.0010919570922851562
0.0003135204315185547
0.0014376640319824219
0.001375436782836914
9.655952453613281e-05
0.0009806156158447266
0.0006184577941894531
0.0006375312805175781