0.0016105175018310547
0.0008242130279541016
0.0021522045135498047
0.0022673606872558594
0.004773855209350586
0.0006506443023681641
0.0019927024841308594
0.007897615432739258
0.0010769367218017578
0.0014882087707519531
0.001249551773071289
0.005288124084472656
0.0005669593811035156
0.005218982696533203
0.0005519390106201172
0.004732608795166016
0.0031104087829589844
0.0007479190826416016
0.0016820430755615234
0.0023021697998046875
0.0020732879638671875
0.001619577407836914
0.004236698150634766
0.006782054901123047
0.0011179447174072266
0.00522613525390625
0.004378795623779297
0.0006549358367919922
0.00491786003112793
0.002571582794189453
0.0013320446014404297
0.0016438961029052734
0.001333475112915039
0.005530118942260742
0.0020966529846191406
0.004036664962768555
0.0006432533264160156
0.0015997886657714844
0.0014050006866455078
0.0023365020751953125
0.002131223678588867
0.0005633831024169922
0.0019025802612304688
0.0037772655487060547
0.01592397689819336
0.002492666244506836
0.0005538463592529297
0.0035314559936523438
0.0005099773406982422
0.003015279769897461
0.003946065902709961
0.0063855648040771484
0.0005669593811035156
0.0006594657897949219
0.006685018539428711
0.0036160945892333984
0.009415626525878906
0.007932424545288086
0.0017206668853759766
0.0014176368713378906
0.0017125606536865234
0.0012068748474121094
0.002557516098022461
0.0034487247467041016
0.0018513202667236328
0.0017142295837402344
0.0017857551574707031
0.001088857650756836
0.0003285408020019531
0.0018906593322753906
0.007956504821777344
0.0038292407989501953
0.0017855167388916016
0.0013566017150878906
0.0014846324920654297
0.0020711421966552734
0.0004699230194091797
0.005114555358886719
0.002657175064086914
0.00812220573425293
0.0010728836059570312
0.0017762184143066406
0.0034112930297851562
0.01942753791809082
0.002681255340576172
0.0007271766662597656
0.0008044242858886719
0.001024007797241211
0.0011463165283203125
0.004884243011474609
0.0031309127807617188
0.0005791187286376953
0.0020346641540527344
0.0008177757263183594
0.002773761749267578
0.002243518829345703
0.025732040405273438
0.0044994354248046875
0.004991054534912109
0.011925458908081055