2.9325485229492188e-05
2.288818359375e-05
2.1457672119140625e-05
2.0742416381835938e-05
2.0742416381835938e-05
2.1219253540039062e-05
2.0503997802734375e-05
2.0503997802734375e-05
2.0742416381835938e-05
2.0742416381835938e-05
2.09808349609375e-05
2.0503997802734375e-05
2.0265579223632812e-05
2.0503997802734375e-05
2.0265579223632812e-05
2.0265579223632812e-05
2.0265579223632812e-05
2.002716064453125e-05
2.09808349609375e-05
2.0503997802734375e-05
2.0742416381835938e-05
1.9788742065429688e-05
2.0742416381835938e-05
2.09808349609375e-05
1.9788742065429688e-05
2.09808349609375e-05
2.09808349609375e-05
2.0265579223632812e-05
2.0503997802734375e-05
2.0265579223632812e-05
2.0742416381835938e-05
2.0265579223632812e-05
1.9788742065429688e-05
2.09808349609375e-05
2.09808349609375e-05
2.0742416381835938e-05
2.0265579223632812e-05
2.0265579223632812e-05
2.0503997802734375e-05
2.1457672119140625e-05
2.0265579223632812e-05
2.002716064453125e-05
2.0265579223632812e-05
2.002716064453125e-05
2.002716064453125e-05
2.0742416381835938e-05
2.0265579223632812e-05
2.0265579223632812e-05
2.002716064453125e-05
2.0265579223632812e-05
2.0265579223632812e-05
2.002716064453125e-05
2.002716064453125e-05
1.9788742065429688e-05
2.002716064453125e-05
2.0265579223632812e-05
2.0503997802734375e-05
2.002716064453125e-05
2.0503997802734375e-05
2.002716064453125e-05
2.09808349609375e-05
2.7418136596679688e-05
2.1219253540039062e-05
2.2649765014648438e-05
2.0742416381835938e-05
2.002716064453125e-05
2.2411346435546875e-05
2.4318695068359375e-05
2.3365020751953125e-05
2.193450927734375e-05
2.193450927734375e-05
2.2649765014648438e-05
7.772445678710938e-05
2.4080276489257812e-05
2.1457672119140625e-05
2.288818359375e-05
2.09808349609375e-05
2.3126602172851562e-05
3.981590270996094e-05
2.47955322265625e-05
2.6464462280273438e-05
2.3603439331054688e-05
2.09808349609375e-05
1.9788742065429688e-05
1.9550323486328125e-05
2.002716064453125e-05
2.0265579223632812e-05
1.9788742065429688e-05
1.9550323486328125e-05
1.9550323486328125e-05
2.002716064453125e-05
1.9788742065429688e-05
1.9788742065429688e-05
2.0503997802734375e-05
3.647804260253906e-05
2.0503997802734375e-05
2.2172927856445312e-05
2.1219253540039062e-05
2.8133392333984375e-05
2.0503997802734375e-05