3.4809112548828125e-05
2.9087066650390625e-05
2.7179718017578125e-05
2.6941299438476562e-05
2.6941299438476562e-05
2.6464462280273438e-05
2.6941299438476562e-05
2.6702880859375e-05
2.6941299438476562e-05
2.6702880859375e-05
2.6464462280273438e-05
2.6941299438476562e-05
2.6702880859375e-05
2.7179718017578125e-05
2.6702880859375e-05
2.6226043701171875e-05
2.6702880859375e-05
2.5987625122070312e-05
2.6464462280273438e-05
2.6941299438476562e-05
2.6941299438476562e-05
2.6464462280273438e-05
2.6941299438476562e-05
2.5987625122070312e-05
2.6226043701171875e-05
2.6226043701171875e-05
2.6464462280273438e-05
2.7418136596679688e-05
2.765655517578125e-05
2.6702880859375e-05
2.6464462280273438e-05
2.6702880859375e-05
2.7179718017578125e-05
2.6702880859375e-05
2.6941299438476562e-05
2.7418136596679688e-05
2.6941299438476562e-05
2.6941299438476562e-05
2.6226043701171875e-05
2.6226043701171875e-05
2.6702880859375e-05
2.6464462280273438e-05
2.7418136596679688e-05
2.765655517578125e-05
5.507469177246094e-05
2.7179718017578125e-05
3.0517578125e-05
2.6702880859375e-05
2.6226043701171875e-05
2.6464462280273438e-05
2.6941299438476562e-05
2.8371810913085938e-05
2.7894973754882812e-05
2.7179718017578125e-05
2.956390380859375e-05
2.8371810913085938e-05
2.7894973754882812e-05
2.8133392333984375e-05
2.7894973754882812e-05
4.649162292480469e-05
3.0994415283203125e-05
5.030632019042969e-05
6.67572021484375e-05
3.123283386230469e-05
3.123283386230469e-05
3.266334533691406e-05
3.0279159545898438e-05
3.147125244140625e-05
3.123283386230469e-05
3.266334533691406e-05
2.8133392333984375e-05
2.765655517578125e-05
2.8133392333984375e-05
2.8371810913085938e-05
2.9802322387695312e-05
3.170967102050781e-05
2.7894973754882812e-05
2.765655517578125e-05
2.7179718017578125e-05
2.7418136596679688e-05
2.7418136596679688e-05
2.7418136596679688e-05
2.5987625122070312e-05
2.6464462280273438e-05
3.075599670410156e-05
3.170967102050781e-05
3.123283386230469e-05
3.0994415283203125e-05
3.1948089599609375e-05
3.457069396972656e-05
3.528594970703125e-05
3.647804260253906e-05
3.0994415283203125e-05
2.9802322387695312e-05
3.4809112548828125e-05
3.552436828613281e-05
3.361701965332031e-05
3.314018249511719e-05
3.0517578125e-05
4.172325134277344e-05