0.0057010650634765625
0.008905887603759766
0.011969566345214844
0.008795738220214844
0.009718894958496094
0.010093927383422852
0.01156759262084961
0.014577627182006836
0.014058351516723633
0.010807275772094727
0.010048389434814453
0.014948606491088867
0.017693519592285156
0.015195846557617188
0.013537406921386719
0.014464855194091797
0.008760690689086914
0.010553836822509766
0.01364898681640625
0.01076650619506836
0.005062103271484375
0.00872349739074707
0.015393733978271484
0.0036547183990478516
0.013498783111572266
0.014135122299194336
0.01558542251586914
0.016307830810546875
0.0203092098236084
0.008510828018188477
0.0045206546783447266
0.011318206787109375
0.01780414581298828
0.010825872421264648
0.010405540466308594
0.01072072982788086
0.013702392578125
0.01599597930908203
0.006886959075927734
0.012025594711303711
0.017686843872070312
0.011131763458251953
0.004952669143676758
0.00956106185913086
0.011583089828491211
0.01877307891845703
0.012055158615112305
0.017206668853759766
0.005206584930419922
0.023786544799804688
0.012673616409301758
0.013143777847290039
0.016227245330810547
0.014830827713012695
0.01021432876586914
0.009618043899536133
0.011154413223266602
0.01789259910583496
0.01124119758605957
0.013311147689819336
0.008645772933959961
0.021615982055664062
0.014333963394165039
0.0077631473541259766
0.01390981674194336
0.016062021255493164
0.01609325408935547
0.011852025985717773
0.01177215576171875
0.009932756423950195
0.013567924499511719
0.009541511535644531
0.013802528381347656
0.009861230850219727
0.013620853424072266
0.0077972412109375
0.015096187591552734
0.007866859436035156
0.013153314590454102
0.015977859497070312
0.008924484252929688
0.012489795684814453
0.014801263809204102
0.016147613525390625
0.022724151611328125
0.008568525314331055
0.01149439811706543
0.005610227584838867
0.01351475715637207
0.015364646911621094
0.007060050964355469
0.01700448989868164
0.008678436279296875
0.008081436157226562
0.012294292449951172
0.010304689407348633
0.005633354187011719
0.01609635353088379
0.012177705764770508
0.00837254524230957