0.10559892654418945
0.26558971405029297
0.3047964572906494
0.33251166343688965
0.3957834243774414
0.3038504123687744
0.2003641128540039
0.40996313095092773
0.25955820083618164
0.3366515636444092
0.1958179473876953
0.05030202865600586
0.20682764053344727
0.30699825286865234
0.24193620681762695
0.3079075813293457
0.1841723918914795
0.09075808525085449
0.19658350944519043
0.2966032028198242
0.3764777183532715
0.34471821784973145
0.3013615608215332
0.40146350860595703
0.26113176345825195
0.11833643913269043
0.1608719825744629
0.14015984535217285
0.2679421901702881
0.21782135963439941
0.36605334281921387
0.2724006175994873
0.13843131065368652
0.18114972114562988
0.24472522735595703
0.45380640029907227
0.13044333457946777
0.22282767295837402
0.13213515281677246
0.2324981689453125
0.2332143783569336
0.38811254501342773
0.2568020820617676
0.1243746280670166
0.25674867630004883
0.22170162200927734
0.1989591121673584
0.1888291835784912
0.11845922470092773
0.05645418167114258
0.2704133987426758
0.14326906204223633
0.2002110481262207
0.31859707832336426
0.1665349006652832
0.3595454692840576
0.1730635166168213
0.3492424488067627
0.21805047988891602
0.291257381439209
0.17945337295532227
0.22936224937438965
0.2666764259338379
0.18923163414001465
0.27991461753845215
0.2949857711791992
0.2566545009613037
0.1907331943511963
0.09913039207458496
0.3130326271057129
0.31067442893981934
0.3263695240020752
0.17523574829101562
0.43491482734680176
0.14979171752929688
0.13480854034423828
0.436082124710083
0.21773266792297363
0.2915167808532715
0.26758289337158203
0.32347893714904785
0.17290115356445312
0.22126221656799316
0.1952049732208252
0.24832534790039062
0.21102118492126465
0.23355603218078613
0.1730203628540039
0.19190406799316406
0.3611900806427002
0.23119783401489258
0.24345040321350098
0.20445537567138672
0.326465368270874
0.21694540977478027
0.14641046524047852
0.3169682025909424
0.11425304412841797
0.3600618839263916
0.2846510410308838