0.4023017883300781
0.6033754348754883
0.9005160331726074
0.690209150314331
0.656365156173706
0.6123850345611572
0.8054683208465576
0.9490389823913574
1.0863170623779297
1.3652949333190918
0.2055342197418213
1.1850652694702148
1.1140356063842773
0.59812331199646
0.4683511257171631
0.7307732105255127
1.1234502792358398
0.5580170154571533
1.1090738773345947
0.554166316986084
1.1294186115264893
1.2438879013061523
1.2562365531921387
1.3039600849151611
1.3005380630493164
0.38737010955810547
0.5788941383361816
1.3407456874847412
0.9207150936126709
0.30691051483154297
0.3620920181274414
1.519136905670166
0.7757461071014404
0.7911233901977539
1.5638370513916016
1.0429155826568604
0.33556699752807617
0.28271961212158203
0.6145074367523193
0.5062849521636963
1.4442200660705566
1.2366557121276855
1.177987813949585
0.40152525901794434
1.0121181011199951
0.7123582363128662
1.1984496116638184
0.9749810695648193
0.66225266456604
0.9857423305511475
0.8886828422546387
0.8808438777923584
0.6035683155059814
0.4091212749481201
1.1729395389556885
0.9927718639373779
1.08870530128479
1.2990150451660156
0.351184606552124
0.7182416915893555
0.8805851936340332
1.4282686710357666
1.2360856533050537
1.174328088760376
0.46752190589904785
0.7690024375915527
0.9714200496673584
0.9733796119689941
0.9122815132141113
1.1372482776641846
0.867213249206543
1.328542709350586
1.1712214946746826
1.6116292476654053
0.41046643257141113
1.3761794567108154
1.0787622928619385
1.282069206237793
0.5280280113220215
0.9113378524780273
1.1213080883026123
0.6195652484893799
0.9150793552398682
1.1337966918945312
0.7294676303863525
1.1540322303771973
0.4523169994354248
0.8695616722106934
1.0593218803405762
1.227776050567627
0.4331235885620117
1.339226484298706
0.8379168510437012
1.204913854598999
0.800762414932251
0.21114778518676758
0.7519097328186035
0.7646405696868896
1.4475970268249512
0.6526992321014404